GEOID,year,nInMigr,nInMigr_wExempt,nOutMigr,nOutMigr_wExempt,netMigr,netMigr_wExempt
01001,2011,1256,4055,1395,4385,-139,-330
01001,2012,1211,4006,1094,3541,117,465
01001,2013,972,3120,1035,3339,-63,-219
01001,2014,793,2587,746,2288,47,299
01001,2015,964,3073,906,2871,58,202
01001,2016,1323,4302,1312,4165,11,137
01001,2017,1089,3375,1058,3174,31,201
01001,2018,1065,3313,931,2857,134,456
01001,2019,1188,3704,1020,3186,168,518
01001,2020,1189,3666,1119,3404,70,262
01001,2021,1091,3294,1071,3188,20,106
01003,2011,3350,10088,2517,7504,833,2584
01003,2012,3761,11322,2598,7727,1163,3595
01003,2013,2574,7740,2039,5830,535,1910
01003,2014,1825,5346,1513,4336,312,1010
01003,2015,2815,8294,1824,5253,991,3041
01003,2016,4647,13905,2479,7069,2168,6836
01003,2017,3211,9487,2082,5804,1129,3683
01003,2018,3073,8939,1950,5524,1123,3415
01003,2019,3688,10951,2198,6321,1490,4630
01003,2020,4029,11698,2379,6499,1650,5199
01003,2021,3898,11106,2350,6470,1548,4636
01005,2011,337,1095,430,1354,-93,-259
01005,2012,316,1078,363,1232,-47,-154
01005,2013,218,759,244,810,-26,-51
01005,2014,121,415,155,473,-34,-58
01005,2015,129,429,217,703,-88,-274
01005,2016,164,530,274,889,-110,-359
01005,2017,132,450,198,639,-66,-189
01005,2018,142,435,152,479,-10,-44
01005,2019,123,417,194,602,-71,-185
01005,2020,131,365,220,635,-89,-270
01005,2021,108,316,195,567,-87,-251
01007,2011,325,1071,373,1255,-48,-184
01007,2012,316,1077,322,1010,-6,67
01007,2013,350,1194,276,914,74,280
01007,2014,226,720,206,670,20,50
01007,2015,277,923,284,899,-7,24
01007,2016,394,1305,344,1109,50,196
01007,2017,263,873,318,1015,-55,-142
01007,2018,267,842,252,781,15,61
01007,2019,281,905,301,949,-20,-44
01007,2020,359,1069,272,805,87,264
01007,2021,292,838,352,1041,-60,-203
01009,2011,968,3150,929,3032,39,118
01009,2012,934,3100,943,3055,-9,45
01009,2013,808,2627,770,2498,38,129
01009,2014,675,2176,687,2131,-12,45
01009,2015,846,2729,727,2299,119,430
01009,2016,1128,3764,941,2864,187,900
01009,2017,890,2702,828,2613,62,89
01009,2018,895,2786,784,2397,111,389
01009,2019,1081,3407,918,2879,163,528
01009,2020,1039,3126,830,2507,209,619
01009,2021,994,2995,865,2640,129,355
01011,2011,268,860,142,477,126,383
01011,2012,115,376,154,520,-39,-144
01011,2013,65,214,71,229,-6,-15
01011,2014,27,88,60,180,-33,-92
01011,2015,32,93,56,174,-24,-81
01011,2016,67,205,75,245,-8,-40
01011,2017,85,269,62,199,23,70
01011,2018,33,109,51,145,-18,-36
01011,2019,34,113,107,340,-73,-227
01011,2020,68,191,73,201,-5,-10
01011,2021,25,79,50,136,-25,-57
01013,2011,194,624,225,685,-31,-61
01013,2012,172,566,178,586,-6,-20
01013,2013,101,358,135,440,-34,-82
01013,2014,64,214,82,261,-18,-47
01013,2015,61,183,85,290,-24,-107
01013,2016,132,446,192,616,-60,-170
01013,2017,89,294,100,325,-11,-31
01013,2018,110,385,114,369,-4,16
01013,2019,94,295,75,245,19,50
01013,2020,110,314,111,356,-1,-42
01013,2021,75,225,87,275,-12,-50
01015,2011,1337,4108,1661,5290,-324,-1182
01015,2012,1385,4355,1522,4695,-137,-340
01015,2013,992,3092,1260,3815,-268,-723
01015,2014,889,2683,1061,3152,-172,-469
01015,2015,1141,3442,1263,3882,-122,-440
01015,2016,1331,4114,1710,5115,-379,-1001
01015,2017,1169,3566,1290,3843,-121,-277
01015,2018,1013,3127,1286,3790,-273,-663
01015,2019,1215,3771,1401,4239,-186,-468
01015,2020,1211,3536,1427,4175,-216,-639
01015,2021,1343,3935,1291,3675,52,260
01017,2011,651,2095,650,2143,1,-48
01017,2012,660,2153,669,2255,-9,-102
01017,2013,753,2519,565,1864,188,655
01017,2014,405,1326,425,1387,-20,-61
01017,2015,464,1433,499,1554,-35,-121
01017,2016,542,1745,571,1806,-29,-61
01017,2017,500,1530,450,1396,50,134
01017,2018,433,1353,493,1552,-60,-199
01017,2019,408,1306,548,1772,-140,-466
01017,2020,519,1564,421,1266,98,298
01017,2021,411,1225,480,1483,-69,-258
01019,2011,307,1021,272,895,35,126
01019,2012,287,970,287,905,0,65
01019,2013,242,785,214,680,28,105
01019,2014,210,648,208,629,2,19
01019,2015,262,872,234,733,28,139
01019,2016,361,1180,248,793,113,387
01019,2017,283,902,241,793,42,109
01019,2018,268,890,271,882,-3,8
01019,2019,303,959,236,791,67,168
01019,2020,325,1007,253,757,72,250
01019,2021,354,1075,262,788,92,287
01021,2011,576,2023,555,1883,21,140
01021,2012,618,2155,566,1856,52,299
01021,2013,526,1803,491,1567,35,236
01021,2014,367,1195,422,1332,-55,-137
01021,2015,510,1661,414,1344,96,317
01021,2016,642,2047,510,1656,132,391
01021,2017,559,1799,505,1589,54,210
01021,2018,498,1570,441,1320,57,250
01021,2019,573,1835,482,1471,91,364
01021,2020,578,1780,468,1408,110,372
01021,2021,645,1972,421,1215,224,757
01023,2011,99,315,73,238,26,77
01023,2012,68,200,95,336,-27,-136
01023,2013,22,75,26,84,-4,-9
01023,2014,24,75,NA,NA,NA,NA
01023,2016,27,87,26,76,1,11
01025,2011,215,702,281,913,-66,-211
01025,2012,260,841,288,911,-28,-70
01025,2013,184,615,221,718,-37,-103
01025,2014,133,425,206,685,-73,-260
01025,2015,125,405,197,587,-72,-182
01025,2016,147,484,260,819,-113,-335
01025,2017,153,506,173,551,-20,-45
01025,2018,135,414,204,630,-69,-216
01025,2019,169,546,227,702,-58,-156
01025,2020,163,502,222,667,-59,-165
01025,2021,130,380,144,418,-14,-38
01027,2011,138,461,215,767,-77,-306
01027,2012,166,578,147,491,19,87
01027,2013,120,397,110,350,10,47
01027,2014,82,261,122,388,-40,-127
01027,2015,124,390,138,408,-14,-18
01027,2016,163,547,185,587,-22,-40
01027,2017,107,359,148,468,-41,-109
01027,2018,97,299,153,482,-56,-183
01027,2019,95,295,119,387,-24,-92
01027,2020,121,362,138,424,-17,-62
01027,2021,128,384,150,452,-22,-68
01029,2011,224,812,218,723,6,89
01029,2012,242,866,187,636,55,230
01029,2013,159,546,192,629,-33,-83
01029,2014,111,365,131,404,-20,-39
01029,2015,148,498,177,565,-29,-67
01029,2016,225,775,215,686,10,89
01029,2017,148,450,203,677,-55,-227
01029,2018,191,626,137,434,54,192
01029,2019,164,564,178,570,-14,-6
01029,2020,153,489,170,534,-17,-45
01029,2021,226,705,148,453,78,252
01031,2011,1101,3632,1153,3716,-52,-84
01031,2012,1079,3594,1210,3892,-131,-298
01031,2013,775,2636,781,2472,-6,164
01031,2014,553,1804,562,1819,-9,-15
01031,2015,757,2537,745,2390,12,147
01031,2016,1113,3864,1169,3773,-56,91
01031,2017,860,2801,741,2454,119,347
01031,2018,719,2370,720,2267,-1,103
01031,2019,874,2901,839,2656,35,245
01031,2020,759,2439,888,2698,-129,-259
01031,2021,774,2441,898,2689,-124,-248
01033,2011,839,2562,814,2480,25,82
01033,2012,832,2641,826,2577,6,64
01033,2013,719,2209,686,2120,33,89
01033,2014,610,1883,543,1653,67,230
01033,2015,728,2190,724,2215,4,-25
01033,2016,947,2864,924,2858,23,6
01033,2017,763,2239,715,2135,48,104
01033,2018,731,2205,758,2199,-27,6
01033,2019,866,2607,784,2391,82,216
01033,2020,850,2503,741,2180,109,323
01033,2021,830,2375,755,2190,75,185
01035,2011,130,403,166,536,-36,-133
01035,2012,153,494,142,473,11,21
01035,2013,104,346,100,338,4,8
01035,2014,64,207,95,300,-31,-93
01035,2015,59,201,96,332,-37,-131
01035,2016,122,417,108,351,14,66
01035,2017,62,205,94,297,-32,-92
01035,2018,62,212,95,338,-33,-126
01035,2019,76,250,67,258,9,-8
01035,2020,61,188,94,326,-33,-138
01035,2021,69,212,73,226,-4,-14
01037,2011,412,1310,212,678,200,632
01037,2012,222,736,256,833,-34,-97
01037,2013,157,561,166,541,-9,20
01037,2014,145,459,149,495,-4,-36
01037,2015,164,541,201,691,-37,-150
01037,2016,192,632,209,673,-17,-41
01037,2017,164,518,177,545,-13,-27
01037,2018,166,515,144,469,22,46
01037,2019,153,480,164,528,-11,-48
01037,2020,156,492,146,444,10,48
01037,2021,129,388,139,411,-10,-23
01039,2011,382,1246,468,1481,-86,-235
01039,2012,338,1085,372,1176,-34,-91
01039,2013,281,911,217,702,64,209
01039,2014,167,545,149,466,18,79
01039,2015,173,517,204,644,-31,-127
01039,2016,278,908,310,998,-32,-90
01039,2017,172,573,216,703,-44,-130
01039,2018,237,775,162,503,75,272
01039,2019,204,655,240,797,-36,-142
01039,2020,323,996,194,581,129,415
01039,2021,286,891,205,599,81,292
01041,2011,211,700,294,955,-83,-255
01041,2012,186,623,200,680,-14,-57
01041,2013,157,517,123,393,34,124
01041,2014,134,436,125,397,9,39
01041,2015,145,479,134,428,11,51
01041,2016,187,590,169,557,18,33
01041,2017,141,475,134,435,7,40
01041,2018,116,378,163,543,-47,-165
01041,2019,140,493,107,372,33,121
01041,2020,132,418,142,452,-10,-34
01041,2021,185,560,156,465,29,95
01043,2011,831,2611,928,2826,-97,-215
01043,2012,896,2856,769,2355,127,501
01043,2013,766,2444,716,2278,50,166
01043,2014,659,2069,580,1802,79,267
01043,2015,756,2351,708,2109,48,242
01043,2016,1072,3294,864,2743,208,551
01043,2017,905,2826,783,2355,122,471
01043,2018,901,2806,720,2205,181,601
01043,2019,1148,3657,811,2479,337,1178
01043,2020,1223,3730,859,2478,364,1252
01043,2021,1121,3385,826,2346,295,1039
01045,2011,1285,4385,1335,4542,-50,-157
01045,2012,1200,4044,1377,4593,-177,-549
01045,2013,936,3180,994,3260,-58,-80
01045,2014,695,2206,740,2336,-45,-130
01045,2015,1023,3439,1068,3670,-45,-231
01045,2016,1324,4605,1458,5103,-134,-498
01045,2017,1034,3425,1184,3961,-150,-536
01045,2018,986,3282,1038,3442,-52,-160
01045,2019,1087,3531,1190,4040,-103,-509
01045,2020,1175,3767,1094,3496,81,271
01045,2021,1081,3428,1136,3611,-55,-183
01047,2011,451,1435,638,1988,-187,-553
01047,2012,314,993,589,1971,-275,-978
01047,2013,268,870,400,1261,-132,-391
01047,2014,154,485,290,905,-136,-420
01047,2015,144,433,372,1141,-228,-708
01047,2016,193,595,481,1552,-288,-957
01047,2017,153,480,353,1127,-200,-647
01047,2018,137,423,338,1062,-201,-639
01047,2019,145,459,430,1344,-285,-885
01047,2020,164,499,383,1145,-219,-646
01047,2021,148,445,290,857,-142,-412
01049,2011,759,2601,934,3169,-175,-568
01049,2012,770,2623,807,2755,-37,-132
01049,2013,672,2244,643,2156,29,88
01049,2014,631,2134,538,1742,93,392
01049,2015,603,1976,680,2223,-77,-247
01049,2016,797,2643,769,2434,28,209
01049,2017,611,1989,742,2400,-131,-411
01049,2018,639,2051,644,2000,-5,51
01049,2019,753,2401,686,2189,67,212
01049,2020,750,2318,689,2107,61,211
01049,2021,657,2026,689,2057,-32,-31
01051,2011,1752,5435,1949,5841,-197,-406
01051,2012,1688,5314,1608,5074,80,240
01051,2013,1421,4560,1378,4344,43,216
01051,2014,1103,3454,986,3095,117,359
01051,2015,1453,4502,1297,4001,156,501
01051,2016,2067,6428,1730,5317,337,1111
01051,2017,1602,4860,1308,3997,294,863
01051,2018,1428,4384,1349,4160,79,224
01051,2019,1710,5299,1411,4314,299,985
01051,2020,1935,5670,1359,4027,576,1643
01051,2021,1674,4910,1432,4126,242,784
01053,2011,400,1316,435,1399,-35,-83
01053,2012,364,1195,407,1351,-43,-156
01053,2013,346,1105,308,1011,38,94
01053,2014,286,912,291,919,-5,-7
01053,2015,300,956,310,989,-10,-33
01053,2016,406,1327,407,1340,-1,-13
01053,2017,324,1045,373,1175,-49,-130
01053,2018,337,1093,311,1012,26,81
01053,2019,346,1095,387,1226,-41,-131
01053,2020,438,1365,384,1187,54,178
01053,2021,413,1267,326,981,87,286
01055,2011,1240,3929,1157,3654,83,275
01055,2012,1149,3639,1140,3593,9,46
01055,2013,957,3055,890,2814,67,241
01055,2014,726,2219,794,2431,-68,-212
01055,2015,938,2940,937,2912,1,28
01055,2016,1254,3958,1223,3752,31,206
01055,2017,1038,3289,1057,3134,-19,155
01055,2018,932,2819,1007,3122,-75,-303
01055,2019,1127,3491,1065,3283,62,208
01055,2020,1210,3653,1121,3262,89,391
01055,2021,1098,3187,1084,3148,14,39
01057,2011,186,619,238,773,-52,-154
01057,2012,185,610,198,651,-13,-41
01057,2013,189,614,194,607,-5,7
01057,2014,123,387,124,420,-1,-33
01057,2015,176,581,176,587,0,-6
01057,2016,182,629,213,713,-31,-84
01057,2017,155,510,168,539,-13,-29
01057,2018,180,569,175,559,5,10
01057,2019,206,716,169,570,37,146
01057,2020,197,572,213,674,-16,-102
01057,2021,177,551,181,558,-4,-7
01059,2011,369,1346,541,2138,-172,-792
01059,2012,375,1342,483,1750,-108,-408
01059,2013,334,1162,372,1257,-38,-95
01059,2014,276,910,342,1158,-66,-248
01059,2015,275,908,279,880,-4,28
01059,2016,407,1361,443,1476,-36,-115
01059,2017,298,990,377,1207,-79,-217
01059,2018,284,914,329,1053,-45,-139
01059,2019,285,905,365,1121,-80,-216
01059,2020,290,881,358,1062,-68,-181
01059,2021,281,874,364,1102,-83,-228
01061,2011,410,1303,394,1282,16,21
01061,2012,400,1344,393,1276,7,68
01061,2013,353,1145,365,1177,-12,-32
01061,2014,271,874,267,846,4,28
01061,2015,265,881,330,1057,-65,-176
01061,2016,407,1321,412,1307,-5,14
01061,2017,347,1147,308,933,39,214
01061,2018,331,1068,312,985,19,83
01061,2019,341,1100,329,1038,12,62
01061,2020,326,986,364,1137,-38,-151
01061,2021,374,1177,292,877,82,300
01063,2011,99,312,109,369,-10,-57
01063,2012,102,322,121,398,-19,-76
01063,2013,56,171,76,266,-20,-95
01063,2014,54,182,68,211,-14,-29
01063,2015,103,335,88,271,15,64
01063,2016,73,242,122,404,-49,-162
01063,2017,61,172,62,193,-1,-21
01063,2018,49,155,86,267,-37,-112
01063,2019,43,132,104,320,-61,-188
01063,2020,60,177,73,226,-13,-49
01063,2021,59,178,76,234,-17,-56
01065,2011,248,835,352,1175,-104,-340
01065,2012,217,732,254,834,-37,-102
01065,2013,169,544,224,726,-55,-182
01065,2014,161,540,208,683,-47,-143
01065,2015,157,521,220,677,-63,-156
01065,2016,275,893,245,784,30,109
01065,2017,176,544,212,680,-36,-136
01065,2018,194,618,197,620,-3,-2
01065,2019,205,694,231,729,-26,-35
01065,2020,218,696,221,683,-3,13
01065,2021,253,801,216,657,37,144
01067,2011,307,962,288,910,19,52
01067,2012,330,1106,272,886,58,220
01067,2013,257,843,292,927,-35,-84
01067,2014,213,674,196,639,17,35
01067,2015,254,824,232,744,22,80
01067,2016,344,1140,279,889,65,251
01067,2017,267,879,250,773,17,106
01067,2018,264,835,252,768,12,67
01067,2019,310,1025,226,716,84,309
01067,2020,306,969,276,847,30,122
01067,2021,303,929,269,802,34,127
01069,2011,2060,6229,1996,6200,64,29
01069,2012,1830,5818,1907,6094,-77,-276
01069,2013,1342,4138,1494,4899,-152,-761
01069,2014,1025,3193,1080,3378,-55,-185
01069,2015,1274,3932,1266,4017,8,-85
01069,2016,1677,5139,1761,5536,-84,-397
01069,2017,1423,4332,1315,4115,108,217
01069,2018,1413,4287,1297,3955,116,332
01069,2019,1514,4632,1457,4555,57,77
01069,2020,1506,4440,1501,4567,5,-127
01069,2021,1444,4205,1447,4294,-3,-89
01071,2011,506,1643,554,1766,-48,-123
01071,2012,481,1613,547,1781,-66,-168
01071,2013,438,1391,501,1576,-63,-185
01071,2014,366,1181,443,1343,-77,-162
01071,2015,463,1492,442,1353,21,139
01071,2016,557,1762,586,1902,-29,-140
01071,2017,478,1558,522,1603,-44,-45
01071,2018,485,1513,480,1467,5,46
01071,2019,529,1677,521,1632,8,45
01071,2020,594,1809,507,1536,87,273
01071,2021,569,1715,518,1511,51,204
01073,2011,10632,30779,11861,35150,-1229,-4371
01073,2012,10601,31099,11530,34258,-929,-3159
01073,2013,8450,24686,9780,28665,-1330,-3979
01073,2014,6703,19007,7310,21498,-607,-2491
01073,2015,8725,24579,9736,28573,-1011,-3994
01073,2016,11719,33456,13076,38701,-1357,-5245
01073,2017,9001,25402,10009,28845,-1008,-3443
01073,2018,8685,24304,9841,28214,-1156,-3910
01073,2019,8876,24908,11028,32579,-2152,-7671
01073,2020,9313,25288,11518,32590,-2205,-7302
01073,2021,9171,24559,11280,31162,-2109,-6603
01075,2011,121,396,152,522,-31,-126
01075,2012,130,412,139,471,-9,-59
01075,2013,94,313,88,297,6,16
01075,2014,57,197,69,218,-12,-21
01075,2015,86,287,107,343,-21,-56
01075,2016,100,352,125,433,-25,-81
01075,2017,89,287,101,316,-12,-29
01075,2018,85,267,94,292,-9,-25
01075,2019,90,330,73,232,17,98
01075,2020,108,349,150,447,-42,-98
01075,2021,103,346,131,392,-28,-46
01077,2011,1088,3274,1102,3275,-14,-1
01077,2012,1056,3231,1104,3353,-48,-122
01077,2013,873,2633,937,2819,-64,-186
01077,2014,648,1921,750,2204,-102,-283
01077,2015,897,2687,969,2789,-72,-102
01077,2016,1161,3520,1209,3520,-48,0
01077,2017,875,2531,1002,2906,-127,-375
01077,2018,917,2692,977,2862,-60,-170
01077,2019,1007,3052,1089,3152,-82,-100
01077,2020,1094,3190,1070,2998,24,192
01077,2021,1114,3192,1113,3067,1,125
01079,2011,472,1480,454,1444,18,36
01079,2012,434,1413,497,1586,-63,-173
01079,2013,404,1288,412,1334,-8,-46
01079,2014,278,880,400,1262,-122,-382
01079,2015,440,1435,445,1384,-5,51
01079,2016,496,1609,557,1794,-61,-185
01079,2017,409,1315,466,1399,-57,-84
01079,2018,398,1265,435,1330,-37,-65
01079,2019,488,1596,448,1392,40,204
01079,2020,509,1542,451,1327,58,215
01079,2021,474,1411,430,1256,44,155
01081,2011,3529,10912,3133,9282,396,1630
01081,2012,3434,10819,3189,9621,245,1198
01081,2013,2640,8184,2969,9334,-329,-1150
01081,2014,2019,6195,1826,5495,193,700
01081,2015,2367,7183,2510,7438,-143,-255
01081,2016,3183,9978,3063,9094,120,884
01081,2017,2475,7503,2730,7923,-255,-420
01081,2018,2432,7403,2366,6896,66,507
01081,2019,2616,8179,2528,7599,88,580
01081,2020,2956,8839,2539,7281,417,1558
01081,2021,3060,8813,2498,7055,562,1758
01083,2011,1613,5239,1354,4406,259,833
01083,2012,1564,4958,1142,3611,422,1347
01083,2013,1330,4266,1103,3465,227,801
01083,2014,1003,3283,845,2611,158,672
01083,2015,1345,4283,1136,3552,209,731
01083,2016,2040,6495,1641,5139,399,1356
01083,2017,1891,5898,1287,4053,604,1845
01083,2018,1816,5723,1300,3987,516,1736
01083,2019,2186,6882,1504,4735,682,2147
01083,2020,2497,7545,1602,4813,895,2732
01083,2021,2294,6842,1626,4784,668,2058
01085,2011,266,841,261,873,5,-32
01085,2012,208,693,247,839,-39,-146
01085,2013,138,428,220,729,-82,-301
01085,2014,145,481,172,542,-27,-61
01085,2015,109,345,137,434,-28,-89
01085,2016,158,522,208,689,-50,-167
01085,2017,155,501,192,620,-37,-119
01085,2018,138,451,173,569,-35,-118
01085,2019,121,406,162,526,-41,-120
01085,2020,113,347,198,644,-85,-297
01085,2021,108,334,117,382,-9,-48
01087,2011,329,974,461,1435,-132,-461
01087,2012,262,818,368,1126,-106,-308
01087,2013,241,732,287,887,-46,-155
01087,2014,193,597,232,699,-39,-102
01087,2015,171,514,206,628,-35,-114
01087,2016,236,758,316,976,-80,-218
01087,2017,164,508,250,788,-86,-280
01087,2018,177,570,235,715,-58,-145
01087,2019,213,673,222,664,-9,9
01087,2020,178,531,298,890,-120,-359
01087,2021,177,538,272,807,-95,-269
01089,2011,5792,17737,5484,16276,308,1461
01089,2012,5647,16972,5516,16523,131,449
01089,2013,4039,12108,4129,12655,-90,-547
01089,2014,2830,8431,2995,8703,-165,-272
01089,2015,4483,13323,4131,12173,352,1150
01089,2016,7095,21613,6058,18043,1037,3570
01089,2017,5361,15962,4888,14465,473,1497
01089,2018,5534,16103,4691,13741,843,2362
01089,2019,6362,19034,5373,16090,989,2944
01089,2020,6577,18781,6102,17643,475,1138
01089,2021,7095,19855,6247,17629,848,2226
01091,2011,277,900,278,920,-1,-20
01091,2012,210,694,237,779,-27,-85
01091,2013,122,412,168,539,-46,-127
01091,2014,109,360,133,403,-24,-43
01091,2015,93,287,151,508,-58,-221
01091,2016,131,429,154,497,-23,-68
01091,2017,100,308,119,387,-19,-79
01091,2018,80,260,152,446,-72,-186
01091,2019,136,421,119,358,17,63
01091,2020,99,286,145,433,-46,-147
01091,2021,159,442,102,309,57,133
01093,2011,358,1192,325,1055,33,137
01093,2012,349,1199,395,1249,-46,-50
01093,2013,300,968,252,819,48,149
01093,2014,232,779,243,826,-11,-47
01093,2015,290,952,288,930,2,22
01093,2016,416,1330,385,1251,31,79
01093,2017,296,951,315,1040,-19,-89
01093,2018,297,980,225,698,72,282
01093,2019,301,966,278,945,23,21
01093,2020,310,955,288,874,22,81
01093,2021,288,884,285,892,3,-8
01095,2011,1408,4614,1447,4853,-39,-239
01095,2012,1362,4419,1423,4790,-61,-371
01095,2013,1072,3513,1184,3942,-112,-429
01095,2014,960,3084,1013,3349,-53,-265
01095,2015,1083,3504,1123,3603,-40,-99
01095,2016,1444,4588,1524,4825,-80,-237
01095,2017,1197,3694,1198,3760,-1,-66
01095,2018,1133,3532,1222,3747,-89,-215
01095,2019,1305,4231,1369,4269,-64,-38
01095,2020,1361,4099,1311,3984,50,115
01095,2021,1255,3805,1282,3774,-27,31
01097,2011,4326,12501,4832,14215,-506,-1714
01097,2012,4042,11865,4525,13404,-483,-1539
01097,2013,2828,8166,3512,10458,-684,-2292
01097,2014,2195,6465,2541,7461,-346,-996
01097,2015,2884,8327,3298,9664,-414,-1337
01097,2016,3406,10006,4472,13365,-1066,-3359
01097,2017,2875,8165,3425,10028,-550,-1863
01097,2018,2777,7952,3192,9196,-415,-1244
01097,2019,2981,8654,3361,9827,-380,-1173
01097,2020,3123,8672,3669,10492,-546,-1820
01097,2021,2948,8068,3473,9694,-525,-1626
01099,2011,197,626,224,718,-27,-92
01099,2012,182,606,218,681,-36,-75
01099,2013,113,379,187,577,-74,-198
01099,2014,127,420,123,383,4,37
01099,2015,116,410,122,365,-6,45
01099,2016,155,495,158,513,-3,-18
01099,2017,105,349,125,395,-20,-46
01099,2018,67,212,134,405,-67,-193
01099,2019,116,375,124,382,-8,-7
01099,2020,111,365,111,342,0,23
01099,2021,102,319,171,521,-69,-202
01101,2011,4460,13102,5256,15361,-796,-2259
01101,2012,3813,11643,4702,14294,-889,-2651
01101,2013,3018,9391,3604,11081,-586,-1690
01101,2014,2285,6845,2521,7625,-236,-780
01101,2015,2715,8251,3208,9627,-493,-1376
01101,2016,3370,10171,4274,13132,-904,-2961
01101,2017,2681,8004,3307,9957,-626,-1953
01101,2018,2615,7864,3275,9865,-660,-2001
01101,2019,2647,7959,3650,11231,-1003,-3272
01101,2020,2855,8328,3525,10301,-670,-1973
01101,2021,2717,7864,3448,9950,-731,-2086
01103,2011,1606,5181,1811,5991,-205,-810
01103,2012,1627,5482,1671,5291,-44,191
01103,2013,1351,4640,1428,4639,-77,1
01103,2014,1082,3418,1186,3919,-104,-501
01103,2015,1184,3705,1587,4890,-403,-1185
01103,2016,1619,5052,1789,5512,-170,-460
01103,2017,1494,4584,1339,3990,155,594
01103,2018,1369,4165,1389,4185,-20,-20
01103,2019,1496,4563,1574,4862,-78,-299
01103,2020,1666,4873,1665,4868,1,5
01103,2021,1610,4696,1593,4530,17,166
01105,2011,185,600,174,570,11,30
01105,2012,87,289,165,531,-78,-242
01105,2013,58,198,88,307,-30,-109
01105,2015,52,156,67,211,-15,-55
01105,2016,22,66,84,280,-62,-214
01105,2018,23,72,100,306,-77,-234
01105,2019,21,71,70,218,-49,-147
01105,2020,42,129,51,175,-9,-46
01107,2011,177,572,212,696,-35,-124
01107,2012,155,518,197,627,-42,-109
01107,2013,140,459,168,559,-28,-100
01107,2014,133,438,135,430,-2,8
01107,2015,147,481,173,555,-26,-74
01107,2016,202,668,190,619,12,49
01107,2017,123,395,147,478,-24,-83
01107,2018,96,284,145,439,-49,-155
01107,2019,141,452,156,493,-15,-41
01107,2020,162,499,167,509,-5,-10
01107,2021,149,437,188,538,-39,-101
01109,2011,437,1296,542,1729,-105,-433
01109,2012,376,1225,454,1383,-78,-158
01109,2013,279,899,362,1132,-83,-233
01109,2014,250,778,252,828,-2,-50
01109,2015,220,698,303,932,-83,-234
01109,2016,288,924,447,1345,-159,-421
01109,2017,276,893,355,1091,-79,-198
01109,2018,229,677,317,965,-88,-288
01109,2019,315,996,315,936,0,60
01109,2020,281,850,366,1042,-85,-192
01109,2021,283,825,329,917,-46,-92
01111,2011,277,994,274,992,3,2
01111,2012,291,1048,288,1025,3,23
01111,2013,201,726,193,631,8,95
01111,2014,147,479,99,315,48,164
01111,2015,205,675,193,606,12,69
01111,2016,297,971,253,818,44,153
01111,2017,195,647,204,664,-9,-17
01111,2018,162,489,188,595,-26,-106
01111,2019,271,942,164,517,107,425
01111,2020,324,1005,203,624,121,381
01111,2021,285,911,214,625,71,286
01113,2011,2615,8225,2244,6870,371,1355
01113,2012,2298,7112,2295,7085,3,27
01113,2013,1753,5723,1630,5221,123,502
01113,2014,1247,4003,1113,3509,134,494
01113,2015,1464,4854,1504,4938,-40,-84
01113,2016,1807,5929,1808,6210,-1,-281
01113,2017,1516,4976,1316,4225,200,751
01113,2018,1351,4367,1322,4257,29,110
01113,2019,1447,4713,1437,4758,10,-45
01113,2020,1404,4456,1405,4372,-1,84
01113,2021,1278,3955,1323,3946,-45,9
01115,2011,1849,5926,1423,4457,426,1469
01115,2012,1776,5524,1366,4347,410,1177
01115,2013,1616,4969,1378,4357,238,612
01115,2014,1174,3664,1006,3036,168,628
01115,2015,1558,4861,1245,3747,313,1114
01115,2016,2165,6694,1679,5359,486,1335
01115,2017,1763,5301,1489,4495,274,806
01115,2018,1737,5219,1348,4040,389,1179
01115,2019,2010,6204,1506,4634,504,1570
01115,2020,2162,6485,1609,4706,553,1779
01115,2021,2029,5989,1509,4380,520,1609
01117,2011,5290,15865,4474,13523,816,2342
01117,2012,5031,15079,4686,13972,345,1107
01117,2013,4376,13059,4177,12350,199,709
01117,2014,3369,9977,3158,9088,211,889
01117,2015,4330,12983,4234,12356,96,627
01117,2016,5992,18044,5545,16354,447,1690
01117,2017,4662,13629,4246,12247,416,1382
01117,2018,4616,13463,4045,11583,571,1880
01117,2019,5468,16568,4316,12438,1152,4130
01117,2020,5295,15339,4729,13268,566,2071
01117,2021,5031,14206,4583,12595,448,1611
01119,2011,81,246,146,484,-65,-238
01119,2012,100,308,110,337,-10,-29
01119,2013,32,107,104,292,-72,-185
01119,2014,25,77,107,332,-82,-255
01119,2015,59,183,84,258,-25,-75
01119,2016,41,126,124,388,-83,-262
01119,2017,32,91,69,215,-37,-124
01119,2018,28,88,96,290,-68,-202
01119,2019,73,224,82,245,-9,-21
01119,2020,53,159,47,135,6,24
01119,2021,31,92,87,242,-56,-150
01121,2011,1291,4186,1186,3691,105,495
01121,2012,1081,3442,1195,3731,-114,-289
01121,2013,990,3093,1004,3147,-14,-54
01121,2014,825,2561,883,2739,-58,-178
01121,2015,1013,3138,1072,3284,-59,-146
01121,2016,1291,4094,1245,3924,46,170
01121,2017,1100,3429,1096,3342,4,87
01121,2018,1026,3152,1000,3031,26,121
01121,2019,1149,3626,1158,3572,-9,54
01121,2020,1178,3548,1172,3472,6,76
01121,2021,1139,3336,1191,3456,-52,-120
01123,2011,721,2559,932,3278,-211,-719
01123,2012,683,2363,748,2645,-65,-282
01123,2013,561,1868,751,2783,-190,-915
01123,2014,416,1421,454,1489,-38,-68
01123,2015,518,1635,508,1559,10,76
01123,2016,650,2062,605,1890,45,172
01123,2017,526,1666,500,1515,26,151
01123,2018,446,1410,501,1556,-55,-146
01123,2019,626,1990,500,1582,126,408
01123,2020,544,1664,488,1470,56,194
01123,2021,528,1528,567,1727,-39,-199
01125,2011,2689,8203,2673,7801,16,402
01125,2012,2578,7935,2703,7951,-125,-16
01125,2013,1824,5503,2059,6067,-235,-564
01125,2014,1608,4873,1474,4318,134,555
01125,2015,1960,5797,2152,6242,-192,-445
01125,2016,2372,7119,3104,8834,-732,-1715
01125,2017,1862,5522,2038,5760,-176,-238
01125,2018,1876,5558,1992,5735,-116,-177
01125,2019,2017,5902,2254,6658,-237,-756
01125,2020,1954,5586,2440,6889,-486,-1303
01125,2021,2151,6075,2343,6398,-192,-323
01127,2011,633,2064,661,2107,-28,-43
01127,2012,601,1952,699,2269,-98,-317
01127,2013,479,1525,536,1673,-57,-148
01127,2014,399,1252,390,1159,9,93
01127,2015,465,1432,488,1488,-23,-56
01127,2016,652,2046,677,2100,-25,-54
01127,2017,522,1606,569,1705,-47,-99
01127,2018,537,1699,544,1664,-7,35
01127,2019,512,1611,617,1947,-105,-336
01127,2020,659,1978,624,1797,35,181
01127,2021,638,1895,660,1898,-22,-3
01129,2011,198,679,215,706,-17,-27
01129,2012,205,699,238,792,-33,-93
01129,2013,163,545,171,540,-8,5
01129,2014,125,425,146,464,-21,-39
01129,2015,145,481,173,540,-28,-59
01129,2016,154,511,185,575,-31,-64
01129,2017,159,534,202,656,-43,-122
01129,2018,134,421,196,615,-62,-194
01129,2019,139,443,177,592,-38,-149
01129,2020,162,517,189,605,-27,-88
01129,2021,144,460,159,476,-15,-16
01131,2011,105,331,189,635,-84,-304
01131,2012,110,358,115,388,-5,-30
01131,2013,57,192,76,283,-19,-91
01131,2014,28,99,22,77,6,22
01131,2015,36,111,23,75,13,36
01131,2016,45,153,53,170,-8,-17
01131,2017,26,92,29,103,-3,-11
01131,2018,25,81,28,90,-3,-9
01131,2019,31,116,46,162,-15,-46
01131,2020,30,97,28,87,2,10
01133,2011,366,1204,336,1059,30,145
01133,2012,348,1095,330,1109,18,-14
01133,2013,266,886,285,921,-19,-35
01133,2014,217,715,276,846,-59,-131
01133,2015,269,821,237,779,32,42
01133,2016,330,1073,387,1196,-57,-123
01133,2017,259,835,299,929,-40,-94
01133,2018,253,782,289,937,-36,-155
01133,2019,359,1170,324,1033,35,137
01133,2020,335,1004,266,826,69,178
01133,2021,337,988,305,895,32,93
02013,2011,33,82,47,133,-14,-51
02013,2012,29,77,49,147,-20,-70
02016,2011,49,148,82,230,-33,-82
02016,2012,59,156,72,207,-13,-51
02016,2019,22,63,26,103,-4,-40
02020,2011,7594,21746,8401,24720,-807,-2974
02020,2012,7428,21885,8811,26713,-1383,-4828
02020,2013,5029,14685,6510,19755,-1481,-5070
02020,2014,3689,10363,4175,12333,-486,-1970
02020,2015,4491,13256,6117,18253,-1626,-4997
02020,2016,5596,16698,8939,27357,-3343,-10659
02020,2017,3906,11148,5993,17677,-2087,-6529
02020,2018,3997,11350,5172,15144,-1175,-3794
02020,2019,3972,11628,5565,16983,-1593,-5355
02020,2020,4281,12031,5419,15667,-1138,-3636
02020,2021,4191,11854,5054,14613,-863,-2759
02050,2011,121,346,204,640,-83,-294
02050,2012,130,407,179,523,-49,-116
02050,2013,69,204,165,518,-96,-314
02050,2014,50,156,124,352,-74,-196
02050,2015,100,293,178,518,-78,-225
02050,2016,75,230,191,590,-116,-360
02050,2017,85,278,122,375,-37,-97
02050,2018,88,242,118,367,-30,-125
02050,2019,68,240,121,412,-53,-172
02050,2020,80,274,174,530,-94,-256
02050,2021,64,198,142,409,-78,-211
02063,2019,29,74,50,145,-21,-71
02063,2020,35,94,70,181,-35,-87
02063,2021,33,92,44,125,-11,-33
02068,2011,44,110,10,34,34,76
02068,2012,28,80,55,149,-27,-69
02070,2011,24,67,49,142,-25,-75
02070,2012,27,89,44,130,-17,-41
02070,2013,26,58,43,118,-17,-60
02070,2014,22,56,34,95,-12,-39
02070,2015,25,63,44,137,-19,-74
02070,2016,31,85,37,99,-6,-14
02070,2017,24,89,33,92,-9,-3
02070,2018,21,73,29,93,-8,-20
02070,2020,21,51,35,105,-14,-54
02090,2011,1961,5883,2201,6890,-240,-1007
02090,2012,1938,6061,2688,8642,-750,-2581
02090,2013,1191,3829,1788,5575,-597,-1746
02090,2014,857,2574,1077,3159,-220,-585
02090,2015,1520,5077,1686,5258,-166,-181
02090,2016,1926,6547,2686,8885,-760,-2338
02090,2017,1126,3530,1707,5326,-581,-1796
02090,2018,1151,3697,1670,5280,-519,-1583
02090,2019,1071,3429,1555,5060,-484,-1631
02090,2020,1387,4366,1607,4960,-220,-594
02090,2021,1251,3788,1563,4772,-312,-984
02100,2012,10,24,11,28,-1,-4
02105,2011,13,35,24,63,-11,-28
02105,2012,18,55,26,70,-8,-15
02110,2011,476,1219,454,1210,22,9
02110,2012,426,1148,527,1411,-101,-263
02110,2013,232,615,243,651,-11,-36
02110,2014,212,535,142,374,70,161
02110,2015,209,549,220,622,-11,-73
02110,2016,296,778,393,1053,-97,-275
02110,2017,202,542,166,412,36,130
02110,2018,123,301,235,610,-112,-309
02110,2019,214,557,195,535,19,22
02110,2020,189,490,198,493,-9,-3
02110,2021,105,265,206,546,-101,-281
02122,2011,714,1979,810,2193,-96,-214
02122,2012,771,2179,774,2128,-3,51
02122,2013,598,1673,531,1400,67,273
02122,2014,430,1155,457,1216,-27,-61
02122,2015,555,1522,487,1364,68,158
02122,2016,665,1895,585,1624,80,271
02122,2017,462,1282,472,1280,-10,2
02122,2018,463,1325,476,1300,-13,25
02122,2019,506,1448,425,1187,81,261
02122,2020,648,1706,482,1331,166,375
02122,2021,480,1344,487,1299,-7,45
02130,2011,128,327,113,305,15,22
02130,2012,94,261,104,284,-10,-23
02130,2013,23,71,119,339,-96,-268
02130,2014,22,64,47,127,-25,-63
02130,2015,24,60,20,56,4,4
02130,2016,55,146,105,262,-50,-116
02130,2017,44,114,96,268,-52,-154
02130,2019,46,128,30,95,16,33
02130,2020,21,61,20,46,1,15
02150,2011,141,410,196,581,-55,-171
02150,2012,109,346,213,656,-104,-310
02150,2013,69,210,140,410,-71,-200
02150,2014,42,113,72,205,-30,-92
02150,2015,33,83,150,469,-117,-386
02150,2016,65,210,126,391,-61,-181
02150,2017,75,221,73,218,2,3
02150,2018,53,137,91,277,-38,-140
02150,2019,31,89,128,373,-97,-284
02150,2020,28,76,90,245,-62,-169
02150,2021,29,68,64,174,-35,-106
02158,2014,44,150,41,127,3,23
02158,2015,48,140,72,223,-24,-83
02158,2016,61,180,66,198,-5,-18
02158,2017,21,53,50,177,-29,-124
02158,2020,23,60,70,237,-47,-177
02164,2012,20,60,17,55,3,5
02170,2011,1888,5774,1449,4233,439,1541
02170,2012,1919,5840,1563,4599,356,1241
02170,2013,1570,4787,1140,3179,430,1608
02170,2014,1256,3902,889,2428,367,1474
02170,2015,1769,5470,1005,2848,764,2622
02170,2016,2173,6672,1410,4183,763,2489
02170,2017,1596,4736,1175,3395,421,1341
02170,2018,1507,4567,1131,3119,376,1448
02170,2019,1787,5582,1092,3208,695,2374
02170,2020,1977,5876,1149,3108,828,2768
02170,2021,1630,4908,1091,3017,539,1891
02180,2011,62,184,80,235,-18,-51
02180,2012,55,161,109,329,-54,-168
02180,2013,42,116,55,152,-13,-36
02180,2014,33,112,46,135,-13,-23
02180,2015,37,114,75,215,-38,-101
02180,2016,51,152,70,217,-19,-65
02180,2017,32,91,43,130,-11,-39
02180,2018,29,75,49,149,-20,-74
02180,2019,29,82,60,205,-31,-123
02180,2020,23,55,61,162,-38,-107
02180,2021,27,66,53,160,-26,-94
02185,2011,63,187,115,336,-52,-149
02185,2012,67,206,81,239,-14,-33
02185,2013,35,99,79,243,-44,-144
02185,2014,31,79,51,158,-20,-79
02185,2015,36,103,61,188,-25,-85
02185,2016,42,134,60,161,-18,-27
02185,2017,29,84,48,147,-19,-63
02185,2018,25,62,50,129,-25,-67
02185,2019,32,90,75,261,-43,-171
02185,2020,25,80,54,172,-29,-92
02188,2011,41,115,109,361,-68,-246
02188,2012,57,165,111,323,-54,-158
02188,2013,46,137,63,187,-17,-50
02188,2014,32,94,53,158,-21,-64
02188,2015,30,89,68,205,-38,-116
02188,2016,46,134,53,161,-7,-27
02188,2017,29,75,52,168,-23,-93
02188,2018,22,73,63,180,-41,-107
02188,2019,38,118,59,191,-21,-73
02188,2020,21,72,102,315,-81,-243
02188,2021,23,70,64,189,-41,-119
02195,2011,14,35,42,115,-28,-80
02195,2012,11,29,19,44,-8,-15
02198,2011,32,89,32,103,0,-14
02198,2012,30,92,20,56,10,36
02198,2013,46,126,23,71,23,55
02198,2016,26,63,31,88,-5,-25
02198,2017,23,64,23,64,0,0
02198,2018,20,58,NA,NA,NA,NA
02220,2011,85,231,59,162,26,69
02220,2012,57,146,61,165,-4,-19
02220,2013,22,55,35,102,-13,-47
02220,2016,28,65,59,163,-31,-98
02220,2017,23,63,23,57,0,6
02220,2018,22,56,25,62,-3,-6
02220,2020,44,103,27,63,17,40
02240,2011,91,266,114,366,-23,-100
02240,2012,82,253,113,350,-31,-97
02240,2013,35,101,80,231,-45,-130
02240,2014,51,144,96,305,-45,-161
02240,2015,37,112,79,231,-42,-119
02240,2016,70,200,83,252,-13,-52
02240,2017,42,117,36,123,6,-6
02240,2018,38,119,73,227,-35,-108
02240,2019,44,172,70,186,-26,-14
02240,2020,73,211,59,162,14,49
02240,2021,38,106,64,188,-26,-82
02261,2011,125,372,154,423,-29,-51
02261,2012,125,393,185,540,-60,-147
02261,2013,73,197,189,577,-116,-380
02261,2014,43,114,101,274,-58,-160
02261,2015,105,279,127,391,-22,-112
02261,2016,87,262,163,478,-76,-216
02261,2017,80,230,90,248,-10,-18
02261,2018,57,153,95,266,-38,-113
02270,2011,52,173,88,274,-36,-101
02270,2012,48,161,56,170,-8,-9
02270,2013,48,166,57,167,-9,-1
02290,2011,79,216,108,291,-29,-75
02290,2012,78,222,122,362,-44,-140
02290,2013,53,152,83,250,-30,-98
02290,2014,45,135,77,201,-32,-66
02290,2015,44,119,94,256,-50,-137
02290,2016,72,222,101,291,-29,-69
02290,2017,54,158,91,265,-37,-107
02290,2018,40,121,110,363,-70,-242
02290,2019,41,128,84,248,-43,-120
02290,2020,54,157,73,202,-19,-45
02290,2021,44,129,78,243,-34,-114
04001,2011,1596,5702,1473,5185,123,517
04001,2012,1488,5195,1708,6136,-220,-941
04001,2013,1516,5525,1506,5340,10,185
04001,2014,1352,4826,1403,5021,-51,-195
04001,2015,1589,5704,1292,4386,297,1318
04001,2016,1565,5355,1273,4429,292,926
04001,2017,1211,4107,1235,4175,-24,-68
04001,2018,1161,3868,1272,4365,-111,-497
04001,2019,1189,4021,1060,3655,129,366
04001,2020,1152,3479,1106,3456,46,23
04001,2021,1009,3052,1283,4141,-274,-1089
04003,2011,2008,6588,2701,8537,-693,-1949
04003,2012,1862,6198,2556,8356,-694,-2158
04003,2013,1422,4490,1939,6296,-517,-1806
04003,2014,963,2996,1347,4241,-384,-1245
04003,2015,1472,4770,1867,5989,-395,-1219
04003,2016,2265,7302,2369,7621,-104,-319
04003,2017,1694,5270,1785,5507,-91,-237
04003,2018,1689,5291,1755,5394,-66,-103
04003,2019,1888,5775,1907,5866,-19,-91
04003,2020,2129,6156,1744,5040,385,1116
04003,2021,2018,5831,1923,5596,95,235
04005,2011,2914,8442,3346,9673,-432,-1231
04005,2012,2805,8124,3512,10103,-707,-1979
04005,2013,2477,7140,3039,8691,-562,-1551
04005,2014,2079,5788,2359,6601,-280,-813
04005,2015,2590,7340,2937,7983,-347,-643
04005,2016,3343,9521,4019,11089,-676,-1568
04005,2017,2730,7556,3231,8717,-501,-1161
04005,2018,2591,7234,3104,8253,-513,-1019
04005,2019,2966,8185,3518,9465,-552,-1280
04005,2020,2977,7938,3285,8578,-308,-640
04005,2021,3141,8099,3455,8689,-314,-590
04007,2011,875,2651,863,2661,12,-10
04007,2012,943,2818,811,2438,132,380
04007,2013,865,2561,784,2378,81,183
04007,2014,571,1663,607,1787,-36,-124
04007,2015,834,2463,699,2154,135,309
04007,2016,1369,4045,848,2561,521,1484
04007,2017,946,2746,775,2301,171,445
04007,2018,1028,2979,769,2216,259,763
04007,2019,1119,3232,755,2239,364,993
04007,2020,1220,3458,780,2141,440,1317
04007,2021,1164,3241,822,2220,342,1021
04009,2011,405,1349,398,1322,7,27
04009,2012,389,1347,443,1492,-54,-145
04009,2013,337,1109,396,1337,-59,-228
04009,2014,243,805,276,881,-33,-76
04009,2015,283,1011,356,1186,-73,-175
04009,2016,364,1283,461,1538,-97,-255
04009,2017,369,1280,304,978,65,302
04009,2018,363,1201,330,1046,33,155
04009,2019,459,1531,383,1122,76,409
04009,2020,533,1562,429,1236,104,326
04009,2021,436,1386,468,1320,-32,66
04011,2011,172,576,142,464,30,112
04011,2012,167,536,124,417,43,119
04011,2013,139,449,128,408,11,41
04011,2014,96,310,104,302,-8,8
04011,2015,105,330,106,356,-1,-26
04011,2016,147,493,217,745,-70,-252
04011,2017,114,391,124,420,-10,-29
04011,2018,117,363,134,446,-17,-83
04011,2019,126,379,160,501,-34,-122
04011,2020,124,354,174,506,-50,-152
04011,2021,111,358,145,457,-34,-99
04012,2011,252,798,272,861,-20,-63
04012,2012,293,919,288,924,5,-5
04012,2013,169,521,225,671,-56,-150
04012,2014,143,438,193,618,-50,-180
04012,2015,168,485,195,600,-27,-115
04012,2016,231,691,194,566,37,125
04012,2017,195,578,179,546,16,32
04012,2018,213,584,245,735,-32,-151
04012,2019,247,695,279,826,-32,-131
04012,2020,304,858,242,695,62,163
04012,2021,275,756,265,772,10,-16
04013,2011,69018,204145,58856,172764,10162,31381
04013,2012,70063,207052,62203,184294,7860,22758
04013,2013,66112,195451,54323,161408,11789,34043
04013,2014,46487,133408,38179,110088,8308,23320
04013,2015,69308,202125,53998,157346,15310,44779
04013,2016,97134,284411,75456,220420,21678,63991
04013,2017,78100,225014,58277,167186,19823,57828
04013,2018,79173,224798,57808,163840,21365,60958
04013,2019,87103,249297,65129,186516,21974,62781
04013,2020,89355,247063,74824,207282,14531,39781
04013,2021,86352,232574,78530,214809,7822,17765
04015,2011,3425,10222,3189,9616,236,606
04015,2012,3800,11216,3417,10252,383,964
04015,2013,2900,8539,2570,7631,330,908
04015,2014,2264,6588,1953,5717,311,871
04015,2015,3106,8977,2398,7021,708,1956
04015,2016,4891,14051,3149,9345,1742,4706
04015,2017,4194,11965,2569,7506,1625,4459
04015,2018,4106,11522,2508,7224,1598,4298
04015,2019,5051,14281,2685,7607,2366,6674
04015,2020,5580,15440,2837,7735,2743,7705
04015,2021,5380,14814,2809,7523,2571,7291
04017,2011,1956,6492,2076,6956,-120,-464
04017,2012,2121,7144,1999,6657,122,487
04017,2013,1799,5978,1781,5866,18,112
04017,2014,1470,4818,1544,5064,-74,-246
04017,2015,1916,6291,1563,5065,353,1226
04017,2016,2549,8295,1934,6198,615,2097
04017,2017,2183,6919,1639,5028,544,1891
04017,2018,2053,6399,1597,4978,456,1421
04017,2019,2508,7790,1758,5520,750,2270
04017,2020,2729,8012,1793,5252,936,2760
04017,2021,2561,7832,1702,4872,859,2960
04019,2011,14162,40564,14646,41831,-484,-1267
04019,2012,14884,42819,15611,45008,-727,-2189
04019,2013,11624,33861,12209,35008,-585,-1147
04019,2014,8131,22912,8459,23919,-328,-1007
04019,2015,12723,36002,12275,34889,448,1113
04019,2016,19809,57146,17076,48575,2733,8571
04019,2017,15438,43409,12562,35183,2876,8226
04019,2018,15012,41717,12188,33391,2824,8326
04019,2019,17187,47590,13410,37273,3777,10317
04019,2020,17778,47718,14709,39356,3069,8362
04019,2021,17400,46677,15199,40296,2201,6381
04021,2011,10076,32132,9309,30474,767,1658
04021,2012,10825,34711,9105,29690,1720,5021
04021,2013,8807,28186,7134,22881,1673,5305
04021,2014,6292,19847,5432,16702,860,3145
04021,2015,9893,31217,7201,22455,2692,8762
04021,2016,15753,49507,10252,32339,5501,17168
04021,2017,12540,38798,8415,26061,4125,12737
04021,2018,13086,40309,8197,25119,4889,15190
04021,2019,16263,50359,9167,28195,7096,22164
04021,2020,17879,52969,10128,29545,7751,23424
04021,2021,17291,50831,10195,28779,7096,22052
04023,2011,549,1810,791,2634,-242,-824
04023,2012,597,2008,819,2601,-222,-593
04023,2013,471,1591,750,2495,-279,-904
04023,2014,477,1546,608,1903,-131,-357
04023,2015,480,1570,682,2146,-202,-576
04023,2016,651,2089,736,2380,-85,-291
04023,2017,543,1697,666,2119,-123,-422
04023,2018,531,1676,717,2173,-186,-497
04023,2019,625,1920,688,2053,-63,-133
04023,2020,685,1941,671,1984,14,-43
04023,2021,703,2117,715,2045,-12,72
04025,2011,4898,14116,4097,11594,801,2522
04025,2012,5598,15873,3978,11312,1620,4561
04025,2013,4126,11643,3060,8617,1066,3026
04025,2014,2988,8281,2307,6239,681,2042
04025,2015,4683,13073,3282,8943,1401,4130
04025,2016,7331,20690,4419,12165,2912,8525
04025,2017,5619,15608,3432,9426,2187,6182
04025,2018,5292,14584,3324,8954,1968,5630
04025,2019,6857,19333,3703,9956,3154,9377
04025,2020,6873,18794,3801,10049,3072,8745
04025,2021,6876,18830,3679,9567,3197,9263
04027,2011,2329,7602,2892,9268,-563,-1666
04027,2012,2530,8316,2992,9752,-462,-1436
04027,2013,1786,5985,2534,8175,-748,-2190
04027,2014,1427,4677,2094,6660,-667,-1983
04027,2015,1920,6305,2286,7382,-366,-1077
04027,2016,2666,8741,2645,8463,21,278
04027,2017,2207,7082,2149,6678,58,404
04027,2018,2354,7352,2022,6239,332,1113
04027,2019,2966,9177,2172,6744,794,2433
04027,2020,3245,9404,2579,7520,666,1884
04027,2021,3175,9343,2547,7023,628,2320
05001,2011,152,454,197,616,-45,-162
05001,2012,145,456,180,558,-35,-102
05001,2013,90,278,199,605,-109,-327
05001,2014,93,297,85,265,8,32
05001,2015,100,314,103,325,-3,-11
05001,2016,120,364,164,515,-44,-151
05001,2017,147,446,120,334,27,112
05001,2018,113,344,160,497,-47,-153
05001,2019,111,335,93,286,18,49
05001,2020,86,249,164,476,-78,-227
05001,2021,105,302,114,349,-9,-47
05003,2011,141,420,190,582,-49,-162
05003,2012,138,407,172,545,-34,-138
05003,2013,47,161,108,326,-61,-165
05003,2014,65,183,67,211,-2,-28
05003,2015,31,98,87,274,-56,-176
05003,2016,94,329,112,364,-18,-35
05003,2017,47,153,81,248,-34,-95
05003,2018,40,135,64,185,-24,-50
05003,2019,47,146,103,315,-56,-169
05003,2020,61,191,22,72,39,119
05003,2021,45,148,58,161,-13,-13
05005,2011,355,1055,419,1255,-64,-200
05005,2012,398,1266,388,1123,10,143
05005,2013,232,707,239,742,-7,-35
05005,2014,157,488,165,455,-8,33
05005,2015,282,857,235,698,47,159
05005,2016,359,1078,392,1214,-33,-136
05005,2017,338,1054,275,825,63,229
05005,2018,300,878,300,923,0,-45
05005,2019,413,1254,276,829,137,425
05005,2020,367,1070,339,976,28,94
05005,2021,404,1152,340,993,64,159
05007,2011,4977,15628,4104,12722,873,2906
05007,2012,5153,16399,4272,13461,881,2938
05007,2013,4209,13064,3407,10521,802,2543
05007,2014,3022,9200,2480,7542,542,1658
05007,2015,4726,14692,3505,10683,1221,4009
05007,2016,7017,21644,5087,15775,1930,5869
05007,2017,4956,15069,3917,11864,1039,3205
05007,2018,5604,16776,4065,12168,1539,4608
05007,2019,6669,20190,4453,13400,2216,6790
05007,2020,6725,19746,4606,13522,2119,6224
05007,2021,6931,19817,5181,14954,1750,4863
05009,2011,410,1223,399,1246,11,-23
05009,2012,414,1262,422,1303,-8,-41
05009,2013,317,1012,359,1108,-42,-96
05009,2014,294,885,249,802,45,83
05009,2015,332,1027,368,1121,-36,-94
05009,2016,432,1355,435,1369,-3,-14
05009,2017,346,1118,390,1183,-44,-65
05009,2018,356,1096,307,931,49,165
05009,2019,394,1221,413,1250,-19,-29
05009,2020,433,1297,414,1180,19,117
05009,2021,400,1145,411,1207,-11,-62
05011,2011,75,235,97,310,-22,-75
05011,2012,68,229,76,227,-8,2
05011,2013,52,154,24,68,28,86
05011,2014,29,100,23,73,6,27
05011,2015,31,103,46,155,-15,-52
05011,2016,39,133,46,150,-7,-17
05011,2017,48,151,66,193,-18,-42
05011,2018,40,131,43,140,-3,-9
05011,2019,31,98,41,134,-10,-36
05011,2020,39,115,57,156,-18,-41
05011,2021,26,75,47,126,-21,-51
05013,2011,77,260,54,185,23,75
05013,2012,53,180,35,113,18,67
05013,2013,21,72,24,78,-3,-6
05013,2014,26,84,NA,NA,NA,NA
05013,2015,43,131,24,75,19,56
05013,2016,33,113,53,153,-20,-40
05013,2017,28,96,NA,NA,NA,NA
05013,2018,22,67,29,81,-7,-14
05013,2019,42,125,NA,NA,NA,NA
05013,2020,24,75,29,96,-5,-21
05013,2021,23,77,24,66,-1,11
05015,2011,339,1103,342,1028,-3,75
05015,2012,324,990,303,947,21,43
05015,2013,285,877,294,942,-9,-65
05015,2014,184,603,213,621,-29,-18
05015,2015,172,544,315,982,-143,-438
05015,2016,309,938,349,1071,-40,-133
05015,2017,196,599,286,873,-90,-274
05015,2018,220,727,232,701,-12,26
05015,2019,247,767,321,954,-74,-187
05015,2020,293,887,338,976,-45,-89
05015,2021,246,738,301,874,-55,-136
05017,2011,105,342,148,488,-43,-146
05017,2012,109,352,120,383,-11,-31
05017,2013,66,221,91,307,-25,-86
05017,2014,42,138,73,226,-31,-88
05017,2015,74,238,79,236,-5,2
05017,2016,64,209,119,373,-55,-164
05017,2017,49,168,74,260,-25,-92
05017,2018,41,136,108,352,-67,-216
05017,2019,86,289,59,184,27,105
05017,2020,76,209,84,252,-8,-43
05017,2021,50,160,76,221,-26,-61
05019,2011,216,670,366,1085,-150,-415
05019,2012,226,677,276,798,-50,-121
05019,2013,141,391,240,693,-99,-302
05019,2014,123,375,185,517,-62,-142
05019,2015,111,327,215,633,-104,-306
05019,2016,215,680,300,878,-85,-198
05019,2017,187,567,216,638,-29,-71
05019,2018,128,393,215,625,-87,-232
05019,2019,183,540,255,737,-72,-197
05019,2020,214,629,231,660,-17,-31
05019,2021,208,575,241,678,-33,-103
05021,2011,163,549,207,654,-44,-105
05021,2012,189,590,203,630,-14,-40
05021,2013,131,408,159,459,-28,-51
05021,2014,108,367,108,334,0,33
05021,2015,110,344,146,454,-36,-110
05021,2016,204,649,195,651,9,-2
05021,2017,118,375,146,463,-28,-88
05021,2018,122,364,158,469,-36,-105
05021,2019,133,429,163,482,-30,-53
05021,2020,158,513,175,538,-17,-25
05021,2021,154,471,174,530,-20,-59
05023,2011,355,1138,403,1247,-48,-109
05023,2012,384,1253,372,1154,12,99
05023,2013,290,903,277,895,13,8
05023,2014,193,640,259,794,-66,-154
05023,2015,274,874,276,854,-2,20
05023,2016,407,1258,317,1044,90,214
05023,2017,302,956,266,810,36,146
05023,2018,270,819,313,992,-43,-173
05023,2019,371,1145,354,1067,17,78
05023,2020,410,1245,342,1067,68,178
05023,2021,360,1049,327,990,33,59
05025,2011,102,343,106,345,-4,-2
05025,2012,73,245,92,307,-19,-62
05025,2013,45,143,41,134,4,9
05025,2014,35,106,33,112,2,-6
05025,2015,35,115,38,110,-3,5
05025,2016,57,190,50,156,7,34
05025,2017,39,130,46,145,-7,-15
05025,2018,49,157,40,125,9,32
05025,2019,55,172,43,150,12,22
05025,2020,41,136,44,120,-3,16
05025,2021,27,88,32,91,-5,-3
05027,2011,192,590,256,814,-64,-224
05027,2012,152,492,249,748,-97,-256
05027,2013,139,424,182,572,-43,-148
05027,2014,102,303,109,317,-7,-14
05027,2015,96,299,201,637,-105,-338
05027,2016,149,468,198,605,-49,-137
05027,2017,89,270,142,421,-53,-151
05027,2018,113,359,101,307,12,52
05027,2019,122,410,186,584,-64,-174
05027,2020,128,399,196,566,-68,-167
05027,2021,92,283,164,486,-72,-203
05029,2011,345,1072,299,946,46,126
05029,2012,277,874,306,955,-29,-81
05029,2013,218,701,284,912,-66,-211
05029,2014,196,634,203,592,-7,42
05029,2015,248,751,261,776,-13,-25
05029,2016,328,1073,289,892,39,181
05029,2017,276,854,281,865,-5,-11
05029,2018,270,846,301,919,-31,-73
05029,2019,304,983,246,804,58,179
05029,2020,326,966,276,833,50,133
05029,2021,304,951,274,780,30,171
05031,2011,1790,5380,1558,4781,232,599
05031,2012,1805,5596,1551,4688,254,908
05031,2013,1362,4164,1374,4239,-12,-75
05031,2014,1214,3698,929,2782,285,916
05031,2015,1565,4812,1346,4100,219,712
05031,2016,1915,5851,1881,5693,34,158
05031,2017,1628,5098,1458,4384,170,714
05031,2018,1574,4803,1389,4253,185,550
05031,2019,1649,5042,1557,4841,92,201
05031,2020,1687,4945,1676,4851,11,94
05031,2021,1790,5126,1720,4978,70,148
05033,2011,1072,3317,1002,3183,70,134
05033,2012,1013,3248,1020,3252,-7,-4
05033,2013,796,2547,881,2690,-85,-143
05033,2014,741,2226,739,2163,2,63
05033,2015,945,2904,974,3006,-29,-102
05033,2016,1289,4108,1129,3606,160,502
05033,2017,976,3052,957,2968,19,84
05033,2018,984,3040,933,2821,51,219
05033,2019,995,3174,1042,3297,-47,-123
05033,2020,1122,3367,1109,3335,13,32
05033,2021,1065,3246,975,2857,90,389
05035,2011,690,2155,842,2609,-152,-454
05035,2012,657,2059,766,2432,-109,-373
05035,2013,588,1853,628,1999,-40,-146
05035,2014,508,1594,583,1865,-75,-271
05035,2015,483,1540,564,1755,-81,-215
05035,2016,611,1938,710,2257,-99,-319
05035,2017,539,1662,636,1991,-97,-329
05035,2018,515,1585,605,1863,-90,-278
05035,2019,575,1818,578,1820,-3,-2
05035,2020,566,1669,652,1958,-86,-289
05035,2021,580,1715,555,1659,25,56
05037,2011,232,759,234,717,-2,42
05037,2012,210,672,256,775,-46,-103
05037,2013,161,515,175,557,-14,-42
05037,2014,159,518,127,378,32,140
05037,2015,151,498,189,598,-38,-100
05037,2016,197,634,249,817,-52,-183
05037,2017,125,407,176,540,-51,-133
05037,2018,176,567,176,550,0,17
05037,2019,165,556,190,595,-25,-39
05037,2020,170,521,188,586,-18,-65
05037,2021,171,541,155,482,16,59
05039,2011,99,341,93,300,6,41
05039,2012,74,254,82,283,-8,-29
05039,2013,23,76,50,170,-27,-94
05039,2016,62,192,27,86,35,106
05039,2017,20,68,27,83,-7,-15
05039,2020,33,93,27,86,6,7
05039,2021,24,73,27,86,-3,-13
05041,2011,154,482,151,482,3,0
05041,2012,132,430,186,581,-54,-151
05041,2013,84,290,173,564,-89,-274
05041,2014,82,262,113,333,-31,-71
05041,2015,124,380,125,410,-1,-30
05041,2016,114,367,148,482,-34,-115
05041,2017,106,346,149,468,-43,-122
05041,2018,99,306,148,484,-49,-178
05041,2019,118,362,99,320,19,42
05041,2020,75,233,151,439,-76,-206
05041,2021,72,214,131,393,-59,-179
05043,2011,246,791,267,785,-21,6
05043,2012,228,713,246,753,-18,-40
05043,2013,137,424,140,450,-3,-26
05043,2014,86,270,118,366,-32,-96
05043,2015,152,489,140,434,12,55
05043,2016,201,651,155,510,46,141
05043,2017,141,441,164,520,-23,-79
05043,2018,200,616,150,450,50,166
05043,2019,136,431,150,445,-14,-14
05043,2020,167,486,165,487,2,-1
05043,2021,119,356,133,385,-14,-29
05045,2011,2128,6285,2182,6492,-54,-207
05045,2012,2247,6825,2122,6188,125,637
05045,2013,1751,5183,1835,5321,-84,-138
05045,2014,1343,3872,1385,3957,-42,-85
05045,2015,1749,5154,1852,5326,-103,-172
05045,2016,2318,6950,2335,6814,-17,136
05045,2017,1843,5359,1868,5309,-25,50
05045,2018,1691,4882,1863,5363,-172,-481
05045,2019,1971,5817,1949,5631,22,186
05045,2020,2047,5891,2132,5959,-85,-68
05045,2021,2229,6213,2050,5624,179,589
05047,2011,286,925,290,885,-4,40
05047,2012,230,762,266,859,-36,-97
05047,2013,222,739,203,661,19,78
05047,2014,163,514,197,622,-34,-108
05047,2015,203,674,252,773,-49,-99
05047,2016,285,959,256,841,29,118
05047,2017,233,769,233,729,0,40
05047,2018,230,732,229,681,1,51
05047,2019,269,919,233,773,36,146
05047,2020,253,800,281,887,-28,-87
05047,2021,264,813,226,684,38,129
05049,2011,240,790,117,393,123,397
05049,2012,124,394,159,531,-35,-137
05049,2013,115,386,117,392,-2,-6
05049,2014,74,257,83,260,-9,-3
05049,2015,75,246,82,264,-7,-18
05049,2016,165,572,184,579,-19,-7
05049,2017,100,327,92,299,8,28
05049,2018,91,322,143,441,-52,-119
05049,2019,136,472,147,492,-11,-20
05049,2020,152,505,144,454,8,51
05049,2021,114,373,107,329,7,44
05051,2011,1418,4267,1287,3745,131,522
05051,2012,1463,4374,1234,3607,229,767
05051,2013,1048,3139,963,2790,85,349
05051,2014,739,2155,752,2205,-13,-50
05051,2015,1143,3322,1027,3030,116,292
05051,2016,1528,4491,1389,4083,139,408
05051,2017,1187,3362,1021,2918,166,444
05051,2018,1005,2892,1001,2855,4,37
05051,2019,1266,3666,1128,3256,138,410
05051,2020,1328,3671,1197,3325,131,346
05051,2021,1264,3545,1139,3161,125,384
05053,2011,308,988,277,856,31,132
05053,2012,269,860,301,941,-32,-81
05053,2013,227,729,193,596,34,133
05053,2014,136,420,196,607,-60,-187
05053,2015,227,723,202,590,25,133
05053,2016,346,1096,288,892,58,204
05053,2017,286,894,226,698,60,196
05053,2018,263,825,226,690,37,135
05053,2019,297,955,263,817,34,138
05053,2020,312,972,262,782,50,190
05053,2021,257,804,271,765,-14,39
05055,2011,538,1785,517,1630,21,155
05055,2012,573,1817,540,1652,33,165
05055,2013,572,1857,444,1397,128,460
05055,2014,464,1525,361,1138,103,387
05055,2015,630,2043,500,1598,130,445
05055,2016,776,2487,638,2081,138,406
05055,2017,606,1950,485,1558,121,392
05055,2018,606,1900,482,1499,124,401
05055,2019,663,2166,553,1729,110,437
05055,2020,583,1784,528,1622,55,162
05055,2021,647,1950,513,1481,134,469
05057,2011,274,844,319,1038,-45,-194
05057,2012,260,871,271,873,-11,-2
05057,2013,159,521,221,715,-62,-194
05057,2014,151,460,154,496,-3,-36
05057,2015,179,557,188,601,-9,-44
05057,2016,178,568,276,892,-98,-324
05057,2017,174,572,213,697,-39,-125
05057,2018,162,535,190,623,-28,-88
05057,2019,190,602,229,789,-39,-187
05057,2020,160,500,232,689,-72,-189
05057,2021,176,508,195,600,-19,-92
05059,2011,504,1621,535,1678,-31,-57
05059,2012,523,1699,481,1487,42,212
05059,2013,464,1420,479,1482,-15,-62
05059,2014,360,1131,366,1087,-6,44
05059,2015,437,1392,433,1340,4,52
05059,2016,580,1792,549,1674,31,118
05059,2017,431,1362,435,1301,-4,61
05059,2018,468,1420,443,1358,25,62
05059,2019,485,1534,470,1490,15,44
05059,2020,557,1667,509,1532,48,135
05059,2021,493,1477,439,1282,54,195
05061,2011,203,649,162,526,41,123
05061,2012,162,557,195,629,-33,-72
05061,2013,110,378,141,460,-31,-82
05061,2014,91,285,153,517,-62,-232
05061,2015,99,357,141,462,-42,-105
05061,2016,161,556,184,578,-23,-22
05061,2017,106,359,136,434,-30,-75
05061,2018,134,432,121,402,13,30
05061,2019,162,536,120,382,42,154
05061,2020,120,382,110,351,10,31
05061,2021,87,299,153,473,-66,-174
05063,2011,409,1359,456,1534,-47,-175
05063,2012,408,1297,404,1433,4,-136
05063,2013,342,1213,324,1026,18,187
05063,2014,283,913,212,701,71,212
05063,2015,360,1154,366,1254,-6,-100
05063,2016,437,1406,463,1466,-26,-60
05063,2017,343,1114,304,945,39,169
05063,2018,305,967,351,1097,-46,-130
05063,2019,341,1042,346,1118,-5,-76
05063,2020,379,1135,446,1296,-67,-161
05063,2021,357,1061,377,1152,-20,-91
05065,2011,264,865,137,424,127,441
05065,2012,137,460,142,461,-5,-1
05065,2013,91,317,123,397,-32,-80
05065,2014,73,213,79,246,-6,-33
05065,2015,103,345,127,407,-24,-62
05065,2016,127,428,148,473,-21,-45
05065,2017,141,444,96,313,45,131
05065,2018,107,350,103,293,4,57
05065,2019,95,306,136,465,-41,-159
05065,2020,170,543,134,411,36,132
05065,2021,114,357,122,361,-8,-4
05067,2011,161,489,183,595,-22,-106
05067,2012,140,444,191,603,-51,-159
05067,2013,134,380,165,546,-31,-166
05067,2014,76,260,155,499,-79,-239
05067,2015,109,343,142,451,-33,-108
05067,2016,154,491,159,484,-5,7
05067,2017,182,563,137,450,45,113
05067,2018,119,374,119,383,0,-9
05067,2019,159,497,153,459,6,38
05067,2020,207,579,188,564,19,15
05067,2021,129,427,188,526,-59,-99
05069,2011,781,2314,1131,3373,-350,-1059
05069,2012,731,2227,1150,3507,-419,-1280
05069,2013,546,1694,904,2672,-358,-978
05069,2014,428,1300,723,2147,-295,-847
05069,2015,422,1249,932,2810,-510,-1561
05069,2016,632,1920,1101,3381,-469,-1461
05069,2017,536,1632,901,2772,-365,-1140
05069,2018,483,1470,943,2841,-460,-1371
05069,2019,568,1779,927,2829,-359,-1050
05069,2020,709,2005,1080,2957,-371,-952
05069,2021,647,1823,927,2651,-280,-828
05071,2011,281,869,237,732,44,137
05071,2012,212,658,259,824,-47,-166
05071,2013,169,526,171,560,-2,-34
05071,2014,115,384,145,444,-30,-60
05071,2015,202,616,200,673,2,-57
05071,2016,261,877,285,917,-24,-40
05071,2017,233,732,228,676,5,56
05071,2018,188,565,257,797,-69,-232
05071,2019,230,711,261,813,-31,-102
05071,2020,237,746,226,689,11,57
05071,2021,211,604,251,770,-40,-166
05073,2011,63,215,69,213,-6,2
05073,2012,67,199,60,206,7,-7
05073,2013,42,134,33,106,9,28
05073,2014,27,73,42,141,-15,-68
05073,2015,35,122,28,83,7,39
05073,2016,43,129,69,217,-26,-88
05073,2017,32,95,60,197,-28,-102
05073,2019,29,95,28,92,1,3
05073,2020,30,93,36,102,-6,-9
05073,2021,37,113,51,153,-14,-40
05075,2011,211,698,254,783,-43,-85
05075,2012,225,728,228,713,-3,15
05075,2013,167,542,207,687,-40,-145
05075,2014,130,402,166,523,-36,-121
05075,2015,195,647,245,805,-50,-158
05075,2016,285,936,267,859,18,77
05075,2017,161,503,204,640,-43,-137
05075,2018,193,633,221,693,-28,-60
05075,2019,221,722,222,703,-1,19
05075,2020,250,778,244,769,6,9
05075,2021,238,687,225,682,13,5
05077,2011,81,269,122,387,-41,-118
05077,2012,66,209,149,474,-83,-265
05077,2013,48,158,40,136,8,22
05077,2014,22,72,21,64,1,8
05077,2015,26,78,43,157,-17,-79
05077,2016,71,232,63,211,8,21
05077,2017,49,164,79,243,-30,-79
05077,2018,24,90,50,161,-26,-71
05077,2019,48,159,55,191,-7,-32
05077,2020,161,405,47,166,114,239
05077,2021,44,150,91,261,-47,-111
05079,2011,123,391,136,445,-13,-54
05079,2012,115,363,150,494,-35,-131
05079,2013,119,373,83,271,36,102
05079,2014,54,173,81,269,-27,-96
05079,2015,81,245,67,218,14,27
05079,2016,84,264,130,403,-46,-139
05079,2017,71,233,60,187,11,46
05079,2018,99,312,66,220,33,92
05079,2019,40,114,76,245,-36,-131
05079,2020,162,414,92,256,70,158
05079,2021,61,170,124,340,-63,-170
05081,2011,117,359,164,501,-47,-142
05081,2012,146,448,168,541,-22,-93
05081,2013,94,303,155,485,-61,-182
05081,2014,117,359,125,388,-8,-29
05081,2015,124,389,94,277,30,112
05081,2016,139,453,113,336,26,117
05081,2017,126,402,135,431,-9,-29
05081,2018,103,325,110,320,-7,5
05081,2019,125,377,150,465,-25,-88
05081,2020,117,344,118,351,-1,-7
05081,2021,145,431,127,362,18,69
05083,2011,272,843,343,1123,-71,-280
05083,2012,244,817,306,962,-62,-145
05083,2013,167,538,230,710,-63,-172
05083,2014,135,430,156,476,-21,-46
05083,2015,153,512,189,591,-36,-79
05083,2016,257,820,230,734,27,86
05083,2017,191,599,223,691,-32,-92
05083,2018,148,455,265,801,-117,-346
05083,2019,229,790,245,784,-16,6
05083,2020,242,743,255,777,-13,-34
05083,2021,228,705,249,747,-21,-42
05085,2011,1522,4866,1465,4534,57,332
05085,2012,1535,4871,1428,4455,107,416
05085,2013,1387,4395,1949,5979,-562,-1584
05085,2014,994,3071,955,2939,39,132
05085,2015,1440,4577,1152,3471,288,1106
05085,2016,1877,5832,1585,4947,292,885
05085,2017,1436,4494,1265,3911,171,583
05085,2018,1344,4097,1314,3970,30,127
05085,2019,1497,4582,1472,4567,25,15
05085,2020,1574,4679,1432,4353,142,326
05085,2021,1534,4526,1451,4259,83,267
05087,2011,231,717,256,797,-25,-80
05087,2012,246,801,246,804,0,-3
05087,2013,244,815,248,814,-4,1
05087,2014,168,570,224,693,-56,-123
05087,2015,269,908,190,559,79,349
05087,2016,320,1034,282,929,38,105
05087,2017,266,855,261,779,5,76
05087,2018,276,910,262,841,14,69
05087,2019,310,979,233,765,77,214
05087,2020,330,1060,236,756,94,304
05087,2021,366,1200,237,746,129,454
05089,2011,204,606,198,604,6,2
05089,2012,155,470,193,605,-38,-135
05089,2013,146,457,182,574,-36,-117
05089,2014,109,354,140,429,-31,-75
05089,2015,190,588,174,540,16,48
05089,2016,204,672,194,626,10,46
05089,2017,164,509,199,652,-35,-143
05089,2018,160,519,187,573,-27,-54
05089,2019,197,624,216,646,-19,-22
05089,2020,200,582,183,548,17,34
05089,2021,189,563,221,637,-32,-74
05091,2011,1020,3146,1058,3261,-38,-115
05091,2012,963,2995,989,3083,-26,-88
05091,2013,860,2688,869,2765,-9,-77
05091,2014,797,2457,671,2073,126,384
05091,2015,844,2663,862,2678,-18,-15
05091,2016,982,3006,1009,3181,-27,-175
05091,2017,717,2195,829,2595,-112,-400
05091,2018,777,2384,773,2418,4,-34
05091,2019,887,2762,860,2652,27,110
05091,2020,854,2519,862,2556,-8,-37
05091,2021,898,2632,807,2382,91,250
05093,2011,459,1374,612,1908,-153,-534
05093,2012,346,1123,565,1789,-219,-666
05093,2013,393,1275,421,1362,-28,-87
05093,2014,268,859,360,1146,-92,-287
05093,2015,243,770,423,1339,-180,-569
05093,2016,301,1022,553,1747,-252,-725
05093,2017,268,889,448,1460,-180,-571
05093,2018,291,954,380,1221,-89,-267
05093,2019,282,897,450,1456,-168,-559
05093,2020,250,770,390,1209,-140,-439
05093,2021,291,896,464,1453,-173,-557
05095,2011,55,167,126,384,-71,-217
05095,2012,68,214,102,335,-34,-121
05095,2013,23,65,44,136,-21,-71
05095,2014,20,52,49,153,-29,-101
05095,2017,20,66,58,206,-38,-140
05095,2018,29,80,45,131,-16,-51
05095,2019,23,64,47,140,-24,-76
05095,2020,25,87,54,157,-29,-70
05097,2011,91,294,75,249,16,45
05097,2012,58,178,101,317,-43,-139
05097,2013,63,204,82,246,-19,-42
05097,2014,25,80,52,176,-27,-96
05097,2015,65,211,68,226,-3,-15
05097,2016,74,256,67,231,7,25
05097,2017,71,239,71,212,0,27
05097,2018,62,206,81,240,-19,-34
05097,2019,64,217,72,211,-8,6
05097,2020,86,239,66,205,20,34
05097,2021,72,208,79,257,-7,-49
05099,2011,122,423,117,370,5,53
05099,2012,92,303,137,451,-45,-148
05099,2013,65,222,54,184,11,38
05099,2014,50,167,56,174,-6,-7
05099,2015,54,166,58,177,-4,-11
05099,2016,61,195,82,261,-21,-66
05099,2017,63,212,78,262,-15,-50
05099,2018,57,197,63,213,-6,-16
05099,2019,61,216,64,210,-3,6
05099,2020,52,161,51,159,1,2
05099,2021,61,202,35,107,26,95
05101,2011,74,234,100,321,-26,-87
05101,2012,73,217,69,219,4,-2
05101,2013,51,168,86,276,-35,-108
05101,2014,51,171,55,169,-4,2
05101,2015,72,236,80,240,-8,-4
05101,2016,69,231,83,273,-14,-42
05101,2017,58,210,76,254,-18,-44
05101,2018,52,173,66,203,-14,-30
05101,2019,58,180,74,234,-16,-54
05101,2020,50,144,92,287,-42,-143
05101,2021,67,203,73,216,-6,-13
05103,2011,229,718,288,902,-59,-184
05103,2012,155,487,287,912,-132,-425
05103,2013,164,534,167,541,-3,-7
05103,2014,90,282,126,385,-36,-103
05103,2015,104,332,178,572,-74,-240
05103,2016,218,651,205,661,13,-10
05103,2017,135,409,183,575,-48,-166
05103,2018,174,542,159,486,15,56
05103,2019,138,406,167,508,-29,-102
05103,2020,179,547,208,600,-29,-53
05103,2021,179,534,184,557,-5,-23
05105,2011,248,781,224,702,24,79
05105,2012,223,674,179,560,44,114
05105,2013,157,499,133,396,24,103
05105,2014,74,234,113,359,-39,-125
05105,2015,153,485,124,386,29,99
05105,2016,171,555,164,536,7,19
05105,2017,136,415,135,403,1,12
05105,2018,127,407,129,362,-2,45
05105,2019,133,402,129,379,4,23
05105,2020,130,379,128,364,2,15
05105,2021,142,422,140,419,2,3
05107,2011,117,365,201,659,-84,-294
05107,2012,160,499,200,645,-40,-146
05107,2013,57,176,128,397,-71,-221
05107,2014,29,89,89,274,-60,-185
05107,2015,34,107,151,481,-117,-374
05107,2016,47,125,168,534,-121,-409
05107,2017,21,75,116,363,-95,-288
05107,2018,36,108,91,281,-55,-173
05107,2019,23,73,118,367,-95,-294
05107,2020,55,161,144,448,-89,-287
05107,2021,53,165,112,348,-59,-183
05109,2011,111,392,143,479,-32,-87
05109,2012,151,494,127,428,24,66
05109,2013,113,381,118,399,-5,-18
05109,2014,102,368,96,297,6,71
05109,2015,123,420,98,334,25,86
05109,2016,124,408,127,424,-3,-16
05109,2017,76,252,127,406,-51,-154
05109,2018,111,391,102,337,9,54
05109,2019,116,363,116,375,0,-12
05109,2020,111,363,155,461,-44,-98
05109,2021,113,359,141,432,-28,-73
05111,2011,320,1018,385,1227,-65,-209
05111,2012,335,1055,416,1291,-81,-236
05111,2013,328,998,310,1000,18,-2
05111,2014,215,680,257,779,-42,-99
05111,2015,275,896,279,865,-4,31
05111,2016,344,1095,389,1189,-45,-94
05111,2017,247,772,292,950,-45,-178
05111,2018,251,829,332,1036,-81,-207
05111,2019,322,1066,375,1160,-53,-94
05111,2020,332,1012,348,1061,-16,-49
05111,2021,336,1027,381,1156,-45,-129
05113,2011,72,258,81,267,-9,-9
05113,2012,72,252,89,281,-17,-29
05113,2013,30,102,53,156,-23,-54
05113,2016,24,81,48,147,-24,-66
05113,2018,20,61,20,71,0,-10
05113,2019,40,117,NA,NA,NA,NA
05113,2020,20,67,28,71,-8,-4
05113,2021,20,72,41,100,-21,-28
05115,2011,795,2487,918,2715,-123,-228
05115,2012,680,2133,892,2695,-212,-562
05115,2013,623,1899,698,2032,-75,-133
05115,2014,470,1434,520,1544,-50,-110
05115,2015,584,1785,768,2282,-184,-497
05115,2016,701,2179,1012,3093,-311,-914
05115,2017,584,1799,724,2142,-140,-343
05115,2018,578,1752,662,1948,-84,-196
05115,2019,633,1935,795,2356,-162,-421
05115,2020,748,2228,810,2325,-62,-97
05115,2021,787,2244,874,2482,-87,-238
05117,2011,127,406,115,348,12,58
05117,2012,79,247,127,410,-48,-163
05117,2013,80,250,47,168,33,82
05117,2014,32,99,28,92,4,7
05117,2015,56,180,91,270,-35,-90
05117,2016,98,344,98,299,0,45
05117,2017,81,254,119,393,-38,-139
05117,2018,75,256,82,241,-7,15
05117,2019,64,197,89,278,-25,-81
05117,2020,80,249,93,271,-13,-22
05117,2021,105,318,94,274,11,44
05119,2011,7819,22665,8201,24225,-382,-1560
05119,2012,7811,22746,8484,25894,-673,-3148
05119,2013,6652,19159,6565,19569,87,-410
05119,2014,4715,13331,4923,14353,-208,-1022
05119,2015,6026,17337,6735,19894,-709,-2557
05119,2016,7657,22045,9140,27435,-1483,-5390
05119,2017,6021,17166,6604,19372,-583,-2206
05119,2018,5825,16782,6213,18050,-388,-1268
05119,2019,6240,18100,6897,20314,-657,-2214
05119,2020,6842,19030,7414,20993,-572,-1963
05119,2021,6975,19053,7310,20354,-335,-1301
05121,2011,184,596,186,602,-2,-6
05121,2012,176,561,190,586,-14,-25
05121,2013,125,411,160,491,-35,-80
05121,2014,104,307,113,341,-9,-34
05121,2015,144,464,163,497,-19,-33
05121,2016,209,649,171,537,38,112
05121,2017,175,567,153,474,22,93
05121,2018,218,670,148,461,70,209
05121,2019,203,683,186,607,17,76
05121,2020,209,680,201,619,8,61
05121,2021,158,459,205,573,-47,-114
05123,2011,312,1024,357,1160,-45,-136
05123,2012,266,833,354,1133,-88,-300
05123,2013,216,706,348,1121,-132,-415
05123,2014,195,595,285,891,-90,-296
05123,2015,221,737,307,996,-86,-259
05123,2016,271,878,387,1241,-116,-363
05123,2017,216,669,317,1031,-101,-362
05123,2018,194,613,301,985,-107,-372
05123,2019,223,750,303,1047,-80,-297
05123,2020,204,648,291,867,-87,-219
05123,2021,216,697,270,863,-54,-166
05125,2011,2594,7888,1895,5756,699,2132
05125,2012,2608,8187,2132,6437,476,1750
05125,2013,2137,6484,1845,5437,292,1047
05125,2014,1706,5151,1431,4211,275,940
05125,2015,2071,6333,1708,5117,363,1216
05125,2016,3095,9567,2466,7445,629,2122
05125,2017,2340,7059,1973,5874,367,1185
05125,2018,2429,7396,1859,5525,570,1871
05125,2019,2669,8029,2054,6306,615,1723
05125,2020,2651,7867,2183,6408,468,1459
05125,2021,2838,8230,2105,6073,733,2157
05127,2011,126,426,150,497,-24,-71
05127,2012,102,342,146,484,-44,-142
05127,2013,47,157,89,275,-42,-118
05127,2014,48,147,66,204,-18,-57
05127,2015,76,256,89,270,-13,-14
05127,2016,80,265,109,391,-29,-126
05127,2017,58,200,84,268,-26,-68
05127,2018,61,194,58,194,3,0
05127,2019,57,195,104,318,-47,-123
05127,2020,58,169,83,283,-25,-114
05127,2021,68,229,87,273,-19,-44
05129,2011,72,245,44,113,28,132
05129,2012,37,109,39,114,-2,-5
05129,2013,26,76,48,192,-22,-116
05129,2015,26,83,23,73,3,10
05129,2016,25,87,32,102,-7,-15
05129,2020,28,92,25,76,3,16
05129,2021,22,64,29,77,-7,-13
05131,2011,2047,6290,2306,7107,-259,-817
05131,2012,2001,6108,2243,6918,-242,-810
05131,2013,1733,5247,1895,5824,-162,-577
05131,2014,1534,4503,1487,4456,47,47
05131,2015,1839,5582,2012,6088,-173,-506
05131,2016,2240,6905,2487,7576,-247,-671
05131,2017,1890,5679,1952,5927,-62,-248
05131,2018,1703,5135,1912,5700,-209,-565
05131,2019,1887,5658,2089,6395,-202,-737
05131,2020,1922,5623,2038,5954,-116,-331
05131,2021,2014,5726,2109,6140,-95,-414
05133,2011,129,412,145,455,-16,-43
05133,2012,140,458,162,530,-22,-72
05133,2013,107,341,83,280,24,61
05133,2014,53,175,71,235,-18,-60
05133,2015,48,161,89,316,-41,-155
05133,2016,91,299,144,493,-53,-194
05133,2017,76,251,74,249,2,2
05133,2018,46,144,83,261,-37,-117
05133,2019,60,187,142,470,-82,-283
05133,2020,53,165,90,278,-37,-113
05133,2021,65,197,146,464,-81,-267
05135,2011,244,846,448,1487,-204,-641
05135,2012,229,757,231,766,-2,-9
05135,2013,178,616,201,674,-23,-58
05135,2014,103,338,135,448,-32,-110
05135,2015,237,813,194,618,43,195
05135,2016,313,982,291,965,22,17
05135,2017,239,780,205,675,34,105
05135,2018,243,798,211,695,32,103
05135,2019,237,783,234,767,3,16
05135,2020,251,787,261,795,-10,-8
05135,2021,222,711,254,788,-32,-77
05137,2011,51,151,134,440,-83,-289
05137,2012,104,323,105,323,-1,0
05137,2018,23,82,27,85,-4,-3
05137,2020,47,151,24,78,23,73
05139,2011,312,953,508,1529,-196,-576
05139,2012,307,959,375,1150,-68,-191
05139,2013,173,570,242,734,-69,-164
05139,2014,152,497,142,428,10,69
05139,2015,160,500,253,773,-93,-273
05139,2016,205,643,337,1025,-132,-382
05139,2017,180,556,212,624,-32,-68
05139,2018,138,416,213,675,-75,-259
05139,2019,137,420,246,775,-109,-355
05139,2020,158,468,246,752,-88,-284
05139,2021,148,422,317,903,-169,-481
05141,2011,194,591,186,597,8,-6
05141,2012,195,632,159,513,36,119
05141,2013,127,416,142,425,-15,-9
05141,2014,89,287,129,408,-40,-121
05141,2015,100,319,110,335,-10,-16
05141,2016,184,610,178,557,6,53
05141,2017,164,519,108,325,56,194
05141,2018,131,424,157,476,-26,-52
05141,2019,150,471,126,418,24,53
05141,2020,135,411,138,436,-3,-25
05141,2021,169,538,132,365,37,173
05143,2011,4078,12169,3906,11612,172,557
05143,2012,4096,12186,3816,11443,280,743
05143,2013,3534,10368,3328,9869,206,499
05143,2014,2714,7788,2549,7488,165,300
05143,2015,3756,10848,3812,11307,-56,-459
05143,2016,5015,14910,5127,14933,-112,-23
05143,2017,4009,11671,3913,11526,96,145
05143,2018,3919,11241,4090,11834,-171,-593
05143,2019,4510,13290,4449,12877,61,413
05143,2020,4595,13010,4657,13228,-62,-218
05143,2021,4855,13558,4683,12915,172,643
05145,2011,1067,3502,1031,3182,36,320
05145,2012,991,3228,1055,3339,-64,-111
05145,2013,868,2824,884,2722,-16,102
05145,2014,569,1813,616,1915,-47,-102
05145,2015,806,2525,862,2667,-56,-142
05145,2016,995,3190,1157,3630,-162,-440
05145,2017,819,2547,935,2886,-116,-339
05145,2018,786,2389,858,2620,-72,-231
05145,2019,928,2958,968,2907,-40,51
05145,2020,1037,3172,997,2925,40,247
05145,2021,1009,3030,989,2905,20,125
05147,2011,75,239,83,267,-8,-28
05147,2012,58,202,80,249,-22,-47
05147,2013,28,85,48,151,-20,-66
05147,2015,28,94,50,153,-22,-59
05147,2016,63,210,41,136,22,74
05147,2017,29,93,36,113,-7,-20
05147,2018,24,83,42,132,-18,-49
05147,2019,28,93,38,107,-10,-14
05147,2020,29,89,41,133,-12,-44
05147,2021,39,112,54,162,-15,-50
05149,2011,320,1076,418,1349,-98,-273
05149,2012,322,1056,356,1186,-34,-130
05149,2013,192,625,233,743,-41,-118
05149,2014,159,550,257,848,-98,-298
05149,2015,246,802,205,652,41,150
05149,2016,237,816,324,1069,-87,-253
05149,2017,195,591,208,683,-13,-92
05149,2018,198,632,224,714,-26,-82
05149,2019,234,762,312,997,-78,-235
05149,2020,228,680,317,969,-89,-289
05149,2021,246,733,290,826,-44,-93
06001,2011,40706,111214,36877,102785,3829,8429
06001,2012,41659,114524,38307,108127,3352,6397
06001,2013,37929,103241,35265,99332,2664,3909
06001,2014,30079,80182,27643,76712,2436,3470
06001,2015,39789,107020,40479,113358,-690,-6338
06001,2016,51635,139452,56965,159987,-5330,-20535
06001,2017,42175,112478,45624,126222,-3449,-13744
06001,2018,41586,108932,45484,124337,-3898,-15405
06001,2019,42900,112211,51270,140747,-8370,-28536
06001,2020,41809,107208,56777,154563,-14968,-47355
06001,2021,40049,102633,51347,138791,-11298,-36158
06003,2011,10,35,NA,NA,NA,NA
06003,2021,21,54,NA,NA,NA,NA
06005,2011,672,1867,504,1387,168,480
06005,2012,732,2145,550,1475,182,670
06005,2013,514,1443,387,1081,127,362
06005,2014,438,1268,332,900,106,368
06005,2015,637,1864,431,1189,206,675
06005,2016,1021,2970,480,1358,541,1612
06005,2017,768,2208,419,1165,349,1043
06005,2018,747,2097,367,1016,380,1081
06005,2019,1005,2881,419,1132,586,1749
06005,2020,1262,3373,624,1652,638,1721
06005,2021,981,2717,534,1414,447,1303
06007,2011,3208,9048,3286,9106,-78,-58
06007,2012,3211,9028,3308,9016,-97,12
06007,2013,2886,8011,2883,7814,3,197
06007,2014,2370,6352,2076,5540,294,812
06007,2015,3289,8911,3105,8229,184,682
06007,2016,4591,12803,3858,10279,733,2524
06007,2017,3518,9510,4837,12956,-1319,-3446
06007,2018,2941,7838,6514,17815,-3573,-9977
06007,2019,3353,9099,4081,11118,-728,-2019
06007,2020,3521,9435,3656,9319,-135,116
06007,2021,3676,9725,3162,7975,514,1750
06009,2011,837,2420,876,2500,-39,-80
06009,2012,963,2803,805,2275,158,528
06009,2013,763,2271,675,1942,88,329
06009,2014,554,1611,511,1414,43,197
06009,2015,878,2602,612,1723,266,879
06009,2016,1362,3939,783,2244,579,1695
06009,2017,1087,3210,691,1918,396,1292
06009,2018,1041,3081,680,1888,361,1193
06009,2019,1307,3805,692,1982,615,1823
06009,2020,1362,3950,733,2018,629,1932
06009,2021,1201,3526,658,1775,543,1751
06011,2011,210,693,238,792,-28,-99
06011,2012,223,736,255,834,-32,-98
06011,2013,153,524,223,712,-70,-188
06011,2014,129,463,130,416,-1,47
06011,2015,176,607,182,568,-6,39
06011,2016,233,753,231,696,2,57
06011,2017,225,718,204,618,21,100
06011,2018,207,650,156,455,51,195
06011,2019,188,564,207,627,-19,-63
06011,2020,197,558,198,572,-1,-14
06011,2021,205,609,223,636,-18,-27
06013,2011,24854,72514,22197,62619,2657,9895
06013,2012,25317,74316,22359,63902,2958,10414
06013,2013,22569,66108,20273,56901,2296,9207
06013,2014,17549,50475,16409,45108,1140,5367
06013,2015,24869,71877,22718,63364,2151,8513
06013,2016,31849,92588,31345,88569,504,4019
06013,2017,25158,71785,25560,71332,-402,453
06013,2018,23771,67569,24950,68890,-1179,-1321
06013,2019,26283,74513,26504,74650,-221,-137
06013,2020,26869,75129,28838,80326,-1969,-5197
06013,2021,24048,66943,27542,74654,-3494,-7711
06015,2011,201,614,206,609,-5,5
06015,2012,174,489,191,576,-17,-87
06015,2013,87,237,118,337,-31,-100
06015,2014,74,206,106,309,-32,-103
06015,2015,111,335,100,289,11,46
06015,2016,184,537,150,434,34,103
06015,2017,90,256,93,243,-3,13
06015,2018,103,287,111,306,-8,-19
06015,2019,119,337,85,229,34,108
06015,2020,235,595,162,424,73,171
06015,2021,100,253,125,327,-25,-74
06017,2011,4146,11830,4071,11284,75,546
06017,2012,4563,13195,4072,11234,491,1961
06017,2013,4099,11890,3440,9380,659,2510
06017,2014,3024,8453,2833,7452,191,1001
06017,2015,4365,12648,3580,9564,785,3084
06017,2016,6804,19945,4587,12492,2217,7453
06017,2017,5184,15104,3859,10285,1325,4819
06017,2018,4613,13147,3887,10456,726,2691
06017,2019,5774,16740,4292,11897,1482,4843
06017,2020,5967,16920,4234,11276,1733,5644
06017,2021,4976,13943,4431,11487,545,2456
06019,2011,10858,33404,9848,30637,1010,2767
06019,2012,10658,33700,10796,33646,-138,54
06019,2013,8881,28142,8897,27778,-16,364
06019,2014,6701,20891,7610,23235,-909,-2344
06019,2015,8404,26056,9246,27908,-842,-1852
06019,2016,11154,34621,11069,33659,85,962
06019,2017,8845,27274,9185,27374,-340,-100
06019,2018,8845,26483,8812,26031,33,452
06019,2019,9359,27607,9640,28497,-281,-890
06019,2020,10308,28843,10641,30084,-333,-1241
06019,2021,9920,27640,10732,29591,-812,-1951
06021,2011,334,1099,426,1339,-92,-240
06021,2012,333,1075,380,1182,-47,-107
06021,2013,278,881,276,805,2,76
06021,2014,195,593,273,840,-78,-247
06021,2015,281,850,278,822,3,28
06021,2016,380,1209,399,1207,-19,2
06021,2017,403,1217,311,959,92,258
06021,2018,433,1336,366,1078,67,258
06021,2019,360,1095,375,1126,-15,-31
06021,2020,365,1058,367,1027,-2,31
06021,2021,319,893,421,1203,-102,-310
06023,2011,1578,4119,1881,5053,-303,-934
06023,2012,1596,4278,1937,5081,-341,-803
06023,2013,1340,3459,1418,3629,-78,-170
06023,2014,903,2315,861,2164,42,151
06023,2015,1721,4387,1419,3538,302,849
06023,2016,2101,5374,2188,5822,-87,-448
06023,2017,1537,3825,1668,4215,-131,-390
06023,2018,1539,3813,1579,4002,-40,-189
06023,2019,1802,4462,1561,3935,241,527
06023,2020,1784,4284,1737,4245,47,39
06023,2021,1839,4507,1620,3944,219,563
06025,2011,1955,6917,2165,7340,-210,-423
06025,2012,1943,6694,2196,7574,-253,-880
06025,2013,1742,6014,1900,6405,-158,-391
06025,2014,1509,5212,1916,6477,-407,-1265
06025,2015,1682,5749,1917,6424,-235,-675
06025,2016,1905,6477,2109,7143,-204,-666
06025,2017,1611,5372,1878,6060,-267,-688
06025,2018,1478,4939,1870,5986,-392,-1047
06025,2019,1746,5626,1838,5818,-92,-192
06025,2020,2221,6283,2193,6321,28,-38
06025,2021,1874,5407,2310,6480,-436,-1073
06027,2011,259,705,241,683,18,22
06027,2012,273,777,231,604,42,173
06027,2013,131,369,147,417,-16,-48
06027,2014,87,246,64,176,23,70
06027,2015,204,575,203,580,1,-5
06027,2016,293,861,188,521,105,340
06027,2017,252,724,158,433,94,291
06027,2018,210,578,107,289,103,289
06027,2019,221,595,157,440,64,155
06027,2020,230,623,132,362,98,261
06027,2021,195,517,168,448,27,69
06029,2011,9473,30975,9046,28980,427,1995
06029,2012,9515,31312,9884,32468,-369,-1156
06029,2013,7836,25894,10458,33334,-2622,-7440
06029,2014,6369,20544,6516,20517,-147,27
06029,2015,8087,25994,8434,26377,-347,-383
06029,2016,10623,34354,10473,32913,150,1441
06029,2017,9126,29358,8428,25638,698,3720
06029,2018,9251,29231,8121,24715,1130,4516
06029,2019,9952,31386,8639,26444,1313,4942
06029,2020,11851,34558,9792,27763,2059,6795
06029,2021,10426,30886,10142,28720,284,2166
06031,2011,1954,6709,2314,7852,-360,-1143
06031,2012,2072,7055,2339,8184,-267,-1129
06031,2013,1772,6037,1967,6684,-195,-647
06031,2014,1386,4667,1490,4919,-104,-252
06031,2015,1657,5392,1937,6366,-280,-974
06031,2016,2539,8440,2520,8476,19,-36
06031,2017,1964,6417,1870,6049,94,368
06031,2018,1975,6323,1872,5836,103,487
06031,2019,2023,6303,1925,6166,98,137
06031,2020,2571,7172,2283,6413,288,759
06031,2021,2266,6399,2364,6740,-98,-341
06033,2011,994,2868,923,2661,71,207
06033,2012,1016,2921,907,2668,109,253
06033,2013,833,2468,526,1474,307,994
06033,2014,593,1686,535,1461,58,225
06033,2015,813,2381,671,1882,142,499
06033,2016,1265,3706,801,2251,464,1455
06033,2017,1058,3056,605,1635,453,1421
06033,2018,838,2427,628,1703,210,724
06033,2019,1069,3105,561,1590,508,1515
06033,2020,1034,2925,532,1437,502,1488
06033,2021,922,2593,629,1688,293,905
06035,2011,275,834,281,818,-6,16
06035,2012,222,660,374,1151,-152,-491
06035,2013,201,575,236,690,-35,-115
06035,2014,96,258,183,520,-87,-262
06035,2015,238,706,234,680,4,26
06035,2016,256,768,303,908,-47,-140
06035,2017,238,710,175,495,63,215
06035,2018,197,580,240,705,-43,-125
06035,2019,318,966,198,572,120,394
06035,2020,465,1165,395,1010,70,155
06035,2021,213,623,429,1123,-216,-500
06037,2011,118528,322569,131801,375540,-13273,-52971
06037,2012,117963,323333,134094,386522,-16131,-63189
06037,2013,109391,297388,124538,358146,-15147,-60758
06037,2014,88659,235839,101001,287323,-12342,-51484
06037,2015,109486,287167,131193,372850,-21707,-85683
06037,2016,135187,353961,176697,503424,-41510,-149463
06037,2017,112881,291296,146555,410956,-33674,-119660
06037,2018,110919,282967,144667,399911,-33748,-116944
06037,2019,111336,283322,165810,459719,-54474,-176397
06037,2020,111355,276879,179779,485943,-68424,-209064
06037,2021,117532,288553,169049,453610,-51517,-165057
06039,2011,2097,7082,2190,7288,-93,-206
06039,2012,2251,7503,2282,7507,-31,-4
06039,2013,1837,6124,1888,6148,-51,-24
06039,2014,1463,4817,1550,4966,-87,-149
06039,2015,1942,6372,1855,5888,87,484
06039,2016,2668,8714,2228,6990,440,1724
06039,2017,2325,7567,1910,5973,415,1594
06039,2018,2151,6824,1873,5846,278,978
06039,2019,2802,9004,1983,6047,819,2957
06039,2020,3246,9664,2224,6235,1022,3429
06039,2021,2962,8903,2212,6202,750,2701
06041,2011,5951,16201,5719,14785,232,1416
06041,2012,6294,17005,5710,15022,584,1983
06041,2013,5236,14236,5360,13825,-124,411
06041,2014,3819,10214,4159,10707,-340,-493
06041,2015,5347,14443,5528,14342,-181,101
06041,2016,7130,19255,7225,19072,-95,183
06041,2017,5451,14507,5588,14491,-137,16
06041,2018,5358,14038,5555,14334,-197,-296
06041,2019,6546,17216,6298,16620,248,596
06041,2020,6092,15772,6408,16593,-316,-821
06041,2021,5135,13326,6044,15368,-909,-2042
06043,2011,266,786,283,797,-17,-11
06043,2012,296,849,246,727,50,122
06043,2013,196,599,168,502,28,97
06043,2014,140,390,154,458,-14,-68
06043,2015,183,544,173,524,10,20
06043,2016,353,1038,215,651,138,387
06043,2017,242,698,161,465,81,233
06043,2018,167,499,193,536,-26,-37
06043,2019,300,916,173,503,127,413
06043,2020,272,795,174,452,98,343
06043,2021,252,714,160,445,92,269
06045,2011,1014,2775,1052,2907,-38,-132
06045,2012,1020,2786,1069,2939,-49,-153
06045,2013,839,2316,754,2147,85,169
06045,2014,614,1658,593,1629,21,29
06045,2015,988,2710,783,2122,205,588
06045,2016,1382,3777,1052,2847,330,930
06045,2017,1058,2950,892,2442,166,508
06045,2018,869,2306,763,2103,106,203
06045,2019,1067,2803,820,2219,247,584
06045,2020,1156,3030,822,2150,334,880
06045,2021,860,2300,1016,2711,-156,-411
06047,2011,3460,12164,3631,12290,-171,-126
06047,2012,3345,11941,3640,12270,-295,-329
06047,2013,2939,10161,3181,10478,-242,-317
06047,2014,2433,8698,2583,8309,-150,389
06047,2015,3305,11470,3112,10042,193,1428
06047,2016,4426,14943,3821,12159,605,2784
06047,2017,3787,12866,3283,10206,504,2660
06047,2018,3839,12591,3293,10036,546,2555
06047,2019,4461,14675,3446,10762,1015,3913
06047,2020,4892,15171,3722,10737,1170,4434
06047,2021,4500,13906,4021,11427,479,2479
06049,2011,56,181,49,148,7,33
06049,2012,40,124,52,178,-12,-54
06049,2013,27,94,52,166,-25,-72
06049,2015,26,98,23,60,3,38
06049,2016,27,84,45,129,-18,-45
06049,2020,20,51,23,73,-3,-22
06051,2011,258,730,303,800,-45,-70
06051,2012,233,609,279,809,-46,-200
06051,2013,206,538,218,579,-12,-41
06051,2014,149,394,137,395,12,-1
06051,2015,212,567,166,446,46,121
06051,2016,265,729,258,706,7,23
06051,2017,216,591,145,385,71,206
06051,2018,189,488,155,424,34,64
06051,2019,247,668,196,521,51,147
06051,2020,242,647,165,450,77,197
06051,2021,181,469,195,523,-14,-54
06053,2011,6742,21972,7678,24333,-936,-2361
06053,2012,6717,21934,7905,25131,-1188,-3197
06053,2013,5846,18788,6693,20933,-847,-2145
06053,2014,4503,14305,5160,15615,-657,-1310
06053,2015,5817,17960,6447,19459,-630,-1499
06053,2016,6858,20919,8462,25213,-1604,-4294
06053,2017,5518,16192,6619,19313,-1101,-3121
06053,2018,5168,14788,6287,18182,-1119,-3394
06053,2019,5647,16157,7058,20257,-1411,-4100
06053,2020,5998,16166,7322,20064,-1324,-3898
06053,2021,5478,14857,7318,19824,-1840,-4967
06055,2011,2711,7904,2644,7598,67,306
06055,2012,2860,8327,2629,7531,231,796
06055,2013,2379,6817,2488,7040,-109,-223
06055,2014,1840,5084,1797,5006,43,78
06055,2015,2528,7075,2558,7255,-30,-180
06055,2016,3114,8595,3389,9478,-275,-883
06055,2017,2465,6861,2570,7191,-105,-330
06055,2018,2282,6184,2397,6441,-115,-257
06055,2019,2680,7186,2599,7144,81,42
06055,2020,2624,6978,2690,7191,-66,-213
06055,2021,2293,6006,2576,6759,-283,-753
06057,2011,2257,6165,2135,5703,122,462
06057,2012,2415,6616,2098,5655,317,961
06057,2013,2108,5687,1725,4680,383,1007
06057,2014,1430,3912,1425,3755,5,157
06057,2015,2098,5823,1741,4605,357,1218
06057,2016,3150,8733,2331,6293,819,2440
06057,2017,2523,6908,1835,4847,688,2061
06057,2018,2224,6096,1865,4916,359,1180
06057,2019,3195,8663,2206,5904,989,2759
06057,2020,3032,8201,2200,5726,832,2475
06057,2021,2763,7461,2176,5574,587,1887
06059,2011,53707,155450,54014,154984,-307,466
06059,2012,55062,158786,57738,167113,-2676,-8327
06059,2013,49655,141817,52319,150500,-2664,-8683
06059,2014,39275,109649,42345,118867,-3070,-9218
06059,2015,51673,143853,55262,156705,-3589,-12852
06059,2016,66190,185161,75202,215379,-9012,-30218
06059,2017,53264,146185,60587,169461,-7323,-23276
06059,2018,52662,143131,58593,161206,-5931,-18075
06059,2019,56459,153726,63456,176867,-6997,-23141
06059,2020,58103,154043,68453,187145,-10350,-33102
06059,2021,54646,143465,68407,184107,-13761,-40642
06061,2011,10147,29910,8920,25409,1227,4501
06061,2012,10713,31507,9200,26280,1513,5227
06061,2013,8920,26094,8312,23450,608,2644
06061,2014,6774,19322,6290,17093,484,2229
06061,2015,10592,30959,8450,23218,2142,7741
06061,2016,15152,45590,11523,32325,3629,13265
06061,2017,11753,34282,9240,25298,2513,8984
06061,2018,11025,31753,9341,25397,1684,6356
06061,2019,12804,37356,10004,27759,2800,9597
06061,2020,13625,39144,10072,27311,3553,11833
06061,2021,12596,35922,9930,26628,2666,9294
06063,2011,270,754,293,832,-23,-78
06063,2012,260,711,300,886,-40,-175
06063,2013,126,365,170,477,-44,-112
06063,2014,106,298,97,250,9,48
06063,2015,181,499,129,346,52,153
06063,2016,310,883,204,568,106,315
06063,2017,258,714,134,369,124,345
06063,2018,158,485,144,408,14,77
06063,2019,250,705,164,440,86,265
06063,2020,277,754,194,522,83,232
06063,2021,165,461,251,717,-86,-256
06065,2011,47406,149779,42942,133710,4464,16069
06065,2012,48855,155607,43643,135785,5212,19822
06065,2013,43459,137765,38992,120731,4467,17034
06065,2014,33916,105849,30858,92504,3058,13345
06065,2015,45743,143052,38314,114803,7429,28249
06065,2016,63365,198544,50844,153810,12521,44734
06065,2017,50513,154218,42967,127050,7546,27168
06065,2018,48302,145807,42681,124535,5621,21272
06065,2019,55914,170401,45133,133576,10781,36825
06065,2020,60061,175418,49293,139759,10768,35659
06065,2021,55359,159901,50544,141433,4815,18468
06067,2011,26817,76249,26228,75585,589,664
06067,2012,27375,78201,26312,75734,1063,2467
06067,2013,24758,70507,23029,65971,1729,4536
06067,2014,19619,54713,17442,48845,2177,5868
06067,2015,27202,76158,24730,69857,2472,6301
06067,2016,36879,103228,33267,95206,3612,8022
06067,2017,29487,81517,27230,76250,2257,5267
06067,2018,28949,78963,26608,73878,2341,5085
06067,2019,31364,85955,29510,83829,1854,2126
06067,2020,31689,84360,32649,89460,-960,-5100
06067,2021,29182,76941,32617,88391,-3435,-11450
06069,2011,1162,3855,996,3244,166,611
06069,2012,1279,4275,1025,3263,254,1012
06069,2013,1018,3360,863,2751,155,609
06069,2014,834,2717,704,2275,130,442
06069,2015,1229,4065,890,2734,339,1331
06069,2016,1753,5674,1117,3495,636,2179
06069,2017,1520,5143,954,2918,566,2225
06069,2018,1409,4641,930,2835,479,1806
06069,2019,1756,5761,992,3006,764,2755
06069,2020,1852,5766,1077,3096,775,2670
06069,2021,1660,4877,1153,3331,507,1546
06071,2011,42554,135931,43186,135678,-632,253
06071,2012,41768,133913,43258,136877,-1490,-2964
06071,2013,37219,118828,39306,123164,-2087,-4336
06071,2014,30650,96266,30613,93680,37,2586
06071,2015,38877,122178,37472,115044,1405,7134
06071,2016,51325,160783,48809,151021,2516,9762
06071,2017,42880,131694,41058,123230,1822,8464
06071,2018,41155,125102,40082,118669,1073,6433
06071,2019,45091,136460,42454,126961,2637,9499
06071,2020,47951,138625,46023,131601,1928,7024
06071,2021,45037,129366,45869,129651,-832,-285
06073,2011,58578,164412,57536,164458,1042,-46
06073,2012,60496,171252,59886,172837,610,-1585
06073,2013,54419,152228,54782,158164,-363,-5936
06073,2014,42074,113465,40657,113088,1417,377
06073,2015,56929,157103,58115,167387,-1186,-10284
06073,2016,73402,204463,80141,234318,-6739,-29855
06073,2017,58362,159445,61610,174726,-3248,-15281
06073,2018,56296,151621,61039,171098,-4743,-19477
06073,2019,61174,166371,66039,188224,-4865,-21853
06073,2020,63248,166620,70343,196281,-7095,-29661
06073,2021,62189,161103,70633,193273,-8444,-32170
06075,2011,32315,77603,29862,74749,2453,2854
06075,2012,31682,73492,31636,79364,46,-5872
06075,2013,29985,69027,28915,72618,1070,-3591
06075,2014,24375,55685,22150,55559,2225,126
06075,2015,31298,71021,32225,80622,-927,-9601
06075,2016,38565,87646,43695,108895,-5130,-21249
06075,2017,32017,72629,35092,86971,-3075,-14342
06075,2018,31546,71036,35983,88447,-4437,-17411
06075,2019,27658,62913,50991,124078,-23333,-61165
06075,2020,28082,63533,47379,114126,-19297,-50593
06075,2021,31061,69164,35504,86679,-4443,-17515
06077,2011,11478,36640,11244,35125,234,1515
06077,2012,11276,36414,11272,35244,4,1170
06077,2013,10457,33880,9268,28458,1189,5422
06077,2014,8378,26786,7589,22686,789,4100
06077,2015,11659,37589,9758,29574,1901,8015
06077,2016,15869,51216,13162,40071,2707,11145
06077,2017,13090,41512,10983,32784,2107,8728
06077,2018,12554,39146,11200,32946,1354,6200
06077,2019,14160,44229,11856,35203,2304,9026
06077,2020,15658,47446,13100,37078,2558,10368
06077,2021,14629,44047,13286,37298,1343,6749
06079,2011,4942,13957,4605,12308,337,1649
06079,2012,5445,15179,4821,12987,624,2192
06079,2013,4705,13113,4057,10841,648,2272
06079,2014,3637,9882,3149,8225,488,1657
06079,2015,4950,13623,4524,11993,426,1630
06079,2016,6467,17768,5923,15806,544,1962
06079,2017,4999,13475,4546,11827,453,1648
06079,2018,4759,12784,4465,11708,294,1076
06079,2019,5522,14895,4694,12174,828,2721
06079,2020,5951,15662,4708,11952,1243,3710
06079,2021,5178,13393,4797,11969,381,1424
06081,2011,19543,53875,18484,51709,1059,2166
06081,2012,20249,55299,19943,55829,306,-530
06081,2013,18531,49949,18347,51114,184,-1165
06081,2014,14246,38260,14886,40728,-640,-2468
06081,2015,19668,52307,21625,60614,-1957,-8307
06081,2016,26089,68399,29409,81748,-3320,-13349
06081,2017,21403,55355,24106,65864,-2703,-10509
06081,2018,21336,54352,24312,65669,-2976,-11317
06081,2019,21200,53932,27616,75521,-6416,-21589
06081,2020,20108,50618,29815,79972,-9707,-29354
06081,2021,20172,50450,24712,65662,-4540,-15212
06083,2011,6559,18600,6878,18803,-319,-203
06083,2012,6837,19461,7051,19548,-214,-87
06083,2013,5724,16097,6357,17275,-633,-1178
06083,2014,4405,12307,5001,13345,-596,-1038
06083,2015,5835,16175,6901,18620,-1066,-2445
06083,2016,7666,21119,9168,25067,-1502,-3948
06083,2017,5779,15492,7246,19353,-1467,-3861
06083,2018,5655,14980,6741,17611,-1086,-2631
06083,2019,6394,16846,7224,19313,-830,-2467
06083,2020,6419,16612,7863,20156,-1444,-3544
06083,2021,5747,14700,7899,19982,-2152,-5282
06085,2011,33962,94571,34066,97539,-104,-2968
06085,2012,34253,96225,36779,106052,-2526,-9827
06085,2013,31241,86639,34516,99733,-3275,-13094
06085,2014,24292,65908,27737,78884,-3445,-12976
06085,2015,32811,88859,41104,119155,-8293,-30296
06085,2016,45611,121593,59215,170941,-13604,-49348
06085,2017,38276,100301,47740,135407,-9464,-35106
06085,2018,39016,100461,47035,130853,-8019,-30392
06085,2019,38226,97070,53937,151324,-15711,-54254
06085,2020,38730,97367,57834,161110,-19104,-63743
06085,2021,41482,102967,53442,145991,-11960,-43024
06087,2011,4992,14263,4985,14220,7,43
06087,2012,5290,14968,5079,14581,211,387
06087,2013,4789,13357,4412,12442,377,915
06087,2014,3756,10344,3657,10058,99,286
06087,2015,4837,13203,4897,13362,-60,-159
06087,2016,5870,16046,6606,17842,-736,-1796
06087,2017,4628,12487,5161,13829,-533,-1342
06087,2018,4340,11532,5079,13420,-739,-1888
06087,2019,5208,13691,5600,15059,-392,-1368
06087,2020,5038,13113,5803,14895,-765,-1782
06087,2021,4420,11347,5729,14626,-1309,-3279
06089,2011,2571,7686,2474,6947,97,739
06089,2012,2713,7886,2650,7704,63,182
06089,2013,2153,6218,2207,6322,-54,-104
06089,2014,1549,4322,1627,4588,-78,-266
06089,2015,2311,6708,2248,6245,63,463
06089,2016,3500,10241,3081,8683,419,1558
06089,2017,2654,7442,2269,6388,385,1054
06089,2018,2611,7584,2352,6374,259,1210
06089,2019,2749,7815,2221,6187,528,1628
06089,2020,2961,8107,2218,5928,743,2179
06089,2021,2754,7545,2169,5748,585,1797
06091,2011,49,140,49,136,0,4
06091,2012,43,144,47,127,-4,17
06091,2016,25,72,NA,NA,NA,NA
06091,2018,43,116,NA,NA,NA,NA
06091,2019,46,138,24,56,22,82
06091,2020,21,51,NA,NA,NA,NA
06093,2011,371,1032,588,1676,-217,-644
06093,2012,446,1344,554,1607,-108,-263
06093,2013,429,1242,281,832,148,410
06093,2014,195,596,225,646,-30,-50
06093,2015,426,1184,286,827,140,357
06093,2016,595,1662,400,1135,195,527
06093,2017,470,1296,315,881,155,415
06093,2018,392,1050,320,886,72,164
06093,2019,466,1263,312,908,154,355
06093,2020,503,1342,295,824,208,518
06093,2021,416,1102,296,807,120,295
06095,2011,9620,28249,8873,26051,747,2198
06095,2012,9861,29129,8670,25659,1191,3470
06095,2013,8707,25677,7754,22725,953,2952
06095,2014,6813,19798,6202,17539,611,2259
06095,2015,9662,28289,8021,23146,1641,5143
06095,2016,12882,37719,11271,32846,1611,4873
06095,2017,9793,28267,9268,26425,525,1842
06095,2018,9485,26937,9151,25648,334,1289
06095,2019,9685,27851,9612,27410,73,441
06095,2020,10388,28495,10297,28123,91,372
06095,2021,9739,26941,9617,25787,122,1154
06097,2011,7747,20666,6777,17967,970,2699
06097,2012,8363,22523,6769,18010,1594,4513
06097,2013,7267,19185,6334,16802,933,2383
06097,2014,5270,13762,5055,12979,215,783
06097,2015,7518,19777,6896,18181,622,1596
06097,2016,9447,24697,10110,27001,-663,-2304
06097,2017,6847,17630,8788,23205,-1941,-5575
06097,2018,6863,17617,7538,19716,-675,-2099
06097,2019,8322,21551,7774,20387,548,1164
06097,2020,8695,22106,8503,22003,192,103
06097,2021,7954,20318,7993,20183,-39,135
06099,2011,7191,23225,7357,23275,-166,-50
06099,2012,7263,23597,7213,22787,50,810
06099,2013,6594,21811,6391,19781,203,2030
06099,2014,5267,16975,5023,15324,244,1651
06099,2015,7493,24163,6389,19399,1104,4764
06099,2016,9697,31344,8676,26412,1021,4932
06099,2017,7728,24311,7265,21957,463,2354
06099,2018,7491,23258,7282,21886,209,1372
06099,2019,7820,24232,7906,23797,-86,435
06099,2020,8573,25243,8191,23629,382,1614
06099,2021,7806,22951,7946,22391,-140,560
06101,2011,1705,5414,1823,6048,-118,-634
06101,2012,1704,5521,1714,5544,-10,-23
06101,2013,1480,4717,1539,4914,-59,-197
06101,2014,1123,3570,1198,3738,-75,-168
06101,2015,1512,4806,1475,4554,37,252
06101,2016,2096,6625,1998,6420,98,205
06101,2017,1754,5440,1669,5191,85,249
06101,2018,1715,5199,1468,4467,247,732
06101,2019,1618,5027,1668,5203,-50,-176
06101,2020,1739,5118,1728,5121,11,-3
06101,2021,1605,4695,1640,4743,-35,-48
06103,2011,875,2750,896,2817,-21,-67
06103,2012,1044,3263,871,2709,173,554
06103,2013,748,2290,607,1846,141,444
06103,2014,561,1752,540,1610,21,142
06103,2015,809,2426,690,2089,119,337
06103,2016,1102,3446,870,2749,232,697
06103,2017,1078,3289,677,1973,401,1316
06103,2018,1107,3320,793,2433,314,887
06103,2019,1005,3056,869,2627,136,429
06103,2020,1024,3051,777,2174,247,877
06103,2021,1003,2860,722,2002,281,858
06105,2011,90,254,123,356,-33,-102
06105,2012,78,218,109,325,-31,-107
06105,2013,76,204,96,263,-20,-59
06105,2014,58,186,91,243,-33,-57
06105,2015,74,197,87,236,-13,-39
06105,2016,120,340,121,346,-1,-6
06105,2017,91,255,85,223,6,32
06105,2018,59,173,101,285,-42,-112
06105,2019,78,231,86,243,-8,-12
06105,2020,93,259,114,304,-21,-45
06105,2021,98,287,94,269,4,18
06107,2011,4228,14324,4446,14551,-218,-227
06107,2012,4370,15004,4704,15592,-334,-588
06107,2013,3609,12077,4153,13703,-544,-1626
06107,2014,3052,10262,3354,10645,-302,-383
06107,2015,3730,12240,3884,12198,-154,42
06107,2016,4802,15741,4815,15174,-13,567
06107,2017,4070,13081,3950,12332,120,749
06107,2018,3871,12125,3729,11217,142,908
06107,2019,4332,13531,3858,11692,474,1839
06107,2020,4808,14231,3883,11112,925,3119
06107,2021,4435,12810,4315,12004,120,806
06109,2011,815,2295,748,2104,67,191
06109,2012,874,2501,765,2084,109,417
06109,2013,715,2042,624,1740,91,302
06109,2014,544,1532,370,1042,174,490
06109,2015,758,2197,531,1475,227,722
06109,2016,1180,3352,681,1863,499,1489
06109,2017,807,2270,508,1333,299,937
06109,2018,758,2124,500,1355,258,769
06109,2019,1017,2866,641,1754,376,1112
06109,2020,1243,3319,733,1865,510,1454
06109,2021,959,2662,610,1538,349,1124
06111,2011,13094,39022,13791,41141,-697,-2119
06111,2012,13969,41671,13873,41060,96,611
06111,2013,11891,34913,12284,35865,-393,-952
06111,2014,8870,25585,9767,28508,-897,-2923
06111,2015,12147,34797,13292,38425,-1145,-3628
06111,2016,16813,48185,17002,49132,-189,-947
06111,2017,12757,35866,13514,37946,-757,-2080
06111,2018,12457,34512,13347,36942,-890,-2430
06111,2019,14061,38807,13853,38611,208,196
06111,2020,14144,38277,14727,39886,-583,-1609
06111,2021,13141,35460,15472,41250,-2331,-5790
06113,2011,4596,13179,4983,14161,-387,-982
06113,2012,4740,13485,5118,14415,-378,-930
06113,2013,4166,11804,4373,12026,-207,-222
06113,2014,3263,9000,3154,8645,109,355
06113,2015,4561,12657,4891,13088,-330,-431
06113,2016,6161,17049,6475,17552,-314,-503
06113,2017,4744,12898,5338,14287,-594,-1389
06113,2018,4567,12318,5153,13565,-586,-1247
06113,2019,5138,13982,5365,14343,-227,-361
06113,2020,5704,14877,5521,14232,183,645
06113,2021,5178,13431,5620,14221,-442,-790
06115,2011,1708,5560,1859,5923,-151,-363
06115,2012,1724,5588,1786,5836,-62,-248
06115,2013,1374,4480,1488,4734,-114,-254
06115,2014,1082,3545,1048,3287,34,258
06115,2015,1783,5683,1454,4577,329,1106
06115,2016,2619,8611,1919,6168,700,2443
06115,2017,2039,6429,1642,5068,397,1361
06115,2018,2006,6260,1581,4884,425,1376
06115,2019,2370,7648,1714,5232,656,2416
06115,2020,2481,7643,1741,5102,740,2541
06115,2021,2446,7423,1723,5092,723,2331
08001,2011,15932,50538,13893,43931,2039,6607
08001,2012,17328,53662,15330,48248,1998,5414
08001,2013,15367,47079,14177,43812,1190,3267
08001,2014,12121,36819,10936,33086,1185,3733
08001,2015,17268,51575,15593,47151,1675,4424
08001,2016,23316,68442,21257,63703,2059,4739
08001,2017,17955,51523,16246,47769,1709,3754
08001,2018,17570,49665,16255,46922,1315,2743
08001,2019,19371,54198,17905,51492,1466,2706
08001,2020,19933,53676,18588,51301,1345,2375
08001,2021,21033,55579,18189,49318,2844,6261
08003,2011,251,770,265,797,-14,-27
08003,2012,254,788,236,711,18,77
08003,2013,164,516,207,622,-43,-106
08003,2014,120,343,128,425,-8,-82
08003,2015,130,415,185,572,-55,-157
08003,2016,266,781,258,796,8,-15
08003,2017,224,727,125,384,99,343
08003,2018,172,507,165,467,7,40
08003,2019,165,536,210,632,-45,-96
08003,2020,173,498,160,450,13,48
08003,2021,233,642,195,576,38,66
08005,2011,24065,70383,22592,66259,1473,4124
08005,2012,26084,76389,24242,70984,1842,5405
08005,2013,23669,67854,22609,64917,1060,2937
08005,2014,17454,49567,16799,47430,655,2137
08005,2015,26108,73032,24606,69820,1502,3212
08005,2016,35339,98616,34309,97297,1030,1319
08005,2017,26606,73573,26135,72471,471,1102
08005,2018,25815,70242,26085,71472,-270,-1230
08005,2019,28156,76182,28081,77495,75,-1313
08005,2020,28186,74465,28762,76596,-576,-2131
08005,2021,27764,71559,28764,76218,-1000,-4659
08007,2011,88,270,98,286,-10,-16
08007,2012,74,209,94,291,-20,-82
08007,2013,31,95,41,116,-10,-21
08007,2014,25,69,39,107,-14,-38
08007,2015,46,136,42,118,4,18
08007,2016,63,181,79,230,-16,-49
08007,2017,69,199,58,148,11,51
08007,2018,52,136,62,165,-10,-29
08007,2019,119,322,51,134,68,188
08007,2020,107,295,38,101,69,194
08007,2021,69,183,59,149,10,34
08009,2011,10,27,10,40,0,-13
08011,2011,58,196,68,224,-10,-28
08011,2012,29,95,60,199,-31,-104
08011,2013,23,73,20,66,3,7
08011,2014,21,68,NA,NA,NA,NA
08011,2016,22,86,32,98,-10,-12
08011,2017,27,85,NA,NA,NA,NA
08011,2019,24,68,20,60,4,8
08011,2020,67,159,27,77,40,82
08013,2011,8532,22787,8511,22478,21,309
08013,2012,9285,24964,9212,24278,73,686
08013,2013,7478,19908,8264,21648,-786,-1740
08013,2014,5603,14513,5639,14626,-36,-113
08013,2015,8491,22340,9419,24263,-928,-1923
08013,2016,12224,32315,13551,35303,-1327,-2988
08013,2017,8986,23497,9748,24867,-762,-1370
08013,2018,9130,23617,9572,24209,-442,-592
08013,2019,9734,25039,10734,27299,-1000,-2260
08013,2020,9645,24320,10902,27209,-1257,-2889
08013,2021,9670,23895,11696,28925,-2026,-5030
08014,2011,4380,12307,4296,11964,84,343
08014,2012,5141,14387,4688,13137,453,1250
08014,2013,2936,8301,2657,7453,279,848
08014,2014,2280,6264,1959,5292,321,972
08014,2015,3470,9733,3321,9078,149,655
08014,2016,4818,13284,4590,12631,228,653
08014,2017,3476,9332,3523,9510,-47,-178
08014,2018,3687,9779,3542,9343,145,436
08014,2019,4053,10636,3854,10159,199,477
08014,2020,3894,10031,3913,10073,-19,-42
08014,2021,4176,10674,4060,10175,116,499
08015,2011,303,850,210,588,93,262
08015,2012,253,720,217,609,36,111
08015,2013,152,406,156,445,-4,-39
08015,2014,121,341,79,228,42,113
08015,2015,216,599,99,269,117,330
08015,2016,426,1187,189,508,237,679
08015,2017,210,556,114,315,96,241
08015,2018,301,785,166,443,135,342
08015,2019,408,1094,158,425,250,669
08015,2020,457,1201,169,428,288,773
08015,2021,538,1415,223,548,315,867
08019,2011,220,583,199,536,21,47
08019,2012,226,605,236,661,-10,-56
08019,2013,195,530,165,429,30,101
08019,2014,130,336,122,321,8,15
08019,2015,231,629,175,469,56,160
08019,2016,367,984,144,386,223,598
08019,2017,234,587,148,398,86,189
08019,2018,254,664,148,381,106,283
08019,2019,265,698,154,425,111,273
08019,2020,281,705,129,322,152,383
08019,2021,230,561,163,411,67,150
08021,2011,43,139,46,140,-3,-1
08021,2012,43,129,56,182,-13,-53
08021,2013,45,143,42,132,3,11
08021,2014,25,78,48,134,-23,-56
08021,2015,40,123,39,126,1,-3
08021,2016,49,167,43,132,6,35
08021,2017,37,131,63,238,-26,-107
08021,2018,49,141,47,162,2,-21
08021,2019,45,141,50,166,-5,-25
08021,2020,52,147,52,141,0,6
08021,2021,57,166,44,123,13,43
08023,2012,12,41,21,68,-9,-27
08023,2021,20,53,22,57,-2,-4
08025,2011,25,78,23,86,2,-8
08025,2012,41,144,48,153,-7,-9
08025,2016,55,182,28,95,27,87
08025,2017,30,96,22,63,8,33
08025,2019,21,61,33,91,-12,-30
08025,2020,66,176,NA,NA,NA,NA
08025,2021,23,57,21,51,2,6
08027,2011,58,167,48,161,10,6
08027,2012,45,150,19,52,26,98
08027,2013,20,71,NA,NA,NA,NA
08027,2014,20,73,NA,NA,NA,NA
08027,2015,43,143,22,77,21,66
08027,2016,96,283,29,90,67,193
08027,2017,48,141,33,107,15,34
08027,2018,52,151,33,99,19,52
08027,2019,67,229,23,73,44,156
08027,2020,112,333,29,88,83,245
08027,2021,89,273,24,73,65,200
08029,2011,397,1210,320,952,77,258
08029,2012,370,1176,396,1169,-26,7
08029,2013,215,674,272,835,-57,-161
08029,2014,164,538,198,613,-34,-75
08029,2015,427,1231,249,747,178,484
08029,2016,647,1917,351,1089,296,828
08029,2017,350,1013,315,902,35,111
08029,2018,422,1254,253,714,169,540
08029,2019,506,1441,274,770,232,671
08029,2020,617,1731,270,756,347,975
08029,2021,520,1490,303,864,217,626
08031,2011,31976,85307,29052,82634,2924,2673
08031,2012,33557,89399,31502,88276,2055,1123
08031,2013,32637,85405,28648,79126,3989,6279
08031,2014,25218,65279,21594,60569,3624,4710
08031,2015,36206,91292,33505,91080,2701,212
08031,2016,47090,117476,47052,126142,38,-8666
08031,2017,38142,94708,35086,92846,3056,1862
08031,2018,38196,93708,35760,92853,2436,855
08031,2019,39520,96792,41224,106723,-1704,-9931
08031,2020,40011,94741,43262,109299,-3251,-14558
08031,2021,42309,98561,43552,108210,-1243,-9649
08033,2012,12,42,18,58,-6,-16
08035,2011,10010,30038,8448,25015,1562,5023
08035,2012,11338,34785,9399,27736,1939,7049
08035,2013,9776,29208,8125,23516,1651,5692
08035,2014,6372,18450,5877,16048,495,2402
08035,2015,10559,31290,9071,26072,1488,5218
08035,2016,16672,49285,12750,37296,3922,11989
08035,2017,12491,36066,9828,27766,2663,8300
08035,2018,12512,35302,9579,26325,2933,8977
08035,2019,14674,42057,11026,30908,3648,11149
08035,2020,14698,40959,11197,30605,3501,10354
08035,2021,14817,41036,11936,31945,2881,9091
08037,2011,1091,3050,1180,3380,-89,-330
08037,2012,1084,2966,1153,3141,-69,-175
08037,2013,849,2323,1147,3085,-298,-762
08037,2014,660,1758,748,1996,-88,-238
08037,2015,929,2467,1065,2870,-136,-403
08037,2016,1146,2957,1241,3271,-95,-314
08037,2017,850,2216,924,2434,-74,-218
08037,2018,865,2243,937,2455,-72,-212
08037,2019,983,2592,1095,2830,-112,-238
08037,2020,1017,2602,1040,2632,-23,-30
08037,2021,876,2183,1175,2944,-299,-761
08039,2011,806,2623,521,1581,285,1042
08039,2012,771,2436,607,1793,164,643
08039,2013,708,2259,514,1558,194,701
08039,2014,517,1671,406,1193,111,478
08039,2015,735,2394,507,1476,228,918
08039,2016,1170,3838,692,2010,478,1828
08039,2017,812,2594,570,1641,242,953
08039,2018,846,2612,540,1529,306,1083
08039,2019,981,3299,603,1805,378,1494
08039,2020,988,3067,543,1493,445,1574
08039,2021,1025,3215,577,1592,448,1623
08041,2011,15962,50357,15780,49242,182,1115
08041,2012,17642,55691,17375,54003,267,1688
08041,2013,14680,46603,14249,43892,431,2711
08041,2014,10277,30647,8613,25553,1664,5094
08041,2015,17553,54508,14944,46066,2609,8442
08041,2016,26816,84738,23608,74470,3208,10268
08041,2017,19148,58111,17183,51804,1965,6307
08041,2018,18155,54787,16869,50044,1286,4743
08041,2019,20454,62523,18476,56446,1978,6077
08041,2020,21260,62215,20302,59801,958,2414
08041,2021,21680,62210,20305,58305,1375,3905
08043,2011,487,1400,441,1317,46,83
08043,2012,521,1453,538,1562,-17,-109
08043,2013,496,1440,360,1022,136,418
08043,2014,282,793,291,843,-9,-50
08043,2015,546,1584,415,1155,131,429
08043,2016,845,2454,535,1540,310,914
08043,2017,677,1889,455,1304,222,585
08043,2018,592,1698,370,1037,222,661
08043,2019,738,2053,432,1230,306,823
08043,2020,962,2582,495,1331,467,1251
08043,2021,904,2394,572,1531,332,863
08045,2011,975,2991,993,3042,-18,-51
08045,2012,978,2910,996,3012,-18,-102
08045,2013,838,2432,808,2425,30,7
08045,2014,632,1864,548,1566,84,298
08045,2015,1000,2774,807,2208,193,566
08045,2016,1129,3100,1200,3456,-71,-356
08045,2017,1050,2887,841,2336,209,551
08045,2018,894,2435,787,2128,107,307
08045,2019,1103,2968,884,2428,219,540
08045,2020,1052,2782,951,2456,101,326
08045,2021,1073,2784,908,2359,165,425
08047,2011,156,401,200,534,-44,-133
08047,2012,171,483,151,422,20,61
08047,2013,168,438,120,330,48,108
08047,2014,69,178,71,180,-2,-2
08047,2015,167,440,88,244,79,196
08047,2016,247,653,123,307,124,346
08047,2017,198,507,93,242,105,265
08047,2018,139,343,67,174,72,169
08047,2019,196,511,142,362,54,149
08047,2020,205,497,76,182,129,315
08047,2021,142,342,101,245,41,97
08049,2011,203,536,265,721,-62,-185
08049,2012,240,659,256,662,-16,-3
08049,2013,179,468,171,427,8,41
08049,2014,139,356,173,457,-34,-101
08049,2015,255,660,138,335,117,325
08049,2016,430,1185,284,758,146,427
08049,2017,247,694,143,350,104,344
08049,2018,277,756,140,352,137,404
08049,2019,304,848,152,370,152,478
08049,2020,345,919,144,359,201,560
08049,2021,359,965,228,556,131,409
08051,2011,157,417,222,560,-65,-143
08051,2012,163,426,221,586,-58,-160
08051,2013,132,352,63,155,69,197
08051,2014,20,50,72,175,-52,-125
08051,2015,127,306,173,427,-46,-121
08051,2016,206,539,233,577,-27,-38
08051,2017,106,276,106,245,0,31
08051,2018,107,280,125,310,-18,-30
08051,2019,156,423,155,391,1,32
08051,2020,150,410,160,420,-10,-10
08051,2021,155,392,139,328,16,64
08055,2011,78,235,53,159,25,76
08055,2012,61,173,77,233,-16,-60
08055,2013,35,96,41,134,-6,-38
08055,2014,23,70,33,97,-10,-27
08055,2015,31,108,25,74,6,34
08055,2016,56,173,40,114,16,59
08055,2017,50,155,37,99,13,56
08055,2018,37,107,39,115,-2,-8
08055,2019,69,203,34,102,35,101
08055,2020,94,289,31,80,63,209
08055,2021,61,178,34,92,27,86
08059,2011,17887,50026,16258,45383,1629,4643
08059,2012,19918,55053,17702,49443,2216,5610
08059,2013,18606,50787,17275,47410,1331,3377
08059,2014,13493,36362,12644,34157,849,2205
08059,2015,21338,57159,19015,51538,2323,5621
08059,2016,29375,78340,27186,73722,2189,4618
08059,2017,22179,57948,20369,54115,1810,3833
08059,2018,21905,56232,20299,53255,1606,2977
08059,2019,24194,62017,23514,62250,680,-233
08059,2020,23801,59150,23780,61207,21,-2057
08059,2021,24754,60442,23722,59900,1032,542
08063,2011,38,116,15,50,23,66
08063,2012,21,59,45,133,-24,-74
08065,2011,57,161,91,281,-34,-120
08065,2012,81,245,106,305,-25,-60
08065,2013,51,143,NA,NA,NA,NA
08065,2014,61,179,41,126,20,53
08065,2015,89,240,47,142,42,98
08065,2016,133,328,79,198,54,130
08065,2017,130,312,50,140,80,172
08065,2018,81,194,95,224,-14,-30
08065,2019,74,189,112,277,-38,-88
08065,2020,110,270,74,176,36,94
08065,2021,121,296,49,121,72,175
08067,2011,790,2171,911,2449,-121,-278
08067,2012,951,2605,939,2542,12,63
08067,2013,667,1788,647,1759,20,29
08067,2014,503,1331,561,1443,-58,-112
08067,2015,691,1865,703,1873,-12,-8
08067,2016,1025,2812,1076,2836,-51,-24
08067,2017,772,1980,755,1987,17,-7
08067,2018,658,1748,772,2012,-114,-264
08067,2019,860,2317,797,2042,63,275
08067,2020,915,2364,819,2201,96,163
08067,2021,836,2123,847,2127,-11,-4
08069,2011,7290,20019,6926,18751,364,1268
08069,2012,8234,22935,7531,20573,703,2362
08069,2013,7024,19455,5976,15931,1048,3524
08069,2014,4848,12931,4275,11195,573,1736
08069,2015,7700,20810,7272,19346,428,1464
08069,2016,11730,32059,10836,29111,894,2948
08069,2017,8370,22681,8129,21273,241,1408
08069,2018,8148,21672,7870,20684,278,988
08069,2019,9663,25963,9081,23931,582,2032
08069,2020,10343,27070,9394,24204,949,2866
08069,2021,10606,27406,9950,24973,656,2433
08071,2011,71,204,188,587,-117,-383
08071,2012,95,271,164,513,-69,-242
08071,2013,34,107,71,216,-37,-109
08071,2014,31,99,36,105,-5,-6
08071,2015,49,147,75,230,-26,-83
08071,2016,175,520,91,256,84,264
08071,2017,53,140,59,157,-6,-17
08071,2018,46,133,77,231,-31,-98
08071,2019,55,156,67,187,-12,-31
08071,2020,113,297,87,246,26,51
08071,2021,101,274,73,201,28,73
08073,2011,37,117,28,97,9,20
08073,2012,42,135,24,71,18,64
08073,2013,20,58,NA,NA,NA,NA
08073,2014,20,50,NA,NA,NA,NA
08073,2015,31,103,NA,NA,NA,NA
08073,2016,27,85,37,106,-10,-21
08073,2019,25,75,20,59,5,16
08073,2020,48,126,NA,NA,NA,NA
08073,2021,26,75,24,68,2,7
08075,2011,237,702,271,756,-34,-54
08075,2012,232,672,289,840,-57,-168
08075,2013,104,303,94,289,10,14
08075,2014,54,169,55,158,-1,11
08075,2015,92,252,171,477,-79,-225
08075,2016,265,790,287,837,-22,-47
08075,2017,93,303,145,437,-52,-134
08075,2018,147,411,86,248,61,163
08075,2019,186,526,141,402,45,124
08075,2020,276,743,215,562,61,181
08075,2021,261,724,231,593,30,131
08077,2011,2018,5801,2050,6064,-32,-263
08077,2012,2132,6146,2188,6658,-56,-512
08077,2013,1620,4648,1683,4929,-63,-281
08077,2014,1137,3200,1086,3042,51,158
08077,2015,1840,5122,1596,4480,244,642
08077,2016,2874,8276,2155,6070,719,2206
08077,2017,2030,5599,1580,4333,450,1266
08077,2018,1844,4990,1523,4148,321,842
08077,2019,2291,6300,1566,4231,725,2069
08077,2020,2273,6095,1559,4136,714,1959
08077,2021,2270,5931,1591,4120,679,1811
08081,2011,74,217,121,362,-47,-145
08081,2012,113,336,134,414,-21,-78
08081,2013,62,224,72,221,-10,3
08081,2014,36,105,64,192,-28,-87
08081,2015,78,244,76,227,2,17
08081,2016,81,234,135,395,-54,-161
08081,2017,93,245,71,216,22,29
08081,2018,68,205,60,164,8,41
08081,2019,106,292,111,326,-5,-34
08081,2020,108,299,43,127,65,172
08081,2021,110,296,78,208,32,88
08083,2011,343,977,301,884,42,93
08083,2012,310,914,255,793,55,121
08083,2013,187,547,214,683,-27,-136
08083,2014,141,427,148,440,-7,-13
08083,2015,294,971,169,499,125,472
08083,2016,310,856,208,607,102,249
08083,2017,226,678,177,500,49,178
08083,2018,178,530,162,462,16,68
08083,2019,235,642,168,467,67,175
08083,2020,230,665,166,429,64,236
08083,2021,257,697,135,376,122,321
08085,2011,529,1617,622,1858,-93,-241
08085,2012,555,1730,636,1906,-81,-176
08085,2013,437,1312,448,1348,-11,-36
08085,2014,254,788,292,842,-38,-54
08085,2015,477,1410,334,941,143,469
08085,2016,860,2549,571,1678,289,871
08085,2017,572,1633,460,1332,112,301
08085,2018,539,1495,379,1116,160,379
08085,2019,693,1913,400,1161,293,752
08085,2020,741,2107,370,1046,371,1061
08085,2021,722,1951,424,1161,298,790
08087,2011,323,998,402,1246,-79,-248
08087,2012,342,1078,420,1335,-78,-257
08087,2013,266,820,303,917,-37,-97
08087,2014,179,549,228,705,-49,-156
08087,2015,301,935,353,1038,-52,-103
08087,2016,455,1399,433,1260,22,139
08087,2017,372,1147,294,864,78,283
08087,2018,346,1059,352,1029,-6,30
08087,2019,376,1143,390,1143,-14,0
08087,2020,463,1360,338,957,125,403
08087,2021,442,1313,363,963,79,350
08089,2011,193,584,209,629,-16,-45
08089,2012,176,539,209,652,-33,-113
08089,2013,84,268,130,408,-46,-140
08089,2014,77,255,102,305,-25,-50
08089,2015,130,422,109,315,21,107
08089,2016,178,557,181,545,-3,12
08089,2017,126,376,159,475,-33,-99
08089,2018,125,357,99,292,26,65
08089,2019,149,420,152,447,-3,-27
08089,2020,146,444,177,488,-31,-44
08089,2021,148,388,129,359,19,29
08091,2011,53,162,33,87,20,75
08091,2012,70,191,50,144,20,47
08091,2013,43,123,42,122,1,1
08091,2014,25,81,63,189,-38,-108
08091,2015,53,146,39,115,14,31
08091,2016,86,241,73,214,13,27
08091,2017,71,205,64,192,7,13
08091,2018,62,173,61,175,1,-2
08091,2019,61,163,44,125,17,38
08091,2020,39,111,55,149,-16,-38
08091,2021,60,153,54,155,6,-2
08093,2011,409,1193,340,985,69,208
08093,2012,430,1233,362,1048,68,185
08093,2013,428,1234,355,1007,73,227
08093,2014,295,800,236,641,59,159
08093,2015,552,1614,310,861,242,753
08093,2016,811,2348,369,1071,442,1277
08093,2017,551,1579,278,771,273,808
08093,2018,510,1398,316,838,194,560
08093,2019,653,1812,357,958,296,854
08093,2020,638,1710,334,931,304,779
08093,2021,568,1500,297,798,271,702
08095,2011,44,136,20,70,24,66
08095,2012,40,118,25,68,15,50
08095,2016,25,85,20,57,5,28
08097,2011,368,1002,395,1071,-27,-69
08097,2012,375,989,414,1100,-39,-111
08097,2013,338,914,287,789,51,125
08097,2014,204,532,269,747,-65,-215
08097,2015,222,629,443,1203,-221,-574
08097,2016,377,1007,402,1030,-25,-23
08097,2017,253,660,421,1050,-168,-390
08097,2018,234,619,375,924,-141,-305
08097,2019,448,1161,374,964,74,197
08097,2020,344,867,382,931,-38,-64
08097,2021,278,662,382,941,-104,-279
08099,2011,88,295,105,320,-17,-25
08099,2012,64,202,90,283,-26,-81
08099,2016,28,91,47,137,-19,-46
08099,2021,23,61,NA,NA,NA,NA
08101,2011,1648,4980,1826,5266,-178,-286
08101,2012,1887,5711,1805,5238,82,473
08101,2013,1543,4605,1486,4259,57,346
08101,2014,1067,3132,1047,2983,20,149
08101,2015,1588,4615,1471,4205,117,410
08101,2016,2515,7398,2066,5921,449,1477
08101,2017,1843,5267,1501,4155,342,1112
08101,2018,1868,5437,1480,4222,388,1215
08101,2019,2098,6153,1573,4342,525,1811
08101,2020,2284,6493,1701,4582,583,1911
08101,2021,2202,6197,1753,4613,449,1584
08103,2011,43,122,66,220,-23,-98
08103,2012,55,183,75,261,-20,-78
08103,2014,25,68,27,76,-2,-8
08103,2015,23,63,37,112,-14,-49
08103,2016,60,170,51,151,9,19
08103,2017,26,85,25,74,1,11
08103,2018,32,82,40,105,-8,-23
08103,2019,45,132,31,118,14,14
08103,2020,29,78,39,95,-10,-17
08103,2021,49,158,23,63,26,95
08105,2011,141,458,195,625,-54,-167
08105,2012,135,450,205,642,-70,-192
08105,2013,75,231,121,379,-46,-148
08105,2014,72,240,71,217,1,23
08105,2015,89,286,87,287,2,-1
08105,2016,121,417,154,485,-33,-68
08105,2017,87,273,127,399,-40,-126
08105,2018,95,289,105,316,-10,-27
08105,2019,146,439,108,367,38,72
08105,2020,123,335,116,362,7,-27
08105,2021,109,339,132,368,-23,-29
08107,2011,329,885,381,996,-52,-111
08107,2012,380,1041,393,1026,-13,15
08107,2013,245,638,282,779,-37,-141
08107,2014,156,404,181,451,-25,-47
08107,2015,280,723,275,705,5,18
08107,2016,396,1075,331,851,65,224
08107,2017,234,641,296,752,-62,-111
08107,2018,240,632,279,705,-39,-73
08107,2019,397,1141,271,700,126,441
08107,2020,386,1027,355,904,31,123
08107,2021,408,1080,303,751,105,329
08109,2011,50,182,54,178,-4,4
08109,2012,53,153,51,173,2,-20
08109,2013,28,103,25,91,3,12
08109,2014,21,72,22,74,-1,-2
08109,2015,25,86,32,107,-7,-21
08109,2016,47,166,29,101,18,65
08109,2017,38,141,53,179,-15,-38
08109,2018,29,98,30,103,-1,-5
08109,2019,36,128,34,114,2,14
08109,2020,37,121,50,154,-13,-33
08109,2021,28,83,49,150,-21,-67
08113,2011,34,102,94,241,-60,-139
08113,2012,59,158,101,267,-42,-109
08113,2013,20,67,60,206,-40,-139
08113,2016,21,50,87,237,-66,-187
08113,2017,26,68,88,241,-62,-173
08113,2018,24,48,65,162,-41,-114
08115,2011,10,36,21,63,-11,-27
08117,2011,674,1814,864,2275,-190,-461
08117,2012,757,2017,828,2130,-71,-113
08117,2013,588,1533,703,1767,-115,-234
08117,2014,443,1111,535,1335,-92,-224
08117,2015,619,1588,737,1866,-118,-278
08117,2016,770,1912,963,2415,-193,-503
08117,2017,580,1443,760,1874,-180,-431
08117,2018,579,1448,784,1943,-205,-495
08117,2019,822,2034,850,2133,-28,-99
08117,2020,755,1816,816,2031,-61,-215
08117,2021,623,1529,853,2096,-230,-567
08119,2011,532,1553,567,1616,-35,-63
08119,2012,588,1770,561,1615,27,155
08119,2013,344,1042,391,1165,-47,-123
08119,2014,247,720,287,817,-40,-97
08119,2015,544,1612,400,1147,144,465
08119,2016,808,2380,661,1900,147,480
08119,2017,573,1635,407,1165,166,470
08119,2018,589,1660,521,1436,68,224
08119,2019,672,1994,472,1435,200,559
08119,2020,635,1790,480,1336,155,454
08119,2021,577,1568,504,1327,73,241
08121,2011,59,190,52,157,7,33
08121,2012,52,190,42,149,10,41
08121,2017,20,68,NA,NA,NA,NA
08121,2019,41,139,NA,NA,NA,NA
08121,2020,22,81,21,65,1,16
08121,2021,21,65,NA,NA,NA,NA
08123,2011,6394,19768,5288,15963,1106,3805
08123,2012,7123,22097,5908,18025,1215,4072
08123,2013,6746,20812,5300,15814,1446,4998
08123,2014,4871,14673,3926,11370,945,3303
08123,2015,8355,25615,5528,16175,2827,9440
08123,2016,11854,36239,7510,22129,4344,14110
08123,2017,8568,25542,5706,16536,2862,9006
08123,2018,8739,25599,6032,17261,2707,8338
08123,2019,10129,30023,6671,19083,3458,10940
08123,2020,10777,31080,7108,19665,3669,11415
08123,2021,11256,31570,7222,19609,4034,11961
08125,2011,58,187,60,202,-2,-15
08125,2012,83,267,88,269,-5,-2
08125,2019,21,59,21,69,0,-10
09001,2011,14427,40033,15260,41270,-833,-1237
09001,2012,15306,42870,16260,44865,-954,-1995
09001,2013,13358,37248,16530,45408,-3172,-8160
09001,2014,10189,27990,12019,31871,-1830,-3881
09001,2015,13209,36759,16450,44372,-3241,-7613
09001,2016,18570,52245,22142,60889,-3572,-8644
09001,2017,15251,42123,18194,48668,-2943,-6545
09001,2018,15023,41117,17592,46697,-2569,-5580
09001,2019,18972,52720,19446,52930,-474,-210
09001,2020,19628,53788,19874,53000,-246,788
09003,2011,13116,34848,14868,39212,-1752,-4364
09003,2012,13026,34871,15487,41460,-2461,-6589
09003,2013,11174,29732,13567,35945,-2393,-6213
09003,2014,8168,21363,9994,25886,-1826,-4523
09003,2015,11535,30757,14816,39286,-3281,-8529
09003,2016,16597,44582,20649,55572,-4052,-10990
09003,2017,12834,34113,15670,41535,-2836,-7422
09003,2018,12396,32698,14755,38273,-2359,-5575
09003,2019,14452,38038,15731,41483,-1279,-3445
09003,2020,15544,39971,15731,40662,-187,-691
09005,2011,2870,7640,2910,7594,-40,46
09005,2012,3053,8137,3069,8082,-16,55
09005,2013,2766,7393,2570,6714,196,679
09005,2014,1978,5210,2092,5310,-114,-100
09005,2015,2875,7618,2703,6969,172,649
09005,2016,4140,11290,3815,9961,325,1329
09005,2017,3270,8718,2903,7461,367,1257
09005,2018,3101,8245,2683,6930,418,1315
09005,2019,3987,10962,3010,7864,977,3098
09005,2020,4052,10786,3015,7772,1037,3014
09007,2011,3282,8464,3392,8863,-110,-399
09007,2012,3718,9743,3674,9611,44,132
09007,2013,3110,8029,3063,7994,47,35
09007,2014,2347,6013,2229,5706,118,307
09007,2015,3494,8997,3119,8111,375,886
09007,2016,4936,12873,4509,11697,427,1176
09007,2017,3644,9387,3257,8318,387,1069
09007,2018,3614,9193,3346,8394,268,799
09007,2019,4122,10663,3548,9083,574,1580
09007,2020,4460,11344,3469,8824,991,2520
09009,2011,12701,33276,14459,38325,-1758,-5049
09009,2012,12948,34655,15185,40755,-2237,-6100
09009,2013,10876,29099,13204,35112,-2328,-6013
09009,2014,8167,21788,9805,25592,-1638,-3804
09009,2015,11420,30350,13924,36946,-2504,-6596
09009,2016,16669,44525,19063,50786,-2394,-6261
09009,2017,13342,35403,14976,39284,-1634,-3881
09009,2018,12910,34087,14588,37863,-1678,-3776
09009,2019,15187,40762,15764,41576,-577,-814
09009,2020,16076,42229,15907,41029,169,1200
09011,2011,4174,11475,4890,13426,-716,-1951
09011,2012,4217,11734,5213,14285,-996,-2551
09011,2013,3631,9826,4431,11869,-800,-2043
09011,2014,2483,6541,2927,7623,-444,-1082
09011,2015,3739,10191,4193,11274,-454,-1083
09011,2016,5392,14996,5939,16287,-547,-1291
09011,2017,4014,10943,4347,11534,-333,-591
09011,2018,3893,10443,4167,10971,-274,-528
09011,2019,4642,12732,4435,11837,207,895
09011,2020,4898,12945,4436,11589,462,1356
09013,2011,2874,7583,2922,7514,-48,69
09013,2012,3030,8018,3139,8111,-109,-93
09013,2013,2679,6983,2551,6546,128,437
09013,2014,1976,5012,1854,4701,122,311
09013,2015,2846,7520,2710,6928,136,592
09013,2016,4177,11130,3909,10066,268,1064
09013,2017,3092,8161,2932,7553,160,608
09013,2018,2923,7602,2688,6769,235,833
09013,2019,3382,9003,2918,7442,464,1561
09013,2020,3392,8946,2892,7427,500,1519
09015,2011,1766,4790,1896,5087,-130,-297
09015,2012,1722,4575,1866,5059,-144,-484
09015,2013,1535,4044,1507,4004,28,40
09015,2014,1097,2931,1125,2898,-28,33
09015,2015,1706,4598,1598,4135,108,463
09015,2016,2748,7482,2329,6147,419,1335
09015,2017,2007,5450,1728,4576,279,874
09015,2018,1934,5139,1772,4631,162,508
09015,2019,2329,6366,1863,4986,466,1380
09015,2020,2276,6011,1875,4852,401,1159
09110,2021,15428,40107,17865,45055,-2437,-4948
09120,2021,6400,17831,7292,19205,-892,-1374
09130,2021,4392,11052,3683,9050,709,2002
09140,2021,10145,27332,9253,24089,892,3243
09150,2021,1975,5231,1364,3522,611,1709
09160,2021,2205,5777,1745,4428,460,1349
09170,2021,10919,27648,12090,30376,-1171,-2728
09180,2021,4940,12882,4779,12396,161,486
09190,2021,13405,36187,15251,39360,-1846,-3173
10001,2011,2944,8574,2506,7302,438,1272
10001,2012,2877,8470,2501,7309,376,1161
10001,2013,2217,6527,1985,5848,232,679
10001,2014,1846,5360,1497,4259,349,1101
10001,2015,2409,6916,1963,5701,446,1215
10001,2016,3713,10842,2796,8015,917,2827
10001,2017,2894,8523,2156,6116,738,2407
10001,2018,2928,8476,2094,5969,834,2507
10001,2019,3021,8927,2304,6764,717,2163
10001,2020,3516,10154,2450,6807,1066,3347
10001,2021,3405,9811,2414,6587,991,3224
10003,2011,8339,23174,8668,24106,-329,-932
10003,2012,8412,24022,8341,23430,71,592
10003,2013,6827,19048,7291,20577,-464,-1529
10003,2014,5550,15611,5545,15228,5,383
10003,2015,7447,20924,7708,21623,-261,-699
10003,2016,10347,29218,11143,31115,-796,-1897
10003,2017,8173,22720,8256,22763,-83,-43
10003,2018,8205,22728,8269,22711,-64,17
10003,2019,8833,24689,8422,23270,411,1419
10003,2020,9253,25137,8978,24231,275,906
10003,2021,9683,26142,8880,23769,803,2373
10005,2011,4116,11578,2920,8276,1196,3302
10005,2012,4565,13213,2667,7823,1898,5390
10005,2013,3726,10591,2182,6299,1544,4292
10005,2014,2396,6695,1877,5330,519,1365
10005,2015,4076,11416,2108,5852,1968,5564
10005,2016,6831,19110,2921,8172,3910,10938
10005,2017,5051,14181,2651,7270,2400,6911
10005,2018,5052,13963,2553,6979,2499,6984
10005,2019,6675,18915,2594,7177,4081,11738
10005,2020,7363,20402,3027,8171,4336,12231
10005,2021,6671,18267,3345,8932,3326,9335
11001,2011,25506,61364,24989,62460,517,-1096
11001,2012,25960,62898,26424,66258,-464,-3360
11001,2013,23104,55374,23910,60488,-806,-5114
11001,2014,18380,43927,17225,43815,1155,112
11001,2015,25108,58779,25365,63708,-257,-4929
11001,2016,31065,72928,35875,89546,-4810,-16618
11001,2017,25130,58987,27303,67483,-2173,-8496
11001,2018,24831,57940,26878,66231,-2047,-8291
11001,2019,23826,56185,31324,77722,-7498,-21537
11001,2020,23288,53668,31352,76321,-8064,-22653
11001,2021,26182,59347,28528,69383,-2346,-10036
12001,2011,6850,17487,7770,19972,-920,-2485
12001,2012,5970,16240,7085,18778,-1115,-2538
12001,2013,4438,12116,5498,14816,-1060,-2700
12001,2014,3598,9546,3846,10138,-248,-592
12001,2015,4901,13181,5600,14734,-699,-1553
12001,2016,6284,17024,8127,21654,-1843,-4630
12001,2017,4952,13088,6164,16070,-1212,-2982
12001,2018,4735,12677,6154,15890,-1419,-3213
12001,2019,5223,13955,6592,17400,-1369,-3445
12001,2020,5573,14671,6622,17036,-1049,-2365
12001,2021,6004,15578,6907,17407,-903,-1829
12003,2011,387,1141,404,1234,-17,-93
12003,2012,378,1160,376,1157,2,3
12003,2013,280,869,242,742,38,127
12003,2014,268,817,222,650,46,167
12003,2015,323,987,264,806,59,181
12003,2016,435,1401,381,1179,54,222
12003,2017,416,1312,292,900,124,412
12003,2018,375,1220,310,943,65,277
12003,2019,450,1445,323,1007,127,438
12003,2020,591,1827,422,1191,169,636
12003,2021,487,1482,388,1082,99,400
12005,2011,3501,9986,3341,9379,160,607
12005,2012,3724,11033,3220,9360,504,1673
12005,2013,2541,7485,2228,6480,313,1005
12005,2014,1722,4960,1663,4682,59,278
12005,2015,2366,6817,2430,7062,-64,-245
12005,2016,3368,9855,3733,11160,-365,-1305
12005,2017,2161,6119,3543,10572,-1382,-4453
12005,2018,1927,5411,4943,14686,-3016,-9275
12005,2019,2903,8415,2926,8486,-23,-71
12005,2020,3503,9835,2510,6784,993,3051
12005,2021,3244,8985,2508,6887,736,2098
12007,2011,509,1539,589,1780,-80,-241
12007,2012,436,1324,403,1293,33,31
12007,2013,381,1194,337,1037,44,157
12007,2014,316,957,301,889,15,68
12007,2015,401,1247,386,1192,15,55
12007,2016,574,1760,482,1496,92,264
12007,2017,449,1327,425,1313,24,14
12007,2018,453,1377,384,1172,69,205
12007,2019,474,1489,409,1262,65,227
12007,2020,584,1742,464,1341,120,401
12007,2021,543,1588,376,1130,167,458
12009,2011,11781,32307,10159,27197,1622,5110
12009,2012,11570,32836,9676,26893,1894,5943
12009,2013,9524,26989,7268,19746,2256,7243
12009,2014,6670,18457,5079,13483,1591,4974
12009,2015,10416,29239,6718,18097,3698,11142
12009,2016,16417,47364,9979,27327,6438,20037
12009,2017,11386,31928,8105,21997,3281,9931
12009,2018,10854,30345,7976,21340,2878,9005
12009,2019,12936,36343,8140,22082,4796,14261
12009,2020,14546,40170,8714,23069,5832,17101
12009,2021,15320,42102,8796,22908,6524,19194
12011,2011,71663,180055,69970,174897,1693,5158
12011,2012,58528,158819,57961,156542,567,2277
12011,2013,45138,124923,44117,121789,1021,3134
12011,2014,35918,98290,33375,91477,2543,6813
12011,2015,43876,120514,40444,112122,3432,8392
12011,2016,53806,148361,54432,152488,-626,-4127
12011,2017,43668,118972,45550,126163,-1882,-7191
12011,2018,42982,116565,44937,124167,-1955,-7602
12011,2019,44583,121497,48686,135186,-4103,-13689
12011,2020,48477,129270,50786,138208,-2309,-8938
12011,2021,49496,129728,49851,133394,-355,-3666
12013,2011,174,568,169,521,5,47
12013,2012,159,477,166,526,-7,-49
12013,2013,151,488,136,443,15,45
12013,2014,113,361,123,385,-10,-24
12013,2015,163,527,129,410,34,117
12013,2016,173,542,196,640,-23,-98
12013,2017,125,399,160,507,-35,-108
12013,2018,136,431,125,416,11,15
12013,2019,153,548,186,585,-33,-37
12013,2020,204,551,172,493,32,58
12013,2021,177,494,123,385,54,109
12015,2011,4545,12190,3673,9884,872,2306
12015,2012,4674,12989,3419,9500,1255,3489
12015,2013,3445,9520,2587,7213,858,2307
12015,2014,2311,6439,2014,5423,297,1016
12015,2015,3696,10262,2614,7175,1082,3087
12015,2016,5747,15809,3819,10550,1928,5259
12015,2017,4172,11481,2879,7909,1293,3572
12015,2018,4369,12060,2801,7653,1568,4407
12015,2019,5695,16042,3118,8729,2577,7313
12015,2020,6463,17892,3535,9370,2928,8522
12015,2021,6160,16866,3551,9350,2609,7516
12017,2011,2347,6462,2280,6178,67,284
12017,2012,2420,6895,2164,6122,256,773
12017,2013,1931,5562,1567,4394,364,1168
12017,2014,1469,4114,1242,3468,227,646
12017,2015,2157,6093,1584,4359,573,1734
12017,2016,3390,9738,2206,6092,1184,3646
12017,2017,2611,7458,1775,4908,836,2550
12017,2018,2623,7351,1839,5099,784,2252
12017,2019,3220,9223,1973,5489,1247,3734
12017,2020,3685,10316,2052,5618,1633,4698
12017,2021,3607,9992,2042,5554,1565,4438
12019,2011,5508,16685,5365,15708,143,977
12019,2012,5792,17920,5420,16188,372,1732
12019,2013,4844,14978,4548,13470,296,1508
12019,2014,3684,10941,3423,9758,261,1183
12019,2015,5359,16657,4825,14122,534,2535
12019,2016,7737,24302,6251,18521,1486,5781
12019,2017,5781,17409,5420,15822,361,1587
12019,2018,5808,17604,5190,14995,618,2609
12019,2019,6403,19689,5599,16425,804,3264
12019,2020,6627,19624,5799,16627,828,2997
12019,2021,6758,19954,5324,15012,1434,4942
12021,2011,9952,27190,9782,25647,170,1543
12021,2012,10309,29351,7680,21719,2629,7632
12021,2013,8122,23588,7435,20831,687,2757
12021,2014,6077,16852,4230,11992,1847,4860
12021,2015,7792,21773,5626,15402,2166,6371
12021,2016,9735,27250,7909,21459,1826,5791
12021,2017,8406,23272,6627,17708,1779,5564
12021,2018,8777,24215,6567,17496,2210,6719
12021,2019,10873,30299,6894,18631,3979,11668
12021,2020,12513,34590,7712,20390,4801,14200
12021,2021,11466,31355,8326,21504,3140,9851
12023,2011,1484,4116,1344,3800,140,316
12023,2012,1155,3438,1155,3437,0,1
12023,2013,927,2780,843,2565,84,215
12023,2014,636,1895,655,1903,-19,-8
12023,2015,1009,2993,717,2162,292,831
12023,2016,1263,3803,1004,3067,259,736
12023,2017,1093,3297,745,2235,348,1062
12023,2018,1053,3005,854,2518,199,487
12023,2019,1221,3640,900,2712,321,928
12023,2020,1517,4183,964,2800,553,1383
12023,2021,1301,3633,888,2496,413,1137
12027,2011,549,1559,535,1553,14,6
12027,2012,385,1205,415,1307,-30,-102
12027,2013,333,1065,294,934,39,131
12027,2014,245,714,215,634,30,80
12027,2015,338,1026,355,1086,-17,-60
12027,2016,604,1883,386,1144,218,739
12027,2017,431,1265,394,1160,37,105
12027,2018,384,1145,394,1146,-10,-1
12027,2019,493,1609,382,1161,111,448
12027,2020,585,1639,426,1228,159,411
12027,2021,647,1829,386,1085,261,744
12029,2011,210,639,191,666,19,-27
12029,2012,171,563,120,393,51,170
12029,2013,140,454,112,391,28,63
12029,2014,102,322,91,298,11,24
12029,2015,103,333,121,405,-18,-72
12029,2016,133,462,122,400,11,62
12029,2017,112,342,114,356,-2,-14
12029,2018,91,286,119,365,-28,-79
12029,2019,125,448,123,422,2,26
12029,2020,196,534,162,432,34,102
12029,2021,132,374,143,409,-11,-35
12031,2011,24120,65446,23562,66009,558,-563
12031,2012,22795,64018,22856,66190,-61,-2172
12031,2013,19920,56406,18847,55189,1073,1217
12031,2014,15751,43340,13220,37720,2531,5620
12031,2015,21872,61459,18828,54537,3044,6922
12031,2016,28587,80898,26412,78104,2175,2794
12031,2017,22615,63146,20738,59775,1877,3371
12031,2018,22064,60831,20204,57741,1860,3090
12031,2019,23372,65036,22399,65100,973,-64
12031,2020,26099,70912,23553,66285,2546,4627
12031,2021,26801,71882,22242,61845,4559,10037
12033,2011,7295,20598,7623,21312,-328,-714
12033,2012,6886,20031,7664,22045,-778,-2014
12033,2013,5325,15138,5911,16891,-586,-1753
12033,2014,3820,10657,4712,12856,-892,-2199
12033,2015,5420,15225,6057,17043,-637,-1818
12033,2016,7362,21008,8247,23612,-885,-2604
12033,2017,5650,15797,6235,17622,-585,-1825
12033,2018,5758,16103,6017,16757,-259,-654
12033,2019,6337,17850,6746,18905,-409,-1055
12033,2020,5928,16106,7441,20216,-1513,-4110
12033,2021,6449,17444,6881,18614,-432,-1170
12035,2011,2634,7527,2102,5927,532,1600
12035,2012,2649,7692,2092,6096,557,1596
12035,2013,1949,5616,1668,4780,281,836
12035,2014,1269,3607,1227,3428,42,179
12035,2015,2022,5770,1661,4642,361,1128
12035,2016,3094,8912,2287,6472,807,2440
12035,2017,2362,6736,1821,5023,541,1713
12035,2018,2416,6866,1760,4876,656,1990
12035,2019,3260,9499,1906,5319,1354,4180
12035,2020,3532,9960,1954,5273,1578,4687
12035,2021,3545,9837,2088,5601,1457,4236
12037,2011,76,209,93,292,-17,-83
12037,2012,79,226,81,219,-2,7
12037,2013,28,76,54,158,-26,-82
12037,2014,36,101,21,53,15,48
12037,2015,39,104,60,170,-21,-66
12037,2016,58,146,100,283,-42,-137
12037,2017,59,170,54,139,5,31
12037,2018,29,84,36,95,-7,-11
12037,2019,33,99,66,198,-33,-99
12037,2020,85,209,55,140,30,69
12037,2021,73,179,94,255,-21,-76
12039,2011,1115,3053,1154,3255,-39,-202
12039,2012,840,2493,921,2779,-81,-286
12039,2013,565,1749,705,2208,-140,-459
12039,2014,539,1648,580,1819,-41,-171
12039,2015,588,1809,604,1839,-16,-30
12039,2016,738,2280,764,2353,-26,-73
12039,2017,616,1867,661,2022,-45,-155
12039,2018,611,1818,634,1966,-23,-148
12039,2019,641,1937,654,1997,-13,-60
12039,2020,854,2437,714,2134,140,303
12039,2021,634,1821,648,1830,-14,-9
12041,2011,352,1158,356,1079,-4,79
12041,2012,378,1211,316,1064,62,147
12041,2013,296,967,295,951,1,16
12041,2014,237,773,183,560,54,213
12041,2015,268,871,275,864,-7,7
12041,2016,375,1167,296,941,79,226
12041,2017,288,898,284,863,4,35
12041,2018,345,1056,281,847,64,209
12041,2019,326,1065,281,910,45,155
12041,2020,355,1083,344,980,11,103
12041,2021,362,1117,283,808,79,309
12043,2011,510,1622,293,848,217,774
12043,2012,320,1074,329,1090,-9,-16
12043,2013,225,703,160,493,65,210
12043,2014,178,548,143,435,35,113
12043,2015,232,697,221,672,11,25
12043,2016,224,728,206,647,18,81
12043,2017,214,696,218,676,-4,20
12043,2018,258,782,178,546,80,236
12043,2019,268,825,180,535,88,290
12043,2020,321,906,227,664,94,242
12043,2021,321,910,174,539,147,371
12045,2011,137,394,186,554,-49,-160
12045,2012,147,442,161,512,-14,-70
12045,2013,103,297,124,360,-21,-63
12045,2014,91,271,101,267,-10,4
12045,2015,108,307,160,457,-52,-150
12045,2016,140,409,163,458,-23,-49
12045,2017,120,352,154,425,-34,-73
12045,2018,170,481,120,329,50,152
12045,2019,133,399,117,347,16,52
12045,2020,164,443,193,501,-29,-58
12045,2021,149,401,97,269,52,132
12047,2011,211,636,231,750,-20,-114
12047,2012,173,564,168,505,5,59
12047,2013,96,311,112,353,-16,-42
12047,2014,68,210,115,371,-47,-161
12047,2015,104,344,102,345,2,-1
12047,2016,96,307,165,522,-69,-215
12047,2017,106,352,106,347,0,5
12047,2018,99,324,110,357,-11,-33
12047,2019,113,380,117,356,-4,24
12047,2020,176,460,248,666,-72,-206
12047,2021,131,369,125,379,6,-10
12049,2011,340,1082,466,1590,-126,-508
12049,2012,339,1135,388,1358,-49,-223
12049,2013,281,969,300,1064,-19,-95
12049,2014,246,861,277,929,-31,-68
12049,2015,228,748,290,989,-62,-241
12049,2016,309,1037,327,1100,-18,-63
12049,2017,249,779,330,1033,-81,-254
12049,2018,245,791,326,1071,-81,-280
12049,2019,292,912,297,964,-5,-52
12049,2020,354,1002,352,1056,2,-54
12049,2021,349,1023,317,915,32,108
12051,2011,835,2731,1071,3304,-236,-573
12051,2012,862,3016,802,2654,60,362
12051,2013,649,2142,672,2248,-23,-106
12051,2014,628,2123,594,1948,34,175
12051,2015,664,2097,523,1722,141,375
12051,2016,708,2235,604,1875,104,360
12051,2017,632,1989,664,2127,-32,-138
12051,2018,652,2023,576,1769,76,254
12051,2019,802,2472,700,2010,102,462
12051,2020,959,2784,662,1889,297,895
12051,2021,1145,3296,700,1891,445,1405
12053,2011,4091,11370,3788,10353,303,1017
12053,2012,4012,11618,3277,9462,735,2156
12053,2013,2954,8827,2652,7546,302,1281
12053,2014,2200,6304,1993,5682,207,622
12053,2015,3619,10788,2480,7067,1139,3721
12053,2016,5783,17208,3495,9997,2288,7211
12053,2017,4467,13179,2977,8442,1490,4737
12053,2018,4360,12722,2999,8494,1361,4228
12053,2019,5096,15018,3189,9086,1907,5932
12053,2020,5929,17028,3531,9717,2398,7311
12053,2021,6075,17161,3386,9339,2689,7822
12055,2011,1642,4522,1712,4612,-70,-90
12055,2012,1434,4157,1408,4078,26,79
12055,2013,1066,3169,1052,3112,14,57
12055,2014,877,2569,735,2153,142,416
12055,2015,1139,3306,947,2768,192,538
12055,2016,1821,5343,1269,3736,552,1607
12055,2017,1390,4001,1126,3203,264,798
12055,2018,1406,4059,1105,3169,301,890
12055,2019,1541,4477,1230,3510,311,967
12055,2020,1891,5339,1125,3064,766,2275
12055,2021,1925,5335,1153,3175,772,2160
12057,2011,47575,123559,61523,151488,-13948,-27929
12057,2012,38755,110619,40521,113022,-1766,-2403
12057,2013,31436,90207,29233,82841,2203,7366
12057,2014,24594,68675,20480,56741,4114,11934
12057,2015,35439,100777,29543,82907,5896,17870
12057,2016,47007,135633,42057,119807,4950,15826
12057,2017,37125,104584,33574,94022,3551,10562
12057,2018,36941,102777,33453,93505,3488,9272
12057,2019,40196,112618,35824,100771,4372,11847
12057,2020,43507,119282,38930,105804,4577,13478
12057,2021,44782,120100,39903,107424,4879,12676
12059,2011,365,1197,349,1122,16,75
12059,2012,268,877,295,947,-27,-70
12059,2013,260,854,252,809,8,45
12059,2014,189,621,278,873,-89,-252
12059,2015,274,881,210,661,64,220
12059,2016,288,975,268,871,20,104
12059,2017,274,932,253,810,21,122
12059,2018,242,755,268,853,-26,-98
12059,2019,262,875,309,957,-47,-82
12059,2020,356,1079,339,1030,17,49
12059,2021,278,865,266,835,12,30
12061,2011,3149,8503,2478,6684,671,1819
12061,2012,3118,8735,2390,6652,728,2083
12061,2013,2373,6573,1827,5109,546,1464
12061,2014,1875,5272,1430,3888,445,1384
12061,2015,2526,7095,1597,4408,929,2687
12061,2016,4142,11418,2418,6664,1724,4754
12061,2017,2985,8314,1955,5334,1030,2980
12061,2018,2949,8113,1983,5291,966,2822
12061,2019,3537,9743,2063,5630,1474,4113
12061,2020,3873,10537,2310,6175,1563,4362
12061,2021,3871,10378,2257,5868,1614,4510
12063,2011,617,1779,669,1953,-52,-174
12063,2012,547,1696,525,1543,22,153
12063,2013,446,1439,431,1327,15,112
12063,2014,327,972,333,1034,-6,-62
12063,2015,409,1265,439,1372,-30,-107
12063,2016,580,1802,560,1675,20,127
12063,2017,480,1481,462,1429,18,52
12063,2018,451,1413,493,1488,-42,-75
12063,2019,497,1555,513,1638,-16,-83
12063,2020,784,2167,578,1574,206,593
12063,2021,621,1728,479,1377,142,351
12065,2011,215,621,253,735,-38,-114
12065,2012,236,674,206,637,30,37
12065,2013,166,475,163,495,3,-20
12065,2014,113,311,101,286,12,25
12065,2015,136,418,149,440,-13,-22
12065,2016,220,633,150,446,70,187
12065,2017,174,540,171,514,3,26
12065,2018,166,493,160,491,6,2
12065,2019,187,583,155,481,32,102
12065,2020,219,631,158,439,61,192
12065,2021,199,589,176,495,23,94
12067,2011,147,489,49,159,98,330
12067,2012,76,269,80,281,-4,-12
12067,2013,55,170,47,163,8,7
12067,2014,42,124,38,124,4,0
12067,2015,43,151,66,211,-23,-60
12067,2016,49,173,44,148,5,25
12067,2017,47,146,48,161,-1,-15
12067,2018,44,130,56,190,-12,-60
12067,2019,58,192,38,121,20,71
12067,2020,83,219,132,316,-49,-97
12067,2021,46,175,45,147,1,28
12069,2011,9197,26456,7967,22708,1230,3748
12069,2012,10083,29377,7563,21958,2520,7419
12069,2013,8253,24116,6187,17834,2066,6282
12069,2014,6157,17818,4964,14107,1193,3711
12069,2015,9585,27916,6397,18074,3188,9842
12069,2016,14776,43136,9056,25970,5720,17166
12069,2017,11757,33729,7350,20886,4407,12843
12069,2018,11046,31871,7859,22134,3187,9737
12069,2019,12314,35836,8516,24228,3798,11608
12069,2020,13885,39734,8879,24564,5006,15170
12069,2021,14073,39646,8555,23339,5518,16307
12071,2011,19697,54225,15923,42435,3774,11790
12071,2012,19815,55941,14405,40170,5410,15771
12071,2013,16526,46673,11001,30448,5525,16225
12071,2014,12450,34694,7424,20224,5026,14470
12071,2015,17708,49494,10275,27999,7433,21495
12071,2016,22696,62948,15739,42949,6957,19999
12071,2017,18238,50164,12736,34282,5502,15882
12071,2018,18508,50907,12578,33628,5930,17279
12071,2019,21967,61044,13204,35638,8763,25406
12071,2020,27100,74474,14060,37065,13040,37409
12071,2021,24830,67546,16742,43641,8088,23905
12073,2011,9101,22224,9461,23591,-360,-1367
12073,2012,6387,17232,9024,23730,-2637,-6498
12073,2013,4786,13040,5751,15280,-965,-2240
12073,2014,3889,10537,4355,11307,-466,-770
12073,2015,4725,12806,6153,16329,-1428,-3523
12073,2016,6019,16659,7716,20408,-1697,-3749
12073,2017,4759,13001,5925,15595,-1166,-2594
12073,2018,4907,13426,5685,15002,-778,-1576
12073,2019,5466,14660,6316,16890,-850,-2230
12073,2020,9687,22888,8823,21566,864,1322
12073,2021,5602,14336,8176,19950,-2574,-5614
12075,2011,926,2697,888,2587,38,110
12075,2012,877,2655,937,2928,-60,-273
12075,2013,647,2085,686,2178,-39,-93
12075,2014,481,1467,549,1657,-68,-190
12075,2015,611,1905,604,1839,7,66
12075,2016,985,3049,675,2086,310,963
12075,2017,777,2362,657,2003,120,359
12075,2018,744,2250,666,1946,78,304
12075,2019,941,2931,619,1896,322,1035
12075,2020,1105,3197,639,1861,466,1336
12075,2021,1082,3071,693,1940,389,1131
12077,2011,103,302,97,278,6,24
12077,2012,72,208,100,333,-28,-125
12077,2013,77,229,79,253,-2,-24
12077,2014,30,104,43,126,-13,-22
12077,2015,33,112,67,218,-34,-106
12077,2016,63,196,44,131,19,65
12077,2017,63,185,59,184,4,1
12077,2018,51,182,76,245,-25,-63
12077,2019,60,188,29,112,31,76
12077,2020,69,183,144,368,-75,-185
12077,2021,56,155,60,169,-4,-14
12079,2011,257,719,247,693,10,26
12079,2012,170,526,185,564,-15,-38
12079,2013,78,231,93,281,-15,-50
12079,2014,54,151,86,249,-32,-98
12079,2015,48,134,119,342,-71,-208
12079,2016,119,363,140,441,-21,-78
12079,2017,90,290,81,249,9,41
12079,2018,104,320,71,217,33,103
12079,2019,115,361,78,241,37,120
12079,2020,151,433,82,225,69,208
12079,2021,129,369,146,458,-17,-89
12081,2011,10468,29055,8348,22284,2120,6771
12081,2012,10913,31464,7792,22097,3121,9367
12081,2013,8099,23041,6097,17549,2002,5492
12081,2014,6024,16756,4194,11547,1830,5209
12081,2015,9683,27040,5834,16014,3849,11026
12081,2016,13724,38425,8504,23434,5220,14991
12081,2017,10083,28038,7102,19277,2981,8761
12081,2018,9826,26958,6903,18673,2923,8285
12081,2019,12213,34343,7976,21835,4237,12508
12081,2020,14145,39122,8048,21489,6097,17633
12081,2021,13791,37737,8130,21471,5661,16266
12083,2011,8712,23437,7520,19910,1192,3527
12083,2012,7447,21051,6471,18154,976,2897
12083,2013,5338,15387,4784,13646,554,1741
12083,2014,3869,11204,3333,9355,536,1849
12083,2015,5744,16296,4427,12393,1317,3903
12083,2016,8982,25619,5562,15720,3420,9899
12083,2017,6955,19642,4611,12924,2344,6718
12083,2018,6796,19280,4845,13527,1951,5753
12083,2019,8441,24087,5012,14075,3429,10012
12083,2020,9902,27695,5908,15902,3994,11793
12083,2021,10868,30470,5673,15364,5195,15106
12085,2011,4198,11582,3559,9547,639,2035
12085,2012,4405,12385,3486,9507,919,2878
12085,2013,3384,9511,2939,8119,445,1392
12085,2014,2691,7436,2237,6061,454,1375
12085,2015,3751,10523,2850,7705,901,2818
12085,2016,4991,13951,4026,11116,965,2835
12085,2017,3738,10127,3202,8611,536,1516
12085,2018,3809,10465,3079,8295,730,2170
12085,2019,4252,11717,3244,8774,1008,2943
12085,2020,4605,12360,3407,9068,1198,3292
12085,2021,4307,11387,3092,8107,1215,3280
12086,2011,70369,168865,90991,222080,-20622,-53215
12086,2012,47819,127357,70533,190829,-22714,-63472
12086,2013,37029,100661,46978,131160,-9949,-30499
12086,2014,29287,79624,36064,99703,-6777,-20079
12086,2015,31221,84468,42254,117279,-11033,-32811
12086,2016,34725,93650,58437,163104,-23712,-69454
12086,2017,30956,82722,49013,135847,-18057,-53125
12086,2018,32988,87922,48721,134357,-15733,-46435
12086,2019,35027,93129,51342,141950,-16315,-48821
12086,2020,40737,105344,54248,146683,-13511,-41339
12086,2021,41143,104569,54610,144768,-13467,-40199
12087,2011,2359,5986,2312,5906,47,80
12087,2012,2470,6469,2163,5785,307,684
12087,2013,1330,3618,1655,4460,-325,-842
12087,2014,1070,2795,1228,3206,-158,-411
12087,2015,1322,3541,1764,4687,-442,-1146
12087,2016,1546,4142,2365,6420,-819,-2278
12087,2017,1253,3245,1953,5115,-700,-1870
12087,2018,1256,3340,1632,4387,-376,-1047
12087,2019,1363,3699,1795,4768,-432,-1069
12087,2020,1351,3537,1983,5173,-632,-1636
12087,2021,1272,3302,1785,4802,-513,-1500
12089,2011,1402,4116,1259,3634,143,482
12089,2012,1464,4350,1285,3741,179,609
12089,2013,1103,3436,1038,3052,65,384
12089,2014,951,2822,803,2281,148,541
12089,2015,1376,4121,994,2851,382,1270
12089,2016,2300,7198,1208,3517,1092,3681
12089,2017,1747,5312,1120,3278,627,2034
12089,2018,1633,4835,1121,3189,512,1646
12089,2019,1997,6149,1205,3421,792,2728
12089,2020,2112,6229,1267,3641,845,2588
12089,2021,2107,6166,1290,3574,817,2592
12091,2011,5626,17025,5302,15533,324,1492
12091,2012,5811,17457,5869,17682,-58,-225
12091,2013,4259,12885,4431,13302,-172,-417
12091,2014,2745,7664,3009,8492,-264,-828
12091,2015,4175,12523,4670,14081,-495,-1558
12091,2016,6607,20464,6464,19970,143,494
12091,2017,5054,15332,4738,13970,316,1362
12091,2018,4896,14617,4897,14394,-1,223
12091,2019,5202,15546,5497,16630,-295,-1084
12091,2020,5404,15876,5566,16213,-162,-337
12091,2021,5428,15745,5305,15117,123,628
12093,2011,619,1737,671,1893,-52,-156
12093,2012,508,1504,542,1646,-34,-142
12093,2013,350,1070,383,1154,-33,-84
12093,2014,273,832,258,761,15,71
12093,2015,382,1156,265,749,117,407
12093,2016,561,1651,349,1038,212,613
12093,2017,469,1421,289,836,180,585
12093,2018,435,1243,341,983,94,260
12093,2019,486,1479,362,1022,124,457
12093,2020,686,1961,478,1214,208,747
12093,2021,707,1994,345,997,362,997
12095,2011,45223,122800,42035,113232,3188,9568
12095,2012,41861,118672,41299,115071,562,3601
12095,2013,36964,104706,35047,98478,1917,6228
12095,2014,29702,82761,27306,76227,2396,6534
12095,2015,39933,111933,37874,105537,2059,6396
12095,2016,50030,141601,52565,147534,-2535,-5933
12095,2017,40800,113713,43287,120121,-2487,-6408
12095,2018,41024,113410,43810,122235,-2786,-8825
12095,2019,42618,118126,48687,136704,-6069,-18578
12095,2020,46848,127440,50254,138119,-3406,-10679
12095,2021,47357,126696,47943,128505,-586,-1809
12097,2011,11692,35303,10088,29545,1604,5758
12097,2012,11894,36563,10301,30712,1593,5851
12097,2013,10348,31647,9368,27853,980,3794
12097,2014,8166,24482,7442,21780,724,2702
12097,2015,11996,36041,9949,29216,2047,6825
12097,2016,16509,49935,13492,40018,3017,9917
12097,2017,13418,39936,12150,35531,1268,4405
12097,2018,14196,42175,12552,36580,1644,5595
12097,2019,16441,48704,13572,39250,2869,9454
12097,2020,19149,55816,14695,41274,4454,14542
12097,2021,18430,52391,14596,40583,3834,11808
12099,2011,39711,103763,35749,90719,3962,13044
12099,2012,38595,104987,32626,87105,5969,17882
12099,2013,34491,94859,27336,73159,7155,21700
12099,2014,25520,68966,20604,54631,4916,14335
12099,2015,32482,88775,25609,68728,6873,20047
12099,2016,40247,110407,36512,98714,3735,11693
12099,2017,32771,88954,30107,80384,2664,8570
12099,2018,32468,88376,29184,77617,3284,10759
12099,2019,35788,97934,31314,84266,4474,13668
12099,2020,39559,106873,33533,88675,6026,18198
12099,2021,38085,101221,34067,89071,4018,12150
12101,2011,14987,41827,13377,36419,1610,5408
12101,2012,15280,44609,12409,35415,2871,9194
12101,2013,12469,36500,9585,27589,2884,8911
12101,2014,8911,26029,7161,19831,1750,6198
12101,2015,14801,43216,9992,28582,4809,14634
12101,2016,22500,66814,14264,41185,8236,25629
12101,2017,16920,49275,11673,33143,5247,16132
12101,2018,17407,50876,11674,32881,5733,17995
12101,2019,20056,58926,12441,35355,7615,23571
12101,2020,22853,65813,13097,36384,9756,29429
12101,2021,22795,65376,13063,35850,9732,29526
12103,2011,28729,73221,26716,66958,2013,6263
12103,2012,26313,69909,22675,60534,3638,9375
12103,2013,21549,57127,17543,47045,4006,10082
12103,2014,15956,41233,12178,32280,3778,8953
12103,2015,23886,62858,17798,47607,6088,15251
12103,2016,32491,85509,25616,68990,6875,16519
12103,2017,24773,64457,20728,55072,4045,9385
12103,2018,23881,62044,20177,53464,3704,8580
12103,2019,25592,66525,22469,60019,3123,6506
12103,2020,27812,70469,23212,60658,4600,9811
12103,2021,27950,69940,23137,59421,4813,10519
12105,2011,17334,46971,16600,44743,734,2228
12105,2012,14986,44279,13352,38775,1634,5504
12105,2013,11595,34762,9511,28225,2084,6537
12105,2014,9288,27430,7406,21255,1882,6175
12105,2015,13716,40688,9374,27000,4342,13688
12105,2016,20770,61764,12735,37138,8035,24626
12105,2017,17074,50548,11332,32767,5742,17781
12105,2018,17639,52387,11717,33544,5922,18843
12105,2019,20505,61240,12577,36409,7928,24831
12105,2020,24603,71764,13769,38332,10834,33432
12105,2021,26116,74901,14043,38531,12073,36370
12107,2011,1314,3766,1340,3906,-26,-140
12107,2012,1131,3416,1211,3761,-80,-345
12107,2013,851,2669,903,2749,-52,-80
12107,2014,753,2359,732,2190,21,169
12107,2015,966,2925,941,2865,25,60
12107,2016,1356,4172,942,2818,414,1354
12107,2017,1070,3228,966,2939,104,289
12107,2018,1093,3242,935,2748,158,494
12107,2019,1280,3811,1039,3046,241,765
12107,2020,1434,4098,1008,2896,426,1202
12107,2021,1327,3806,1030,2941,297,865
12109,2011,6269,18660,4609,12733,1660,5927
12109,2012,6951,21178,4958,13954,1993,7224
12109,2013,5773,17729,4075,11565,1698,6164
12109,2014,3688,10773,3105,8347,583,2426
12109,2015,5947,18059,4204,11626,1743,6433
12109,2016,9618,30322,6019,17185,3599,13137
12109,2017,7316,22555,4612,12872,2704,9683
12109,2018,7714,23379,4802,13287,2912,10092
12109,2019,9759,30402,4985,14089,4774,16313
12109,2020,10762,32743,5810,15994,4952,16749
12109,2021,9786,29820,5849,15812,3937,14008
12111,2011,8010,22079,6930,19351,1080,2728
12111,2012,7836,22280,6621,18842,1215,3438
12111,2013,6583,18995,5329,15244,1254,3751
12111,2014,5070,14429,3908,11012,1162,3417
12111,2015,7546,21600,4919,13783,2627,7817
12111,2016,10730,30860,6640,18806,4090,12054
12111,2017,8442,24214,5712,15882,2730,8332
12111,2018,8825,25367,5489,15383,3336,9984
12111,2019,10370,30016,5813,16198,4557,13818
12111,2020,12520,35585,6306,17210,6214,18375
12111,2021,13096,37088,6743,18081,6353,19007
12113,2011,3965,11905,3718,10758,247,1147
12113,2012,4300,13212,3790,11377,510,1835
12113,2013,3106,9420,2958,8538,148,882
12113,2014,2248,6443,2136,5968,112,475
12113,2015,3516,10629,3016,8702,500,1927
12113,2016,5548,17283,4060,12248,1488,5035
12113,2017,4160,12223,3141,9136,1019,3087
12113,2018,3857,11353,3068,8743,789,2610
12113,2019,4372,13157,3653,10603,719,2554
12113,2020,5194,14905,3689,10432,1505,4473
12113,2021,4524,13029,3694,10341,830,2688
12115,2011,12437,33272,10278,27150,2159,6122
12115,2012,12522,34338,10077,27653,2445,6685
12115,2013,10450,28780,7807,21225,2643,7555
12115,2014,7261,19437,5688,15091,1573,4346
12115,2015,10917,29853,7913,21136,3004,8717
12115,2016,15357,42214,10905,29027,4452,13187
12115,2017,12263,33516,8704,23213,3559,10303
12115,2018,12222,33186,8526,22675,3696,10511
12115,2019,14938,41628,9301,25016,5637,16612
12115,2020,17460,48182,9795,25493,7665,22689
12115,2021,15653,42556,10499,27181,5154,15375
12117,2011,16054,44754,15665,42819,389,1935
12117,2012,16400,46492,15382,42951,1018,3541
12117,2013,13485,38041,13162,36532,323,1509
12117,2014,10352,28729,9929,27184,423,1545
12117,2015,15050,42280,14137,38709,913,3571
12117,2016,20528,58071,19514,54337,1014,3734
12117,2017,16110,44599,15446,42502,664,2097
12117,2018,15812,43491,15766,43250,46,241
12117,2019,16688,46202,17037,47099,-349,-897
12117,2020,17180,46546,17049,45802,131,744
12117,2021,17533,46450,15702,41583,1831,4867
12119,2011,3093,8453,1720,4767,1373,3686
12119,2012,3927,10759,1640,4626,2287,6133
12119,2013,2320,6477,1546,4432,774,2045
12119,2014,1614,4492,1152,3348,462,1144
12119,2015,2509,6967,1361,3829,1148,3138
12119,2016,3674,10294,2148,6009,1526,4285
12119,2017,2997,8321,1846,5052,1151,3269
12119,2018,3164,8720,1731,4749,1433,3971
12119,2019,3551,9934,1932,5421,1619,4513
12119,2020,5101,13860,2160,5727,2941,8133
12119,2021,5083,13795,2201,5895,2882,7900
12121,2011,752,2220,833,2533,-81,-313
12121,2012,724,2188,654,1989,70,199
12121,2013,517,1611,455,1414,62,197
12121,2014,357,1069,340,1035,17,34
12121,2015,509,1600,409,1255,100,345
12121,2016,662,2105,529,1682,133,423
12121,2017,563,1678,439,1334,124,344
12121,2018,524,1635,431,1321,93,314
12121,2019,631,1961,474,1442,157,519
12121,2020,974,2862,510,1412,464,1450
12121,2021,771,2277,509,1505,262,772
12123,2011,232,602,237,683,-5,-81
12123,2012,134,410,134,402,0,8
12123,2013,27,75,80,245,-53,-170
12123,2014,51,142,34,99,17,43
12123,2015,48,138,73,221,-25,-83
12123,2016,70,206,84,240,-14,-34
12123,2017,46,123,71,211,-25,-88
12123,2018,45,135,53,177,-8,-42
12123,2019,34,89,64,224,-30,-135
12123,2020,77,188,95,257,-18,-69
12123,2021,75,218,74,200,1,18
12125,2011,254,786,239,721,15,65
12125,2012,225,717,217,713,8,4
12125,2013,144,468,165,517,-21,-49
12125,2014,111,357,117,351,-6,6
12125,2015,161,505,143,446,18,59
12125,2016,231,736,208,601,23,135
12125,2017,238,766,155,468,83,298
12125,2018,190,623,166,505,24,118
12125,2019,212,665,185,575,27,90
12125,2020,350,922,422,1020,-72,-98
12125,2021,295,814,235,648,60,166
12127,2011,12626,34075,11558,30947,1068,3128
12127,2012,12820,36032,10847,30159,1973,5873
12127,2013,10004,28267,8087,22476,1917,5791
12127,2014,7612,21146,5807,15873,1805,5273
12127,2015,11608,32626,7694,20937,3914,11689
12127,2016,16421,46406,10782,29712,5639,16694
12127,2017,12244,34055,8783,24123,3461,9932
12127,2018,12159,33862,8710,23682,3449,10180
12127,2019,13705,38475,9190,25069,4515,13406
12127,2020,16014,43869,9471,25157,6543,18712
12127,2021,16027,43293,9365,24645,6662,18648
12129,2011,609,1768,477,1324,132,444
12129,2012,523,1509,512,1448,11,61
12129,2013,366,1105,321,965,45,140
12129,2014,323,955,295,843,28,112
12129,2015,422,1271,338,954,84,317
12129,2016,633,1925,468,1315,165,610
12129,2017,537,1605,347,992,190,613
12129,2018,505,1481,367,1035,138,446
12129,2019,643,1930,378,1115,265,815
12129,2020,629,1807,460,1217,169,590
12129,2021,631,1780,363,974,268,806
12131,2011,1638,4728,1161,3337,477,1391
12131,2012,1721,5099,1214,3520,507,1579
12131,2013,1127,3276,928,2743,199,533
12131,2014,932,2644,738,2078,194,566
12131,2015,1395,4066,997,2833,398,1233
12131,2016,2159,6315,1236,3558,923,2757
12131,2017,1561,4615,1058,3042,503,1573
12131,2018,1660,4834,1047,2996,613,1838
12131,2019,1861,5499,1181,3407,680,2092
12131,2020,2293,6656,1392,3907,901,2749
12131,2021,1875,5281,1397,3886,478,1395
12133,2011,428,1314,512,1613,-84,-299
12133,2012,390,1244,444,1359,-54,-115
12133,2013,337,1022,357,1113,-20,-91
12133,2014,300,926,262,837,38,89
12133,2015,334,1050,336,1061,-2,-11
12133,2016,518,1600,427,1374,91,226
12133,2017,464,1442,334,1036,130,406
12133,2018,507,1544,391,1182,116,362
12133,2019,466,1453,394,1248,72,205
12133,2020,505,1438,523,1465,-18,-27
12133,2021,491,1480,427,1300,64,180
13001,2011,169,540,132,446,37,94
13001,2012,152,499,160,553,-8,-54
13001,2013,86,295,62,204,24,91
13001,2014,53,173,45,153,8,20
13001,2015,78,276,67,233,11,43
13001,2016,97,344,99,332,-2,12
13001,2017,70,244,63,211,7,33
13001,2018,69,201,75,241,-6,-40
13001,2019,92,309,92,318,0,-9
13001,2020,84,266,75,224,9,42
13001,2021,40,118,70,244,-30,-126
13003,2011,91,331,84,299,7,32
13003,2012,86,291,87,329,-1,-38
13003,2013,71,261,80,273,-9,-12
13003,2014,67,224,69,235,-2,-11
13003,2015,61,224,73,242,-12,-18
13003,2016,67,242,92,330,-25,-88
13003,2017,64,219,75,241,-11,-22
13003,2018,51,155,69,244,-18,-89
13003,2019,85,269,57,178,28,91
13003,2020,73,238,72,247,1,-9
13003,2021,66,206,88,281,-22,-75
13005,2011,101,355,118,411,-17,-56
13005,2012,105,358,108,368,-3,-10
13005,2013,61,202,63,218,-2,-16
13005,2014,48,162,60,197,-12,-35
13005,2015,87,280,93,298,-6,-18
13005,2016,40,132,84,276,-44,-144
13005,2017,28,100,59,192,-31,-92
13005,2018,33,108,57,189,-24,-81
13005,2019,60,202,58,189,2,13
13005,2020,30,96,52,160,-22,-64
13005,2021,34,106,63,188,-29,-82
13007,2011,40,133,36,114,4,19
13007,2012,24,73,30,98,-6,-25
13007,2016,28,86,22,71,6,15
13009,2011,549,1676,628,1893,-79,-217
13009,2012,511,1574,629,1902,-118,-328
13009,2013,381,1192,456,1351,-75,-159
13009,2014,285,882,414,1250,-129,-368
13009,2015,371,1134,471,1399,-100,-265
13009,2016,441,1299,491,1461,-50,-162
13009,2017,443,1299,426,1287,17,12
13009,2018,400,1166,401,1159,-1,7
13009,2019,438,1287,464,1389,-26,-102
13009,2020,504,1453,423,1235,81,218
13009,2021,459,1314,494,1384,-35,-70
13011,2011,444,1533,516,1762,-72,-229
13011,2012,456,1572,443,1509,13,63
13011,2013,391,1346,359,1225,32,121
13011,2014,285,968,262,843,23,125
13011,2015,352,1153,365,1238,-13,-85
13011,2016,527,1710,415,1377,112,333
13011,2017,450,1493,372,1214,78,279
13011,2018,475,1596,349,1115,126,481
13011,2019,497,1642,394,1308,103,334
13011,2020,532,1686,376,1184,156,502
13011,2021,562,1750,407,1249,155,501
13013,2011,1990,6330,1533,4906,457,1424
13013,2012,1854,5999,1587,5116,267,883
13013,2013,1829,5794,1412,4515,417,1279
13013,2014,1576,4879,1118,3458,458,1421
13013,2015,2043,6455,1483,4730,560,1725
13013,2016,2865,9033,2143,6991,722,2042
13013,2017,2571,8008,1616,5079,955,2929
13013,2018,2414,7508,1707,5294,707,2214
13013,2019,2654,8281,2082,6539,572,1742
13013,2020,3081,9429,2000,6061,1081,3368
13013,2021,3059,9179,1965,5839,1094,3340
13015,2011,1850,5832,1773,5673,77,159
13015,2012,1914,6125,1733,5670,181,455
13015,2013,1543,4867,1578,5020,-35,-153
13015,2014,1306,4074,1150,3508,156,566
13015,2015,1733,5262,1480,4634,253,628
13015,2016,2523,7855,1928,6051,595,1804
13015,2017,2172,6608,1609,4955,563,1653
13015,2018,2181,6716,1678,5054,503,1662
13015,2019,2482,7507,1886,5878,596,1629
13015,2020,2581,7527,2020,5852,561,1675
13015,2021,2618,7629,1826,5326,792,2303
13017,2011,290,841,304,889,-14,-48
13017,2012,202,644,224,713,-22,-69
13017,2013,121,409,131,445,-10,-36
13017,2014,127,429,124,392,3,37
13017,2015,144,457,140,469,4,-12
13017,2016,138,464,182,591,-44,-127
13017,2017,108,329,111,382,-3,-53
13017,2018,81,277,98,330,-17,-53
13017,2019,75,249,119,401,-44,-152
13017,2020,118,382,109,345,9,37
13017,2021,87,264,132,416,-45,-152
13019,2011,324,1052,328,1028,-4,24
13019,2012,305,976,280,902,25,74
13019,2013,219,690,251,843,-32,-153
13019,2014,234,762,207,679,27,83
13019,2015,222,784,218,713,4,71
13019,2016,293,962,276,918,17,44
13019,2017,256,829,212,663,44,166
13019,2018,240,776,207,663,33,113
13019,2019,246,790,237,823,9,-33
13019,2020,276,876,246,767,30,109
13019,2021,232,707,237,724,-5,-17
13021,2011,3059,8665,3633,10484,-574,-1819
13021,2012,2628,7759,3346,9901,-718,-2142
13021,2013,1966,5937,2419,7282,-453,-1345
13021,2014,1634,4816,1726,5165,-92,-349
13021,2015,1902,5571,2368,7222,-466,-1651
13021,2016,2502,7444,2943,8915,-441,-1471
13021,2017,2095,6277,2319,6886,-224,-609
13021,2018,1891,5583,2212,6638,-321,-1055
13021,2019,2043,6065,2382,7131,-339,-1066
13021,2020,2389,6810,2423,7139,-34,-329
13021,2021,2562,7228,2478,7027,84,201
13023,2011,149,501,168,496,-19,5
13023,2012,135,446,164,556,-29,-110
13023,2013,121,406,83,268,38,138
13023,2014,99,339,94,302,5,37
13023,2015,110,372,87,288,23,84
13023,2016,123,398,128,396,-5,2
13023,2017,139,465,86,283,53,182
13023,2018,105,347,122,415,-17,-68
13023,2019,81,288,100,315,-19,-27
13023,2020,124,400,83,284,41,116
13023,2021,100,321,132,384,-32,-63
13025,2011,294,985,261,869,33,116
13025,2012,275,911,269,875,6,36
13025,2013,222,729,221,716,1,13
13025,2014,156,504,154,469,2,35
13025,2015,217,701,204,669,13,32
13025,2016,304,979,224,708,80,271
13025,2017,228,752,230,716,-2,36
13025,2018,232,758,180,562,52,196
13025,2019,220,706,184,574,36,132
13025,2020,230,696,239,736,-9,-40
13025,2021,250,742,236,711,14,31
13027,2011,478,1420,407,1217,71,203
13027,2012,315,1038,316,1038,-1,0
13027,2013,241,762,262,860,-21,-98
13027,2014,230,727,192,617,38,110
13027,2015,249,811,248,793,1,18
13027,2016,318,1046,325,1055,-7,-9
13027,2017,241,749,257,824,-16,-75
13027,2018,223,681,204,672,19,9
13027,2019,252,842,274,868,-22,-26
13027,2020,250,754,251,800,-1,-46
13027,2021,200,597,246,714,-46,-117
13029,2011,1008,3284,854,2738,154,546
13029,2012,842,2864,879,2849,-37,15
13029,2013,706,2333,723,2368,-17,-35
13029,2014,546,1749,480,1461,66,288
13029,2015,829,2761,660,2020,169,741
13029,2016,1318,4562,853,2772,465,1790
13029,2017,863,2911,732,2304,131,607
13029,2018,896,2911,700,2106,196,805
13029,2019,1117,3767,824,2495,293,1272
13029,2020,1177,3724,814,2440,363,1284
13029,2021,1041,3291,915,2710,126,581
13031,2011,1333,3692,1641,4358,-308,-666
13031,2012,1044,3064,1287,3779,-243,-715
13031,2013,824,2539,1088,3138,-264,-599
13031,2014,756,2251,714,2091,42,160
13031,2015,894,2756,891,2571,3,185
13031,2016,1254,3898,1264,3583,-10,315
13031,2017,929,2878,953,2772,-24,106
13031,2018,965,2915,937,2724,28,191
13031,2019,1094,3298,1062,3068,32,230
13031,2020,1184,3520,1042,2893,142,627
13031,2021,1183,3414,1089,2897,94,517
13033,2011,496,1428,630,1867,-134,-439
13033,2012,364,1197,411,1414,-47,-217
13033,2013,226,759,298,1001,-72,-242
13033,2014,237,778,246,795,-9,-17
13033,2015,232,732,219,706,13,26
13033,2016,220,729,322,1070,-102,-341
13033,2017,265,913,317,1026,-52,-113
13033,2018,279,901,270,907,9,-6
13033,2019,254,804,267,865,-13,-61
13033,2020,306,961,272,858,34,103
13033,2021,311,945,255,775,56,170
13035,2011,513,1635,507,1633,6,2
13035,2012,466,1513,477,1574,-11,-61
13035,2013,364,1227,389,1274,-25,-47
13035,2014,288,905,306,975,-18,-70
13035,2015,425,1345,317,1053,108,292
13035,2016,582,1896,459,1483,123,413
13035,2017,527,1715,342,1083,185,632
13035,2018,478,1536,406,1281,72,255
13035,2019,610,1986,416,1375,194,611
13035,2020,662,2067,466,1437,196,630
13035,2021,722,2163,453,1361,269,802
13037,2011,52,171,71,242,-19,-71
13037,2012,34,120,54,182,-20,-62
13037,2016,21,79,44,150,-23,-71
13039,2011,856,2844,929,3020,-73,-176
13039,2012,933,3146,1050,3434,-117,-288
13039,2013,670,2176,719,2383,-49,-207
13039,2014,463,1449,544,1640,-81,-191
13039,2015,733,2472,882,2962,-149,-490
13039,2016,1009,3438,1134,3824,-125,-386
13039,2017,832,2734,889,2866,-57,-132
13039,2018,728,2338,804,2576,-76,-238
13039,2019,860,2893,783,2523,77,370
13039,2020,969,3056,873,2653,96,403
13039,2021,929,2797,781,2368,148,429
13043,2011,191,565,153,496,38,69
13043,2012,118,430,160,509,-42,-79
13043,2013,169,563,143,503,26,60
13043,2014,73,248,55,164,18,84
13043,2015,87,284,96,333,-9,-49
13043,2016,98,310,129,427,-31,-117
13043,2017,101,336,81,271,20,65
13043,2018,101,369,94,333,7,36
13043,2019,84,296,109,354,-25,-58
13043,2020,118,384,131,384,-13,0
13043,2021,95,293,84,256,11,37
13045,2011,2395,7640,2475,8188,-80,-548
13045,2012,2202,7239,2338,7825,-136,-586
13045,2013,1707,5502,1954,6272,-247,-770
13045,2014,1427,4449,1431,4548,-4,-99
13045,2015,1891,5976,1741,5303,150,673
13045,2016,2403,7611,2394,7431,9,180
13045,2017,2069,6382,1935,5869,134,513
13045,2018,2018,6315,1846,5604,172,711
13045,2019,2423,7636,2073,6374,350,1262
13045,2020,2765,8578,2120,6258,645,2320
13045,2021,2832,8504,2143,6304,689,2200
13047,2011,1554,4844,1457,4590,97,254
13047,2012,1494,4676,1378,4312,116,364
13047,2013,1304,4082,1247,3853,57,229
13047,2014,1014,3132,996,2959,18,173
13047,2015,1329,4168,1286,4014,43,154
13047,2016,1820,5752,1653,5173,167,579
13047,2017,1429,4449,1291,3932,138,517
13047,2018,1409,4276,1310,3992,99,284
13047,2019,1557,4942,1372,4240,185,702
13047,2020,1587,4814,1378,4053,209,761
13047,2021,1509,4421,1432,4181,77,240
13049,2011,166,578,170,552,-4,26
13049,2012,123,420,166,542,-43,-122
13049,2013,117,378,118,399,-1,-21
13049,2014,88,300,93,308,-5,-8
13049,2015,93,311,106,352,-13,-41
13049,2016,139,465,105,367,34,98
13049,2017,122,405,96,287,26,118
13049,2018,99,316,69,221,30,95
13049,2019,134,452,82,261,52,191
13049,2020,159,486,89,281,70,205
13049,2021,142,446,111,328,31,118
13051,2011,7835,21760,7985,22322,-150,-562
13051,2012,6691,19159,7038,20394,-347,-1235
13051,2013,5081,14746,4890,14472,191,274
13051,2014,3774,10490,3707,10771,67,-281
13051,2015,5088,14573,5499,16380,-411,-1807
13051,2016,6993,19923,8289,24795,-1296,-4872
13051,2017,5041,14157,5961,17472,-920,-3315
13051,2018,4831,13597,5621,16188,-790,-2591
13051,2019,5583,15765,5953,17384,-370,-1619
13051,2020,6363,17401,6204,17694,159,-293
13051,2021,6729,18064,6158,17026,571,1038
13053,2011,363,1478,546,2214,-183,-736
13053,2012,331,1240,502,2024,-171,-784
13053,2013,174,592,508,1850,-334,-1258
13053,2014,92,308,354,1187,-262,-879
13053,2015,239,711,370,1296,-131,-585
13053,2016,524,1861,459,1569,65,292
13053,2017,291,1012,413,1406,-122,-394
13053,2018,192,668,384,1296,-192,-628
13053,2019,228,900,477,1663,-249,-763
13053,2020,236,842,389,1311,-153,-469
13053,2021,157,530,287,1018,-130,-488
13055,2011,248,792,297,945,-49,-153
13055,2012,235,773,284,923,-49,-150
13055,2013,181,595,180,607,1,-12
13055,2014,160,518,151,468,9,50
13055,2015,173,555,209,671,-36,-116
13055,2016,174,569,208,677,-34,-108
13055,2017,169,566,169,566,0,0
13055,2018,166,564,190,626,-24,-62
13055,2019,172,549,186,611,-14,-62
13055,2020,205,632,210,652,-5,-20
13055,2021,218,681,183,530,35,151
13057,2011,5541,16681,4593,13718,948,2963
13057,2012,6107,18420,5182,15634,925,2786
13057,2013,5212,15808,4269,12810,943,2998
13057,2014,3841,11202,3156,9076,685,2126
13057,2015,5926,17818,4537,13241,1389,4577
13057,2016,8859,26787,6588,19567,2271,7220
13057,2017,6665,19745,5033,14499,1632,5246
13057,2018,6687,19413,4886,14047,1801,5366
13057,2019,7498,22107,5412,15610,2086,6497
13057,2020,7786,22192,5877,16461,1909,5731
13057,2021,7692,21716,5993,16511,1699,5205
13059,2011,2824,7968,3165,9037,-341,-1069
13059,2012,2664,7508,3170,9195,-506,-1687
13059,2013,2039,5825,2420,7200,-381,-1375
13059,2014,1834,5148,1760,5128,74,20
13059,2015,2308,6433,2500,7062,-192,-629
13059,2016,3139,8720,3806,10771,-667,-2051
13059,2017,2240,6086,2720,7712,-480,-1626
13059,2018,2134,5772,2661,7592,-527,-1820
13059,2019,2305,6452,3117,8747,-812,-2295
13059,2020,2500,6705,3048,8395,-548,-1690
13059,2021,2537,6602,3203,8555,-666,-1953
13061,2011,10,38,NA,NA,NA,NA
13061,2012,10,40,NA,NA,NA,NA
13063,2011,15392,44698,15415,45835,-23,-1137
13063,2012,12074,37887,13107,40433,-1033,-2546
13063,2013,9758,30998,10086,31959,-328,-961
13063,2014,8485,26656,7796,24661,689,1995
13063,2015,9987,31153,8969,28086,1018,3067
13063,2016,12343,38420,11778,37096,565,1324
13063,2017,10436,32182,10207,31968,229,214
13063,2018,9971,30916,10131,31486,-160,-570
13063,2019,10382,31947,10961,34078,-579,-2131
13063,2020,10130,29959,11024,32746,-894,-2787
13063,2021,9683,27837,10714,31290,-1031,-3453
13065,2011,42,137,65,195,-23,-58
13065,2012,38,128,55,173,-17,-45
13065,2021,24,76,32,98,-8,-22
13067,2011,26577,75341,26335,74905,242,436
13067,2012,25963,75820,25085,73865,878,1955
13067,2013,22386,65137,21214,62078,1172,3059
13067,2014,17241,49319,16702,47772,539,1547
13067,2015,22966,65446,23156,66625,-190,-1179
13067,2016,30462,86355,32772,94538,-2310,-8183
13067,2017,24075,67124,24539,70048,-464,-2924
13067,2018,22862,63551,24116,68105,-1254,-4554
13067,2019,23918,66399,25545,72495,-1627,-6096
13067,2020,25517,68893,25689,71158,-172,-2265
13067,2021,24626,65686,26012,70418,-1386,-4732
13069,2011,478,1475,401,1300,77,175
13069,2012,386,1282,348,1125,38,157
13069,2013,188,640,243,807,-55,-167
13069,2014,242,798,160,552,82,246
13069,2015,215,699,236,783,-21,-84
13069,2016,260,904,218,726,42,178
13069,2017,178,563,194,637,-16,-74
13069,2018,185,605,169,559,16,46
13069,2019,191,607,216,695,-25,-88
13069,2020,247,745,215,670,32,75
13069,2021,250,755,194,577,56,178
13071,2011,608,1796,765,2924,-157,-1128
13071,2012,396,1276,496,1654,-100,-378
13071,2013,271,928,347,1140,-76,-212
13071,2014,260,855,310,997,-50,-142
13071,2015,329,1036,317,1038,12,-2
13071,2016,409,1388,393,1316,16,72
13071,2017,290,942,306,1007,-16,-65
13071,2018,265,823,251,798,14,25
13071,2019,260,846,295,963,-35,-117
13071,2020,263,848,273,841,-10,7
13071,2021,255,798,324,1027,-69,-229
13073,2011,3756,12104,2783,8673,973,3431
13073,2012,3651,11727,2848,9014,803,2713
13073,2013,3104,10069,2322,7166,782,2903
13073,2014,2131,6739,1790,5206,341,1533
13073,2015,3174,10212,2670,8292,504,1920
13073,2016,4817,15826,3813,12110,1004,3716
13073,2017,3383,10951,2738,8569,645,2382
13073,2018,3220,10202,2655,8060,565,2142
13073,2019,3765,12308,2979,9316,786,2992
13073,2020,3712,11395,3202,9696,510,1699
13073,2021,3731,11316,3200,9411,531,1905
13075,2011,318,1050,328,1032,-10,18
13075,2012,284,944,249,786,35,158
13075,2013,221,717,215,695,6,22
13075,2014,156,533,167,514,-11,19
13075,2015,196,643,197,611,-1,32
13075,2016,257,811,264,882,-7,-71
13075,2017,242,765,195,628,47,137
13075,2018,212,676,213,661,-1,15
13075,2019,220,731,197,630,23,101
13075,2020,223,670,213,685,10,-15
13075,2021,210,649,230,708,-20,-59
13077,2011,3133,10517,3244,11929,-111,-1412
13077,2012,3340,11400,3097,11069,243,331
13077,2013,2807,9374,2332,7922,475,1452
13077,2014,1930,6181,1671,5380,259,801
13077,2015,2346,7328,2072,6341,274,987
13077,2016,3643,11431,2735,8509,908,2922
13077,2017,2660,8155,2229,6744,431,1411
13077,2018,2666,8038,2131,6381,535,1657
13077,2019,2999,9321,2399,7226,600,2095
13077,2020,3368,9898,2420,7081,948,2817
13077,2021,3403,10013,2563,7315,840,2698
13079,2011,279,841,295,975,-16,-134
13079,2012,215,676,239,795,-24,-119
13079,2013,234,810,193,624,41,186
13079,2014,169,544,161,500,8,44
13079,2015,205,644,193,616,12,28
13079,2016,242,799,267,839,-25,-40
13079,2017,213,689,187,576,26,113
13079,2018,205,621,185,564,20,57
13079,2019,215,705,186,602,29,103
13079,2020,206,649,182,499,24,150
13079,2021,222,689,186,529,36,160
13081,2011,489,1338,477,1357,12,-19
13081,2012,275,877,363,1095,-88,-218
13081,2013,139,468,208,669,-69,-201
13081,2014,144,440,78,263,66,177
13081,2015,130,426,105,343,25,83
13081,2016,146,498,202,628,-56,-130
13081,2017,107,370,131,412,-24,-42
13081,2018,118,375,123,430,-5,-55
13081,2019,144,490,134,437,10,53
13081,2020,124,385,154,472,-30,-87
13081,2021,137,421,144,448,-7,-27
13083,2011,216,692,270,829,-54,-137
13083,2012,221,671,245,745,-24,-74
13083,2013,172,504,210,673,-38,-169
13083,2014,130,426,174,519,-44,-93
13083,2015,183,582,200,614,-17,-32
13083,2016,256,791,260,810,-4,-19
13083,2017,188,560,232,712,-44,-152
13083,2018,192,588,244,744,-52,-156
13083,2019,240,743,245,731,-5,12
13083,2020,167,501,217,673,-50,-172
13083,2021,197,583,239,680,-42,-97
13085,2011,617,1985,495,1496,122,489
13085,2012,561,1745,562,1734,-1,11
13085,2013,618,1864,468,1447,150,417
13085,2014,429,1327,363,1106,66,221
13085,2015,680,2088,500,1562,180,526
13085,2016,1005,3135,712,2186,293,949
13085,2017,773,2300,550,1623,223,677
13085,2018,862,2656,548,1639,314,1017
13085,2019,1015,3187,610,1823,405,1364
13085,2020,1144,3354,620,1838,524,1516
13085,2021,1173,3520,666,1903,507,1617
13087,2011,346,1037,362,1194,-16,-157
13087,2012,270,913,258,848,12,65
13087,2013,224,721,223,737,1,-16
13087,2014,131,422,172,561,-41,-139
13087,2015,172,562,159,515,13,47
13087,2016,196,650,220,705,-24,-55
13087,2017,172,554,182,576,-10,-22
13087,2018,185,578,174,540,11,38
13087,2019,169,547,161,483,8,64
13087,2020,168,523,242,728,-74,-205
13087,2021,165,489,210,648,-45,-159
13089,2011,37265,100635,37170,102726,95,-2091
13089,2012,33728,94758,34764,100398,-1036,-5640
13089,2013,28243,80254,29623,85989,-1380,-5735
13089,2014,23231,65412,22098,64149,1133,1263
13089,2015,29184,80804,28915,83413,269,-2609
13089,2016,36134,99096,38003,109399,-1869,-10303
13089,2017,28562,77994,29854,84700,-1292,-6706
13089,2018,27944,75542,28820,81469,-876,-5927
13089,2019,28755,77417,30819,88228,-2064,-10811
13089,2020,29319,76957,31310,86788,-1991,-9831
13089,2021,29346,75573,30845,83801,-1499,-8228
13091,2011,169,556,223,758,-54,-202
13091,2012,185,627,200,654,-15,-27
13091,2013,122,386,134,459,-12,-73
13091,2014,108,366,124,423,-16,-57
13091,2015,100,320,149,510,-49,-190
13091,2016,169,565,151,501,18,64
13091,2017,135,440,174,578,-39,-138
13091,2018,145,489,129,412,16,77
13091,2019,123,393,130,448,-7,-55
13091,2020,149,480,135,438,14,42
13091,2021,168,518,170,527,-2,-9
13093,2011,149,493,192,646,-43,-153
13093,2012,144,453,111,397,33,56
13093,2013,98,324,110,350,-12,-26
13093,2014,64,211,104,305,-40,-94
13093,2015,93,307,98,331,-5,-24
13093,2016,97,320,105,359,-8,-39
13093,2017,60,198,109,365,-49,-167
13093,2018,70,241,99,341,-29,-100
13093,2019,57,177,103,356,-46,-179
13093,2020,89,279,92,283,-3,-4
13093,2021,79,251,104,304,-25,-53
13095,2011,2154,6131,2373,6856,-219,-725
13095,2012,1631,5051,2074,6323,-443,-1272
13095,2013,1217,3777,1511,4730,-294,-953
13095,2014,1004,3048,1258,3831,-254,-783
13095,2015,1058,3261,1393,4323,-335,-1062
13095,2016,1330,4093,1874,5754,-544,-1661
13095,2017,1004,3055,1421,4281,-417,-1226
13095,2018,954,2929,1279,3856,-325,-927
13095,2019,988,3021,1480,4535,-492,-1514
13095,2020,1027,3034,1351,4017,-324,-983
13095,2021,1017,2922,1299,3747,-282,-825
13097,2011,4919,15045,4918,14970,1,75
13097,2012,4736,14808,4361,13568,375,1240
13097,2013,3700,11646,3442,10858,258,788
13097,2014,3070,9649,2901,8879,169,770
13097,2015,3913,12131,3747,11446,166,685
13097,2016,5296,16403,5001,15459,295,944
13097,2017,4374,13546,4083,12386,291,1160
13097,2018,4175,12848,3949,11997,226,851
13097,2019,4659,14374,4313,13261,346,1113
13097,2020,4826,14273,4580,13580,246,693
13097,2021,4726,13757,4484,12948,242,809
13099,2011,103,355,129,448,-26,-93
13099,2012,106,351,87,300,19,51
13099,2013,42,137,32,102,10,35
13099,2014,20,67,25,71,-5,-4
13099,2015,74,242,28,103,46,139
13099,2016,41,140,58,191,-17,-51
13099,2017,24,92,27,84,-3,8
13099,2018,23,76,26,82,-3,-6
13099,2019,20,73,42,129,-22,-56
13099,2020,21,59,32,82,-11,-23
13099,2021,47,137,27,77,20,60
13101,2011,54,191,67,251,-13,-60
13101,2012,68,262,65,239,3,23
13101,2013,61,209,54,199,7,10
13101,2014,35,130,35,114,0,16
13101,2015,35,121,58,214,-23,-93
13101,2016,44,152,57,200,-13,-48
13101,2017,45,171,41,144,4,27
13101,2018,51,162,54,173,-3,-11
13101,2019,49,194,39,126,10,68
13101,2020,53,164,61,197,-8,-33
13101,2021,53,166,41,119,12,47
13103,2011,1103,3392,963,2833,140,559
13103,2012,1079,3389,894,2803,185,586
13103,2013,972,3137,770,2347,202,790
13103,2014,783,2422,674,1966,109,456
13103,2015,1130,3660,798,2386,332,1274
13103,2016,1611,5202,1033,3182,578,2020
13103,2017,1305,4116,822,2492,483,1624
13103,2018,1202,3797,853,2592,349,1205
13103,2019,1339,4352,1002,3070,337,1282
13103,2020,1554,4790,1080,3289,474,1501
13103,2021,1453,4407,960,2829,493,1578
13105,2011,193,616,230,767,-37,-151
13105,2012,174,598,208,702,-34,-104
13105,2013,123,439,182,610,-59,-171
13105,2014,124,427,117,399,7,28
13105,2015,97,302,162,537,-65,-235
13105,2016,148,464,176,560,-28,-96
13105,2017,146,484,148,477,-2,7
13105,2018,159,509,118,387,41,122
13105,2019,197,629,147,501,50,128
13105,2020,196,617,185,546,11,71
13105,2021,246,750,152,428,94,322
13107,2011,256,814,269,856,-13,-42
13107,2012,262,885,237,794,25,91
13107,2013,195,658,173,586,22,72
13107,2014,110,399,118,374,-8,25
13107,2015,114,381,127,396,-13,-15
13107,2016,169,548,143,461,26,87
13107,2017,114,372,147,489,-33,-117
13107,2018,90,314,137,455,-47,-141
13107,2019,154,507,167,547,-13,-40
13107,2020,92,277,159,490,-67,-213
13107,2021,133,411,158,477,-25,-66
13109,2011,191,602,253,730,-62,-128
13109,2012,133,433,149,476,-16,-43
13109,2013,81,265,123,409,-42,-144
13109,2014,102,328,111,360,-9,-32
13109,2015,109,353,100,342,9,11
13109,2016,131,422,102,310,29,112
13109,2017,108,328,76,246,32,82
13109,2018,75,245,99,323,-24,-78
13109,2019,100,322,100,318,0,4
13109,2020,108,327,97,326,11,1
13109,2021,93,279,108,328,-15,-49
13111,2011,315,942,269,805,46,137
13111,2012,232,728,225,686,7,42
13111,2013,237,697,135,444,102,253
13111,2014,154,466,120,374,34,92
13111,2015,263,791,115,354,148,437
13111,2016,380,1126,191,588,189,538
13111,2017,264,757,168,528,96,229
13111,2018,147,415,162,484,-15,-69
13111,2019,353,1045,215,652,138,393
13111,2020,312,896,217,671,95,225
13111,2021,331,941,200,574,131,367
13113,2011,2774,9184,2763,8460,11,724
13113,2012,2785,9085,2728,8636,57,449
13113,2013,1955,6352,2082,6462,-127,-110
13113,2014,1466,4614,1682,5041,-216,-427
13113,2015,2076,6666,2044,6029,32,637
13113,2016,3186,10265,2964,8894,222,1371
13113,2017,2243,7113,2431,7189,-188,-76
13113,2018,2315,7260,2316,6650,-1,610
13113,2019,2661,8449,2478,7434,183,1015
13113,2020,2815,8592,2538,7340,277,1252
13113,2021,2762,8233,2462,7023,300,1210
13115,2011,1235,3739,1420,4360,-185,-621
13115,2012,1099,3475,1138,3625,-39,-150
13115,2013,797,2733,976,3147,-179,-414
13115,2014,723,2267,791,2518,-68,-251
13115,2015,940,3088,991,3067,-51,21
13115,2016,1211,3835,1005,3162,206,673
13115,2017,984,3111,966,2939,18,172
13115,2018,999,3083,918,2822,81,261
13115,2019,1176,3692,985,3033,191,659
13115,2020,1222,3698,1082,3101,140,597
13115,2021,1307,3855,1068,3025,239,830
13117,2011,5099,16643,3549,10869,1550,5774
13117,2012,5804,19378,3660,11268,2144,8110
13117,2013,4788,16074,3190,9878,1598,6196
13117,2014,3495,11481,2457,7264,1038,4217
13117,2015,5694,19102,3692,11180,2002,7922
13117,2016,8832,29511,5629,17538,3203,11973
13117,2017,6224,20036,4491,13503,1733,6533
13117,2018,5910,18787,4378,12977,1532,5810
13117,2019,6743,21880,5426,16251,1317,5629
13117,2020,7436,23543,5361,15800,2075,7743
13117,2021,6758,21558,5790,16586,968,4972
13119,2011,551,1863,471,1589,80,274
13119,2012,413,1460,418,1445,-5,15
13119,2013,352,1233,346,1160,6,73
13119,2014,252,845,315,1073,-63,-228
13119,2015,384,1228,311,1071,73,157
13119,2016,556,1849,428,1404,128,445
13119,2017,410,1354,388,1245,22,109
13119,2018,397,1292,381,1278,16,14
13119,2019,561,1837,383,1210,178,627
13119,2020,584,1857,436,1398,148,459
13119,2021,512,1646,456,1425,56,221
13121,2011,54384,144251,54540,145837,-156,-1586
13121,2012,47616,132463,49421,138713,-1805,-6250
13121,2013,40042,111873,41836,119585,-1794,-7712
13121,2014,31255,86311,30844,87427,411,-1116
13121,2015,41833,115239,40470,114412,1363,827
13121,2016,54510,149166,52633,147449,1877,1717
13121,2017,43628,118278,42743,118075,885,203
13121,2018,42893,115057,41529,114515,1364,542
13121,2019,44822,120796,45859,126845,-1037,-6049
13121,2020,45653,120297,48341,128908,-2688,-8611
13121,2021,45516,117196,47743,125298,-2227,-8102
13123,2011,320,1033,346,1136,-26,-103
13123,2012,394,1248,319,1049,75,199
13123,2013,283,878,222,687,61,191
13123,2014,208,651,171,534,37,117
13123,2015,297,873,239,715,58,158
13123,2016,558,1675,255,775,303,900
13123,2017,319,963,238,742,81,221
13123,2018,328,966,220,655,108,311
13123,2019,408,1221,298,954,110,267
13123,2020,532,1529,292,858,240,671
13123,2021,422,1197,343,1035,79,162
13125,2011,29,102,16,53,13,49
13125,2012,12,37,11,35,1,2
13127,2011,1234,3598,1113,3345,121,253
13127,2012,1175,3553,1080,3242,95,311
13127,2013,753,2265,775,2350,-22,-85
13127,2014,706,2096,574,1687,132,409
13127,2015,710,2139,703,2070,7,69
13127,2016,1064,3077,982,2903,82,174
13127,2017,663,1946,975,2846,-312,-900
13127,2018,702,2148,791,2339,-89,-191
13127,2019,801,2400,881,2628,-80,-228
13127,2020,1052,3016,940,2665,112,351
13127,2021,862,2398,889,2515,-27,-117
13129,2011,889,3080,798,2691,91,389
13129,2012,806,2882,818,2816,-12,66
13129,2013,656,2268,649,2316,7,-48
13129,2014,581,1920,492,1653,89,267
13129,2015,782,2654,611,1976,171,678
13129,2016,795,2573,795,2593,0,-20
13129,2017,716,2273,646,2118,70,155
13129,2018,721,2361,644,2000,77,361
13129,2019,885,2932,706,2205,179,727
13129,2020,899,2712,711,2167,188,545
13129,2021,1047,3278,721,2206,326,1072
13131,2011,528,1886,356,1113,172,773
13131,2012,332,1081,343,1151,-11,-70
13131,2013,248,826,265,868,-17,-42
13131,2014,216,711,209,688,7,23
13131,2015,223,726,292,958,-69,-232
13131,2016,272,873,269,884,3,-11
13131,2017,215,701,233,723,-18,-22
13131,2018,205,650,250,813,-45,-163
13131,2019,195,595,245,770,-50,-175
13131,2020,228,684,249,773,-21,-89
13131,2021,269,831,244,749,25,82
13133,2011,179,557,198,594,-19,-37
13133,2012,247,766,209,619,38,147
13133,2013,168,507,100,309,68,198
13133,2014,66,189,102,323,-36,-134
13133,2015,178,566,130,408,48,158
13133,2016,287,888,169,505,118,383
13133,2017,203,629,109,338,94,291
13133,2018,258,800,128,376,130,424
13133,2019,311,996,137,438,174,558
13133,2020,304,927,178,539,126,388
13133,2021,346,1044,172,516,174,528
13135,2011,26581,80614,24759,74267,1822,6347
13135,2012,26610,83101,23753,72201,2857,10900
13135,2013,23601,73377,21955,67144,1646,6233
13135,2014,17534,53507,16961,50393,573,3114
13135,2015,23799,73061,22818,67961,981,5100
13135,2016,30980,95497,31139,93645,-159,1852
13135,2017,24424,73490,25008,73791,-584,-301
13135,2018,23649,70793,24559,71962,-910,-1169
13135,2019,25206,76165,26510,78546,-1304,-2381
13135,2020,26619,77401,27048,78100,-429,-699
13135,2021,26479,75676,28036,79236,-1557,-3560
13137,2011,632,2021,635,2218,-3,-197
13137,2012,602,2027,555,1758,47,269
13137,2013,541,1787,424,1412,117,375
13137,2014,357,1130,392,1263,-35,-133
13137,2015,538,1732,456,1430,82,302
13137,2016,799,2520,614,1950,185,570
13137,2017,629,1913,480,1529,149,384
13137,2018,634,1993,568,1789,66,204
13137,2019,734,2345,557,1740,177,605
13137,2020,807,2440,578,1717,229,723
13137,2021,799,2372,547,1601,252,771
13139,2011,3500,10878,3515,10979,-15,-101
13139,2012,3644,11278,2957,9134,687,2144
13139,2013,3046,9389,2616,8243,430,1146
13139,2014,2493,7527,2203,6623,290,904
13139,2015,3406,10510,2670,8042,736,2468
13139,2016,4677,14301,4048,12244,629,2057
13139,2017,3838,11609,3168,9659,670,1950
13139,2018,3674,11116,3227,9560,447,1556
13139,2019,4466,13617,3448,10345,1018,3272
13139,2020,5150,15230,3833,11059,1317,4171
13139,2021,5114,14745,3777,10722,1337,4023
13141,2011,81,240,69,232,12,8
13141,2012,39,128,101,340,-62,-212
13141,2013,32,112,50,159,-18,-47
13141,2014,45,156,49,164,-4,-8
13141,2015,37,117,41,129,-4,-12
13141,2016,25,78,41,122,-16,-44
13141,2017,34,109,49,154,-15,-45
13141,2018,31,89,35,107,-4,-18
13141,2019,28,81,44,131,-16,-50
13141,2020,40,119,65,184,-25,-65
13141,2021,30,81,33,105,-3,-24
13143,2011,572,1968,597,1912,-25,56
13143,2012,527,1737,514,1699,13,38
13143,2013,501,1674,449,1441,52,233
13143,2014,411,1340,356,1148,55,192
13143,2015,528,1722,451,1496,77,226
13143,2016,722,2454,489,1618,233,836
13143,2017,591,1948,484,1509,107,439
13143,2018,549,1856,504,1655,45,201
13143,2019,688,2298,522,1678,166,620
13143,2020,792,2556,524,1643,268,913
13143,2021,791,2495,528,1654,263,841
13145,2011,676,2161,725,2241,-49,-80
13145,2012,711,2264,712,2117,-1,147
13145,2013,580,1870,605,1840,-25,30
13145,2014,493,1607,449,1318,44,289
13145,2015,693,2302,503,1485,190,817
13145,2016,901,3016,651,2007,250,1009
13145,2017,735,2531,555,1751,180,780
13145,2018,651,2187,446,1382,205,805
13145,2019,835,2863,532,1653,303,1210
13145,2020,760,2597,586,1699,174,898
13145,2021,678,2089,480,1391,198,698
13147,2011,386,1289,318,1041,68,248
13147,2012,326,1090,345,1164,-19,-74
13147,2013,190,649,274,939,-84,-290
13147,2014,219,717,187,650,32,67
13147,2015,295,996,249,779,46,217
13147,2016,445,1450,343,1069,102,381
13147,2017,369,1158,281,917,88,241
13147,2018,315,1009,239,752,76,257
13147,2019,387,1246,348,1117,39,129
13147,2020,467,1472,271,840,196,632
13147,2021,443,1366,311,992,132,374
13149,2011,213,705,224,760,-11,-55
13149,2012,194,643,223,789,-29,-146
13149,2013,182,618,201,624,-19,-6
13149,2014,168,584,150,489,18,95
13149,2015,197,670,159,521,38,149
13149,2016,245,875,196,638,49,237
13149,2017,171,582,158,528,13,54
13149,2018,166,546,169,533,-3,13
13149,2019,213,751,176,575,37,176
13149,2020,188,589,171,546,17,43
13149,2021,234,773,164,507,70,266
13151,2011,7097,21583,6588,19826,509,1757
13151,2012,6664,20628,6129,18993,535,1635
13151,2013,5623,17689,4967,15245,656,2444
13151,2014,4462,13960,3992,11957,470,2003
13151,2015,6013,18944,4979,15072,1034,3872
13151,2016,8651,26989,6984,21491,1667,5498
13151,2017,7080,22020,5799,17528,1281,4492
13151,2018,7228,22359,5974,18084,1254,4275
13151,2019,7976,24784,6513,19883,1463,4901
13151,2020,8190,24481,7171,21171,1019,3310
13151,2021,8509,25172,7250,20790,1259,4382
13153,2011,3082,9476,3082,9540,0,-64
13153,2012,3037,9690,3134,9782,-97,-92
13153,2013,2065,6442,2277,7161,-212,-719
13153,2014,1683,5186,1616,4894,67,292
13153,2015,2411,7671,2104,6409,307,1262
13153,2016,3046,9766,2919,9070,127,696
13153,2017,2527,7734,2188,6730,339,1004
13153,2018,2470,7600,2057,6230,413,1370
13153,2019,2887,9036,2452,7575,435,1461
13153,2020,2812,8400,2374,7009,438,1391
13153,2021,3137,9115,2500,7261,637,1854
13155,2011,235,688,242,731,-7,-43
13155,2012,167,544,211,690,-44,-146
13155,2013,130,435,139,466,-9,-31
13155,2014,108,339,92,289,16,50
13155,2015,119,401,115,350,4,51
13155,2016,149,503,153,504,-4,-1
13155,2017,107,366,108,325,-1,41
13155,2018,97,344,140,469,-43,-125
13155,2019,110,362,107,362,3,0
13155,2020,117,382,110,337,7,45
13155,2021,130,421,110,333,20,88
13157,2011,1564,5102,1256,4136,308,966
13157,2012,1496,4793,1268,4184,228,609
13157,2013,1392,4611,1128,3627,264,984
13157,2014,1141,3703,924,2883,217,820
13157,2015,1602,5287,1278,4010,324,1277
13157,2016,2790,9331,1652,5312,1138,4019
13157,2017,2212,7209,1494,4797,718,2412
13157,2018,2127,6877,1405,4397,722,2480
13157,2019,2667,8730,1601,5054,1066,3676
13157,2020,2815,8830,1824,5507,991,3323
13157,2021,2924,8978,1856,5442,1068,3536
13159,2011,274,877,473,1537,-199,-660
13159,2012,249,807,215,720,34,87
13159,2013,162,529,184,632,-22,-103
13159,2014,128,429,101,311,27,118
13159,2015,204,673,128,443,76,230
13159,2016,302,1027,191,631,111,396
13159,2017,244,830,157,514,87,316
13159,2018,291,988,133,427,158,561
13159,2019,297,1018,160,544,137,474
13159,2020,379,1253,131,417,248,836
13159,2021,400,1319,166,503,234,816
13161,2011,127,453,129,442,-2,11
13161,2012,122,443,145,476,-23,-33
13161,2013,66,228,103,377,-37,-149
13161,2014,66,221,61,205,5,16
13161,2015,93,333,54,184,39,149
13161,2016,80,272,108,378,-28,-106
13161,2017,91,307,89,285,2,22
13161,2018,103,349,73,213,30,136
13161,2019,103,346,96,314,7,32
13161,2020,99,291,81,252,18,39
13161,2021,72,233,96,291,-24,-58
13163,2011,188,583,226,729,-38,-146
13163,2012,133,451,218,729,-85,-278
13163,2013,100,327,120,375,-20,-48
13163,2014,49,164,77,230,-28,-66
13163,2015,52,160,86,278,-34,-118
13163,2016,63,209,127,416,-64,-207
13163,2017,70,224,111,376,-41,-152
13163,2018,73,232,102,314,-29,-82
13163,2019,84,280,88,275,-4,5
13163,2020,89,282,110,330,-21,-48
13163,2021,103,335,92,273,11,62
13165,2011,112,348,115,401,-3,-53
13165,2012,69,260,102,348,-33,-88
13165,2013,28,96,38,117,-10,-21
13165,2014,25,87,63,205,-38,-118
13165,2015,23,79,33,101,-10,-22
13165,2016,37,111,64,210,-27,-99
13165,2017,52,169,72,244,-20,-75
13165,2018,29,93,31,94,-2,-1
13165,2019,59,194,48,141,11,53
13165,2020,39,114,43,131,-4,-17
13165,2021,31,93,62,170,-31,-77
13167,2011,100,357,112,367,-12,-10
13167,2012,90,302,83,289,7,13
13167,2013,87,289,81,270,6,19
13167,2014,60,200,69,236,-9,-36
13167,2015,63,204,83,269,-20,-65
13167,2016,91,321,95,320,-4,1
13167,2017,71,238,59,192,12,46
13167,2018,39,110,64,212,-25,-102
13167,2019,79,268,84,277,-5,-9
13167,2020,68,210,69,219,-1,-9
13167,2021,70,208,54,165,16,43
13169,2011,644,2022,525,1626,119,396
13169,2012,581,1855,587,1866,-6,-11
13169,2013,420,1367,395,1233,25,134
13169,2014,327,1030,357,1102,-30,-72
13169,2015,431,1409,420,1276,11,133
13169,2016,559,1788,439,1386,120,402
13169,2017,451,1378,396,1174,55,204
13169,2018,434,1314,375,1125,59,189
13169,2019,440,1415,402,1223,38,192
13169,2020,449,1421,383,1176,66,245
13169,2021,368,1139,433,1243,-65,-104
13171,2011,428,1360,384,1249,44,111
13171,2012,371,1195,375,1188,-4,7
13171,2013,309,1001,251,832,58,169
13171,2014,247,820,229,716,18,104
13171,2015,324,1008,261,818,63,190
13171,2016,412,1277,322,1032,90,245
13171,2017,366,1190,235,734,131,456
13171,2018,392,1250,228,732,164,518
13171,2019,357,1168,297,982,60,186
13171,2020,554,1753,289,907,265,846
13171,2021,530,1658,335,1010,195,648
13173,2011,340,1067,227,718,113,349
13173,2012,203,638,214,699,-11,-61
13173,2013,184,591,176,609,8,-18
13173,2014,149,470,126,419,23,51
13173,2015,201,670,149,513,52,157
13173,2016,197,638,181,589,16,49
13173,2017,142,437,168,540,-26,-103
13173,2018,172,546,134,416,38,130
13173,2019,175,557,157,515,18,42
13173,2020,186,592,175,548,11,44
13173,2021,181,528,175,550,6,-22
13175,2011,519,1621,512,1551,7,70
13175,2012,510,1586,495,1532,15,54
13175,2013,202,644,312,979,-110,-335
13175,2014,173,560,149,467,24,93
13175,2015,178,569,266,809,-88,-240
13175,2016,315,1003,303,989,12,14
13175,2017,220,702,300,941,-80,-239
13175,2018,232,755,217,681,15,74
13175,2019,224,715,286,938,-62,-223
13175,2020,267,812,260,761,7,51
13175,2021,340,985,260,765,80,220
13177,2011,722,2380,660,1991,62,389
13177,2012,713,2260,643,2004,70,256
13177,2013,599,2013,431,1348,168,665
13177,2014,407,1314,356,1090,51,224
13177,2015,578,1827,424,1295,154,532
13177,2016,827,2624,578,1784,249,840
13177,2017,626,1962,437,1312,189,650
13177,2018,616,1941,417,1280,199,661
13177,2019,641,2035,530,1629,111,406
13177,2020,662,2039,451,1345,211,694
13177,2021,557,1678,475,1368,82,310
13179,2011,2527,8573,2994,10420,-467,-1847
13179,2012,2282,7849,2772,9638,-490,-1789
13179,2013,1782,6130,2154,7691,-372,-1561
13179,2014,1199,3968,1738,5830,-539,-1862
13179,2015,1782,6283,1962,6987,-180,-704
13179,2016,2574,9089,3020,10973,-446,-1884
13179,2017,1876,6468,2206,7512,-330,-1044
13179,2018,1835,6118,1886,6388,-51,-270
13179,2019,2071,7146,2205,7661,-134,-515
13179,2020,2214,7399,2100,7013,114,386
13179,2021,2204,7013,1989,6543,215,470
13181,2011,82,251,69,205,13,46
13181,2012,81,271,89,283,-8,-12
13181,2013,67,214,66,205,1,9
13181,2014,49,156,48,140,1,16
13181,2015,67,212,51,161,16,51
13181,2016,94,324,69,211,25,113
13181,2017,77,238,31,102,46,136
13181,2018,65,204,52,150,13,54
13181,2019,93,305,64,188,29,117
13181,2020,90,258,57,163,33,95
13181,2021,87,265,69,199,18,66
13183,2011,465,1652,301,1065,164,587
13183,2012,478,1734,351,1260,127,474
13183,2013,360,1300,303,1053,57,247
13183,2014,333,1159,224,754,109,405
13183,2015,408,1447,308,1017,100,430
13183,2016,533,1948,396,1376,137,572
13183,2017,454,1523,320,1070,134,453
13183,2018,356,1234,305,999,51,235
13183,2019,409,1454,312,1003,97,451
13183,2020,437,1515,362,1165,75,350
13183,2021,551,1865,355,1132,196,733
13185,2011,2643,7444,3030,8599,-387,-1155
13185,2012,1982,6003,2558,7652,-576,-1649
13185,2013,1204,3811,1670,5003,-466,-1192
13185,2014,999,3037,1250,3734,-251,-697
13185,2015,1394,4303,1507,4625,-113,-322
13185,2016,1844,5739,1925,5872,-81,-133
13185,2017,1484,4620,1594,4846,-110,-226
13185,2018,1475,4554,1471,4440,4,114
13185,2019,1600,5041,1603,4983,-3,58
13185,2020,1676,5050,1656,4815,20,235
13185,2021,1780,5232,1697,4847,83,385
13187,2011,512,1570,594,1815,-82,-245
13187,2012,568,1714,553,1673,15,41
13187,2013,432,1358,446,1333,-14,25
13187,2014,333,999,322,955,11,44
13187,2015,525,1606,482,1388,43,218
13187,2016,802,2441,560,1630,242,811
13187,2017,586,1727,493,1443,93,284
13187,2018,653,1945,551,1606,102,339
13187,2019,727,2181,560,1635,167,546
13187,2020,771,2260,517,1454,254,806
13187,2021,718,2104,586,1653,132,451
13189,2011,320,1043,319,1012,1,31
13189,2012,236,822,275,889,-39,-67
13189,2013,193,606,213,694,-20,-88
13189,2014,163,513,179,591,-16,-78
13189,2015,223,716,242,777,-19,-61
13189,2016,307,1024,295,953,12,71
13189,2017,235,769,268,867,-33,-98
13189,2018,255,787,308,1007,-53,-220
13189,2019,301,969,262,836,39,133
13189,2020,288,890,283,870,5,20
13189,2021,345,1044,296,888,49,156
13191,2011,163,487,192,576,-29,-89
13191,2012,170,522,145,457,25,65
13191,2013,91,270,142,447,-51,-177
13191,2014,97,282,109,328,-12,-46
13191,2015,131,406,106,326,25,80
13191,2016,164,502,123,395,41,107
13191,2017,172,525,113,346,59,179
13191,2018,122,354,115,357,7,-3
13191,2019,202,609,179,568,23,41
13191,2020,159,448,113,319,46,129
13191,2021,190,571,109,302,81,269
13193,2011,159,543,184,609,-25,-66
13193,2012,110,340,184,602,-74,-262
13193,2013,76,251,101,336,-25,-85
13193,2014,64,200,101,327,-37,-127
13193,2015,42,125,81,280,-39,-155
13193,2016,88,274,119,396,-31,-122
13193,2017,45,147,112,361,-67,-214
13193,2018,50,165,74,257,-24,-92
13193,2019,63,190,81,266,-18,-76
13193,2020,69,205,92,282,-23,-77
13193,2021,63,181,86,264,-23,-83
13195,2011,510,1665,666,2169,-156,-504
13195,2012,547,1874,464,1526,83,348
13195,2013,443,1460,458,1544,-15,-84
13195,2014,300,998,339,1065,-39,-67
13195,2015,473,1509,418,1323,55,186
13195,2016,720,2393,586,1871,134,522
13195,2017,539,1770,408,1280,131,490
13195,2018,501,1594,409,1329,92,265
13195,2019,727,2272,497,1545,230,727
13195,2020,722,2233,500,1526,222,707
13195,2021,788,2436,524,1609,264,827
13197,2011,96,330,86,274,10,56
13197,2012,83,280,96,304,-13,-24
13197,2013,62,188,51,164,11,24
13197,2014,45,152,46,134,-1,18
13197,2015,39,124,33,104,6,20
13197,2016,48,145,63,202,-15,-57
13197,2017,53,158,47,150,6,8
13197,2018,29,91,46,148,-17,-57
13197,2019,52,157,43,143,9,14
13197,2020,40,120,41,131,-1,-11
13197,2021,41,128,40,117,1,11
13199,2011,546,1817,626,2170,-80,-353
13199,2012,528,1801,471,1585,57,216
13199,2013,372,1232,372,1304,0,-72
13199,2014,316,1000,298,979,18,21
13199,2015,341,1026,387,1289,-46,-263
13199,2016,466,1520,436,1403,30,117
13199,2017,388,1207,327,1079,61,128
13199,2018,413,1282,305,981,108,301
13199,2019,428,1348,297,994,131,354
13199,2020,508,1516,355,1112,153,404
13199,2021,438,1296,302,900,136,396
13201,2011,98,352,100,351,-2,1
13201,2012,78,266,77,262,1,4
13201,2013,76,285,62,204,14,81
13201,2014,50,170,53,176,-3,-6
13201,2015,53,190,54,179,-1,11
13201,2016,43,150,47,152,-4,-2
13201,2017,66,235,30,102,36,133
13201,2020,43,123,54,154,-11,-31
13201,2021,20,69,25,76,-5,-7
13205,2011,301,1052,337,1135,-36,-83
13205,2012,296,1017,314,1048,-18,-31
13205,2013,220,736,368,1248,-148,-512
13205,2014,139,464,209,699,-70,-235
13205,2015,190,646,198,622,-8,24
13205,2016,256,862,271,870,-15,-8
13205,2017,181,577,183,637,-2,-60
13205,2018,180,606,220,711,-40,-105
13205,2019,180,567,219,759,-39,-192
13205,2020,188,605,244,774,-56,-169
13205,2021,204,649,180,573,24,76
13207,2011,595,1923,492,1471,103,452
13207,2012,507,1607,493,1439,14,168
13207,2013,388,1230,378,1180,10,50
13207,2014,294,923,251,726,43,197
13207,2015,430,1402,326,946,104,456
13207,2016,535,1725,441,1310,94,415
13207,2017,506,1629,430,1281,76,348
13207,2018,494,1587,382,1156,112,431
13207,2019,555,1857,323,982,232,875
13207,2020,555,1808,362,1054,193,754
13207,2021,607,1883,346,998,261,885
13209,2011,108,363,180,591,-72,-228
13209,2012,100,320,124,417,-24,-97
13209,2013,94,332,104,337,-10,-5
13209,2014,77,268,81,280,-4,-12
13209,2015,117,406,75,231,42,175
13209,2016,131,421,106,357,25,64
13209,2017,106,345,92,303,14,42
13209,2018,97,321,96,297,1,24
13209,2019,93,309,95,292,-2,17
13209,2020,100,325,88,272,12,53
13209,2021,108,336,80,262,28,74
13211,2011,322,1043,354,1067,-32,-24
13211,2012,312,969,296,907,16,62
13211,2013,220,724,183,579,37,145
13211,2014,212,660,102,323,110,337
13211,2015,232,769,214,678,18,91
13211,2016,467,1528,237,721,230,807
13211,2017,313,1025,219,711,94,314
13211,2018,335,1050,185,579,150,471
13211,2019,408,1349,242,751,166,598
13211,2020,428,1335,228,661,200,674
13211,2021,482,1494,277,859,205,635
13213,2011,622,2217,651,2297,-29,-80
13213,2012,601,2215,632,2225,-31,-10
13213,2013,465,1613,528,1850,-63,-237
13213,2014,394,1411,440,1515,-46,-104
13213,2015,514,1756,569,1862,-55,-106
13213,2016,711,2419,664,2210,47,209
13213,2017,564,1890,564,1865,0,25
13213,2018,488,1671,566,1841,-78,-170
13213,2019,612,2009,581,1906,31,103
13213,2020,619,1984,586,1785,33,199
13213,2021,662,2081,570,1772,92,309
13215,2011,6981,20653,7284,21765,-303,-1112
13215,2012,6950,20510,6948,21243,2,-733
13215,2013,4507,14400,5401,16731,-894,-2331
13215,2014,3020,9279,3479,10693,-459,-1414
13215,2015,3798,12283,4826,15556,-1028,-3273
13215,2016,4770,15759,6169,20159,-1399,-4400
13215,2017,3752,11989,4111,13074,-359,-1085
13215,2018,3708,11850,3904,12306,-196,-456
13215,2019,3948,12778,4252,13812,-304,-1034
13215,2020,3646,11163,4694,14641,-1048,-3478
13215,2021,3568,10729,4535,13771,-967,-3042
13217,2011,3293,10368,2663,8277,630,2091
13217,2012,2835,9144,2653,8428,182,716
13217,2013,2270,7372,2130,6838,140,534
13217,2014,1923,6149,1805,5658,118,491
13217,2015,2421,7695,2015,6403,406,1292
13217,2016,3380,10771,2881,9347,499,1424
13217,2017,2827,8947,2428,7656,399,1291
13217,2018,2876,9055,2435,7617,441,1438
13217,2019,3389,10828,2646,8452,743,2376
13217,2020,3569,10936,2885,8889,684,2047
13217,2021,3515,10435,2933,8791,582,1644
13219,2011,667,2231,793,2417,-126,-186
13219,2012,711,2390,566,1759,145,631
13219,2013,627,2185,554,1650,73,535
13219,2014,476,1587,488,1412,-12,175
13219,2015,732,2501,549,1669,183,832
13219,2016,1202,4141,691,2087,511,2054
13219,2017,829,2811,692,2013,137,798
13219,2018,763,2565,695,2056,68,509
13219,2019,838,2897,719,2189,119,708
13219,2020,959,3077,724,2093,235,984
13219,2021,912,2907,778,2215,134,692
13221,2011,223,744,233,772,-10,-28
13221,2012,216,673,257,820,-41,-147
13221,2013,235,738,173,550,62,188
13221,2014,153,495,154,483,-1,12
13221,2015,203,643,185,565,18,78
13221,2016,335,1052,247,819,88,233
13221,2017,261,808,230,690,31,118
13221,2018,232,715,185,549,47,166
13221,2019,353,1107,214,660,139,447
13221,2020,307,923,209,590,98,333
13221,2021,283,875,194,561,89,314
13223,2011,3867,12422,3347,10514,520,1908
13223,2012,3622,11526,3355,10677,267,849
13223,2013,3268,10586,2888,9120,380,1466
13223,2014,2696,8370,2450,7765,246,605
13223,2015,3791,11920,2952,9228,839,2692
13223,2016,6064,19495,4268,13477,1796,6018
13223,2017,4860,15259,3580,11125,1280,4134
13223,2018,4786,14819,3474,10642,1312,4177
13223,2019,5212,16448,3912,12151,1300,4297
13223,2020,5560,17097,4314,12940,1246,4157
13223,2021,5625,16737,4393,12969,1232,3768
13225,2011,729,2307,666,2075,63,232
13225,2012,722,2240,674,2163,48,77
13225,2013,546,1707,534,1704,12,3
13225,2014,466,1460,498,1549,-32,-89
13225,2015,534,1706,559,1777,-25,-71
13225,2016,709,2255,608,1923,101,332
13225,2017,587,1822,566,1820,21,2
13225,2018,585,1825,592,1751,-7,74
13225,2019,627,1941,574,1794,53,147
13225,2020,682,2066,581,1748,101,318
13225,2021,627,1828,613,1859,14,-31
13227,2011,584,1811,537,1662,47,149
13227,2012,613,1893,542,1676,71,217
13227,2013,637,1947,442,1398,195,549
13227,2014,391,1197,324,980,67,217
13227,2015,614,1916,390,1184,224,732
13227,2016,1031,3220,597,1823,434,1397
13227,2017,741,2237,520,1587,221,650
13227,2018,651,1960,497,1502,154,458
13227,2019,941,2817,608,1811,333,1006
13227,2020,895,2625,588,1713,307,912
13227,2021,1033,3045,590,1699,443,1346
13229,2011,311,1024,271,881,40,143
13229,2012,346,1166,270,890,76,276
13229,2013,234,816,193,661,41,155
13229,2014,163,542,180,585,-17,-43
13229,2015,240,836,199,658,41,178
13229,2016,271,902,267,863,4,39
13229,2017,253,822,198,652,55,170
13229,2018,223,694,212,673,11,21
13229,2019,217,743,200,638,17,105
13229,2020,250,801,213,634,37,167
13229,2021,233,714,199,629,34,85
13231,2011,368,1223,384,1225,-16,-2
13231,2012,317,1092,308,1002,9,90
13231,2013,287,975,270,851,17,124
13231,2014,237,764,221,690,16,74
13231,2015,262,849,253,791,9,58
13231,2016,480,1635,316,983,164,652
13231,2017,377,1287,289,853,88,434
13231,2018,379,1298,271,886,108,412
13231,2019,473,1671,306,942,167,729
13231,2020,507,1708,354,1057,153,651
13231,2021,504,1628,316,941,188,687
13233,2011,576,1888,666,2284,-90,-396
13233,2012,487,1596,616,2129,-129,-533
13233,2013,491,1586,495,1654,-4,-68
13233,2014,454,1461,434,1391,20,70
13233,2015,524,1695,447,1464,77,231
13233,2016,735,2438,644,2155,91,283
13233,2017,656,2144,531,1730,125,414
13233,2018,670,2154,483,1572,187,582
13233,2019,696,2224,649,2067,47,157
13233,2020,834,2532,606,1882,228,650
13233,2021,857,2586,621,1909,236,677
13235,2011,121,394,117,398,4,-4
13235,2012,122,442,104,349,18,93
13235,2013,55,180,85,294,-30,-114
13235,2014,61,181,62,216,-1,-35
13235,2015,48,142,74,259,-26,-117
13235,2016,70,227,77,238,-7,-11
13235,2017,77,252,89,283,-12,-31
13235,2018,48,157,89,298,-41,-141
13235,2019,81,294,68,218,13,76
13235,2020,68,205,91,290,-23,-85
13235,2021,137,406,127,372,10,34
13237,2011,419,1274,319,1031,100,243
13237,2012,369,1143,331,1021,38,122
13237,2013,275,822,218,711,57,111
13237,2014,153,475,136,424,17,51
13237,2015,268,837,187,589,81,248
13237,2016,420,1285,322,977,98,308
13237,2017,277,831,227,692,50,139
13237,2018,326,984,213,646,113,338
13237,2019,467,1429,196,586,271,843
13237,2020,442,1296,314,897,128,399
13237,2021,369,1096,291,853,78,243
13239,2011,29,94,34,107,-5,-13
13239,2012,28,98,33,114,-5,-16
13239,2014,23,70,22,69,1,1
13239,2015,34,116,25,85,9,31
13239,2016,35,116,NA,NA,NA,NA
13239,2018,23,74,20,70,3,4
13239,2019,20,60,20,82,0,-22
13239,2021,20,60,21,58,-1,2
13241,2011,122,378,112,340,10,38
13241,2012,112,360,95,313,17,47
13241,2013,52,172,71,220,-19,-48
13241,2014,54,179,49,158,5,21
13241,2015,47,148,50,147,-3,1
13241,2016,161,469,93,300,68,169
13241,2017,134,392,64,189,70,203
13241,2018,107,308,67,200,40,108
13241,2019,193,579,96,272,97,307
13241,2020,211,620,98,251,113,369
13241,2021,193,542,126,374,67,168
13243,2011,44,122,74,235,-30,-113
13243,2012,34,110,58,172,-24,-62
13243,2015,20,57,NA,NA,NA,NA
13245,2011,5753,16451,6542,19346,-789,-2895
13245,2012,4719,14146,5782,17617,-1063,-3471
13245,2013,3645,10900,4422,13477,-777,-2577
13245,2014,3054,8902,3477,10396,-423,-1494
13245,2015,3870,11520,4412,13268,-542,-1748
13245,2016,4596,13658,5872,17896,-1276,-4238
13245,2017,3796,11375,4529,13639,-733,-2264
13245,2018,3696,10914,4432,13064,-736,-2150
13245,2019,3988,11704,4738,14403,-750,-2699
13245,2020,4182,11966,4791,13883,-609,-1917
13245,2021,4277,11889,4856,13739,-579,-1850
13247,2011,3039,9585,3167,9759,-128,-174
13247,2012,2973,9437,2958,9266,15,171
13247,2013,2360,7635,2287,7350,73,285
13247,2014,2019,6380,1793,5615,226,765
13247,2015,2434,7582,2318,7233,116,349
13247,2016,3356,10631,3206,9986,150,645
13247,2017,2661,8190,2567,7965,94,225
13247,2018,2816,8730,2591,8000,225,730
13247,2019,2968,9269,2861,8948,107,321
13247,2020,3156,9330,3002,8855,154,475
13247,2021,3066,8999,2846,8319,220,680
13249,2011,51,183,32,107,19,76
13249,2012,50,200,45,156,5,44
13249,2013,39,137,37,127,2,10
13249,2014,44,145,36,119,8,26
13249,2015,38,127,44,149,-6,-22
13249,2016,51,184,44,147,7,37
13249,2017,33,100,38,126,-5,-26
13249,2018,50,167,36,125,14,42
13249,2019,28,89,40,127,-12,-38
13249,2020,43,132,32,109,11,23
13249,2021,33,119,29,88,4,31
13251,2011,230,661,212,645,18,16
13251,2012,155,510,157,490,-2,20
13251,2013,130,406,145,449,-15,-43
13251,2014,106,336,106,326,0,10
13251,2015,106,336,135,427,-29,-91
13251,2016,140,430,150,481,-10,-51
13251,2017,127,402,124,404,3,-2
13251,2018,106,338,94,285,12,53
13251,2019,123,403,119,374,4,29
13251,2020,141,436,92,293,49,143
13251,2021,121,381,116,375,5,6
13253,2011,158,550,153,505,5,45
13253,2012,119,388,134,471,-15,-83
13253,2013,84,280,146,491,-62,-211
13253,2014,63,207,79,266,-16,-59
13253,2015,72,226,86,292,-14,-66
13253,2016,49,150,122,398,-73,-248
13253,2017,35,119,75,258,-40,-139
13253,2018,42,142,38,118,4,24
13253,2019,49,157,44,156,5,1
13253,2020,84,235,60,195,24,40
13253,2021,43,130,67,202,-24,-72
13255,2011,1431,4420,1665,5381,-234,-961
13255,2012,1466,4746,1331,4270,135,476
13255,2013,1142,3613,1152,3730,-10,-117
13255,2014,1025,3221,933,2981,92,240
13255,2015,1314,4097,991,3227,323,870
13255,2016,1709,5342,1406,4513,303,829
13255,2017,1453,4448,1173,3712,280,736
13255,2018,1483,4622,1265,4031,218,591
13255,2019,1682,5176,1395,4542,287,634
13255,2020,1783,5386,1375,4256,408,1130
13255,2021,1826,5389,1439,4314,387,1075
13257,2011,294,932,450,1393,-156,-461
13257,2012,272,873,336,1077,-64,-204
13257,2013,216,750,216,706,0,44
13257,2014,159,526,140,430,19,96
13257,2015,220,696,173,533,47,163
13257,2016,306,982,291,961,15,21
13257,2017,308,989,254,791,54,198
13257,2018,290,932,284,903,6,29
13257,2019,286,878,286,924,0,-46
13257,2020,379,1157,310,955,69,202
13257,2021,423,1285,330,1014,93,271
13259,2011,57,178,49,150,8,28
13259,2012,47,135,61,193,-14,-58
13259,2013,27,82,56,170,-29,-88
13259,2016,28,90,30,95,-2,-5
13259,2019,20,61,22,73,-2,-12
13261,2011,323,945,478,1484,-155,-539
13261,2012,281,875,332,1077,-51,-202
13261,2013,113,357,247,806,-134,-449
13261,2014,67,214,170,544,-103,-330
13261,2015,129,399,202,628,-73,-229
13261,2016,164,495,299,976,-135,-481
13261,2017,124,399,171,517,-47,-118
13261,2018,111,362,252,782,-141,-420
13261,2019,133,415,186,581,-53,-166
13261,2020,116,353,236,684,-120,-331
13261,2021,161,468,184,565,-23,-97
13263,2011,102,313,155,502,-53,-189
13263,2012,119,390,134,445,-15,-55
13263,2013,114,373,81,256,33,117
13263,2014,81,254,70,224,11,30
13263,2015,62,194,84,263,-22,-69
13263,2016,73,224,100,308,-27,-84
13263,2017,61,179,62,198,-1,-19
13263,2018,29,82,51,156,-22,-74
13263,2019,70,225,28,90,42,135
13263,2020,71,223,60,188,11,35
13263,2021,71,225,43,129,28,96
13265,2011,24,77,NA,NA,NA,NA
13265,2012,11,32,10,33,1,-1
13267,2011,332,1064,287,902,45,162
13267,2012,244,830,236,783,8,47
13267,2013,223,720,239,815,-16,-95
13267,2014,200,712,200,679,0,33
13267,2015,229,828,200,674,29,154
13267,2016,228,769,243,774,-15,-5
13267,2017,197,663,235,719,-38,-56
13267,2018,199,646,212,677,-13,-31
13267,2019,170,551,210,704,-40,-153
13267,2020,206,681,207,646,-1,35
13267,2021,229,685,185,583,44,102
13269,2011,51,171,75,226,-24,-55
13269,2012,72,234,54,171,18,63
13269,2013,25,77,30,106,-5,-29
13269,2015,24,71,26,86,-2,-15
13269,2016,25,82,40,117,-15,-35
13269,2017,20,66,29,86,-9,-20
13269,2019,22,66,30,94,-8,-28
13269,2020,20,60,22,66,-2,-6
13269,2021,28,84,56,179,-28,-95
13271,2011,113,393,127,423,-14,-30
13271,2012,107,355,142,479,-35,-124
13271,2013,85,300,43,136,42,164
13271,2014,26,84,68,229,-42,-145
13271,2015,34,119,71,239,-37,-120
13271,2016,91,296,97,336,-6,-40
13271,2017,65,211,72,247,-7,-36
13271,2018,56,187,94,327,-38,-140
13271,2019,74,261,88,288,-14,-27
13271,2020,73,254,84,268,-11,-14
13271,2021,55,176,62,197,-7,-21
13273,2011,105,334,140,442,-35,-108
13273,2012,132,417,163,530,-31,-113
13273,2013,111,351,110,341,1,10
13273,2014,101,319,83,274,18,45
13273,2015,60,202,112,379,-52,-177
13273,2016,112,360,126,392,-14,-32
13273,2017,90,279,101,325,-11,-46
13273,2018,83,267,90,276,-7,-9
13273,2019,97,307,88,268,9,39
13273,2020,91,276,106,343,-15,-67
13273,2021,89,256,92,301,-3,-45
13275,2011,744,2231,722,2180,22,51
13275,2012,692,2162,620,1919,72,243
13275,2013,449,1419,566,1756,-117,-337
13275,2014,394,1227,359,1157,35,70
13275,2015,403,1286,437,1354,-34,-68
13275,2016,519,1639,573,1782,-54,-143
13275,2017,386,1182,438,1426,-52,-244
13275,2018,353,1111,401,1235,-48,-124
13275,2019,453,1462,419,1277,34,185
13275,2020,459,1370,470,1373,-11,-3
13275,2021,433,1331,472,1393,-39,-62
13277,2011,1088,3040,1179,3413,-91,-373
13277,2012,633,1981,656,1965,-23,16
13277,2013,468,1475,409,1273,59,202
13277,2014,399,1268,396,1271,3,-3
13277,2015,408,1276,439,1379,-31,-103
13277,2016,527,1686,555,1788,-28,-102
13277,2017,366,1165,421,1337,-55,-172
13277,2018,378,1185,336,1089,42,96
13277,2019,393,1225,371,1168,22,57
13277,2020,398,1161,454,1397,-56,-236
13277,2021,441,1344,392,1181,49,163
13279,2011,394,1249,348,1095,46,154
13279,2012,327,1075,296,971,31,104
13279,2013,215,712,263,868,-48,-156
13279,2014,167,555,182,617,-15,-62
13279,2015,194,602,234,785,-40,-183
13279,2016,247,801,292,938,-45,-137
13279,2017,187,619,209,685,-22,-66
13279,2018,167,531,251,845,-84,-314
13279,2019,218,683,221,725,-3,-42
13279,2020,222,690,202,636,20,54
13279,2021,200,626,270,827,-70,-201
13281,2011,127,366,95,310,32,56
13281,2012,119,339,70,220,49,119
13281,2013,65,200,63,194,2,6
13281,2014,37,136,56,180,-19,-44
13281,2015,83,223,73,242,10,-19
13281,2016,137,406,104,320,33,86
13281,2017,87,262,95,290,-8,-28
13281,2018,132,415,87,258,45,157
13281,2019,133,389,116,360,17,29
13281,2020,155,451,126,380,29,71
13281,2021,126,383,90,252,36,131
13283,2011,79,224,67,232,12,-8
13283,2012,65,230,63,206,2,24
13283,2013,47,145,29,90,18,55
13283,2015,22,69,21,67,1,2
13283,2016,24,81,29,98,-5,-17
13283,2017,25,86,26,87,-1,-1
13283,2018,45,157,20,66,25,91
13283,2019,24,94,27,81,-3,13
13283,2020,22,71,28,102,-6,-31
13283,2021,20,69,22,67,-2,2
13285,2011,1196,3839,1126,3504,70,335
13285,2012,1118,3541,1161,3750,-43,-209
13285,2013,978,3140,924,2913,54,227
13285,2014,724,2263,871,2729,-147,-466
13285,2015,857,2651,839,2582,18,69
13285,2016,1079,3428,1012,3227,67,201
13285,2017,825,2627,839,2631,-14,-4
13285,2018,872,2718,829,2522,43,196
13285,2019,937,2950,949,2992,-12,-42
13285,2020,1061,3147,915,2700,146,447
13285,2021,1060,3104,1004,3014,56,90
13287,2011,224,572,496,1208,-272,-636
13287,2012,110,349,118,350,-8,-1
13287,2013,61,199,72,220,-11,-21
13287,2014,54,173,36,137,18,36
13287,2015,28,79,63,203,-35,-124
13287,2016,78,247,72,253,6,-6
13287,2017,42,142,37,128,5,14
13287,2018,36,132,55,173,-19,-41
13287,2019,84,268,53,170,31,98
13287,2020,71,209,43,125,28,84
13287,2021,43,139,53,167,-10,-28
13289,2011,197,618,197,613,0,5
13289,2012,163,554,192,626,-29,-72
13289,2013,122,390,127,400,-5,-10
13289,2014,125,397,130,424,-5,-27
13289,2015,99,312,103,327,-4,-15
13289,2016,103,311,145,471,-42,-160
13289,2017,113,345,139,436,-26,-91
13289,2018,86,286,157,504,-71,-218
13289,2019,118,388,80,262,38,126
13289,2020,92,274,134,423,-42,-149
13289,2021,82,235,83,241,-1,-6
13291,2011,269,803,191,584,78,219
13291,2012,238,714,167,515,71,199
13291,2013,131,392,146,453,-15,-61
13291,2014,97,296,64,213,33,83
13291,2015,133,420,82,232,51,188
13291,2016,350,1036,122,369,228,667
13291,2017,243,716,126,396,117,320
13291,2018,230,669,139,424,91,245
13291,2019,337,1031,161,494,176,537
13291,2020,362,1096,170,500,192,596
13291,2021,374,1076,149,469,225,607
13293,2011,285,896,341,1060,-56,-164
13293,2012,276,925,296,949,-20,-24
13293,2013,132,425,191,613,-59,-188
13293,2014,146,447,102,328,44,119
13293,2015,150,493,144,448,6,45
13293,2016,251,816,160,502,91,314
13293,2017,197,635,177,548,20,87
13293,2018,193,630,124,389,69,241
13293,2019,208,660,169,536,39,124
13293,2020,310,933,210,672,100,261
13293,2021,372,1140,218,641,154,499
13295,2011,1198,3885,1256,3953,-58,-68
13295,2012,1207,3897,1207,3793,0,104
13295,2013,1070,3455,1129,3501,-59,-46
13295,2014,827,2597,901,2786,-74,-189
13295,2015,1056,3402,1024,3220,32,182
13295,2016,1485,4766,1261,3977,224,789
13295,2017,1200,3716,1105,3484,95,232
13295,2018,1209,3789,1109,3472,100,317
13295,2019,1326,4128,1168,3765,158,363
13295,2020,1385,4198,1233,3622,152,576
13295,2021,1367,4069,1165,3424,202,645
13297,2011,2138,6892,2258,7256,-120,-364
13297,2012,1902,6084,1640,5154,262,930
13297,2013,1769,5759,1536,4737,233,1022
13297,2014,1343,4257,1161,3533,182,724
13297,2015,1896,6127,1544,4813,352,1314
13297,2016,2813,9172,2086,6662,727,2510
13297,2017,2365,7728,1699,5371,666,2357
13297,2018,2358,7698,1791,5610,567,2088
13297,2019,2882,9326,2043,6333,839,2993
13297,2020,3110,9821,1934,5800,1176,4021
13297,2021,3308,10413,2023,6020,1285,4393
13299,2011,554,1681,569,1801,-15,-120
13299,2012,492,1587,550,1802,-58,-215
13299,2013,312,1045,403,1299,-91,-254
13299,2014,338,1043,282,936,56,107
13299,2015,313,1019,368,1223,-55,-204
13299,2016,407,1277,421,1371,-14,-94
13299,2017,334,1050,332,1066,2,-16
13299,2018,333,1036,315,963,18,73
13299,2019,331,1020,369,1220,-38,-200
13299,2020,318,938,385,1164,-67,-226
13299,2021,348,1067,356,1045,-8,22
13301,2011,75,226,101,353,-26,-127
13301,2012,32,104,62,202,-30,-98
13301,2013,33,115,41,134,-8,-19
13301,2014,45,143,38,110,7,33
13301,2015,51,168,60,198,-9,-30
13301,2016,59,195,62,218,-3,-23
13301,2017,52,169,68,244,-16,-75
13301,2018,46,163,50,169,-4,-6
13301,2019,44,141,54,172,-10,-31
13301,2020,60,203,52,158,8,45
13301,2021,47,158,71,218,-24,-60
13303,2011,99,328,156,491,-57,-163
13303,2012,98,317,98,312,0,5
13303,2013,47,136,54,180,-7,-44
13303,2014,20,69,35,94,-15,-25
13303,2016,22,75,48,144,-26,-69
13303,2017,45,148,66,202,-21,-54
13303,2018,42,133,32,105,10,28
13303,2019,66,210,42,124,24,86
13303,2020,36,104,58,172,-22,-68
13303,2021,41,117,87,234,-46,-117
13305,2011,333,1046,330,1017,3,29
13305,2012,275,968,272,851,3,117
13305,2013,175,579,177,625,-2,-46
13305,2014,100,354,99,290,1,64
13305,2015,113,379,162,545,-49,-166
13305,2016,241,796,246,798,-5,-2
13305,2017,197,628,149,476,48,152
13305,2018,139,466,213,673,-74,-207
13305,2019,206,675,172,583,34,92
13305,2020,257,757,147,470,110,287
13305,2021,256,817,164,503,92,314
13307,2011,29,84,14,48,15,36
13307,2012,24,87,29,84,-5,3
13307,2013,23,77,NA,NA,NA,NA
13309,2011,55,179,71,247,-16,-68
13309,2012,51,173,46,160,5,13
13309,2014,21,69,NA,NA,NA,NA
13309,2015,23,80,NA,NA,NA,NA
13309,2016,27,94,23,67,4,27
13309,2018,22,82,33,108,-11,-26
13309,2019,30,102,42,140,-12,-38
13309,2020,21,65,24,88,-3,-23
13309,2021,23,80,NA,NA,NA,NA
13311,2011,435,1408,417,1290,18,118
13311,2012,475,1500,411,1277,64,223
13311,2013,328,1051,311,961,17,90
13311,2014,273,871,245,744,28,127
13311,2015,349,1109,301,941,48,168
13311,2016,635,1959,428,1348,207,611
13311,2017,425,1322,396,1204,29,118
13311,2018,520,1562,365,1118,155,444
13311,2019,545,1753,402,1229,143,524
13311,2020,528,1540,400,1194,128,346
13311,2021,549,1572,386,1174,163,398
13313,2011,1223,4201,1352,4628,-129,-427
13313,2012,1164,3937,1314,4595,-150,-658
13313,2013,978,3238,1099,3688,-121,-450
13313,2014,888,2964,978,3175,-90,-211
13313,2015,1023,3343,1086,3479,-63,-136
13313,2016,1138,3686,1475,4694,-337,-1008
13313,2017,999,3211,1092,3420,-93,-209
13313,2018,961,3019,1120,3530,-159,-511
13313,2019,1091,3493,1245,3794,-154,-301
13313,2020,1196,3536,1187,3620,9,-84
13313,2021,1216,3681,1219,3639,-3,42
13315,2011,111,356,91,288,20,68
13315,2012,39,133,72,244,-33,-111
13315,2013,24,79,23,79,1,0
13315,2017,21,63,21,65,0,-2
13315,2019,25,84,21,68,4,16
13315,2021,30,90,23,73,7,17
13317,2011,37,114,62,206,-25,-92
13317,2012,63,228,44,135,19,93
13317,2016,28,91,NA,NA,NA,NA
13317,2019,25,77,NA,NA,NA,NA
13317,2020,24,66,NA,NA,NA,NA
13319,2011,134,450,168,517,-34,-67
13319,2012,149,477,148,514,1,-37
13319,2013,96,284,97,328,-1,-44
13319,2014,42,140,52,156,-10,-16
13319,2015,61,197,124,379,-63,-182
13319,2016,94,287,100,322,-6,-35
13319,2017,50,174,103,327,-53,-153
13319,2018,63,185,110,330,-47,-145
13319,2019,98,295,123,380,-25,-85
13319,2020,80,253,76,217,4,36
13319,2021,68,196,111,320,-43,-124
13321,2011,597,1719,474,1415,123,304
13321,2012,404,1310,432,1362,-28,-52
13321,2013,228,731,389,1248,-161,-517
13321,2014,232,744,263,803,-31,-59
13321,2015,248,801,275,880,-27,-79
13321,2016,293,955,298,972,-5,-17
13321,2017,193,621,245,770,-52,-149
13321,2018,217,681,240,768,-23,-87
13321,2019,221,709,226,716,-5,-7
13321,2020,241,755,240,727,1,28
13321,2021,221,639,186,553,35,86
15001,2011,2219,6188,1960,5412,259,776
15001,2012,2389,6661,1934,5385,455,1276
15001,2013,1991,5644,1569,4456,422,1188
15001,2014,1357,3708,1351,3720,6,-12
15001,2015,2018,5651,1719,4695,299,956
15001,2016,2879,8109,2094,5828,785,2281
15001,2017,2093,5768,1823,5018,270,750
15001,2018,1864,5163,1788,4834,76,329
15001,2019,2287,6475,1644,4587,643,1888
15001,2020,2585,7148,1574,4183,1011,2965
15001,2021,2321,6377,1635,4359,686,2018
15003,2011,16328,49598,16699,52310,-371,-2712
15003,2012,17380,53162,18175,57795,-795,-4633
15003,2013,14296,44081,15476,49704,-1180,-5623
15003,2014,11006,32525,10853,32394,153,131
15003,2015,14381,44202,16881,53727,-2500,-9525
15003,2016,18921,59903,25036,81931,-6115,-22028
15003,2017,13933,42393,16864,52661,-2931,-10268
15003,2018,13294,39590,15703,48531,-2409,-8941
15003,2019,13642,41973,16653,52885,-3011,-10912
15003,2020,13133,38871,16500,51173,-3367,-12302
15003,2021,13940,40566,16194,48691,-2254,-8125
15007,2011,702,1921,641,1729,61,192
15007,2012,776,2071,648,1754,128,317
15007,2013,551,1527,521,1411,30,116
15007,2014,472,1251,432,1144,40,107
15007,2015,540,1429,573,1572,-33,-143
15007,2016,781,2079,718,1937,63,142
15007,2017,556,1513,558,1492,-2,21
15007,2018,502,1360,563,1483,-61,-123
15007,2019,669,1837,553,1538,116,299
15007,2020,650,1713,516,1350,134,363
15007,2021,532,1367,513,1305,19,62
15009,2011,1925,5111,1655,4458,270,653
15009,2012,2276,6052,1833,4872,443,1180
15009,2013,2007,5302,1491,3992,516,1310
15009,2014,1182,3065,1288,3402,-106,-337
15009,2015,1707,4521,1501,4005,206,516
15009,2016,2116,5620,2052,5558,64,62
15009,2017,1696,4548,1501,4027,195,521
15009,2018,1588,4201,1683,4426,-95,-225
15009,2019,1834,4841,1473,3899,361,942
15009,2020,1683,4432,1587,4148,96,284
15009,2021,1530,4019,1540,4024,-10,-5
16001,2011,8262,24815,6917,20945,1345,3870
16001,2012,9004,27317,7316,22044,1688,5273
16001,2013,7646,23127,6408,19049,1238,4078
16001,2014,5121,14617,4342,12476,779,2141
16001,2015,8973,26772,6740,19934,2233,6838
16001,2016,14281,43995,10055,29765,4226,14230
16001,2017,11268,33664,7841,22865,3427,10799
16001,2018,11226,32993,7907,22752,3319,10241
16001,2019,13257,40147,8977,26477,4280,13670
16001,2020,13656,39547,10197,29156,3459,10391
16001,2021,12569,35627,10508,29387,2061,6240
16003,2011,52,147,57,172,-5,-25
16003,2012,41,122,57,168,-16,-46
16003,2015,43,125,NA,NA,NA,NA
16003,2016,51,139,46,122,5,17
16003,2017,57,160,25,77,32,83
16003,2018,48,158,27,81,21,77
16003,2019,47,152,44,131,3,21
16003,2020,89,249,NA,NA,NA,NA
16003,2021,81,240,28,75,53,165
16005,2011,1009,3115,1161,3654,-152,-539
16005,2012,1034,3319,1250,4084,-216,-765
16005,2013,686,2109,945,2989,-259,-880
16005,2014,536,1629,664,1980,-128,-351
16005,2015,780,2390,878,2885,-98,-495
16005,2016,1173,3664,1400,4446,-227,-782
16005,2017,948,2983,915,2791,33,192
16005,2018,942,2915,1077,3261,-135,-346
16005,2019,1074,3386,1055,3342,19,44
16005,2020,1128,3400,1006,2998,122,402
16005,2021,1115,3256,973,2793,142,463
16007,2011,31,110,44,128,-13,-18
16007,2012,39,117,12,35,27,82
16009,2011,93,301,105,322,-12,-21
16009,2012,81,229,103,308,-22,-79
16009,2013,63,192,103,299,-40,-107
16009,2014,43,138,97,291,-54,-153
16009,2015,78,236,104,308,-26,-72
16009,2016,81,258,106,331,-25,-73
16009,2017,81,256,98,273,-17,-17
16009,2018,86,248,74,213,12,35
16009,2019,103,349,81,242,22,107
16009,2020,167,512,86,254,81,258
16009,2021,121,379,91,264,30,115
16011,2011,590,2015,774,2647,-184,-632
16011,2012,574,1982,714,2404,-140,-422
16011,2013,474,1639,652,2160,-178,-521
16011,2014,302,991,503,1630,-201,-639
16011,2015,513,1743,570,1836,-57,-93
16011,2016,799,2771,776,2544,23,227
16011,2017,615,2127,611,1959,4,168
16011,2018,746,2472,658,2158,88,314
16011,2019,725,2518,668,2197,57,321
16011,2020,716,2354,649,2071,67,283
16011,2021,756,2438,624,1899,132,539
16013,2011,228,662,248,710,-20,-48
16013,2012,218,653,217,632,1,21
16013,2013,147,451,141,402,6,49
16013,2014,80,199,103,262,-23,-63
16013,2015,161,440,115,313,46,127
16013,2016,205,544,194,565,11,-21
16013,2017,169,482,146,381,23,101
16013,2018,155,400,168,436,-13,-36
16013,2019,209,581,142,397,67,184
16013,2020,230,668,154,415,76,253
16013,2021,207,578,179,481,28,97
16015,2011,127,371,147,435,-20,-64
16015,2012,141,421,156,468,-15,-47
16015,2013,145,416,133,406,12,10
16015,2014,120,353,74,213,46,140
16015,2015,141,439,119,329,22,110
16015,2016,320,962,223,705,97,257
16015,2017,203,624,163,465,40,159
16015,2018,197,591,145,430,52,161
16015,2019,248,814,156,462,92,352
16015,2020,260,826,156,455,104,371
16015,2021,202,612,135,379,67,233
16017,2011,576,1743,572,1651,4,92
16017,2012,608,1838,515,1514,93,324
16017,2013,442,1285,463,1425,-21,-140
16017,2014,298,905,388,1141,-90,-236
16017,2015,478,1437,498,1505,-20,-68
16017,2016,931,2834,660,2044,271,790
16017,2017,737,2222,582,1748,155,474
16017,2018,672,2059,541,1567,131,492
16017,2019,941,2959,547,1660,394,1299
16017,2020,1123,3443,570,1585,553,1858
16017,2021,941,2901,474,1337,467,1564
16019,2011,1671,5664,1612,5403,59,261
16019,2012,1732,5796,1651,5454,81,342
16019,2013,1752,5884,1439,4852,313,1032
16019,2014,1158,3715,981,3120,177,595
16019,2015,1550,5219,1440,4837,110,382
16019,2016,2442,8384,2080,7196,362,1188
16019,2017,1838,6105,1712,5756,126,349
16019,2018,1960,6480,1621,5209,339,1271
16019,2019,2181,7494,1769,5801,412,1693
16019,2020,2219,7102,1874,5915,345,1187
16019,2021,2201,6839,1830,5691,371,1148
16021,2011,82,235,128,395,-46,-160
16021,2012,72,207,82,232,-10,-25
16021,2013,76,249,88,257,-12,-8
16021,2014,43,145,67,195,-24,-50
16021,2015,76,258,82,247,-6,11
16021,2016,108,374,118,357,-10,17
16021,2017,74,248,113,352,-39,-104
16021,2018,119,384,90,267,29,117
16021,2019,130,419,109,318,21,101
16021,2020,141,424,84,238,57,186
16021,2021,120,389,77,223,43,166
16027,2011,3991,12997,3406,11209,585,1788
16027,2012,4493,14653,3471,11282,1022,3371
16027,2013,3784,12071,3087,9759,697,2312
16027,2014,2632,8128,2296,7008,336,1120
16027,2015,4263,13449,3408,10621,855,2828
16027,2016,6921,21985,4775,15127,2146,6858
16027,2017,5623,17565,3874,11975,1749,5590
16027,2018,5860,17882,3760,11422,2100,6460
16027,2019,7093,22336,4117,12764,2976,9572
16027,2020,7569,23118,4504,13093,3065,10025
16027,2021,7068,21167,4438,12794,2630,8373
16029,2011,30,86,57,181,-27,-95
16029,2012,43,152,52,163,-9,-11
16029,2013,22,58,25,69,-3,-11
16029,2015,27,93,26,88,1,5
16029,2016,39,134,46,136,-7,-2
16029,2017,34,111,20,67,14,44
16029,2018,30,94,38,110,-8,-16
16029,2019,37,151,30,90,7,61
16029,2020,26,90,32,103,-6,-13
16029,2021,30,82,36,116,-6,-34
16031,2011,386,1426,364,1232,22,194
16031,2012,352,1257,427,1496,-75,-239
16031,2013,374,1380,323,1116,51,264
16031,2014,213,728,286,988,-73,-260
16031,2015,267,973,355,1250,-88,-277
16031,2016,362,1251,426,1459,-64,-208
16031,2017,294,994,341,1107,-47,-113
16031,2018,307,1059,348,1115,-41,-56
16031,2019,348,1201,362,1257,-14,-56
16031,2020,391,1301,390,1188,1,113
16031,2021,313,987,380,1223,-67,-236
16035,2011,77,224,74,221,3,3
16035,2012,72,203,101,293,-29,-90
16035,2013,39,110,45,125,-6,-15
16035,2014,29,86,39,108,-10,-22
16035,2015,40,123,49,119,-9,4
16035,2016,60,175,57,167,3,8
16035,2017,47,149,61,164,-14,-15
16035,2018,48,143,70,219,-22,-76
16035,2019,50,132,76,231,-26,-99
16035,2020,67,187,58,165,9,22
16035,2021,41,118,72,191,-31,-73
16037,2011,77,258,10,29,67,229
16037,2012,51,158,46,151,5,7
16037,2016,27,69,NA,NA,NA,NA
16037,2019,20,51,NA,NA,NA,NA
16037,2021,21,58,NA,NA,NA,NA
16039,2011,311,975,451,1450,-140,-475
16039,2012,298,951,432,1384,-134,-433
16039,2013,219,714,367,1096,-148,-382
16039,2014,139,406,225,669,-86,-263
16039,2015,279,884,318,930,-39,-46
16039,2016,444,1400,508,1559,-64,-159
16039,2017,321,981,348,995,-27,-14
16039,2018,292,855,382,1057,-90,-202
16039,2019,383,1167,446,1361,-63,-194
16039,2020,414,1242,372,1060,42,182
16039,2021,447,1321,423,1192,24,129
16041,2011,122,389,129,437,-7,-48
16041,2012,130,412,145,426,-15,-14
16041,2013,106,353,90,269,16,84
16041,2014,69,263,71,217,-2,46
16041,2015,131,455,82,261,49,194
16041,2016,169,573,134,439,35,134
16041,2017,118,392,124,425,-6,-33
16041,2018,155,512,109,358,46,154
16041,2019,166,585,108,380,58,205
16041,2020,165,591,99,286,66,305
16041,2021,168,587,96,285,72,302
16043,2011,113,453,212,735,-99,-282
16043,2012,173,622,201,733,-28,-111
16043,2013,110,395,149,545,-39,-150
16043,2014,79,285,122,398,-43,-113
16043,2015,134,487,177,665,-43,-178
16043,2016,221,856,221,764,0,92
16043,2017,174,610,186,670,-12,-60
16043,2018,179,627,172,612,7,15
16043,2019,174,647,187,672,-13,-25
16043,2020,228,782,175,603,53,179
16043,2021,175,593,187,593,-12,0
16045,2011,249,807,293,953,-44,-146
16045,2012,227,717,301,952,-74,-235
16045,2013,235,726,237,726,-2,0
16045,2014,168,530,231,697,-63,-167
16045,2015,242,812,256,739,-14,73
16045,2016,396,1269,367,1148,29,121
16045,2017,333,1049,284,888,49,161
16045,2018,296,945,235,704,61,241
16045,2019,337,1091,319,977,18,114
16045,2020,373,1084,262,734,111,350
16045,2021,380,1203,291,843,89,360
16047,2011,175,662,261,939,-86,-277
16047,2012,209,786,281,1036,-72,-250
16047,2013,201,722,359,1253,-158,-531
16047,2014,142,539,168,585,-26,-46
16047,2015,221,805,252,857,-31,-52
16047,2016,268,906,297,945,-29,-39
16047,2017,163,562,221,683,-58,-121
16047,2018,198,589,208,657,-10,-68
16047,2019,202,661,213,681,-11,-20
16047,2020,221,661,265,757,-44,-96
16047,2021,211,619,192,591,19,28
16049,2011,312,1004,135,388,177,616
16049,2012,112,351,183,545,-71,-194
16049,2013,105,306,70,212,35,94
16049,2014,68,220,76,218,-8,2
16049,2015,69,201,105,311,-36,-110
16049,2016,140,444,161,451,-21,-7
16049,2017,98,284,124,351,-26,-67
16049,2018,114,356,111,325,3,31
16049,2019,137,413,126,367,11,46
16049,2020,214,632,121,335,93,297
16049,2021,158,477,100,284,58,193
16051,2011,527,1952,481,1689,46,263
16051,2012,515,1845,555,1998,-40,-153
16051,2013,398,1465,713,2404,-315,-939
16051,2014,264,945,318,1040,-54,-95
16051,2015,457,1678,420,1396,37,282
16051,2016,737,2760,651,2319,86,441
16051,2017,562,2081,536,1834,26,247
16051,2018,554,1994,492,1702,62,292
16051,2019,645,2391,491,1809,154,582
16051,2020,642,2295,584,1922,58,373
16051,2021,669,2257,623,1982,46,275
16053,2011,438,1574,498,1723,-60,-149
16053,2012,487,1783,448,1572,39,211
16053,2013,389,1329,479,1691,-90,-362
16053,2014,264,906,338,1165,-74,-259
16053,2015,368,1245,428,1437,-60,-192
16053,2016,536,1768,526,1767,10,1
16053,2017,372,1182,398,1291,-26,-109
16053,2018,337,1103,407,1277,-70,-174
16053,2019,416,1380,460,1502,-44,-122
16053,2020,423,1285,402,1194,21,91
16053,2021,363,1090,358,1056,5,34
16055,2011,2652,7852,2359,6802,293,1050
16055,2012,2981,8865,2254,6463,727,2402
16055,2013,2351,6887,1889,5360,462,1527
16055,2014,1577,4449,1452,4066,125,383
16055,2015,2760,8105,1987,5611,773,2494
16055,2016,4592,13934,2759,7984,1833,5950
16055,2017,3550,10564,2316,6527,1234,4037
16055,2018,3638,10664,2252,6216,1386,4448
16055,2019,4750,14880,2345,6889,2405,7991
16055,2020,4848,14604,2762,7896,2086,6708
16055,2021,4234,12477,2880,8073,1354,4404
16057,2011,594,1625,685,1927,-91,-302
16057,2012,633,1757,828,2244,-195,-487
16057,2013,447,1214,606,1625,-159,-411
16057,2014,327,863,411,1084,-84,-221
16057,2015,521,1396,666,1805,-145,-409
16057,2016,683,1886,906,2451,-223,-565
16057,2017,521,1380,696,1848,-175,-468
16057,2018,538,1396,646,1709,-108,-313
16057,2019,611,1680,687,1821,-76,-141
16057,2020,524,1400,764,1956,-240,-556
16057,2021,552,1466,712,1828,-160,-362
16059,2012,30,88,24,69,6,19
16059,2020,31,85,20,50,11,35
16059,2021,22,65,NA,NA,NA,NA
16061,2011,83,264,281,899,-198,-635
16061,2012,74,235,71,216,3,19
16061,2013,23,84,69,207,-46,-123
16061,2014,49,148,65,226,-16,-78
16061,2015,66,201,58,178,8,23
16061,2016,91,286,84,283,7,3
16061,2017,62,183,72,222,-10,-39
16061,2018,59,180,77,250,-18,-70
16061,2019,82,254,70,204,12,50
16061,2020,82,244,76,249,6,-5
16061,2021,52,153,76,240,-24,-87
16063,2011,96,353,103,365,-7,-12
16063,2012,110,407,107,419,3,-12
16063,2013,47,184,61,214,-14,-30
16063,2014,45,172,28,97,17,75
16063,2015,48,206,59,212,-11,-6
16063,2016,55,170,94,345,-39,-175
16063,2018,49,151,52,196,-3,-45
16063,2019,47,140,62,210,-15,-70
16063,2020,81,239,59,184,22,55
16063,2021,62,210,58,160,4,50
16065,2011,562,1957,922,3257,-360,-1300
16065,2012,501,1781,1073,3725,-572,-1944
16065,2013,476,1667,874,3069,-398,-1402
16065,2014,337,1095,577,1978,-240,-883
16065,2015,528,1895,1099,3856,-571,-1961
16065,2016,775,2705,1558,5577,-783,-2872
16065,2017,577,1940,1224,4114,-647,-2174
16065,2018,657,2265,1194,3955,-537,-1690
16065,2019,770,2709,1364,4620,-594,-1911
16065,2020,941,2972,1352,4285,-411,-1313
16065,2021,961,3018,1507,4640,-546,-1622
16067,2011,332,1130,372,1356,-40,-226
16067,2012,354,1237,368,1300,-14,-63
16067,2013,267,937,372,1272,-105,-335
16067,2014,221,776,236,769,-15,7
16067,2015,301,1047,290,1009,11,38
16067,2016,297,1032,386,1311,-89,-279
16067,2017,327,1099,306,977,21,122
16067,2018,281,919,312,1044,-31,-125
16067,2019,369,1302,359,1201,10,101
16067,2020,390,1200,313,1009,77,191
16067,2021,342,1094,299,925,43,169
16069,2011,680,1934,714,2052,-34,-118
16069,2012,721,2086,704,2019,17,67
16069,2013,606,1689,604,1721,2,-32
16069,2014,491,1407,520,1447,-29,-40
16069,2015,696,1949,699,1967,-3,-18
16069,2016,855,2360,905,2625,-50,-265
16069,2017,693,1929,715,1982,-22,-53
16069,2018,645,1867,679,1874,-34,-7
16069,2019,706,2032,781,2214,-75,-182
16069,2020,729,2022,673,1826,56,196
16069,2021,679,1900,684,1852,-5,48
16071,2012,24,77,38,119,-14,-42
16071,2017,25,98,NA,NA,NA,NA
16071,2021,47,163,NA,NA,NA,NA
16073,2011,205,807,235,832,-30,-25
16073,2012,215,770,234,824,-19,-54
16073,2013,199,680,196,699,3,-19
16073,2014,149,542,174,583,-25,-41
16073,2015,198,719,217,725,-19,-6
16073,2016,298,1061,277,912,21,149
16073,2017,257,845,258,829,-1,16
16073,2018,259,860,208,689,51,171
16073,2019,268,845,218,711,50,134
16073,2020,333,1084,232,710,101,374
16073,2021,304,944,243,702,61,242
16075,2011,369,1303,415,1389,-46,-86
16075,2012,413,1368,374,1268,39,100
16075,2013,363,1169,350,1159,13,10
16075,2014,301,984,309,995,-8,-11
16075,2015,405,1314,386,1241,19,73
16075,2016,517,1738,462,1526,55,212
16075,2017,493,1635,411,1306,82,329
16075,2018,453,1530,369,1165,84,365
16075,2019,557,1836,407,1279,150,557
16075,2020,611,1876,415,1233,196,643
16075,2021,590,1845,473,1440,117,405
16077,2011,85,302,117,410,-32,-108
16077,2012,87,300,125,414,-38,-114
16077,2013,107,372,104,355,3,17
16077,2014,92,331,61,192,31,139
16077,2015,82,274,95,302,-13,-28
16077,2016,89,329,127,413,-38,-84
16077,2017,109,365,84,272,25,93
16077,2018,93,276,102,333,-9,-57
16077,2019,104,398,79,245,25,153
16077,2020,105,333,74,213,31,120
16077,2021,67,197,118,364,-51,-167
16079,2011,160,453,137,404,23,49
16079,2012,107,320,139,421,-32,-101
16079,2013,86,261,120,369,-34,-108
16079,2014,75,230,81,231,-6,-1
16079,2015,77,243,142,399,-65,-156
16079,2016,172,498,152,445,20,53
16079,2017,186,534,133,379,53,155
16079,2018,136,370,123,360,13,10
16079,2019,180,570,157,457,23,113
16079,2020,198,572,121,332,77,240
16079,2021,187,534,104,280,83,254
16081,2011,112,338,101,360,11,-22
16081,2012,146,480,88,287,58,193
16081,2013,82,254,97,305,-15,-51
16081,2014,75,242,72,248,3,-6
16081,2015,82,252,43,135,39,117
16081,2016,152,445,86,290,66,155
16081,2017,136,423,97,306,39,117
16081,2018,125,350,80,261,45,89
16081,2019,140,410,68,206,72,204
16081,2020,177,467,75,205,102,262
16081,2021,165,432,109,310,56,122
16083,2011,1300,4190,1306,4063,-6,127
16083,2012,1338,4447,1332,4141,6,306
16083,2013,1206,3889,1021,3268,185,621
16083,2014,853,2711,862,2599,-9,112
16083,2015,1192,3825,1182,3701,10,124
16083,2016,1726,5483,1499,4647,227,836
16083,2017,1209,3629,1181,3660,28,-31
16083,2018,1210,3624,1035,3103,175,521
16083,2019,1439,4599,1155,3716,284,883
16083,2020,1648,4910,1242,3758,406,1152
16083,2021,1434,4249,1135,3203,299,1046
16085,2011,159,469,183,542,-24,-73
16085,2012,164,475,160,474,4,1
16085,2013,167,510,143,393,24,117
16085,2014,119,331,109,288,10,43
16085,2015,190,549,163,467,27,82
16085,2016,303,891,193,540,110,351
16085,2017,230,659,168,475,62,184
16085,2018,167,489,174,488,-7,1
16085,2019,263,813,164,466,99,347
16085,2020,246,722,200,551,46,171
16085,2021,213,612,191,495,22,117
16087,2011,111,381,145,477,-34,-96
16087,2012,97,342,136,437,-39,-95
16087,2013,118,382,139,448,-21,-66
16087,2014,85,279,105,325,-20,-46
16087,2015,115,391,122,358,-7,33
16087,2016,154,508,113,354,41,154
16087,2017,113,353,155,479,-42,-126
16087,2018,126,395,121,390,5,5
16087,2019,191,609,166,483,25,126
16087,2020,208,637,139,396,69,241
16087,2021,185,618,132,386,53,232
17001,2011,487,1343,407,1137,80,206
17001,2012,438,1225,443,1228,-5,-3
17001,2013,327,919,337,943,-10,-24
17001,2014,222,618,233,636,-11,-18
17001,2015,302,827,371,1047,-69,-220
17001,2016,445,1264,535,1523,-90,-259
17001,2017,313,864,391,1097,-78,-233
17001,2018,322,908,380,1014,-58,-106
17001,2019,322,888,421,1190,-99,-302
17001,2020,312,835,302,847,10,-12
17001,2021,320,895,369,1030,-49,-135
17003,2011,93,299,132,410,-39,-111
17003,2012,54,174,105,343,-51,-169
17003,2013,47,135,53,149,-6,-14
17003,2014,22,71,30,96,-8,-25
17003,2015,26,77,77,242,-51,-165
17003,2016,40,120,89,279,-49,-159
17003,2017,35,116,51,175,-16,-59
17003,2018,24,72,61,190,-37,-118
17003,2019,26,84,49,155,-23,-71
17003,2020,22,59,35,97,-13,-38
17003,2021,33,103,39,121,-6,-18
17005,2011,205,609,234,703,-29,-94
17005,2012,202,608,213,662,-11,-54
17005,2013,172,496,196,600,-24,-104
17005,2014,64,188,144,454,-80,-266
17005,2015,183,557,198,563,-15,-6
17005,2016,303,922,240,689,63,233
17005,2017,178,533,195,554,-17,-21
17005,2018,154,424,168,505,-14,-81
17005,2019,163,519,184,531,-21,-12
17005,2020,223,626,247,640,-24,-14
17005,2021,206,588,198,538,8,50
17007,2011,1109,3570,1060,3332,49,238
17007,2012,1139,3580,1109,3503,30,77
17007,2013,1036,3363,988,2937,48,426
17007,2014,809,2519,774,2220,35,299
17007,2015,1045,3200,996,2879,49,321
17007,2016,1605,5080,1429,4209,176,871
17007,2017,1215,3747,1076,3176,139,571
17007,2018,1105,3338,1028,2965,77,373
17007,2019,1130,3479,1119,3231,11,248
17007,2020,1349,3999,1027,2809,322,1190
17007,2021,1239,3648,1005,2780,234,868
17009,2011,36,89,48,130,-12,-41
17009,2012,59,194,64,192,-5,2
17009,2013,28,85,26,78,2,7
17009,2015,21,55,NA,NA,NA,NA
17009,2016,35,108,41,117,-6,-9
17009,2017,25,64,34,97,-9,-33
17009,2018,29,72,25,78,4,-6
17009,2019,20,61,27,64,-7,-3
17009,2020,108,232,30,75,78,157
17009,2021,20,54,59,142,-39,-88
17011,2011,408,1173,496,1385,-88,-212
17011,2012,522,1485,422,1250,100,235
17011,2013,274,801,384,1085,-110,-284
17011,2014,179,500,252,693,-73,-193
17011,2015,384,1141,349,967,35,174
17011,2016,535,1532,442,1236,93,296
17011,2017,372,1002,379,1116,-7,-114
17011,2018,348,986,360,963,-12,23
17011,2019,410,1159,386,1091,24,68
17011,2020,390,1062,336,933,54,129
17011,2021,334,899,360,987,-26,-88
17013,2011,21,64,39,108,-18,-44
17013,2012,29,93,31,88,-2,5
17013,2016,31,82,NA,NA,NA,NA
17013,2017,24,66,49,129,-25,-63
17013,2020,20,50,NA,NA,NA,NA
17015,2011,191,522,193,551,-2,-29
17015,2012,186,531,195,538,-9,-7
17015,2013,115,324,156,438,-41,-114
17015,2014,56,148,110,304,-54,-156
17015,2015,99,308,179,481,-80,-173
17015,2016,209,581,209,589,0,-8
17015,2017,144,398,148,406,-4,-8
17015,2018,152,451,123,340,29,111
17015,2019,171,485,182,526,-11,-41
17015,2020,194,555,168,422,26,133
17015,2021,176,497,133,375,43,122
17017,2011,151,448,196,552,-45,-104
17017,2012,138,437,203,595,-65,-158
17017,2013,119,320,177,542,-58,-222
17017,2014,94,282,84,227,10,55
17017,2015,122,359,133,386,-11,-27
17017,2016,177,506,208,621,-31,-115
17017,2017,114,350,135,390,-21,-40
17017,2018,106,309,125,348,-19,-39
17017,2019,121,356,154,463,-33,-107
17017,2020,107,298,146,383,-39,-85
17017,2021,100,278,147,414,-47,-136
17019,2011,2948,8251,3538,9581,-590,-1330
17019,2012,2980,8099,3692,10176,-712,-2077
17019,2013,1928,5114,2649,7079,-721,-1965
17019,2014,1567,4097,1563,4127,4,-30
17019,2015,2187,5842,2859,7635,-672,-1793
17019,2016,3061,8280,5107,13371,-2046,-5091
17019,2017,2181,5838,3245,8369,-1064,-2531
17019,2018,2242,5874,2973,7573,-731,-1699
17019,2019,2463,6591,3378,8776,-915,-2185
17019,2020,2482,6455,3290,8357,-808,-1902
17019,2021,2500,6393,3861,9696,-1361,-3303
17021,2011,372,1077,406,1175,-34,-98
17021,2012,388,1122,379,1098,9,24
17021,2013,320,906,410,1185,-90,-279
17021,2014,235,651,246,699,-11,-48
17021,2015,300,841,324,949,-24,-108
17021,2016,428,1230,398,1216,30,14
17021,2017,289,804,368,1029,-79,-225
17021,2018,321,897,337,932,-16,-35
17021,2019,307,908,326,970,-19,-62
17021,2020,327,905,342,954,-15,-49
17021,2021,282,771,273,740,9,31
17023,2011,165,494,187,533,-22,-39
17023,2012,186,561,177,538,9,23
17023,2013,160,481,145,426,15,55
17023,2014,83,237,97,274,-14,-37
17023,2015,147,423,131,373,16,50
17023,2016,206,600,215,641,-9,-41
17023,2017,140,419,122,369,18,50
17023,2018,112,339,168,475,-56,-136
17023,2019,167,489,194,552,-27,-63
17023,2020,140,420,164,454,-24,-34
17023,2021,131,366,129,378,2,-12
17025,2011,125,374,97,321,28,53
17025,2012,115,360,119,382,-4,-22
17025,2013,98,272,125,407,-27,-135
17025,2014,70,215,23,76,47,139
17025,2015,100,311,105,320,-5,-9
17025,2016,133,390,125,360,8,30
17025,2017,105,313,73,202,32,111
17025,2018,63,183,110,332,-47,-149
17025,2019,89,276,103,280,-14,-4
17025,2020,89,253,131,364,-42,-111
17025,2021,81,242,82,235,-1,7
17027,2011,468,1383,582,1694,-114,-311
17027,2012,533,1520,570,1624,-37,-104
17027,2013,471,1407,483,1411,-12,-4
17027,2014,322,990,316,860,6,130
17027,2015,464,1371,459,1280,5,91
17027,2016,684,2038,625,1828,59,210
17027,2017,510,1529,474,1405,36,124
17027,2018,423,1256,462,1268,-39,-12
17027,2019,475,1447,542,1553,-67,-106
17027,2020,462,1327,442,1249,20,78
17027,2021,483,1356,476,1296,7,60
17029,2011,636,1799,699,1937,-63,-138
17029,2012,636,1790,745,2085,-109,-295
17029,2013,486,1350,564,1503,-78,-153
17029,2014,405,1064,416,1128,-11,-64
17029,2015,561,1564,557,1513,4,51
17029,2016,601,1696,780,2158,-179,-462
17029,2017,525,1447,504,1413,21,34
17029,2018,476,1378,482,1319,-6,59
17029,2019,553,1573,601,1689,-48,-116
17029,2020,528,1444,546,1498,-18,-54
17029,2021,498,1364,544,1475,-46,-111
17031,2011,73245,196380,82490,232623,-9245,-36243
17031,2012,74516,199706,89322,254855,-14806,-55149
17031,2013,66251,175759,83701,237773,-17450,-62014
17031,2014,51371,134775,62148,175854,-10777,-41079
17031,2015,66860,173771,87724,249191,-20864,-75420
17031,2016,85504,222365,121186,342780,-35682,-120415
17031,2017,69484,178941,91213,254190,-21729,-75249
17031,2018,68597,175358,87363,239461,-18766,-64103
17031,2019,66974,171551,98195,273101,-31221,-101550
17031,2020,65569,163510,105474,286139,-39905,-122629
17031,2021,72689,176953,101224,272085,-28535,-95132
17033,2011,99,275,104,321,-5,-46
17033,2012,98,276,139,380,-41,-104
17033,2013,50,155,49,144,1,11
17033,2014,26,74,20,53,6,21
17033,2015,32,94,116,325,-84,-231
17033,2016,98,280,86,244,12,36
17033,2017,50,155,86,251,-36,-96
17033,2018,69,215,51,164,18,51
17033,2019,75,223,54,158,21,65
17033,2020,86,206,25,62,61,144
17033,2021,50,137,94,263,-44,-126
17035,2011,161,467,210,644,-49,-177
17035,2012,190,573,152,467,38,106
17035,2013,115,340,176,516,-61,-176
17035,2014,92,265,120,331,-28,-66
17035,2015,139,403,116,329,23,74
17035,2016,177,500,172,508,5,-8
17035,2017,104,310,161,460,-57,-150
17035,2018,147,414,126,331,21,83
17035,2019,140,406,142,421,-2,-15
17035,2020,168,478,119,333,49,145
17035,2021,105,287,96,268,9,19
17037,2011,2201,6337,2135,6047,66,290
17037,2012,2127,5929,2257,6364,-130,-435
17037,2013,1950,5639,1972,5388,-22,251
17037,2014,1450,4020,1436,3947,14,73
17037,2015,2064,5857,2084,5687,-20,170
17037,2016,2805,8015,2817,7867,-12,148
17037,2017,2207,6242,2067,5588,140,654
17037,2018,2064,5878,2054,5462,10,416
17037,2019,2177,6251,2144,5938,33,313
17037,2020,2231,6148,1986,5305,245,843
17037,2021,2178,5911,1943,5071,235,840
17039,2011,279,828,194,572,85,256
17039,2012,248,715,239,699,9,16
17039,2013,205,599,218,653,-13,-54
17039,2014,119,346,145,413,-26,-67
17039,2015,203,606,197,544,6,62
17039,2016,271,817,315,933,-44,-116
17039,2017,214,590,188,558,26,32
17039,2018,214,633,192,539,22,94
17039,2019,216,630,188,547,28,83
17039,2020,215,623,207,552,8,71
17039,2021,222,632,211,586,11,46
17041,2011,296,855,312,893,-16,-38
17041,2012,323,911,297,833,26,78
17041,2013,234,653,237,751,-3,-98
17041,2014,192,551,229,656,-37,-105
17041,2015,273,741,257,782,16,-41
17041,2016,350,1015,339,1018,11,-3
17041,2017,237,706,296,848,-59,-142
17041,2018,272,809,262,786,10,23
17041,2019,269,784,280,839,-11,-55
17041,2020,274,737,256,714,18,23
17041,2021,280,807,275,778,5,29
17043,2011,21943,64288,24078,69385,-2135,-5097
17043,2012,23976,70876,25529,74025,-1553,-3149
17043,2013,20771,60761,23095,66540,-2324,-5779
17043,2014,14992,43461,17068,47741,-2076,-4280
17043,2015,21586,62152,24848,70834,-3262,-8682
17043,2016,29602,86132,33903,97630,-4301,-11498
17043,2017,21991,62178,25574,71623,-3583,-9445
17043,2018,20934,58245,24400,67608,-3466,-9363
17043,2019,23054,64901,25957,72923,-2903,-8022
17043,2020,23557,64661,26559,73560,-3002,-8899
17043,2021,23163,62835,25904,70412,-2741,-7577
17045,2011,143,391,179,534,-36,-143
17045,2012,158,464,194,569,-36,-105
17045,2013,138,405,121,344,17,61
17045,2014,120,356,150,428,-30,-72
17045,2015,135,375,140,401,-5,-26
17045,2016,188,543,196,543,-8,0
17045,2017,133,373,114,328,19,45
17045,2018,122,339,169,500,-47,-161
17045,2019,102,325,147,437,-45,-112
17045,2020,130,374,148,401,-18,-27
17045,2021,134,382,125,333,9,49
17047,2011,100,300,94,295,6,5
17047,2012,92,283,96,264,-4,19
17047,2013,27,96,76,233,-49,-137
17047,2015,32,95,43,140,-11,-45
17047,2016,82,236,101,302,-19,-66
17047,2017,72,207,47,140,25,67
17047,2018,50,151,63,177,-13,-26
17047,2019,47,124,91,263,-44,-139
17047,2021,45,115,20,55,25,60
17049,2011,345,1010,347,978,-2,32
17049,2012,372,1062,362,1056,10,6
17049,2013,338,965,282,802,56,163
17049,2014,232,655,201,555,31,100
17049,2015,304,820,299,857,5,-37
17049,2016,348,1020,460,1343,-112,-323
17049,2017,302,857,276,797,26,60
17049,2018,259,739,267,752,-8,-13
17049,2019,303,861,312,882,-9,-21
17049,2020,245,654,286,788,-41,-134
17049,2021,275,736,314,877,-39,-141
17051,2011,217,663,285,881,-68,-218
17051,2012,179,553,237,708,-58,-155
17051,2013,195,623,261,738,-66,-115
17051,2014,99,283,83,246,16,37
17051,2015,117,339,162,476,-45,-137
17051,2016,243,751,260,767,-17,-16
17051,2017,120,349,172,523,-52,-174
17051,2018,176,519,188,558,-12,-39
17051,2019,209,624,175,513,34,111
17051,2020,134,365,166,485,-32,-120
17051,2021,215,611,174,514,41,97
17053,2011,248,721,246,712,2,9
17053,2012,242,725,241,708,1,17
17053,2013,176,516,228,620,-52,-104
17053,2014,120,341,127,337,-7,4
17053,2015,197,597,196,545,1,52
17053,2016,292,898,269,775,23,123
17053,2017,185,533,188,530,-3,3
17053,2018,220,652,227,650,-7,2
17053,2019,206,627,204,597,2,30
17053,2020,210,587,223,615,-13,-28
17053,2021,173,482,227,629,-54,-147
17055,2011,403,1233,444,1327,-41,-94
17055,2012,448,1319,479,1382,-31,-63
17055,2013,385,1149,370,1108,15,41
17055,2014,264,762,299,882,-35,-120
17055,2015,346,1040,373,1110,-27,-70
17055,2016,527,1606,497,1519,30,87
17055,2017,422,1287,375,1154,47,133
17055,2018,370,1134,401,1190,-31,-56
17055,2019,435,1249,470,1379,-35,-130
17055,2020,437,1270,382,1071,55,199
17055,2021,480,1375,465,1289,15,86
17057,2011,366,1020,431,1244,-65,-224
17057,2012,360,1022,397,1132,-37,-110
17057,2013,303,903,314,896,-11,7
17057,2014,225,633,244,696,-19,-63
17057,2015,316,914,308,816,8,98
17057,2016,389,1154,463,1337,-74,-183
17057,2017,268,765,302,891,-34,-126
17057,2018,286,825,297,845,-11,-20
17057,2019,288,813,331,922,-43,-109
17057,2020,414,1112,353,950,61,162
17057,2021,302,801,346,904,-44,-103
17059,2011,44,148,52,162,-8,-14
17059,2012,37,114,66,193,-29,-79
17059,2013,35,112,33,100,2,12
17059,2014,26,77,25,83,1,-6
17059,2015,33,103,51,161,-18,-58
17059,2016,72,234,65,192,7,42
17059,2019,26,80,32,89,-6,-9
17059,2020,28,79,24,58,4,21
17059,2021,22,58,28,74,-6,-16
17061,2011,141,422,173,519,-32,-97
17061,2012,162,491,159,451,3,40
17061,2013,99,305,127,389,-28,-84
17061,2014,77,231,107,311,-30,-80
17061,2015,81,245,116,322,-35,-77
17061,2016,164,507,160,479,4,28
17061,2017,97,293,199,592,-102,-299
17061,2018,128,385,220,652,-92,-267
17061,2019,96,284,159,471,-63,-187
17061,2020,127,373,118,316,9,57
17061,2021,133,379,142,381,-9,-2
17063,2011,1193,3657,1116,3378,77,279
17063,2012,1262,3858,1013,3023,249,835
17063,2013,1076,3218,989,2869,87,349
17063,2014,844,2427,738,2097,106,330
17063,2015,1104,3309,979,2886,125,423
17063,2016,1657,5036,1397,4108,260,928
17063,2017,1349,4003,1015,2974,334,1029
17063,2018,1241,3616,1106,3125,135,491
17063,2019,1395,4038,1101,3205,294,833
17063,2020,1454,4188,1063,3019,391,1169
17063,2021,1358,3885,977,2661,381,1224
17065,2011,87,287,82,253,5,34
17065,2012,83,274,80,242,3,32
17065,2013,21,63,20,60,1,3
17065,2014,21,70,50,163,-29,-93
17065,2015,44,146,93,291,-49,-145
17065,2016,79,233,84,257,-5,-24
17065,2017,23,69,47,159,-24,-90
17065,2018,20,75,45,136,-25,-61
17065,2019,46,136,68,223,-22,-87
17065,2020,48,143,59,161,-11,-18
17065,2021,57,172,55,151,2,21
17067,2011,157,448,220,635,-63,-187
17067,2012,164,492,210,603,-46,-111
17067,2013,160,471,157,463,3,8
17067,2014,136,415,138,395,-2,20
17067,2015,177,556,164,483,13,73
17067,2016,189,548,239,659,-50,-111
17067,2017,135,400,179,500,-44,-100
17067,2018,139,378,149,426,-10,-48
17067,2019,147,417,210,590,-63,-173
17067,2020,145,388,145,402,0,-14
17067,2021,158,452,175,471,-17,-19
17069,2011,13,46,45,136,-32,-90
17069,2012,23,68,28,81,-5,-13
17071,2011,59,171,95,260,-36,-89
17071,2012,70,183,93,271,-23,-88
17071,2013,36,104,50,140,-14,-36
17071,2014,33,101,36,93,-3,8
17071,2015,27,77,66,194,-39,-117
17071,2016,71,195,78,222,-7,-27
17071,2017,52,151,58,150,-6,1
17071,2018,54,172,45,125,9,47
17071,2019,62,182,77,226,-15,-44
17071,2020,44,129,76,233,-32,-104
17071,2021,58,159,30,80,28,79
17073,2011,634,1826,720,2108,-86,-282
17073,2012,661,1936,762,2165,-101,-229
17073,2013,634,1828,601,1680,33,148
17073,2014,433,1256,460,1224,-27,32
17073,2015,669,1926,641,1814,28,112
17073,2016,868,2639,873,2434,-5,205
17073,2017,663,1929,607,1676,56,253
17073,2018,664,1913,617,1715,47,198
17073,2019,667,1941,649,1876,18,65
17073,2020,628,1753,597,1628,31,125
17073,2021,639,1798,634,1695,5,103
17075,2011,349,1052,380,1083,-31,-31
17075,2012,395,1216,403,1189,-8,27
17075,2013,356,1033,372,1052,-16,-19
17075,2014,253,749,269,743,-16,6
17075,2015,345,1013,356,1019,-11,-6
17075,2016,439,1351,512,1474,-73,-123
17075,2017,330,1006,346,987,-16,19
17075,2018,283,829,334,932,-51,-103
17075,2019,370,1086,342,973,28,113
17075,2020,355,1014,302,833,53,181
17075,2021,338,940,352,959,-14,-19
17077,2011,917,2463,1168,3103,-251,-640
17077,2012,922,2518,1245,3293,-323,-775
17077,2013,613,1712,864,2309,-251,-597
17077,2014,496,1350,622,1726,-126,-376
17077,2015,659,1829,919,2367,-260,-538
17077,2016,747,2085,1273,3466,-526,-1381
17077,2017,588,1623,796,2141,-208,-518
17077,2018,569,1645,743,2024,-174,-379
17077,2019,631,1828,851,2306,-220,-478
17077,2020,689,1842,764,2042,-75,-200
17077,2021,600,1636,867,2243,-267,-607
17079,2011,77,220,100,289,-23,-69
17079,2012,89,266,93,258,-4,8
17079,2013,39,113,41,114,-2,-1
17079,2014,25,68,31,87,-6,-19
17079,2015,58,161,84,253,-26,-92
17079,2016,142,414,97,271,45,143
17079,2017,64,189,76,215,-12,-26
17079,2018,33,94,55,154,-22,-60
17079,2019,61,172,99,292,-38,-120
17079,2020,47,137,29,75,18,62
17079,2021,55,148,66,178,-11,-30
17081,2011,384,1124,405,1186,-21,-62
17081,2012,475,1427,384,1099,91,328
17081,2013,251,738,323,978,-72,-240
17081,2014,217,645,212,627,5,18
17081,2015,276,785,249,719,27,66
17081,2016,357,1024,457,1391,-100,-367
17081,2017,249,727,282,845,-33,-118
17081,2018,272,818,260,765,12,53
17081,2019,320,921,342,1027,-22,-106
17081,2020,416,1106,331,948,85,158
17081,2021,286,814,305,848,-19,-34
17083,2011,350,1061,349,1000,1,61
17083,2012,305,905,388,1127,-83,-222
17083,2013,293,905,283,829,10,76
17083,2014,239,684,235,656,4,28
17083,2015,265,802,330,972,-65,-170
17083,2016,403,1242,456,1305,-53,-63
17083,2017,324,950,370,1019,-46,-69
17083,2018,498,1453,295,840,203,613
17083,2019,330,957,347,967,-17,-10
17083,2020,377,1085,348,974,29,111
17083,2021,299,834,321,879,-22,-45
17085,2011,245,719,212,602,33,117
17085,2012,295,853,276,788,19,65
17085,2013,258,739,260,734,-2,5
17085,2014,155,420,178,450,-23,-30
17085,2015,262,765,199,538,63,227
17085,2016,386,1048,344,926,42,122
17085,2017,238,648,229,605,9,43
17085,2018,215,600,194,505,21,95
17085,2019,312,864,256,692,56,172
17085,2020,233,624,215,575,18,49
17085,2021,235,634,245,656,-10,-22
17087,2011,208,638,156,500,52,138
17087,2012,141,421,156,453,-15,-32
17087,2013,67,194,104,300,-37,-106
17087,2014,49,151,54,160,-5,-9
17087,2015,94,307,76,229,18,78
17087,2016,129,397,82,231,47,166
17087,2017,89,276,79,229,10,47
17087,2018,86,275,68,196,18,79
17087,2019,92,284,83,240,9,44
17087,2020,151,382,131,354,20,28
17087,2021,108,316,128,335,-20,-19
17089,2011,11015,34731,10607,33160,408,1571
17089,2012,11473,35736,11576,36097,-103,-361
17089,2013,10330,31784,9862,30540,468,1244
17089,2014,7594,23042,7188,21444,406,1598
17089,2015,10374,31278,10215,30250,159,1028
17089,2016,15130,45690,14524,43472,606,2218
17089,2017,11313,33225,11113,32513,200,712
17089,2018,10546,30626,10775,30978,-229,-352
17089,2019,11939,34528,11480,33410,459,1118
17089,2020,11724,33259,11751,32899,-27,360
17089,2021,11509,32109,11618,31727,-109,382
17091,2011,1068,3176,1317,3799,-249,-623
17091,2012,1174,3479,1239,3622,-65,-143
17091,2013,1060,3023,1075,3098,-15,-75
17091,2014,759,2184,752,2075,7,109
17091,2015,1025,3009,1069,3034,-44,-25
17091,2016,1582,4585,1387,4046,195,539
17091,2017,1220,3550,1101,3088,119,462
17091,2018,1072,3052,1038,2848,34,204
17091,2019,1173,3371,1121,3123,52,248
17091,2020,1293,3646,1069,2909,224,737
17091,2021,1289,3562,1059,2848,230,714
17093,2011,3369,10729,3409,10919,-40,-190
17093,2012,3645,11553,3144,9888,501,1665
17093,2013,3367,10574,2731,8370,636,2204
17093,2014,2384,7278,1903,5632,481,1646
17093,2015,3614,11364,2776,8350,838,3014
17093,2016,5389,17249,4022,12349,1367,4900
17093,2017,3924,12329,2998,8920,926,3409
17093,2018,3835,11732,2941,8659,894,3073
17093,2019,4373,13650,3029,8930,1344,4720
17093,2020,4508,13408,3002,8675,1506,4733
17093,2021,4323,12634,2898,8094,1425,4540
17095,2011,568,1641,544,1530,24,111
17095,2012,506,1475,541,1522,-35,-47
17095,2013,397,1140,426,1237,-29,-97
17095,2014,229,646,271,731,-42,-85
17095,2015,339,945,412,1149,-73,-204
17095,2016,591,1708,575,1623,16,85
17095,2017,430,1243,462,1316,-32,-73
17095,2018,345,959,441,1227,-96,-268
17095,2019,375,1048,539,1502,-164,-454
17095,2020,517,1345,514,1427,3,-82
17095,2021,391,1087,476,1245,-85,-158
17097,2011,12231,36464,13690,39692,-1459,-3228
17097,2012,13794,41955,14717,42769,-923,-814
17097,2013,11409,34398,13279,38053,-1870,-3655
17097,2014,7926,23395,9409,25885,-1483,-2490
17097,2015,11425,34473,13227,37331,-1802,-2858
17097,2016,16299,49127,18809,53967,-2510,-4840
17097,2017,12000,35165,14089,39302,-2089,-4137
17097,2018,11513,33294,13532,37110,-2019,-3816
17097,2019,13160,38417,14440,40143,-1280,-1726
17097,2020,13679,39513,14485,40038,-806,-525
17097,2021,12957,36826,14746,39705,-1789,-2879
17099,2011,1484,4313,1512,4305,-28,8
17099,2012,1528,4467,1623,4597,-95,-130
17099,2013,1381,3991,1290,3645,91,346
17099,2014,1073,3128,996,2683,77,445
17099,2015,1407,4069,1461,4205,-54,-136
17099,2016,1945,5677,1792,5113,153,564
17099,2017,1519,4480,1483,4093,36,387
17099,2018,1470,4141,1316,3671,154,470
17099,2019,1574,4473,1402,3958,172,515
17099,2020,1744,4863,1473,3970,271,893
17099,2021,1521,4253,1493,3909,28,344
17101,2011,144,464,131,377,13,87
17101,2012,128,385,148,431,-20,-46
17101,2013,73,221,106,322,-33,-101
17101,2014,68,189,68,202,0,-13
17101,2015,128,381,128,388,0,-7
17101,2016,157,465,194,572,-37,-107
17101,2017,120,338,131,394,-11,-56
17101,2018,106,302,103,296,3,6
17101,2019,120,352,112,319,8,33
17101,2020,171,399,171,468,0,-69
17101,2021,90,238,131,352,-41,-114
17103,2011,554,1578,555,1579,-1,-1
17103,2012,549,1603,560,1553,-11,50
17103,2013,467,1362,477,1365,-10,-3
17103,2014,261,737,329,911,-68,-174
17103,2015,521,1444,488,1378,33,66
17103,2016,731,2173,637,1794,94,379
17103,2017,548,1556,493,1369,55,187
17103,2018,448,1243,462,1280,-14,-37
17103,2019,577,1636,483,1337,94,299
17103,2020,735,1936,515,1388,220,548
17103,2021,602,1651,535,1409,67,242
17105,2011,411,1219,532,1518,-121,-299
17105,2012,461,1347,517,1461,-56,-114
17105,2013,354,1021,423,1189,-69,-168
17105,2014,280,761,285,790,-5,-29
17105,2015,368,1070,434,1160,-66,-90
17105,2016,616,1788,548,1541,68,247
17105,2017,433,1250,478,1389,-45,-139
17105,2018,430,1267,414,1167,16,100
17105,2019,442,1288,375,1105,67,183
17105,2020,562,1570,432,1211,130,359
17105,2021,505,1425,407,1109,98,316
17107,2011,323,944,379,1061,-56,-117
17107,2012,326,946,307,896,19,50
17107,2013,250,706,254,730,-4,-24
17107,2014,203,578,173,504,30,74
17107,2015,259,736,230,659,29,77
17107,2016,391,1157,363,1042,28,115
17107,2017,277,758,256,717,21,41
17107,2018,233,671,290,840,-57,-169
17107,2019,320,893,343,965,-23,-72
17107,2020,399,1049,283,764,116,285
17107,2021,277,741,327,864,-50,-123
17109,2011,306,828,364,948,-58,-120
17109,2012,307,829,416,1066,-109,-237
17109,2013,175,457,264,721,-89,-264
17109,2014,164,469,130,337,34,132
17109,2015,215,586,261,702,-46,-116
17109,2016,298,815,414,1111,-116,-296
17109,2017,187,521,235,629,-48,-108
17109,2018,130,383,240,625,-110,-242
17109,2019,227,612,208,541,19,71
17109,2020,200,556,205,543,-5,13
17109,2021,246,668,256,641,-10,27
17111,2011,5367,15768,5645,16355,-278,-587
17111,2012,5971,17609,6116,17582,-145,27
17111,2013,5465,16069,5392,15425,73,644
17111,2014,3831,11004,3727,10178,104,826
17111,2015,5746,16648,5451,14902,295,1746
17111,2016,8737,25912,7688,21667,1049,4245
17111,2017,6231,17978,5789,15797,442,2181
17111,2018,5936,16855,5555,14878,381,1977
17111,2019,6743,19622,5883,15996,860,3626
17111,2020,7154,20303,6001,16026,1153,4277
17111,2021,6845,19078,5945,15525,900,3553
17113,2011,2600,7178,2439,6733,161,445
17113,2012,2588,7289,2722,7620,-134,-331
17113,2013,1750,4780,2345,6629,-595,-1849
17113,2014,1202,3167,1425,3892,-223,-725
17113,2015,1925,5220,2165,6049,-240,-829
17113,2016,2563,7170,3088,8854,-525,-1684
17113,2017,1833,4991,2228,6295,-395,-1304
17113,2018,1713,4651,1968,5388,-255,-737
17113,2019,1900,5176,2043,5525,-143,-349
17113,2020,2002,5299,2120,5601,-118,-302
17113,2021,2073,5247,2117,5627,-44,-380
17115,2011,952,2714,1148,3290,-196,-576
17115,2012,948,2746,1243,3603,-295,-857
17115,2013,692,2004,961,2746,-269,-742
17115,2014,530,1484,551,1533,-21,-49
17115,2015,715,2096,940,2638,-225,-542
17115,2016,905,2616,1269,3717,-364,-1101
17115,2017,707,2035,870,2516,-163,-481
17115,2018,693,1978,770,2215,-77,-237
17115,2019,763,2214,855,2465,-92,-251
17115,2020,774,2142,899,2586,-125,-444
17115,2021,723,1978,808,2191,-85,-213
17117,2011,638,1914,767,2323,-129,-409
17117,2012,725,2190,734,2100,-9,90
17117,2013,575,1707,589,1723,-14,-16
17117,2014,404,1155,465,1331,-61,-176
17117,2015,649,1973,554,1578,95,395
17117,2016,908,2683,865,2494,43,189
17117,2017,708,2013,556,1541,152,472
17117,2018,525,1499,664,1897,-139,-398
17117,2019,686,1992,645,1818,41,174
17117,2020,660,1844,694,1920,-34,-76
17117,2021,705,1964,654,1782,51,182
17119,2011,3464,10062,3847,10713,-383,-651
17119,2012,3605,10328,3999,11161,-394,-833
17119,2013,3053,8792,3069,8698,-16,94
17119,2014,2165,6208,2309,6353,-144,-145
17119,2015,3076,8821,3028,8626,48,195
17119,2016,4313,12568,4564,12979,-251,-411
17119,2017,3250,9190,3242,8976,8,214
17119,2018,3120,8830,3358,9171,-238,-341
17119,2019,3487,9739,3576,9986,-89,-247
17119,2020,3494,9533,3651,9788,-157,-255
17119,2021,3545,9592,3443,9269,102,323
17121,2011,523,1528,479,1423,44,105
17121,2012,460,1346,519,1518,-59,-172
17121,2013,355,1127,368,1061,-13,66
17121,2014,237,686,232,680,5,6
17121,2015,328,968,384,1131,-56,-163
17121,2016,439,1328,511,1480,-72,-152
17121,2017,287,878,346,1015,-59,-137
17121,2018,318,923,327,982,-9,-59
17121,2019,351,1060,410,1250,-59,-190
17121,2020,449,1227,393,1140,56,87
17121,2021,366,1072,399,1116,-33,-44
17123,2011,234,703,232,675,2,28
17123,2012,214,684,216,666,-2,18
17123,2013,179,496,178,516,1,-20
17123,2014,106,306,122,384,-16,-78
17123,2015,196,582,170,451,26,131
17123,2016,233,699,281,806,-48,-107
17123,2017,174,531,161,455,13,76
17123,2018,170,485,158,449,12,36
17123,2019,202,561,230,651,-28,-90
17123,2020,179,532,179,504,0,28
17123,2021,183,525,171,453,12,72
17125,2011,190,539,227,668,-37,-129
17125,2012,239,746,214,612,25,134
17125,2013,143,402,183,523,-40,-121
17125,2014,79,241,136,367,-57,-126
17125,2015,108,311,153,427,-45,-116
17125,2016,273,831,252,717,21,114
17125,2017,175,514,179,506,-4,8
17125,2018,159,442,211,589,-52,-147
17125,2019,146,418,197,572,-51,-154
17125,2020,140,385,171,467,-31,-82
17125,2021,131,412,170,454,-39,-42
17127,2011,146,464,137,430,9,34
17127,2012,176,540,135,393,41,147
17127,2013,67,210,87,272,-20,-62
17127,2014,58,178,79,223,-21,-45
17127,2015,87,284,110,339,-23,-55
17127,2016,84,248,144,456,-60,-208
17127,2017,93,288,96,309,-3,-21
17127,2018,56,188,104,290,-48,-102
17127,2019,88,262,110,337,-22,-75
17127,2020,88,277,94,262,-6,15
17127,2021,85,239,95,275,-10,-36
17129,2011,206,646,220,633,-14,13
17129,2012,223,634,202,598,21,36
17129,2013,192,565,186,494,6,71
17129,2014,125,341,137,392,-12,-51
17129,2015,190,558,168,467,22,91
17129,2016,232,682,227,635,5,47
17129,2017,182,530,169,468,13,62
17129,2018,146,438,179,493,-33,-55
17129,2019,182,526,169,499,13,27
17129,2020,180,506,163,454,17,52
17129,2021,174,471,143,396,31,75
17131,2011,219,642,256,757,-37,-115
17131,2012,250,778,250,705,0,73
17131,2013,221,653,231,628,-10,25
17131,2014,99,290,164,443,-65,-153
17131,2015,221,647,224,626,-3,21
17131,2016,343,1048,250,717,93,331
17131,2017,222,657,257,703,-35,-46
17131,2018,202,620,211,570,-9,50
17131,2019,238,695,250,700,-12,-5
17131,2020,206,617,190,511,16,106
17131,2021,234,646,215,555,19,91
17133,2011,525,1550,531,1480,-6,70
17133,2012,614,1750,506,1375,108,375
17133,2013,526,1564,549,1516,-23,48
17133,2014,380,1089,373,980,7,109
17133,2015,561,1660,453,1242,108,418
17133,2016,816,2370,580,1597,236,773
17133,2017,583,1667,521,1428,62,239
17133,2018,519,1437,511,1350,8,87
17133,2019,614,1784,525,1384,89,400
17133,2020,521,1456,474,1302,47,154
17133,2021,543,1565,447,1138,96,427
17135,2011,374,1158,308,910,66,248
17135,2012,332,990,386,1136,-54,-146
17135,2013,293,866,306,872,-13,-6
17135,2014,165,448,169,465,-4,-17
17135,2015,250,734,260,770,-10,-36
17135,2016,319,935,393,1134,-74,-199
17135,2017,266,748,261,746,5,2
17135,2018,284,792,296,802,-12,-10
17135,2019,304,909,267,758,37,151
17135,2020,387,1041,303,820,84,221
17135,2021,287,783,311,857,-24,-74
17137,2011,350,1011,480,1458,-130,-447
17137,2012,396,1124,388,1121,8,3
17137,2013,305,916,311,908,-6,8
17137,2014,193,535,217,604,-24,-69
17137,2015,277,751,318,927,-41,-176
17137,2016,439,1262,441,1248,-2,14
17137,2017,236,658,328,937,-92,-279
17137,2018,294,830,317,896,-23,-66
17137,2019,352,1013,266,756,86,257
17137,2020,336,878,287,775,49,103
17137,2021,319,859,368,973,-49,-114
17139,2011,301,902,276,812,25,90
17139,2012,266,804,259,774,7,30
17139,2013,225,699,228,649,-3,50
17139,2014,158,454,155,432,3,22
17139,2015,205,621,213,636,-8,-15
17139,2016,289,871,269,823,20,48
17139,2017,223,691,216,615,7,76
17139,2018,147,436,178,574,-31,-138
17139,2019,234,728,162,509,72,219
17139,2020,196,595,191,563,5,32
17139,2021,201,595,201,595,0,0
17141,2011,789,2384,832,2423,-43,-39
17141,2012,874,2615,892,2586,-18,29
17141,2013,746,2166,712,2026,34,140
17141,2014,493,1433,513,1414,-20,19
17141,2015,790,2277,743,2082,47,195
17141,2016,1137,3347,1049,2949,88,398
17141,2017,844,2391,746,2075,98,316
17141,2018,735,2075,748,2021,-13,54
17141,2019,939,2716,768,2151,171,565
17141,2020,872,2479,784,2137,88,342
17141,2021,932,2586,734,2006,198,580
17143,2011,3298,9361,3426,9681,-128,-320
17143,2012,3156,8857,3611,10245,-455,-1388
17143,2013,2374,6665,2932,8285,-558,-1620
17143,2014,1754,4786,1774,4943,-20,-157
17143,2015,2384,6568,2878,8264,-494,-1696
17143,2016,3007,8397,4495,13135,-1488,-4738
17143,2017,2290,6291,2928,8276,-638,-1985
17143,2018,2174,6040,2770,7692,-596,-1652
17143,2019,2452,6854,2965,8312,-513,-1458
17143,2020,2322,6238,2953,8093,-631,-1855
17143,2021,2397,6421,2963,7986,-566,-1565
17145,2011,238,714,247,759,-9,-45
17145,2012,213,643,234,673,-21,-30
17145,2013,209,592,225,681,-16,-89
17145,2014,155,452,150,426,5,26
17145,2015,195,559,202,586,-7,-27
17145,2016,265,822,275,807,-10,15
17145,2017,181,550,241,715,-60,-165
17145,2018,186,551,232,699,-46,-148
17145,2019,198,603,220,631,-22,-28
17145,2020,260,666,220,598,40,68
17145,2021,202,573,217,585,-15,-12
17147,2011,300,855,314,907,-14,-52
17147,2012,311,935,271,764,40,171
17147,2013,288,882,207,602,81,280
17147,2014,174,505,174,466,0,39
17147,2015,289,871,224,621,65,250
17147,2016,396,1202,341,996,55,206
17147,2017,293,873,230,653,63,220
17147,2018,249,754,229,659,20,95
17147,2019,318,948,233,670,85,278
17147,2020,312,868,252,677,60,191
17147,2021,303,877,272,759,31,118
17149,2011,116,344,130,347,-14,-3
17149,2012,62,183,133,386,-71,-203
17149,2013,33,105,71,198,-38,-93
17149,2014,34,106,30,82,4,24
17149,2015,49,142,62,170,-13,-28
17149,2016,81,219,121,366,-40,-147
17149,2017,31,79,72,207,-41,-128
17149,2018,63,180,67,181,-4,-1
17149,2019,40,105,78,209,-38,-104
17149,2020,75,212,52,136,23,76
17149,2021,58,173,79,225,-21,-52
17151,2011,90,278,125,367,-35,-89
17151,2012,35,111,121,392,-86,-281
17151,2016,29,84,NA,NA,NA,NA
17153,2011,67,210,76,250,-9,-40
17153,2012,59,193,80,246,-21,-53
17153,2015,22,77,20,61,2,16
17153,2016,45,139,22,75,23,64
17155,2011,97,275,96,290,1,-15
17155,2012,100,303,114,324,-14,-21
17155,2013,83,247,89,236,-6,11
17155,2014,30,81,71,184,-41,-103
17155,2015,80,252,76,205,4,47
17155,2016,114,318,78,223,36,95
17155,2017,109,298,94,256,15,42
17155,2018,83,225,72,194,11,31
17155,2019,88,252,95,277,-7,-25
17155,2020,86,250,73,183,13,67
17155,2021,85,244,67,175,18,69
17157,2011,315,909,335,1002,-20,-93
17157,2012,312,915,352,986,-40,-71
17157,2013,263,793,284,775,-21,18
17157,2014,213,626,223,652,-10,-26
17157,2015,234,717,263,762,-29,-45
17157,2016,376,1133,387,1136,-11,-3
17157,2017,248,730,258,775,-10,-45
17157,2018,255,741,243,690,12,51
17157,2019,264,773,289,826,-25,-53
17157,2020,411,1046,217,591,194,455
17157,2021,209,566,279,729,-70,-163
17159,2011,125,379,134,401,-9,-22
17159,2012,120,355,111,310,9,45
17159,2013,66,196,31,87,35,109
17159,2015,83,261,55,160,28,101
17159,2016,119,349,108,308,11,41
17159,2017,64,183,67,187,-3,-4
17159,2018,48,137,23,68,25,69
17159,2019,95,262,82,245,13,17
17159,2020,67,199,78,216,-11,-17
17159,2021,76,220,46,135,30,85
17161,2011,1834,5287,2084,5946,-250,-659
17161,2012,1913,5438,2304,6729,-391,-1291
17161,2013,1624,4568,1836,5255,-212,-687
17161,2014,1092,3071,1368,3896,-276,-825
17161,2015,1516,4150,1934,5613,-418,-1463
17161,2016,2153,6099,2644,7683,-491,-1584
17161,2017,1712,4789,1897,5502,-185,-713
17161,2018,1548,4315,1945,5476,-397,-1161
17161,2019,1717,4864,2017,5719,-300,-855
17161,2020,1819,4959,1894,5231,-75,-272
17161,2021,1676,4529,1947,5406,-271,-877
17163,2011,3775,11575,4356,13039,-581,-1464
17163,2012,3755,11213,4530,13440,-775,-2227
17163,2013,2971,9039,3504,10381,-533,-1342
17163,2014,2178,6268,2523,7307,-345,-1039
17163,2015,3130,9370,3493,10352,-363,-982
17163,2016,4463,13593,5037,15307,-574,-1714
17163,2017,3351,9957,3594,10481,-243,-524
17163,2018,3069,8854,3782,10982,-713,-2128
17163,2019,3448,10106,3767,11117,-319,-1011
17163,2020,3470,9837,4055,11429,-585,-1592
17163,2021,3337,9397,3891,10942,-554,-1545
17165,2011,253,751,289,901,-36,-150
17165,2012,260,768,251,742,9,26
17165,2013,112,330,136,403,-24,-73
17165,2014,103,308,94,266,9,42
17165,2015,92,271,147,447,-55,-176
17165,2016,209,631,220,662,-11,-31
17165,2017,158,483,97,307,61,176
17165,2018,106,302,107,300,-1,2
17165,2019,124,388,171,514,-47,-126
17165,2020,84,241,148,428,-64,-187
17165,2021,139,376,140,377,-1,-1
17167,2011,2429,6799,2457,6796,-28,3
17167,2012,2485,6886,2633,7335,-148,-449
17167,2013,1980,5457,1955,5437,25,20
17167,2014,1382,3833,1341,3538,41,295
17167,2015,1924,5455,2051,5663,-127,-208
17167,2016,2517,6982,3041,8515,-524,-1533
17167,2017,1891,5132,2146,5832,-255,-700
17167,2018,1840,5017,1930,5255,-90,-238
17167,2019,1952,5424,2130,5845,-178,-421
17167,2020,1935,5174,2048,5534,-113,-360
17167,2021,1840,4865,2039,5259,-199,-394
17169,2011,68,187,54,140,14,47
17169,2012,109,313,89,277,20,36
17169,2013,59,160,29,75,30,85
17169,2015,25,70,53,161,-28,-91
17169,2016,81,243,73,217,8,26
17169,2017,24,74,51,138,-27,-64
17169,2018,22,76,23,77,-1,-1
17169,2019,57,204,53,148,4,56
17169,2020,38,104,74,195,-36,-91
17169,2021,57,162,46,127,11,35
17171,2011,140,446,55,172,85,274
17171,2012,70,222,78,225,-8,-3
17171,2013,47,143,58,171,-11,-28
17171,2014,28,80,36,104,-8,-24
17171,2015,38,101,50,143,-12,-42
17171,2016,50,154,71,199,-21,-45
17171,2017,52,168,44,120,8,48
17171,2018,41,115,48,146,-7,-31
17171,2019,51,147,42,120,9,27
17171,2020,34,91,60,170,-26,-79
17171,2021,52,135,49,139,3,-4
17173,2011,314,930,313,942,1,-12
17173,2012,308,951,366,1082,-58,-131
17173,2013,430,1287,361,1106,69,181
17173,2014,226,670,237,682,-11,-12
17173,2015,311,951,287,819,24,132
17173,2016,416,1262,365,1083,51,179
17173,2017,274,810,269,808,5,2
17173,2018,284,850,265,772,19,78
17173,2019,264,779,317,961,-53,-182
17173,2020,254,738,256,705,-2,33
17173,2021,295,842,261,712,34,130
17175,2011,64,195,99,295,-35,-100
17175,2012,95,268,80,246,15,22
17175,2013,35,97,69,187,-34,-90
17175,2014,47,130,50,140,-3,-10
17175,2015,57,173,57,162,0,11
17175,2016,73,222,75,231,-2,-9
17175,2017,29,78,70,199,-41,-121
17175,2018,63,160,71,201,-8,-41
17175,2019,69,216,77,248,-8,-32
17175,2020,57,162,54,135,3,27
17175,2021,64,174,54,142,10,32
17177,2011,474,1403,436,1243,38,160
17177,2012,510,1492,572,1641,-62,-149
17177,2013,399,1151,472,1315,-73,-164
17177,2014,305,875,371,1041,-66,-166
17177,2015,424,1272,378,1096,46,176
17177,2016,544,1579,616,1719,-72,-140
17177,2017,390,1130,466,1342,-76,-212
17177,2018,376,1091,469,1368,-93,-277
17177,2019,427,1232,441,1232,-14,0
17177,2020,409,1135,498,1359,-89,-224
17177,2021,458,1263,479,1292,-21,-29
17179,2011,2204,6271,2137,5996,67,275
17179,2012,2259,6372,2302,6563,-43,-191
17179,2013,1781,5027,1991,5605,-210,-578
17179,2014,1288,3533,1314,3593,-26,-60
17179,2015,1940,5601,1893,5312,47,289
17179,2016,2679,7750,2325,6636,354,1114
17179,2017,1833,5074,1827,5042,6,32
17179,2018,1824,5047,1674,4645,150,402
17179,2019,2029,5690,1803,5065,226,625
17179,2020,2037,5485,1714,4649,323,836
17179,2021,1895,5057,1647,4432,248,625
17181,2011,144,421,200,596,-56,-175
17181,2012,153,460,134,413,19,47
17181,2013,90,253,83,239,7,14
17181,2014,45,119,100,275,-55,-156
17181,2015,46,124,116,335,-70,-211
17181,2016,100,286,159,456,-59,-170
17181,2017,71,200,135,382,-64,-182
17181,2018,78,239,131,374,-53,-135
17181,2019,70,204,139,441,-69,-237
17181,2020,94,256,107,306,-13,-50
17181,2021,95,262,114,320,-19,-58
17183,2011,635,1938,710,2097,-75,-159
17183,2012,702,2066,770,2310,-68,-244
17183,2013,413,1256,514,1509,-101,-253
17183,2014,340,1042,347,1034,-7,8
17183,2015,421,1265,577,1736,-156,-471
17183,2016,537,1602,782,2380,-245,-778
17183,2017,461,1351,581,1744,-120,-393
17183,2018,410,1171,604,1793,-194,-622
17183,2019,483,1482,621,1803,-138,-321
17183,2020,517,1419,598,1743,-81,-324
17183,2021,404,1179,632,1790,-228,-611
17185,2011,89,263,117,340,-28,-77
17185,2012,84,267,114,315,-30,-48
17185,2013,77,241,65,181,12,60
17185,2014,45,131,28,86,17,45
17185,2015,43,131,68,189,-25,-58
17185,2016,84,235,120,336,-36,-101
17185,2017,27,75,98,270,-71,-195
17185,2018,42,123,123,356,-81,-233
17185,2019,81,235,109,315,-28,-80
17185,2020,50,142,62,168,-12,-26
17185,2021,26,70,31,76,-5,-6
17187,2011,262,817,245,715,17,102
17187,2012,196,597,236,675,-40,-78
17187,2013,159,464,161,479,-2,-15
17187,2014,85,230,73,213,12,17
17187,2015,160,462,152,438,8,24
17187,2016,184,503,241,712,-57,-209
17187,2017,149,414,179,518,-30,-104
17187,2018,168,486,155,461,13,25
17187,2019,177,543,197,583,-20,-40
17187,2020,159,471,170,463,-11,8
17187,2021,143,396,210,590,-67,-194
17189,2011,227,631,215,626,12,5
17189,2012,199,600,230,682,-31,-82
17189,2013,171,516,207,628,-36,-112
17189,2014,152,456,178,515,-26,-59
17189,2015,187,540,233,659,-46,-119
17189,2016,246,728,273,820,-27,-92
17189,2017,170,489,197,582,-27,-93
17189,2018,122,349,232,653,-110,-304
17189,2019,190,573,164,452,26,121
17189,2020,199,597,145,443,54,154
17189,2021,149,418,180,515,-31,-97
17191,2011,99,311,144,448,-45,-137
17191,2012,88,280,260,878,-172,-598
17191,2013,95,303,81,224,14,79
17191,2014,29,76,50,145,-21,-69
17191,2015,69,220,88,278,-19,-58
17191,2016,118,373,108,317,10,56
17191,2017,88,253,97,290,-9,-37
17191,2018,72,213,73,228,-1,-15
17191,2019,95,277,58,183,37,94
17191,2020,91,277,86,258,5,19
17191,2021,75,203,90,245,-15,-42
17193,2011,129,398,142,418,-13,-20
17193,2012,136,415,160,486,-24,-71
17193,2013,20,56,72,220,-52,-164
17193,2014,23,84,21,70,2,14
17193,2015,79,258,56,175,23,83
17193,2016,127,380,152,448,-25,-68
17193,2017,92,293,57,160,35,133
17193,2018,23,68,89,259,-66,-191
17193,2019,93,310,51,137,42,173
17193,2020,48,139,49,128,-1,11
17193,2021,42,119,69,175,-27,-56
17195,2011,649,1913,643,1818,6,95
17195,2012,633,1782,709,2005,-76,-223
17195,2013,515,1521,512,1482,3,39
17195,2014,347,971,405,1074,-58,-103
17195,2015,497,1390,590,1649,-93,-259
17195,2016,721,2020,801,2273,-80,-253
17195,2017,532,1486,487,1370,45,116
17195,2018,571,1599,581,1631,-10,-32
17195,2019,543,1587,668,1879,-125,-292
17195,2020,601,1661,566,1577,35,84
17195,2021,567,1573,571,1535,-4,38
17197,2011,13476,40992,13428,40285,48,707
17197,2012,14028,42762,14646,44015,-618,-1253
17197,2013,12548,38444,12887,38249,-339,195
17197,2014,9457,28484,9407,26955,50,1529
17197,2015,13372,40816,13252,38531,120,2285
17197,2016,19110,58232,18468,54401,642,3831
17197,2017,14428,43222,14426,41721,2,1501
17197,2018,13514,40045,14014,39853,-500,192
17197,2019,15033,45418,15067,43528,-34,1890
17197,2020,15869,46172,15232,42773,637,3399
17197,2021,15054,43656,15240,41531,-186,2125
17199,2011,1042,3006,866,2501,176,505
17199,2012,1086,3089,892,2557,194,532
17199,2013,815,2334,708,2033,107,301
17199,2014,646,1889,510,1415,136,474
17199,2015,788,2258,682,1983,106,275
17199,2016,1122,3288,996,2948,126,340
17199,2017,778,2310,739,2165,39,145
17199,2018,814,2330,703,2099,111,231
17199,2019,907,2606,777,2267,130,339
17199,2020,871,2442,827,2305,44,137
17199,2021,872,2408,813,2310,59,98
17201,2011,3171,9256,3898,11380,-727,-2124
17201,2012,3323,9777,4078,11960,-755,-2183
17201,2013,2813,8221,3004,8851,-191,-630
17201,2014,2082,6001,2235,6285,-153,-284
17201,2015,2933,8511,2998,8641,-65,-130
17201,2016,4007,11646,4596,13426,-589,-1780
17201,2017,3261,9534,3190,9058,71,476
17201,2018,3154,9022,3222,9085,-68,-63
17201,2019,3421,9902,3559,10217,-138,-315
17201,2020,3479,9707,3534,9883,-55,-176
17201,2021,3516,9901,3534,9718,-18,183
17203,2011,722,2091,670,1909,52,182
17203,2012,783,2375,672,1912,111,463
17203,2013,693,2042,544,1521,149,521
17203,2014,440,1263,423,1138,17,125
17203,2015,675,2022,568,1613,107,409
17203,2016,866,2699,831,2404,35,295
17203,2017,621,1881,540,1561,81,320
17203,2018,583,1752,545,1510,38,242
17203,2019,623,1882,583,1680,40,202
17203,2020,712,2117,592,1629,120,488
17203,2021,658,1903,561,1554,97,349
18001,2011,298,880,253,768,45,112
18001,2012,266,818,331,995,-65,-177
18001,2013,238,720,260,766,-22,-46
18001,2014,181,520,193,555,-12,-35
18001,2015,225,704,293,846,-68,-142
18001,2016,349,1106,405,1150,-56,-44
18001,2017,263,810,306,921,-43,-111
18001,2018,261,790,317,929,-56,-139
18001,2019,282,843,314,933,-32,-90
18001,2020,289,833,296,813,-7,20
18001,2021,266,783,276,750,-10,33
18003,2011,4297,12340,4261,12379,36,-39
18003,2012,4235,12262,4675,13519,-440,-1257
18003,2013,3487,9922,3526,10160,-39,-238
18003,2014,2513,6930,2348,6445,165,485
18003,2015,3698,10259,3881,11029,-183,-770
18003,2016,5305,15198,5745,16409,-440,-1211
18003,2017,3976,11212,3822,10841,154,371
18003,2018,4041,11218,3780,10631,261,587
18003,2019,4216,11906,4186,12140,30,-234
18003,2020,4323,11905,4306,11980,17,-75
18003,2021,4240,11325,4339,11806,-99,-481
18005,2011,1243,4096,1105,3595,138,501
18005,2012,1208,3965,1266,4023,-58,-58
18005,2013,1055,3316,1079,3415,-24,-99
18005,2014,835,2481,740,2230,95,251
18005,2015,1030,3137,1229,3670,-199,-533
18005,2016,1452,4324,1620,4777,-168,-453
18005,2017,1059,3037,1215,3503,-156,-466
18005,2018,1024,2903,1115,3196,-91,-293
18005,2019,1204,3474,1243,3579,-39,-105
18005,2020,1270,3553,1244,3484,26,69
18005,2021,1178,3291,1301,3679,-123,-388
18007,2011,141,436,157,476,-16,-40
18007,2012,126,410,167,497,-41,-87
18007,2013,110,335,132,405,-22,-70
18007,2014,63,191,91,277,-28,-86
18007,2015,122,371,111,326,11,45
18007,2016,168,516,159,480,9,36
18007,2017,104,335,108,315,-4,20
18007,2018,78,233,102,286,-24,-53
18007,2019,155,473,97,304,58,169
18007,2020,142,390,84,236,58,154
18007,2021,125,362,102,287,23,75
18009,2011,160,494,186,564,-26,-70
18009,2012,185,557,208,631,-23,-74
18009,2013,140,382,167,492,-27,-110
18009,2014,101,283,107,313,-6,-30
18009,2015,151,439,187,538,-36,-99
18009,2016,185,597,217,681,-32,-84
18009,2017,150,461,192,573,-42,-112
18009,2018,157,460,140,427,17,33
18009,2019,169,488,172,504,-3,-16
18009,2020,171,505,172,501,-1,4
18009,2021,129,371,176,492,-47,-121
18011,2011,1450,4515,1032,2989,418,1526
18011,2012,1444,4403,1218,3561,226,842
18011,2013,1424,4336,1031,2943,393,1393
18011,2014,936,2734,772,2113,164,621
18011,2015,1540,4588,1178,3297,362,1291
18011,2016,2285,6900,1727,4904,558,1996
18011,2017,1530,4465,1355,3750,175,715
18011,2018,1556,4425,1252,3465,304,960
18011,2019,1837,5485,1268,3612,569,1873
18011,2020,1807,5181,1391,3863,416,1318
18011,2021,1938,5534,1472,4012,466,1522
18013,2011,375,1139,333,999,42,140
18013,2012,369,1138,336,984,33,154
18013,2013,328,997,352,1023,-24,-26
18013,2014,234,661,252,738,-18,-77
18013,2015,361,1070,323,919,38,151
18013,2016,480,1403,417,1177,63,226
18013,2017,371,1079,342,974,29,105
18013,2018,305,886,290,807,15,79
18013,2019,408,1210,351,987,57,223
18013,2020,361,1054,344,958,17,96
18013,2021,372,1111,293,813,79,298
18015,2011,393,1206,399,1194,-6,12
18015,2012,435,1354,421,1285,14,69
18015,2013,362,1115,387,1205,-25,-90
18015,2014,320,917,281,822,39,95
18015,2015,419,1273,372,1143,47,130
18015,2016,564,1690,486,1450,78,240
18015,2017,417,1312,375,1118,42,194
18015,2018,404,1174,368,1093,36,81
18015,2019,421,1311,391,1165,30,146
18015,2020,449,1309,375,1084,74,225
18015,2021,406,1148,386,1071,20,77
18017,2011,466,1544,520,1628,-54,-84
18017,2012,491,1738,581,1939,-90,-201
18017,2013,372,1161,435,1403,-63,-242
18017,2014,280,894,394,1145,-114,-251
18017,2015,383,1175,473,1394,-90,-219
18017,2016,522,1660,624,1869,-102,-209
18017,2017,393,1176,451,1367,-58,-191
18017,2018,378,1076,487,1463,-109,-387
18017,2019,455,1343,494,1424,-39,-81
18017,2020,451,1339,537,1514,-86,-175
18017,2021,403,1183,498,1377,-95,-194
18019,2011,2390,7134,2248,6653,142,481
18019,2012,2640,7985,2273,6754,367,1231
18019,2013,2312,6800,2134,6385,178,415
18019,2014,1780,5145,1602,4665,178,480
18019,2015,2385,6928,2219,6404,166,524
18019,2016,3538,10141,3096,9015,442,1126
18019,2017,2588,7241,2268,6558,320,683
18019,2018,2637,7397,2148,6115,489,1282
18019,2019,2858,8099,2394,6965,464,1134
18019,2020,3129,8549,2284,6399,845,2150
18019,2021,2937,7935,2354,6453,583,1482
18021,2011,456,1440,481,1382,-25,58
18021,2012,442,1366,477,1488,-35,-122
18021,2013,380,1203,408,1261,-28,-58
18021,2014,274,848,273,774,1,74
18021,2015,360,1082,376,1119,-16,-37
18021,2016,525,1649,521,1570,4,79
18021,2017,506,1554,406,1175,100,379
18021,2018,392,1148,356,1048,36,100
18021,2019,436,1314,422,1233,14,81
18021,2020,433,1278,446,1323,-13,-45
18021,2021,416,1190,374,1071,42,119
18023,2011,366,1098,534,1621,-168,-523
18023,2012,437,1335,497,1513,-60,-178
18023,2013,369,1153,440,1374,-71,-221
18023,2014,294,863,340,1030,-46,-167
18023,2015,404,1249,462,1286,-58,-37
18023,2016,544,1649,518,1509,26,140
18023,2017,431,1264,434,1221,-3,43
18023,2018,433,1295,410,1195,23,100
18023,2019,454,1413,493,1459,-39,-46
18023,2020,520,1448,487,1355,33,93
18023,2021,466,1262,443,1218,23,44
18025,2011,195,601,160,470,35,131
18025,2012,207,649,162,502,45,147
18025,2013,103,310,96,283,7,27
18025,2014,42,110,74,206,-32,-96
18025,2015,86,261,117,306,-31,-45
18025,2016,187,555,181,537,6,18
18025,2017,160,504,151,449,9,55
18025,2018,125,377,158,434,-33,-57
18025,2019,141,403,211,616,-70,-213
18025,2020,190,559,151,430,39,129
18025,2021,136,402,165,465,-29,-63
18027,2011,242,738,261,800,-19,-62
18027,2012,288,875,277,852,11,23
18027,2013,208,634,231,711,-23,-77
18027,2014,192,569,139,430,53,139
18027,2015,205,632,287,862,-82,-230
18027,2016,355,1086,402,1164,-47,-78
18027,2017,227,689,316,958,-89,-269
18027,2018,160,486,284,871,-124,-385
18027,2019,251,771,350,1034,-99,-263
18027,2020,252,763,343,970,-91,-207
18027,2021,261,718,378,1052,-117,-334
18029,2011,938,2771,916,2738,22,33
18029,2012,918,2748,902,2687,16,61
18029,2013,809,2383,840,2411,-31,-28
18029,2014,609,1755,596,1692,13,63
18029,2015,843,2515,805,2284,38,231
18029,2016,1211,3655,1060,3021,151,634
18029,2017,885,2597,897,2553,-12,44
18029,2018,905,2665,755,2146,150,519
18029,2019,969,2828,827,2368,142,460
18029,2020,939,2721,818,2311,121,410
18029,2021,918,2640,809,2189,109,451
18031,2011,367,1147,376,1102,-9,45
18031,2012,435,1297,427,1230,8,67
18031,2013,423,1248,400,1185,23,63
18031,2014,261,786,316,915,-55,-129
18031,2015,377,1152,372,1075,5,77
18031,2016,540,1622,545,1614,-5,8
18031,2017,470,1365,429,1234,41,131
18031,2018,357,1080,429,1293,-72,-213
18031,2019,436,1339,423,1248,13,91
18031,2020,351,991,405,1183,-54,-192
18031,2021,435,1250,367,1038,68,212
18033,2011,702,2137,720,2198,-18,-61
18033,2012,712,2156,666,1998,46,158
18033,2013,655,1984,647,1884,8,100
18033,2014,475,1358,488,1455,-13,-97
18033,2015,722,2153,728,2069,-6,84
18033,2016,1128,3362,874,2576,254,786
18033,2017,820,2405,730,2132,90,273
18033,2018,776,2258,764,2166,12,92
18033,2019,810,2491,767,2288,43,203
18033,2020,820,2420,759,2154,61,266
18033,2021,862,2496,701,1963,161,533
18035,2011,1290,3602,1538,4234,-248,-632
18035,2012,1294,3656,1566,4411,-272,-755
18035,2013,1103,3068,1345,3670,-242,-602
18035,2014,846,2336,990,2668,-144,-332
18035,2015,1179,3206,1465,3924,-286,-718
18035,2016,1491,4302,1980,5394,-489,-1092
18035,2017,1119,3159,1463,3942,-344,-783
18035,2018,1174,3298,1402,3715,-228,-417
18035,2019,1219,3528,1449,3872,-230,-344
18035,2020,1283,3580,1480,3931,-197,-351
18035,2021,1514,4092,1503,3864,11,228
18037,2011,380,1071,505,1446,-125,-375
18037,2012,405,1164,426,1249,-21,-85
18037,2013,368,1070,352,983,16,87
18037,2014,284,746,254,672,30,74
18037,2015,393,1096,397,1103,-4,-7
18037,2016,519,1446,595,1669,-76,-223
18037,2017,366,1011,424,1161,-58,-150
18037,2018,388,1053,357,974,31,79
18037,2019,357,1010,454,1280,-97,-270
18037,2020,402,1097,472,1324,-70,-227
18037,2021,386,1067,419,1090,-33,-23
18039,2011,2235,6874,2356,7319,-121,-445
18039,2012,2524,7867,2409,7417,115,450
18039,2013,2262,6855,2062,6293,200,562
18039,2014,1722,5182,1619,4752,103,430
18039,2015,2293,6795,2408,7223,-115,-428
18039,2016,3070,9295,3372,10286,-302,-991
18039,2017,2526,7462,2592,7677,-66,-215
18039,2018,2387,7098,2592,7629,-205,-531
18039,2019,2531,7594,2873,8617,-342,-1023
18039,2020,2541,7262,2892,8335,-351,-1073
18039,2021,2412,6754,2724,7749,-312,-995
18041,2011,266,796,297,926,-31,-130
18041,2012,261,786,262,803,-1,-17
18041,2013,185,559,209,657,-24,-98
18041,2014,108,341,153,467,-45,-126
18041,2015,237,690,214,671,23,19
18041,2016,303,926,309,928,-6,-2
18041,2017,197,602,157,476,40,126
18041,2018,228,692,196,587,32,105
18041,2019,249,701,194,604,55,97
18041,2020,239,676,187,543,52,133
18041,2021,231,652,177,502,54,150
18043,2011,1880,5655,1831,5364,49,291
18043,2012,1982,5916,1842,5494,140,422
18043,2013,1687,5068,1725,4998,-38,70
18043,2014,1386,4063,1343,3838,43,225
18043,2015,1885,5408,1780,5244,105,164
18043,2016,2608,7549,2485,7246,123,303
18043,2017,2039,5943,1781,5051,258,892
18043,2018,1922,5478,1873,5279,49,199
18043,2019,2063,6052,2002,5653,61,399
18043,2020,1890,5399,2020,5649,-130,-250
18043,2021,2008,5536,1971,5416,37,120
18045,2011,290,889,344,1095,-54,-206
18045,2012,284,937,318,1064,-34,-127
18045,2013,239,758,277,864,-38,-106
18045,2014,166,524,222,695,-56,-171
18045,2015,277,836,273,834,4,2
18045,2016,321,1026,367,1097,-46,-71
18045,2017,282,846,225,684,57,162
18045,2018,246,736,257,760,-11,-24
18045,2019,324,960,250,785,74,175
18045,2020,284,814,293,883,-9,-69
18045,2021,315,913,267,745,48,168
18047,2011,412,1323,528,1707,-116,-384
18047,2012,403,1282,392,1175,11,107
18047,2013,342,1020,304,924,38,96
18047,2014,254,793,239,723,15,70
18047,2015,321,1037,335,1021,-14,16
18047,2016,468,1443,446,1347,22,96
18047,2017,350,1094,392,1154,-42,-60
18047,2018,337,999,305,914,32,85
18047,2019,417,1318,352,1066,65,252
18047,2020,370,1123,297,880,73,243
18047,2021,368,1086,318,913,50,173
18049,2011,267,865,294,942,-27,-77
18049,2012,340,1081,317,977,23,104
18049,2013,243,789,255,793,-12,-4
18049,2014,139,457,183,533,-44,-76
18049,2015,195,605,268,788,-73,-183
18049,2016,343,1070,372,1143,-29,-73
18049,2017,253,769,218,642,35,127
18049,2018,249,732,240,731,9,1
18049,2019,251,785,249,806,2,-21
18049,2020,276,856,288,859,-12,-3
18049,2021,230,662,272,799,-42,-137
18051,2011,434,1267,413,1170,21,97
18051,2012,513,1529,451,1359,62,170
18051,2013,382,1141,402,1182,-20,-41
18051,2014,261,748,307,873,-46,-125
18051,2015,395,1171,414,1174,-19,-3
18051,2016,536,1613,546,1572,-10,41
18051,2017,400,1160,458,1326,-58,-166
18051,2018,419,1235,431,1292,-12,-57
18051,2019,464,1323,441,1273,23,50
18051,2020,426,1240,444,1307,-18,-67
18051,2021,432,1194,446,1267,-14,-73
18053,2011,540,1626,682,1966,-142,-340
18053,2012,551,1657,734,2139,-183,-482
18053,2013,543,1657,581,1713,-38,-56
18053,2014,379,1101,489,1370,-110,-269
18053,2015,462,1371,699,1964,-237,-593
18053,2016,664,2041,849,2407,-185,-366
18053,2017,543,1585,613,1699,-70,-114
18053,2018,550,1607,593,1679,-43,-72
18053,2019,544,1637,685,1971,-141,-334
18053,2020,655,1800,618,1731,37,69
18053,2021,626,1831,608,1653,18,178
18055,2011,422,1322,505,1562,-83,-240
18055,2012,472,1404,468,1437,4,-33
18055,2013,440,1319,469,1425,-29,-106
18055,2014,274,824,309,905,-35,-81
18055,2015,413,1252,415,1282,-2,-30
18055,2016,617,1958,551,1663,66,295
18055,2017,437,1318,483,1405,-46,-87
18055,2018,431,1290,387,1173,44,117
18055,2019,532,1559,432,1256,100,303
18055,2020,581,1696,424,1179,157,517
18055,2021,571,1653,459,1355,112,298
18057,2011,7851,23509,6235,18193,1616,5316
18057,2012,8633,25795,7064,20627,1569,5168
18057,2013,6895,19920,5714,16345,1181,3575
18057,2014,4569,13002,4028,10894,541,2108
18057,2015,7892,22610,6218,17305,1674,5305
18057,2016,12388,36232,9245,26389,3143,9843
18057,2017,8830,25266,6728,18710,2102,6556
18057,2018,8451,23814,6785,18429,1666,5385
18057,2019,9624,27637,7296,20303,2328,7334
18057,2020,9915,27943,7422,20242,2493,7701
18057,2021,9609,26418,8130,21837,1479,4581
18059,2011,1709,5187,1779,5633,-70,-446
18059,2012,1874,5691,1543,4494,331,1197
18059,2013,1678,4901,1425,4074,253,827
18059,2014,1261,3681,1081,3037,180,644
18059,2015,1963,5848,1479,4167,484,1681
18059,2016,2920,8982,2127,6171,793,2811
18059,2017,2143,6372,1615,4651,528,1721
18059,2018,2176,6407,1599,4466,577,1941
18059,2019,2406,7308,1856,5364,550,1944
18059,2020,2435,7288,1687,4779,748,2509
18059,2021,2585,7568,1932,5443,653,2125
18061,2011,629,1826,615,1831,14,-5
18061,2012,598,1823,661,1992,-63,-169
18061,2013,616,1820,544,1613,72,207
18061,2014,440,1283,453,1238,-13,45
18061,2015,589,1781,572,1617,17,164
18061,2016,917,2830,724,2108,193,722
18061,2017,702,2121,627,1850,75,271
18061,2018,680,2010,591,1649,89,361
18061,2019,744,2233,650,1879,94,354
18061,2020,681,2032,622,1765,59,267
18061,2021,642,1896,560,1597,82,299
18063,2011,4152,12688,3054,8895,1098,3793
18063,2012,4079,12273,3444,10023,635,2250
18063,2013,3556,10604,3011,8514,545,2090
18063,2014,2559,7406,2106,5911,453,1495
18063,2015,4115,11929,3111,8662,1004,3267
18063,2016,5989,17774,4587,13184,1402,4590
18063,2017,4332,12688,3633,10359,699,2329
18063,2018,4402,12780,3457,9624,945,3156
18063,2019,4994,14771,3800,10791,1194,3980
18063,2020,5182,14965,3998,11099,1184,3866
18063,2021,4939,14046,4242,11323,697,2723
18065,2011,590,1848,663,1915,-73,-67
18065,2012,708,2100,718,2095,-10,5
18065,2013,616,1852,640,1851,-24,1
18065,2014,513,1446,542,1524,-29,-78
18065,2015,616,1847,672,1934,-56,-87
18065,2016,984,2951,892,2620,92,331
18065,2017,754,2270,696,1996,58,274
18065,2018,688,2036,677,1947,11,89
18065,2019,713,2087,666,1923,47,164
18065,2020,840,2400,698,1913,142,487
18065,2021,825,2332,695,1893,130,439
18067,2011,966,2847,1356,4150,-390,-1303
18067,2012,1035,3118,1125,3284,-90,-166
18067,2013,790,2378,844,2513,-54,-135
18067,2014,674,1922,569,1654,105,268
18067,2015,970,2887,908,2626,62,261
18067,2016,1313,3827,1292,3775,21,52
18067,2017,1045,2994,1014,2875,31,119
18067,2018,1047,3062,973,2735,74,327
18067,2019,1027,3028,1136,3322,-109,-294
18067,2020,1112,3188,988,2761,124,427
18067,2021,1187,3317,1075,2940,112,377
18069,2011,439,1275,456,1309,-17,-34
18069,2012,451,1289,473,1445,-22,-156
18069,2013,431,1307,427,1233,4,74
18069,2014,282,826,331,954,-49,-128
18069,2015,399,1173,454,1309,-55,-136
18069,2016,619,1767,592,1787,27,-20
18069,2017,507,1515,466,1327,41,188
18069,2018,432,1289,463,1346,-31,-57
18069,2019,535,1610,549,1624,-14,-14
18069,2020,524,1508,543,1568,-19,-60
18069,2021,482,1393,477,1380,5,13
18071,2011,581,1984,724,2841,-143,-857
18071,2012,705,2374,704,2524,1,-150
18071,2013,582,1924,624,1988,-42,-64
18071,2014,363,1156,489,1551,-126,-395
18071,2015,508,1550,584,1785,-76,-235
18071,2016,673,1939,752,2318,-79,-379
18071,2017,600,1774,629,1888,-29,-114
18071,2018,549,1592,530,1600,19,-8
18071,2019,516,1601,604,1794,-88,-193
18071,2020,537,1519,646,1871,-109,-352
18071,2021,523,1488,650,1811,-127,-323
18073,2011,523,1635,504,1499,19,136
18073,2012,598,1813,556,1701,42,112
18073,2013,456,1409,478,1408,-22,1
18073,2014,348,1042,355,1042,-7,0
18073,2015,565,1721,467,1366,98,355
18073,2016,762,2288,644,1920,118,368
18073,2017,519,1618,460,1326,59,292
18073,2018,520,1552,402,1210,118,342
18073,2019,633,1879,471,1431,162,448
18073,2020,614,1863,445,1257,169,606
18073,2021,570,1604,495,1398,75,206
18075,2011,202,629,250,744,-48,-115
18075,2012,266,829,249,782,17,47
18075,2013,131,373,218,630,-87,-257
18075,2014,141,435,151,463,-10,-28
18075,2015,171,516,244,705,-73,-189
18075,2016,240,703,286,894,-46,-191
18075,2017,170,525,204,634,-34,-109
18075,2018,167,518,218,660,-51,-142
18075,2019,221,634,215,669,6,-35
18075,2020,216,659,261,743,-45,-84
18075,2021,180,504,190,534,-10,-30
18077,2011,380,1127,388,1194,-8,-67
18077,2012,357,1092,368,1135,-11,-43
18077,2013,258,820,288,831,-30,-11
18077,2014,124,375,211,643,-87,-268
18077,2015,230,692,347,1025,-117,-333
18077,2016,391,1146,384,1146,7,0
18077,2017,377,1073,282,794,95,279
18077,2018,279,845,292,816,-13,29
18077,2019,361,1064,365,1109,-4,-45
18077,2020,368,1026,335,967,33,59
18077,2021,299,869,303,836,-4,33
18079,2011,488,1672,440,1464,48,208
18079,2012,495,1650,540,1802,-45,-152
18079,2013,423,1380,424,1329,-1,51
18079,2014,290,896,317,951,-27,-55
18079,2015,414,1255,463,1369,-49,-114
18079,2016,554,1747,541,1641,13,106
18079,2017,435,1351,465,1355,-30,-4
18079,2018,361,1113,427,1238,-66,-125
18079,2019,410,1258,420,1304,-10,-46
18079,2020,449,1342,359,996,90,346
18079,2021,399,1227,415,1207,-16,20
18081,2011,3852,11696,3545,10499,307,1197
18081,2012,4155,12392,3923,11638,232,754
18081,2013,3714,10974,3405,9940,309,1034
18081,2014,2519,7277,2200,6307,319,970
18081,2015,4070,11907,3483,9810,587,2097
18081,2016,5763,16913,4846,13878,917,3035
18081,2017,4367,12501,3785,10722,582,1779
18081,2018,4097,11803,3674,10364,423,1439
18081,2019,4596,13387,3868,11034,728,2353
18081,2020,4372,12571,3936,11016,436,1555
18081,2021,4614,13111,4177,11470,437,1641
18083,2011,320,956,368,1075,-48,-119
18083,2012,366,1053,392,1125,-26,-72
18083,2013,256,778,335,987,-79,-209
18083,2014,187,562,220,611,-33,-49
18083,2015,319,916,363,998,-44,-82
18083,2016,405,1202,528,1524,-123,-322
18083,2017,298,890,303,892,-5,-2
18083,2018,243,736,305,828,-62,-92
18083,2019,301,858,345,993,-44,-135
18083,2020,300,837,334,925,-34,-88
18083,2021,317,883,260,661,57,222
18085,2011,1055,3242,1030,3139,25,103
18085,2012,1112,3449,1074,3338,38,111
18085,2013,898,2708,934,2886,-36,-178
18085,2014,675,2009,759,2237,-84,-228
18085,2015,1058,3169,1035,3132,23,37
18085,2016,1447,4297,1349,4082,98,215
18085,2017,1011,2933,1179,3449,-168,-516
18085,2018,1007,2870,1113,3230,-106,-360
18085,2019,1131,3416,1177,3490,-46,-74
18085,2020,1176,3403,1089,3094,87,309
18085,2021,1168,3269,987,2753,181,516
18087,2011,553,1777,574,1827,-21,-50
18087,2012,520,1709,593,1895,-73,-186
18087,2013,508,1592,568,1766,-60,-174
18087,2014,385,1182,445,1361,-60,-179
18087,2015,526,1690,591,1774,-65,-84
18087,2016,634,2020,741,2301,-107,-281
18087,2017,494,1535,604,1883,-110,-348
18087,2018,524,1611,572,1761,-48,-150
18087,2019,543,1729,601,1903,-58,-174
18087,2020,444,1343,600,1786,-156,-443
18087,2021,493,1565,553,1632,-60,-67
18089,2011,7243,21956,8147,24224,-904,-2268
18089,2012,7607,23089,7957,23962,-350,-873
18089,2013,6552,19936,7026,21020,-474,-1084
18089,2014,5005,15261,5671,16690,-666,-1429
18089,2015,6580,20041,6989,20485,-409,-444
18089,2016,9614,29072,9351,27590,263,1482
18089,2017,7731,23346,7371,21498,360,1848
18089,2018,7585,22549,7072,20454,513,2095
18089,2019,8289,24909,7543,22204,746,2705
18089,2020,8040,23443,7663,21741,377,1702
18089,2021,8189,23638,7458,20436,731,3202
18091,2011,1416,4165,1183,3500,233,665
18091,2012,1445,4294,1283,3785,162,509
18091,2013,1259,3754,1143,3313,116,441
18091,2014,911,2656,870,2511,41,145
18091,2015,1295,3738,1231,3615,64,123
18091,2016,1730,5108,1644,4792,86,316
18091,2017,1382,3980,1183,3415,199,565
18091,2018,1322,3771,1254,3597,68,174
18091,2019,1574,4504,1260,3620,314,884
18091,2020,1636,4464,1268,3525,368,939
18091,2021,1601,4372,1472,4027,129,345
18093,2011,478,1434,440,1348,38,86
18093,2012,462,1382,482,1387,-20,-5
18093,2013,381,1146,393,1113,-12,33
18093,2014,260,770,305,873,-45,-103
18093,2015,408,1220,391,1129,17,91
18093,2016,589,1826,513,1561,76,265
18093,2017,410,1225,404,1217,6,8
18093,2018,477,1407,395,1158,82,249
18093,2019,507,1473,361,1045,146,428
18093,2020,592,1718,421,1190,171,528
18093,2021,536,1487,454,1277,82,210
18095,2011,1713,4927,1764,5141,-51,-214
18095,2012,1812,5345,1729,5052,83,293
18095,2013,1593,4744,1510,4335,83,409
18095,2014,1166,3338,1245,3489,-79,-151
18095,2015,1662,4858,1608,4547,54,311
18095,2016,2364,7018,2175,6381,189,637
18095,2017,1749,5050,1648,4693,101,357
18095,2018,1766,5050,1602,4523,164,527
18095,2019,2014,5909,1739,5010,275,899
18095,2020,2381,6781,1793,4960,588,1821
18095,2021,2425,6940,1989,5458,436,1482
18097,2011,19738,55175,21063,61297,-1325,-6122
18097,2012,21123,58866,22118,63561,-995,-4695
18097,2013,17885,49084,19569,55512,-1684,-6428
18097,2014,13445,36189,13860,38735,-415,-2546
18097,2015,18957,50687,21769,60938,-2812,-10251
18097,2016,25613,69270,30229,85637,-4616,-16367
18097,2017,20322,54624,22588,62957,-2266,-8333
18097,2018,19277,51259,22075,61093,-2798,-9834
18097,2019,20297,54473,24553,69295,-4256,-14822
18097,2020,20568,54162,25514,70239,-4946,-16077
18097,2021,21117,54384,25501,69435,-4384,-15051
18099,2011,607,1888,723,2238,-116,-350
18099,2012,623,1965,682,2162,-59,-197
18099,2013,536,1647,578,1668,-42,-21
18099,2014,390,1205,498,1459,-108,-254
18099,2015,592,1830,596,1778,-4,52
18099,2016,782,2365,857,2595,-75,-230
18099,2017,582,1761,667,1931,-85,-170
18099,2018,602,1840,658,1942,-56,-102
18099,2019,791,2427,651,1893,140,534
18099,2020,691,2077,695,1996,-4,81
18099,2021,678,1942,668,1852,10,90
18101,2011,122,352,128,377,-6,-25
18101,2012,128,382,161,486,-33,-104
18101,2013,77,237,107,332,-30,-95
18101,2014,29,97,73,221,-44,-124
18101,2015,104,312,89,282,15,30
18101,2016,135,408,131,407,4,1
18101,2017,78,247,81,267,-3,-20
18101,2018,50,155,95,274,-45,-119
18101,2019,88,259,104,318,-16,-59
18101,2020,110,330,124,391,-14,-61
18101,2021,108,300,88,251,20,49
18103,2011,688,2202,523,1586,165,616
18103,2012,498,1535,512,1567,-14,-32
18103,2013,411,1300,446,1421,-35,-121
18103,2014,298,931,344,1022,-46,-91
18103,2015,483,1454,431,1321,52,133
18103,2016,583,1824,689,2029,-106,-205
18103,2017,451,1416,511,1523,-60,-107
18103,2018,404,1245,481,1417,-77,-172
18103,2019,486,1501,488,1508,-2,-7
18103,2020,561,1667,521,1492,40,175
18103,2021,487,1394,569,1648,-82,-254
18105,2011,2050,5505,2664,6822,-614,-1317
18105,2012,2105,5582,2737,7080,-632,-1498
18105,2013,1738,4641,2101,5408,-363,-767
18105,2014,1228,3144,1318,3480,-90,-336
18105,2015,1805,4782,2276,5887,-471,-1105
18105,2016,2321,6178,3609,9259,-1288,-3081
18105,2017,1806,4823,2433,6183,-627,-1360
18105,2018,1686,4424,2219,5662,-533,-1238
18105,2019,1702,4566,2730,6923,-1028,-2357
18105,2020,1696,4314,2539,6430,-843,-2116
18105,2021,1892,4797,2845,7045,-953,-2248
18107,2011,469,1502,692,2571,-223,-1069
18107,2012,513,1697,495,1582,18,115
18107,2013,447,1409,400,1229,47,180
18107,2014,301,948,265,807,36,141
18107,2015,410,1248,421,1276,-11,-28
18107,2016,597,1776,563,1639,34,137
18107,2017,415,1203,456,1300,-41,-97
18107,2018,486,1409,381,1134,105,275
18107,2019,507,1523,396,1170,111,353
18107,2020,546,1576,409,1113,137,463
18107,2021,472,1305,476,1360,-4,-55
18109,2011,1544,4803,1557,4719,-13,84
18109,2012,1635,5010,1549,4642,86,368
18109,2013,1352,4051,1310,4050,42,1
18109,2014,1007,2976,1033,2950,-26,26
18109,2015,1495,4437,1399,4075,96,362
18109,2016,2169,6591,1853,5504,316,1087
18109,2017,1626,4936,1464,4157,162,779
18109,2018,1547,4584,1345,3860,202,724
18109,2019,1748,5442,1420,4163,328,1279
18109,2020,1674,4897,1462,4082,212,815
18109,2021,1769,5134,1535,4269,234,865
18111,2011,286,879,243,780,43,99
18111,2012,308,993,286,868,22,125
18111,2013,206,648,249,749,-43,-101
18111,2014,145,449,183,555,-38,-106
18111,2015,238,722,220,639,18,83
18111,2016,362,1147,312,915,50,232
18111,2017,238,713,198,588,40,125
18111,2018,213,651,225,658,-12,-7
18111,2019,278,892,230,686,48,206
18111,2020,287,848,216,653,71,195
18111,2021,255,747,184,515,71,232
18113,2011,792,2444,820,2545,-28,-101
18113,2012,790,2410,813,2550,-23,-140
18113,2013,739,2252,816,2508,-77,-256
18113,2014,581,1776,609,1809,-28,-33
18113,2015,831,2476,846,2463,-15,13
18113,2016,1095,3247,1125,3433,-30,-186
18113,2017,897,2689,896,2633,1,56
18113,2018,796,2414,839,2436,-43,-22
18113,2019,914,2799,921,2784,-7,15
18113,2020,826,2383,859,2464,-33,-81
18113,2021,817,2337,900,2525,-83,-188
18115,2011,125,377,283,890,-158,-513
18115,2012,128,403,162,498,-34,-95
18115,2013,94,286,90,273,4,13
18115,2014,68,215,66,220,2,-5
18115,2015,106,310,93,292,13,18
18115,2016,154,470,130,384,24,86
18115,2017,131,408,104,323,27,85
18115,2018,75,248,102,282,-27,-34
18115,2019,120,394,110,329,10,65
18115,2020,127,363,92,259,35,104
18115,2021,122,348,83,252,39,96
18117,2011,218,684,241,722,-23,-38
18117,2012,252,760,246,712,6,48
18117,2013,162,508,166,509,-4,-1
18117,2014,97,298,102,282,-5,16
18117,2015,133,413,144,430,-11,-17
18117,2016,268,819,327,978,-59,-159
18117,2017,188,604,167,513,21,91
18117,2018,132,408,174,533,-42,-125
18117,2019,181,522,156,483,25,39
18117,2020,177,508,216,619,-39,-111
18117,2021,180,521,207,601,-27,-80
18119,2011,445,1333,434,1367,11,-34
18119,2012,477,1518,482,1449,-5,69
18119,2013,404,1265,411,1284,-7,-19
18119,2014,271,840,330,947,-59,-107
18119,2015,393,1274,386,1137,7,137
18119,2016,524,1658,468,1423,56,235
18119,2017,447,1365,355,1095,92,270
18119,2018,385,1124,363,1065,22,59
18119,2019,473,1429,370,1147,103,282
18119,2020,480,1451,410,1193,70,258
18119,2021,467,1362,383,1089,84,273
18121,2011,247,756,232,674,15,82
18121,2012,265,804,250,726,15,78
18121,2013,178,519,212,626,-34,-107
18121,2014,105,327,143,401,-38,-74
18121,2015,220,669,153,468,67,201
18121,2016,284,870,249,765,35,105
18121,2017,222,627,212,642,10,-15
18121,2018,147,460,201,573,-54,-113
18121,2019,244,724,230,659,14,65
18121,2020,241,727,236,676,5,51
18121,2021,149,434,239,673,-90,-239
18123,2011,385,1156,149,421,236,735
18123,2012,148,444,155,480,-7,-36
18123,2013,94,286,119,332,-25,-46
18123,2014,63,185,117,334,-54,-149
18123,2015,128,363,139,421,-11,-58
18123,2016,172,496,229,629,-57,-133
18123,2017,128,388,143,414,-15,-26
18123,2018,134,403,177,521,-43,-118
18123,2019,167,501,169,480,-2,21
18123,2020,205,551,158,464,47,87
18123,2021,126,346,187,508,-61,-162
18125,2011,170,519,199,596,-29,-77
18125,2012,155,476,235,709,-80,-233
18125,2013,185,552,132,372,53,180
18125,2014,81,224,108,301,-27,-77
18125,2015,157,466,176,487,-19,-21
18125,2016,265,788,232,689,33,99
18125,2017,154,466,146,403,8,63
18125,2018,170,511,127,351,43,160
18125,2019,161,508,160,451,1,57
18125,2020,187,544,147,454,40,90
18125,2021,177,522,142,396,35,126
18127,2011,3116,9293,2825,8224,291,1069
18127,2012,3311,9844,2896,8308,415,1536
18127,2013,2721,8028,2548,7334,173,694
18127,2014,2109,6192,1841,5108,268,1084
18127,2015,2935,8639,2528,7087,407,1552
18127,2016,4520,13439,3515,10101,1005,3338
18127,2017,3343,9782,2842,7955,501,1827
18127,2018,3244,9261,2731,7521,513,1740
18127,2019,3655,10928,2817,8069,838,2859
18127,2020,3647,10388,2763,7623,884,2765
18127,2021,3378,9326,2841,7658,537,1668
18129,2011,399,1175,450,1305,-51,-130
18129,2012,396,1203,422,1186,-26,17
18129,2013,338,1036,376,1040,-38,-4
18129,2014,232,653,251,704,-19,-51
18129,2015,388,1188,359,1032,29,156
18129,2016,524,1624,509,1420,15,204
18129,2017,421,1201,417,1202,4,-1
18129,2018,417,1216,380,1079,37,137
18129,2019,403,1249,405,1140,-2,109
18129,2020,412,1240,391,1088,21,152
18129,2021,396,1124,374,1075,22,49
18131,2011,183,607,163,506,20,101
18131,2012,172,526,206,660,-34,-134
18131,2013,119,388,149,472,-30,-84
18131,2014,57,195,79,254,-22,-59
18131,2015,100,327,139,441,-39,-114
18131,2016,182,594,224,666,-42,-72
18131,2017,123,362,142,493,-19,-131
18131,2018,134,454,110,312,24,142
18131,2019,165,487,157,455,8,32
18131,2020,189,569,173,521,16,48
18131,2021,139,427,91,256,48,171
18133,2011,603,1873,592,1784,11,89
18133,2012,659,1967,688,2108,-29,-141
18133,2013,527,1608,526,1506,1,102
18133,2014,412,1247,421,1204,-9,43
18133,2015,563,1698,539,1548,24,150
18133,2016,862,2635,747,2151,115,484
18133,2017,707,2081,702,2046,5,35
18133,2018,607,1750,567,1632,40,118
18133,2019,684,2031,564,1686,120,345
18133,2020,844,2362,564,1609,280,753
18133,2021,820,2388,575,1557,245,831
18135,2011,348,1082,393,1208,-45,-126
18135,2012,357,1127,442,1358,-85,-231
18135,2013,275,859,355,1076,-80,-217
18135,2014,262,810,294,840,-32,-30
18135,2015,347,1012,344,1033,3,-21
18135,2016,479,1458,449,1332,30,126
18135,2017,290,884,383,1126,-93,-242
18135,2018,295,870,377,1143,-82,-273
18135,2019,311,915,347,994,-36,-79
18135,2020,342,1009,311,941,31,68
18135,2021,323,936,345,929,-22,7
18137,2011,544,1868,523,1668,21,200
18137,2012,469,1501,530,1709,-61,-208
18137,2013,390,1201,397,1173,-7,28
18137,2014,324,959,320,916,4,43
18137,2015,400,1240,436,1346,-36,-106
18137,2016,583,1824,607,1837,-24,-13
18137,2017,501,1516,454,1378,47,138
18137,2018,418,1257,447,1356,-29,-99
18137,2019,523,1564,485,1483,38,81
18137,2020,503,1483,420,1246,83,237
18137,2021,432,1242,481,1336,-49,-94
18139,2011,254,798,295,888,-41,-90
18139,2012,316,957,337,1021,-21,-64
18139,2013,261,815,304,908,-43,-93
18139,2014,200,596,171,497,29,99
18139,2015,278,850,282,864,-4,-14
18139,2016,413,1308,359,1118,54,190
18139,2017,281,845,300,909,-19,-64
18139,2018,266,819,278,812,-12,7
18139,2019,320,960,297,891,23,69
18139,2020,270,796,265,783,5,13
18139,2021,314,930,274,755,40,175
18141,2011,3506,10349,3960,11423,-454,-1074
18141,2012,3666,10619,3967,11600,-301,-981
18141,2013,2952,8555,3099,8953,-147,-398
18141,2014,2211,6274,2195,6219,16,55
18141,2015,3296,9520,3354,9601,-58,-81
18141,2016,4521,13150,4901,14325,-380,-1175
18141,2017,3462,9935,3787,10792,-325,-857
18141,2018,3329,9393,3530,9978,-201,-585
18141,2019,3575,10136,4090,11731,-515,-1595
18141,2020,3748,10293,3757,10372,-9,-79
18141,2021,3576,9722,4105,11064,-529,-1342
18143,2011,376,1198,416,1262,-40,-64
18143,2012,355,1129,362,1134,-7,-5
18143,2013,285,876,323,982,-38,-106
18143,2014,257,763,234,677,23,86
18143,2015,316,957,299,931,17,26
18143,2016,456,1443,440,1327,16,116
18143,2017,389,1165,385,1122,4,43
18143,2018,400,1219,360,1075,40,144
18143,2019,445,1369,354,1131,91,238
18143,2020,450,1352,409,1197,41,155
18143,2021,473,1410,379,1067,94,343
18145,2011,838,2615,780,2381,58,234
18145,2012,858,2632,846,2545,12,87
18145,2013,741,2201,717,2191,24,10
18145,2014,492,1477,614,1759,-122,-282
18145,2015,702,2111,749,2247,-47,-136
18145,2016,1084,3246,971,2873,113,373
18145,2017,793,2391,755,2144,38,247
18145,2018,835,2433,700,2026,135,407
18145,2019,804,2450,777,2278,27,172
18145,2020,847,2460,729,2049,118,411
18145,2021,886,2502,799,2242,87,260
18147,2011,259,747,504,1536,-245,-789
18147,2012,256,814,313,890,-57,-76
18147,2013,243,723,290,840,-47,-117
18147,2014,186,553,203,555,-17,-2
18147,2015,247,734,280,798,-33,-64
18147,2016,398,1226,379,1081,19,145
18147,2017,295,835,296,848,-1,-13
18147,2018,266,787,301,852,-35,-65
18147,2019,330,992,287,823,43,169
18147,2020,268,830,307,849,-39,-19
18147,2021,320,905,261,741,59,164
18149,2011,375,1123,383,1203,-8,-80
18149,2012,368,1203,342,1044,26,159
18149,2013,368,1131,316,986,52,145
18149,2014,239,717,254,751,-15,-34
18149,2015,384,1220,320,981,64,239
18149,2016,486,1460,416,1263,70,197
18149,2017,374,1148,339,999,35,149
18149,2018,352,1028,308,898,44,130
18149,2019,444,1330,328,966,116,364
18149,2020,447,1279,359,1011,88,268
18149,2021,426,1216,306,888,120,328
18151,2011,525,1579,505,1484,20,95
18151,2012,493,1438,496,1457,-3,-19
18151,2013,537,1538,474,1363,63,175
18151,2014,384,1125,361,1013,23,112
18151,2015,494,1378,477,1412,17,-34
18151,2016,731,2160,691,1942,40,218
18151,2017,545,1633,514,1449,31,184
18151,2018,529,1527,439,1246,90,281
18151,2019,600,1810,484,1399,116,411
18151,2020,594,1725,483,1355,111,370
18151,2021,534,1485,536,1453,-2,32
18153,2011,221,676,275,806,-54,-130
18153,2012,224,729,258,766,-34,-37
18153,2013,208,632,213,675,-5,-43
18153,2014,152,461,153,436,-1,25
18153,2015,189,563,208,606,-19,-43
18153,2016,273,833,263,783,10,50
18153,2017,219,656,254,744,-35,-88
18153,2018,192,570,213,628,-21,-58
18153,2019,256,780,226,666,30,114
18153,2020,271,773,219,640,52,133
18153,2021,192,553,233,644,-41,-91
18155,2011,279,900,118,367,161,533
18155,2012,129,426,131,407,-2,19
18155,2013,47,139,86,251,-39,-112
18155,2014,73,239,46,142,27,97
18155,2015,105,328,96,264,9,64
18155,2016,191,578,139,428,52,150
18155,2017,111,353,93,295,18,58
18155,2018,51,143,79,249,-28,-106
18155,2019,99,307,91,311,8,-4
18155,2020,89,270,97,286,-8,-16
18155,2021,133,395,87,277,46,118
18157,2011,2715,7783,3078,8503,-363,-720
18157,2012,2837,8300,3230,9368,-393,-1068
18157,2013,2188,6374,2343,6632,-155,-258
18157,2014,1585,4460,1655,4589,-70,-129
18157,2015,2256,6393,2587,7186,-331,-793
18157,2016,2989,8401,4331,11899,-1342,-3498
18157,2017,2229,6285,2836,7736,-607,-1451
18157,2018,2153,5941,2753,7258,-600,-1317
18157,2019,2466,6888,3125,8451,-659,-1563
18157,2020,2434,6528,3064,8113,-630,-1585
18157,2021,2350,6273,3382,8577,-1032,-2304
18159,2011,237,733,240,721,-3,12
18159,2012,281,827,275,840,6,-13
18159,2013,206,661,242,704,-36,-43
18159,2014,163,514,204,588,-41,-74
18159,2015,279,837,261,776,18,61
18159,2016,386,1167,345,1017,41,150
18159,2017,321,957,296,849,25,108
18159,2018,272,799,274,771,-2,28
18159,2019,322,986,237,723,85,263
18159,2020,307,872,252,711,55,161
18159,2021,318,907,314,899,4,8
18161,2011,159,522,123,384,36,138
18161,2012,114,342,139,430,-25,-88
18161,2013,112,317,90,282,22,35
18161,2014,92,262,93,266,-1,-4
18161,2015,103,307,128,370,-25,-63
18161,2016,146,433,139,401,7,32
18161,2017,80,241,113,327,-33,-86
18161,2018,123,380,89,240,34,140
18161,2019,59,189,124,359,-65,-170
18161,2020,104,302,106,280,-2,22
18161,2021,74,220,98,293,-24,-73
18163,2011,2742,7690,2719,7747,23,-57
18163,2012,2646,7449,2763,7933,-117,-484
18163,2013,2180,6121,2218,6320,-38,-199
18163,2014,1573,4246,1540,4323,33,-77
18163,2015,2197,6049,2381,6852,-184,-803
18163,2016,2987,8294,3580,10327,-593,-2033
18163,2017,2311,6385,2372,6645,-61,-260
18163,2018,2258,6197,2344,6601,-86,-404
18163,2019,2524,7020,2578,7319,-54,-299
18163,2020,2454,6619,2698,7571,-244,-952
18163,2021,2431,6483,2539,6948,-108,-465
18165,2011,186,567,264,774,-78,-207
18165,2012,229,700,250,736,-21,-36
18165,2013,233,699,176,541,57,158
18165,2014,150,444,148,452,2,-8
18165,2015,227,690,177,533,50,157
18165,2016,270,855,255,765,15,90
18165,2017,225,685,205,592,20,93
18165,2018,205,602,217,643,-12,-41
18165,2019,250,777,237,699,13,78
18165,2020,237,675,182,523,55,152
18165,2021,214,630,180,514,34,116
18167,2011,1224,3431,1370,3941,-146,-510
18167,2012,1177,3313,1391,3896,-214,-583
18167,2013,916,2608,1162,3320,-246,-712
18167,2014,642,1768,808,2227,-166,-459
18167,2015,1001,2834,1255,3536,-254,-702
18167,2016,1298,3735,1664,4688,-366,-953
18167,2017,982,2754,1183,3264,-201,-510
18167,2018,1006,2839,1148,3159,-142,-320
18167,2019,1141,3178,1212,3376,-71,-198
18167,2020,1048,2858,1263,3394,-215,-536
18167,2021,1224,3322,1215,3169,9,153
18169,2011,383,1158,435,1307,-52,-149
18169,2012,370,1141,416,1164,-46,-23
18169,2013,251,754,317,898,-66,-144
18169,2014,202,589,253,753,-51,-164
18169,2015,257,772,346,1056,-89,-284
18169,2016,443,1285,484,1396,-41,-111
18169,2017,306,873,356,1034,-50,-161
18169,2018,311,887,368,1031,-57,-144
18169,2019,363,1117,384,1120,-21,-3
18169,2020,449,1297,369,1021,80,276
18169,2021,340,939,380,1037,-40,-98
18171,2011,145,465,138,437,7,28
18171,2012,149,477,164,502,-15,-25
18171,2013,152,478,117,349,35,129
18171,2014,91,280,94,272,-3,8
18171,2015,134,445,139,397,-5,48
18171,2016,218,681,150,454,68,227
18171,2017,143,445,107,304,36,141
18171,2018,148,431,96,279,52,152
18171,2019,129,398,124,377,5,21
18171,2020,147,471,109,285,38,186
18171,2021,164,480,107,308,57,172
18173,2011,1154,3443,1116,3200,38,243
18173,2012,1241,3694,1020,2938,221,756
18173,2013,1093,3191,985,2898,108,293
18173,2014,730,2147,645,1750,85,397
18173,2015,1148,3411,1008,2843,140,568
18173,2016,1756,5232,1399,4006,357,1226
18173,2017,1246,3603,1046,2933,200,670
18173,2018,1257,3606,1019,2828,238,778
18173,2019,1396,4073,1167,3414,229,659
18173,2020,1411,4125,1110,3057,301,1068
18173,2021,1305,3735,1162,3140,143,595
18175,2011,360,1131,458,1361,-98,-230
18175,2012,408,1250,411,1208,-3,42
18175,2013,347,1041,339,993,8,48
18175,2014,247,719,287,852,-40,-133
18175,2015,401,1232,381,1142,20,90
18175,2016,558,1700,464,1372,94,328
18175,2017,425,1307,370,1113,55,194
18175,2018,381,1131,388,1134,-7,-3
18175,2019,454,1393,390,1181,64,212
18175,2020,383,1114,400,1140,-17,-26
18175,2021,418,1222,389,1160,29,62
18177,2011,564,1642,628,1868,-64,-226
18177,2012,565,1643,633,1779,-68,-136
18177,2013,486,1455,542,1574,-56,-119
18177,2014,385,1096,437,1261,-52,-165
18177,2015,543,1590,568,1624,-25,-34
18177,2016,666,1959,774,2240,-108,-281
18177,2017,516,1460,561,1607,-45,-147
18177,2018,503,1465,522,1503,-19,-38
18177,2019,566,1649,556,1578,10,71
18177,2020,590,1683,610,1673,-20,10
18177,2021,559,1608,622,1671,-63,-63
18179,2011,371,1182,402,1189,-31,-7
18179,2012,451,1420,394,1144,57,276
18179,2013,406,1264,304,900,102,364
18179,2014,277,811,243,684,34,127
18179,2015,388,1169,364,1084,24,85
18179,2016,524,1590,480,1403,44,187
18179,2017,422,1267,361,1058,61,209
18179,2018,355,1025,368,1069,-13,-44
18179,2019,447,1380,415,1196,32,184
18179,2020,436,1294,406,1182,30,112
18179,2021,414,1200,348,981,66,219
18181,2011,450,1366,488,1430,-38,-64
18181,2012,500,1575,494,1487,6,88
18181,2013,408,1234,337,1041,71,193
18181,2014,268,836,325,953,-57,-117
18181,2015,332,990,419,1250,-87,-260
18181,2016,619,1856,512,1477,107,379
18181,2017,375,1148,421,1274,-46,-126
18181,2018,374,1116,363,1053,11,63
18181,2019,398,1211,394,1129,4,82
18181,2020,416,1215,439,1297,-23,-82
18181,2021,433,1207,395,1106,38,101
18183,2011,521,1553,587,1754,-66,-201
18183,2012,609,1822,605,1797,4,25
18183,2013,597,1728,550,1602,47,126
18183,2014,394,1113,387,1097,7,16
18183,2015,560,1631,597,1722,-37,-91
18183,2016,881,2593,774,2171,107,422
18183,2017,635,1817,581,1657,54,160
18183,2018,621,1795,588,1603,33,192
18183,2019,698,2038,629,1794,69,244
18183,2020,607,1750,596,1632,11,118
18183,2021,658,1848,581,1595,77,253
19001,2011,135,388,119,328,16,60
19001,2012,108,311,108,312,0,-1
19001,2013,51,148,84,254,-33,-106
19001,2015,35,99,91,241,-56,-142
19001,2016,132,415,114,313,18,102
19001,2017,77,233,58,156,19,77
19001,2018,103,312,71,200,32,112
19001,2019,84,251,107,327,-23,-76
19001,2020,100,277,109,302,-9,-25
19001,2021,69,187,103,297,-34,-110
19003,2011,35,107,53,154,-18,-47
19003,2012,36,117,31,85,5,32
19005,2011,135,375,133,360,2,15
19005,2012,98,339,135,382,-37,-43
19005,2013,69,202,64,179,5,23
19005,2014,24,65,71,224,-47,-159
19005,2015,76,232,74,230,2,2
19005,2016,117,337,103,289,14,48
19005,2017,72,210,80,239,-8,-29
19005,2018,58,164,89,285,-31,-121
19005,2019,76,237,67,201,9,36
19005,2020,68,201,63,184,5,17
19005,2021,77,228,93,271,-16,-43
19007,2011,62,185,98,293,-36,-108
19007,2012,102,312,91,270,11,42
19007,2013,20,59,21,60,-1,-1
19007,2016,99,304,71,196,28,108
19007,2017,27,79,20,51,7,28
19007,2018,48,146,21,48,27,98
19007,2019,24,69,51,166,-27,-97
19007,2020,49,129,21,47,28,82
19007,2021,46,130,44,110,2,20
19009,2011,60,185,71,211,-11,-26
19009,2012,49,150,70,213,-21,-63
19009,2015,21,67,NA,NA,NA,NA
19009,2016,45,128,66,191,-21,-63
19009,2017,20,63,NA,NA,NA,NA
19009,2018,43,125,NA,NA,NA,NA
19011,2011,432,1304,465,1382,-33,-78
19011,2012,415,1244,445,1239,-30,5
19011,2013,412,1229,395,1139,17,90
19011,2014,250,703,253,674,-3,29
19011,2015,419,1219,380,1091,39,128
19011,2016,560,1701,556,1596,4,105
19011,2017,396,1163,344,982,52,181
19011,2018,404,1157,424,1148,-20,9
19011,2019,436,1306,366,1035,70,271
19011,2020,444,1305,367,1011,77,294
19011,2021,432,1195,386,1029,46,166
19013,2011,1473,3944,1710,4723,-237,-779
19013,2012,1537,4155,1745,4848,-208,-693
19013,2013,1212,3176,1345,3678,-133,-502
19013,2014,870,2278,914,2389,-44,-111
19013,2015,1157,3030,1644,4435,-487,-1405
19013,2016,1530,4125,2323,6438,-793,-2313
19013,2017,1167,3149,1463,3956,-296,-807
19013,2018,1134,3017,1353,3628,-219,-611
19013,2019,1138,3033,1421,3865,-283,-832
19013,2020,1203,3144,1628,4391,-425,-1247
19013,2021,1226,3156,1480,3872,-254,-716
19015,2011,451,1299,407,1152,44,147
19015,2012,425,1222,413,1194,12,28
19015,2013,451,1333,328,904,123,429
19015,2014,259,708,246,646,13,62
19015,2015,393,1173,369,1019,24,154
19015,2016,618,1758,563,1590,55,168
19015,2017,393,1141,382,1052,11,89
19015,2018,365,1014,421,1157,-56,-143
19015,2019,437,1271,429,1218,8,53
19015,2020,441,1234,400,1073,41,161
19015,2021,439,1217,443,1180,-4,37
19017,2011,331,966,343,925,-12,41
19017,2012,387,1168,348,941,39,227
19017,2013,295,893,259,710,36,183
19017,2014,225,630,229,625,-4,5
19017,2015,319,887,311,834,8,53
19017,2016,553,1715,442,1211,111,504
19017,2017,319,917,295,804,24,113
19017,2018,303,863,317,901,-14,-38
19017,2019,341,1018,319,882,22,136
19017,2020,355,1033,360,993,-5,40
19017,2021,375,1070,325,896,50,174
19019,2011,312,916,338,957,-26,-41
19019,2012,310,899,324,900,-14,-1
19019,2013,261,782,260,734,1,48
19019,2014,155,434,188,512,-33,-78
19019,2015,219,633,217,604,2,29
19019,2016,323,944,330,969,-7,-25
19019,2017,255,739,229,663,26,76
19019,2018,212,648,189,549,23,99
19019,2019,264,743,207,600,57,143
19019,2020,215,605,221,607,-6,-2
19019,2021,266,717,211,586,55,131
19021,2011,170,546,170,519,0,27
19021,2012,176,545,250,761,-74,-216
19021,2013,101,304,140,405,-39,-101
19021,2014,45,128,128,398,-83,-270
19021,2015,67,232,118,321,-51,-89
19021,2016,129,363,272,794,-143,-431
19021,2017,78,194,227,671,-149,-477
19021,2018,70,220,193,566,-123,-346
19021,2019,106,324,168,476,-62,-152
19021,2020,78,218,207,598,-129,-380
19021,2021,59,166,218,614,-159,-448
19023,2011,238,693,181,530,57,163
19023,2012,193,573,191,542,2,31
19023,2013,123,346,118,329,5,17
19023,2014,102,288,99,255,3,33
19023,2015,158,430,131,358,27,72
19023,2016,237,716,224,623,13,93
19023,2017,153,435,152,406,1,29
19023,2018,137,392,143,420,-6,-28
19023,2019,148,456,149,429,-1,27
19023,2020,157,452,142,445,15,7
19023,2021,126,358,177,476,-51,-118
19025,2011,77,213,158,463,-81,-250
19025,2012,100,297,121,331,-21,-34
19025,2013,58,174,77,219,-19,-45
19025,2014,32,96,45,134,-13,-38
19025,2015,89,272,86,227,3,45
19025,2016,108,321,124,375,-16,-54
19025,2017,60,168,83,220,-23,-52
19025,2018,60,175,81,198,-21,-23
19025,2019,66,201,89,287,-23,-86
19025,2020,42,119,72,199,-30,-80
19025,2021,86,248,105,265,-19,-17
19027,2011,184,506,236,639,-52,-133
19027,2012,202,587,215,611,-13,-24
19027,2013,145,393,109,291,36,102
19027,2014,80,227,84,236,-4,-9
19027,2015,129,354,83,228,46,126
19027,2016,190,545,238,664,-48,-119
19027,2017,106,285,134,351,-28,-66
19027,2018,126,356,133,351,-7,5
19027,2019,132,363,155,420,-23,-57
19027,2020,107,297,108,282,-1,15
19027,2021,104,300,114,306,-10,-6
19029,2011,93,270,130,384,-37,-114
19029,2012,122,349,144,398,-22,-49
19029,2013,91,258,93,251,-2,7
19029,2014,25,73,30,79,-5,-6
19029,2015,51,150,110,301,-59,-151
19029,2016,159,453,153,426,6,27
19029,2017,58,171,95,261,-37,-90
19029,2018,37,107,75,218,-38,-111
19029,2019,88,260,44,130,44,130
19029,2020,81,224,87,216,-6,8
19029,2021,126,344,88,239,38,105
19031,2011,335,990,341,960,-6,30
19031,2012,337,976,355,994,-18,-18
19031,2013,285,811,240,707,45,104
19031,2014,209,595,220,612,-11,-17
19031,2015,322,925,275,789,47,136
19031,2016,481,1441,400,1129,81,312
19031,2017,303,873,314,875,-11,-2
19031,2018,324,939,258,728,66,211
19031,2019,361,1015,306,858,55,157
19031,2020,278,785,314,839,-36,-54
19031,2021,332,934,304,807,28,127
19033,2011,450,1223,547,1540,-97,-317
19033,2012,479,1307,593,1707,-114,-400
19033,2013,350,981,472,1277,-122,-296
19033,2014,296,815,256,689,40,126
19033,2015,365,1044,426,1159,-61,-115
19033,2016,544,1494,620,1695,-76,-201
19033,2017,362,1010,452,1236,-90,-226
19033,2018,356,953,433,1168,-77,-215
19033,2019,407,1126,449,1274,-42,-148
19033,2020,467,1234,404,1116,63,118
19033,2021,358,941,462,1219,-104,-278
19035,2011,105,294,96,289,9,5
19035,2012,92,272,138,393,-46,-121
19035,2013,42,123,51,147,-9,-24
19035,2015,53,157,25,87,28,70
19035,2016,101,301,96,273,5,28
19035,2017,82,245,55,156,27,89
19035,2018,54,167,46,133,8,34
19035,2019,80,213,44,120,36,93
19035,2020,73,212,44,107,29,105
19035,2021,67,178,81,224,-14,-46
19037,2011,123,345,145,394,-22,-49
19037,2012,147,409,123,350,24,59
19037,2013,95,279,100,267,-5,12
19037,2014,51,145,76,211,-25,-66
19037,2015,88,265,102,280,-14,-15
19037,2016,151,447,111,326,40,121
19037,2017,90,254,105,285,-15,-31
19037,2018,79,206,94,258,-15,-52
19037,2019,96,266,129,376,-33,-110
19037,2020,105,304,81,213,24,91
19037,2021,71,190,116,309,-45,-119
19039,2011,120,360,141,405,-21,-45
19039,2012,123,389,140,439,-17,-50
19039,2013,93,274,89,290,4,-16
19039,2014,75,225,42,121,33,104
19039,2015,68,219,103,309,-35,-90
19039,2016,128,408,165,487,-37,-79
19039,2017,122,348,100,285,22,63
19039,2018,111,316,123,394,-12,-78
19039,2019,115,348,125,388,-10,-40
19039,2020,92,254,126,337,-34,-83
19039,2021,102,301,116,319,-14,-18
19041,2011,137,395,186,507,-49,-112
19041,2012,188,510,170,453,18,57
19041,2013,155,451,142,434,13,17
19041,2014,54,154,60,154,-6,0
19041,2015,143,384,139,411,4,-27
19041,2016,193,538,169,476,24,62
19041,2017,156,450,141,378,15,72
19041,2018,140,387,118,366,22,21
19041,2019,137,404,155,443,-18,-39
19041,2020,166,467,141,371,25,96
19041,2021,128,357,131,349,-3,8
19043,2011,184,530,228,650,-44,-120
19043,2012,225,645,226,671,-1,-26
19043,2013,177,494,184,539,-7,-45
19043,2014,120,363,101,286,19,77
19043,2015,194,564,195,591,-1,-27
19043,2016,241,704,226,641,15,63
19043,2017,207,579,156,463,51,116
19043,2018,161,471,161,466,0,5
19043,2019,200,603,171,507,29,96
19043,2020,215,620,209,579,6,41
19043,2021,156,450,194,517,-38,-67
19045,2011,515,1428,621,1791,-106,-363
19045,2012,555,1571,593,1669,-38,-98
19045,2013,408,1164,481,1366,-73,-202
19045,2014,354,1054,411,1107,-57,-53
19045,2015,464,1352,546,1512,-82,-160
19045,2016,795,2335,774,2238,21,97
19045,2017,504,1470,565,1598,-61,-128
19045,2018,520,1475,489,1380,31,95
19045,2019,582,1693,562,1580,20,113
19045,2020,540,1527,549,1514,-9,13
19045,2021,530,1456,511,1409,19,47
19047,2011,130,397,212,679,-82,-282
19047,2012,177,548,156,511,21,37
19047,2013,53,147,115,341,-62,-194
19047,2014,68,226,64,192,4,34
19047,2015,75,227,86,245,-11,-18
19047,2016,147,419,121,345,26,74
19047,2017,32,86,93,264,-61,-178
19047,2018,55,161,144,416,-89,-255
19047,2019,49,140,82,223,-33,-83
19047,2020,34,93,124,356,-90,-263
19047,2021,33,82,114,302,-81,-220
19049,2011,2640,7630,1921,5444,719,2186
19049,2012,2680,7888,2101,6029,579,1859
19049,2013,2401,7011,1689,4732,712,2279
19049,2014,1547,4308,1312,3675,235,633
19049,2015,3033,8669,2087,5864,946,2805
19049,2016,4317,12541,3381,9574,936,2967
19049,2017,3261,9073,2459,6763,802,2310
19049,2018,3410,9342,2419,6481,991,2861
19049,2019,3708,10474,2792,7697,916,2777
19049,2020,3907,10919,2937,7922,970,2997
19049,2021,3714,10049,2976,7935,738,2114
19051,2011,54,182,43,138,11,44
19051,2012,51,161,42,149,9,12
19051,2013,29,92,44,133,-15,-41
19051,2014,42,118,41,116,1,2
19051,2015,57,179,53,156,4,23
19051,2016,64,194,63,202,1,-8
19051,2017,39,122,54,160,-15,-38
19051,2018,36,105,44,126,-8,-21
19051,2019,47,130,40,111,7,19
19051,2020,49,126,46,136,3,-10
19051,2021,42,121,48,121,-6,0
19053,2011,76,222,67,200,9,22
19053,2012,58,186,57,165,1,21
19053,2013,30,103,48,132,-18,-29
19053,2015,27,90,53,158,-26,-68
19053,2016,52,148,70,208,-18,-60
19053,2017,41,114,64,171,-23,-57
19053,2018,26,81,56,151,-30,-70
19053,2019,55,207,65,181,-10,26
19053,2020,60,166,43,123,17,43
19053,2021,34,103,46,133,-12,-30
19055,2011,225,658,231,680,-6,-22
19055,2012,213,655,265,713,-52,-58
19055,2013,191,557,166,456,25,101
19055,2014,125,341,120,328,5,13
19055,2015,144,407,195,518,-51,-111
19055,2016,294,833,301,879,-7,-46
19055,2017,197,618,180,465,17,153
19055,2018,145,395,181,489,-36,-94
19055,2019,213,647,189,499,24,148
19055,2020,174,489,164,457,10,32
19055,2021,203,562,173,460,30,102
19057,2011,375,1114,368,1063,7,51
19057,2012,415,1248,400,1164,15,84
19057,2013,283,850,369,1065,-86,-215
19057,2014,197,542,280,814,-83,-272
19057,2015,285,817,357,1040,-72,-223
19057,2016,393,1138,471,1375,-78,-237
19057,2017,280,813,325,925,-45,-112
19057,2018,285,842,364,1026,-79,-184
19057,2019,308,889,354,1052,-46,-163
19057,2020,343,969,360,996,-17,-27
19057,2021,350,936,368,1045,-18,-109
19059,2011,203,545,208,576,-5,-31
19059,2012,222,623,199,543,23,80
19059,2013,114,315,140,387,-26,-72
19059,2014,68,172,55,137,13,35
19059,2015,154,433,114,291,40,142
19059,2016,236,668,174,476,62,192
19059,2017,131,346,96,274,35,72
19059,2018,97,289,93,252,4,37
19059,2019,151,452,109,273,42,179
19059,2020,106,286,171,450,-65,-164
19059,2021,177,465,141,381,36,84
19061,2011,902,2569,801,2288,101,281
19061,2012,957,2772,899,2486,58,286
19061,2013,821,2258,752,2063,69,195
19061,2014,538,1489,580,1547,-42,-58
19061,2015,842,2280,902,2457,-60,-177
19061,2016,1074,3022,1219,3390,-145,-368
19061,2017,754,2045,899,2491,-145,-446
19061,2018,784,2088,792,2127,-8,-39
19061,2019,812,2222,969,2671,-157,-449
19061,2020,770,2024,903,2496,-133,-472
19061,2021,862,2211,987,2622,-125,-411
19063,2011,58,162,87,243,-29,-81
19063,2012,77,244,60,164,17,80
19063,2013,32,90,36,106,-4,-16
19063,2014,23,52,29,76,-6,-24
19063,2015,31,81,56,160,-25,-79
19063,2016,62,179,119,364,-57,-185
19063,2017,24,62,49,125,-25,-63
19063,2018,35,96,45,131,-10,-35
19063,2019,30,73,58,189,-28,-116
19063,2020,90,255,42,112,48,143
19063,2021,55,154,38,110,17,44
19065,2011,191,535,277,761,-86,-226
19065,2012,208,607,275,811,-67,-204
19065,2013,149,444,246,700,-97,-256
19065,2014,102,289,130,349,-28,-60
19065,2015,217,660,196,517,21,143
19065,2016,286,844,299,854,-13,-10
19065,2017,180,508,212,598,-32,-90
19065,2018,144,446,215,597,-71,-151
19065,2019,155,427,205,623,-50,-196
19065,2020,224,628,238,616,-14,12
19065,2021,194,557,233,636,-39,-79
19067,2011,198,571,147,446,51,125
19067,2012,175,508,186,537,-11,-29
19067,2013,123,353,141,413,-18,-60
19067,2014,66,186,113,306,-47,-120
19067,2015,117,359,143,435,-26,-76
19067,2016,175,492,184,516,-9,-24
19067,2017,104,309,163,467,-59,-158
19067,2018,130,380,134,375,-4,5
19067,2019,123,403,150,427,-27,-24
19067,2020,133,384,140,391,-7,-7
19067,2021,140,395,90,242,50,153
19069,2011,105,378,151,468,-46,-90
19069,2012,104,338,119,357,-15,-19
19069,2013,53,142,94,283,-41,-141
19069,2014,25,64,56,150,-31,-86
19069,2015,60,171,110,310,-50,-139
19069,2016,107,310,150,438,-43,-128
19069,2017,74,217,73,221,1,-4
19069,2018,45,122,74,199,-29,-77
19069,2019,72,230,70,203,2,27
19069,2020,82,267,77,207,5,60
19069,2021,93,275,66,184,27,91
19071,2011,118,339,126,381,-8,-42
19071,2012,77,215,93,281,-16,-66
19071,2013,95,293,99,291,-4,2
19071,2015,87,253,25,76,62,177
19071,2016,105,318,94,275,11,43
19071,2017,95,285,23,68,72,217
19071,2018,47,142,83,269,-36,-127
19071,2019,84,228,50,152,34,76
19071,2020,104,296,81,222,23,74
19071,2021,36,104,64,162,-28,-58
19073,2011,112,349,109,316,3,33
19073,2012,93,276,121,345,-28,-69
19073,2014,21,57,48,146,-27,-89
19073,2015,51,141,46,115,5,26
19073,2016,71,220,112,319,-41,-99
19073,2017,20,73,63,175,-43,-102
19073,2019,45,145,69,171,-24,-26
19073,2020,48,120,29,75,19,45
19073,2021,48,133,34,84,14,49
19075,2011,179,549,186,542,-7,7
19075,2012,200,590,211,617,-11,-27
19075,2013,144,452,124,351,20,101
19075,2014,70,188,79,208,-9,-20
19075,2015,126,393,132,367,-6,26
19075,2016,264,798,211,616,53,182
19075,2017,157,448,147,434,10,14
19075,2018,160,480,106,276,54,204
19075,2019,207,598,175,504,32,94
19075,2020,125,389,157,446,-32,-57
19075,2021,160,483,139,362,21,121
19077,2011,155,453,176,509,-21,-56
19077,2012,175,527,163,472,12,55
19077,2013,149,449,165,484,-16,-35
19077,2014,68,202,120,335,-52,-133
19077,2015,163,504,151,411,12,93
19077,2016,223,678,209,596,14,82
19077,2017,201,581,170,479,31,102
19077,2018,155,455,165,450,-10,5
19077,2019,176,555,192,588,-16,-33
19077,2020,169,522,163,440,6,82
19077,2021,161,460,150,399,11,61
19079,2011,202,615,177,509,25,106
19079,2012,205,640,220,684,-15,-44
19079,2013,125,372,204,567,-79,-195
19079,2014,102,302,129,340,-27,-38
19079,2015,142,410,165,460,-23,-50
19079,2016,264,765,249,757,15,8
19079,2017,156,450,146,405,10,45
19079,2018,96,271,125,336,-29,-65
19079,2019,156,458,197,531,-41,-73
19079,2020,180,511,176,457,4,54
19079,2021,175,491,157,385,18,106
19081,2011,150,459,109,308,41,151
19081,2012,137,414,158,447,-21,-33
19081,2013,128,388,152,442,-24,-54
19081,2014,94,274,76,213,18,61
19081,2015,88,260,134,407,-46,-147
19081,2016,167,497,194,566,-27,-69
19081,2017,100,299,94,270,6,29
19081,2018,87,253,106,317,-19,-64
19081,2019,118,366,117,347,1,19
19081,2020,86,246,90,240,-4,6
19081,2021,122,353,97,273,25,80
19083,2011,166,524,177,494,-11,30
19083,2012,179,549,190,543,-11,6
19083,2013,149,444,134,382,15,62
19083,2014,49,144,63,149,-14,-5
19083,2015,151,442,140,385,11,57
19083,2016,224,655,246,700,-22,-45
19083,2017,130,375,143,387,-13,-12
19083,2018,105,298,93,246,12,52
19083,2019,163,491,148,433,15,58
19083,2020,128,373,130,343,-2,30
19083,2021,163,463,176,468,-13,-5
19085,2011,194,590,194,552,0,38
19085,2012,185,572,195,571,-10,1
19085,2013,116,347,128,355,-12,-8
19085,2014,80,230,103,292,-23,-62
19085,2015,127,387,122,344,5,43
19085,2016,252,754,205,576,47,178
19085,2017,174,517,149,411,25,106
19085,2018,133,398,121,362,12,36
19085,2019,193,617,148,421,45,196
19085,2020,233,667,133,342,100,325
19085,2021,168,463,135,360,33,103
19087,2011,248,724,237,679,11,45
19087,2012,238,730,261,757,-23,-27
19087,2013,193,557,151,441,42,116
19087,2014,121,364,147,408,-26,-44
19087,2015,209,614,208,607,1,7
19087,2016,278,797,267,777,11,20
19087,2017,167,498,206,600,-39,-102
19087,2018,171,477,171,489,0,-12
19087,2019,178,529,171,476,7,53
19087,2020,231,645,243,681,-12,-36
19087,2021,204,601,195,533,9,68
19089,2011,99,274,103,298,-4,-24
19089,2012,76,221,92,247,-16,-26
19089,2013,51,157,36,105,15,52
19089,2014,27,71,30,79,-3,-8
19089,2015,33,81,29,88,4,-7
19089,2016,75,215,59,164,16,51
19089,2017,39,116,48,149,-9,-33
19089,2018,41,110,53,146,-12,-36
19089,2019,69,172,84,247,-15,-75
19089,2020,45,127,81,232,-36,-105
19089,2021,63,167,38,103,25,64
19091,2011,68,211,88,243,-20,-32
19091,2012,63,204,130,356,-67,-152
19091,2013,64,173,75,214,-11,-41
19091,2014,24,70,49,132,-25,-62
19091,2015,47,144,38,107,9,37
19091,2016,110,310,111,331,-1,-21
19091,2017,66,192,65,206,1,-14
19091,2018,49,154,38,118,11,36
19091,2019,47,140,69,198,-22,-58
19091,2020,48,131,29,80,19,51
19091,2021,42,118,67,185,-25,-67
19093,2011,81,262,47,130,34,132
19093,2012,61,167,79,260,-18,-93
19093,2013,48,129,23,62,25,67
19093,2015,28,78,26,77,2,1
19093,2016,23,72,54,140,-31,-68
19093,2017,21,67,22,56,-1,11
19093,2019,24,64,25,62,-1,2
19095,2011,237,707,212,605,25,102
19095,2012,281,808,232,620,49,188
19095,2013,218,646,194,536,24,110
19095,2014,117,312,143,369,-26,-57
19095,2015,185,525,236,653,-51,-128
19095,2016,315,937,293,825,22,112
19095,2017,234,654,194,515,40,139
19095,2018,220,604,182,508,38,96
19095,2019,237,699,226,636,11,63
19095,2020,206,546,216,572,-10,-26
19095,2021,199,516,195,481,4,35
19097,2011,231,687,270,739,-39,-52
19097,2012,230,653,247,705,-17,-52
19097,2013,177,527,231,654,-54,-127
19097,2014,179,519,146,406,33,113
19097,2015,203,580,227,625,-24,-45
19097,2016,318,965,283,783,35,182
19097,2017,186,552,202,540,-16,12
19097,2018,162,471,221,586,-59,-115
19097,2019,201,563,214,587,-13,-24
19097,2020,215,633,183,504,32,129
19097,2021,171,490,189,516,-18,-26
19099,2011,442,1287,526,1509,-84,-222
19099,2012,536,1592,543,1548,-7,44
19099,2013,470,1428,502,1465,-32,-37
19099,2014,303,910,348,990,-45,-80
19099,2015,502,1470,519,1523,-17,-53
19099,2016,814,2554,651,1861,163,693
19099,2017,602,1771,541,1576,61,195
19099,2018,489,1460,548,1529,-59,-69
19099,2019,625,1856,554,1572,71,284
19099,2020,586,1667,573,1614,13,53
19099,2021,558,1585,592,1569,-34,16
19101,2011,125,362,172,476,-47,-114
19101,2012,127,352,155,481,-28,-129
19101,2013,75,242,88,261,-13,-19
19101,2014,43,122,106,308,-63,-186
19101,2015,121,351,112,329,9,22
19101,2016,171,500,218,624,-47,-124
19101,2017,126,382,141,397,-15,-15
19101,2018,102,302,140,420,-38,-118
19101,2019,66,219,123,342,-57,-123
19101,2020,125,339,124,388,1,-49
19101,2021,50,147,161,459,-111,-312
19103,2011,2632,7052,2885,7392,-253,-340
19103,2012,2840,7654,3234,8444,-394,-790
19103,2013,1932,5157,2456,6455,-524,-1298
19103,2014,1398,3616,1315,3438,83,178
19103,2015,2128,5658,2710,7198,-582,-1540
19103,2016,3064,8222,4420,11600,-1356,-3378
19103,2017,2160,5611,2785,7188,-625,-1577
19103,2018,2097,5410,2639,6725,-542,-1315
19103,2019,2457,6331,2968,7659,-511,-1328
19103,2020,2422,6212,3029,7675,-607,-1463
19103,2021,2388,5960,3253,8017,-865,-2057
19105,2011,268,805,274,779,-6,26
19105,2012,260,739,269,754,-9,-15
19105,2013,178,489,198,549,-20,-60
19105,2014,123,353,159,426,-36,-73
19105,2015,215,640,243,700,-28,-60
19105,2016,409,1199,333,951,76,248
19105,2017,233,692,243,709,-10,-17
19105,2018,228,653,177,489,51,164
19105,2019,255,759,236,648,19,111
19105,2020,274,817,175,454,99,363
19105,2021,206,567,269,739,-63,-172
19107,2011,120,384,126,366,-6,18
19107,2012,124,366,135,397,-11,-31
19107,2013,68,223,82,257,-14,-34
19107,2014,47,136,74,216,-27,-80
19107,2015,108,340,102,305,6,35
19107,2016,163,482,149,413,14,69
19107,2017,126,398,126,363,0,35
19107,2018,106,315,124,341,-18,-26
19107,2019,105,323,104,314,1,9
19107,2020,89,261,104,288,-15,-27
19107,2021,111,310,54,152,57,158
19109,2011,124,343,90,268,34,75
19109,2012,122,367,66,182,56,185
19109,2013,49,140,20,51,29,89
19109,2014,21,54,27,83,-6,-29
19109,2015,27,80,45,125,-18,-45
19109,2016,125,379,101,286,24,93
19109,2017,75,199,60,163,15,36
19109,2018,21,66,29,75,-8,-9
19109,2019,24,70,58,165,-34,-95
19109,2020,23,72,64,167,-41,-95
19109,2021,88,266,56,131,32,135
19111,2011,300,880,270,772,30,108
19111,2012,309,888,313,900,-4,-12
19111,2013,212,612,287,840,-75,-228
19111,2014,155,458,176,494,-21,-36
19111,2015,225,637,249,751,-24,-114
19111,2016,325,969,381,1104,-56,-135
19111,2017,233,677,271,787,-38,-110
19111,2018,242,688,226,629,16,59
19111,2019,239,699,312,874,-73,-175
19111,2020,266,751,346,923,-80,-172
19111,2021,243,689,321,878,-78,-189
19113,2011,2688,7381,2848,7822,-160,-441
19113,2012,3007,8294,2925,8076,82,218
19113,2013,2256,6186,2191,5982,65,204
19113,2014,1612,4235,1341,3599,271,636
19113,2015,2550,6996,2467,6727,83,269
19113,2016,3915,10741,3790,10645,125,96
19113,2017,2620,6976,2536,7004,84,-28
19113,2018,2489,6596,2526,6876,-37,-280
19113,2019,2732,7430,2890,7942,-158,-512
19113,2020,2447,6413,2982,7992,-535,-1579
19113,2021,2638,6785,2777,7307,-139,-522
19115,2011,170,527,186,558,-16,-31
19115,2012,153,479,177,549,-24,-70
19115,2013,154,443,160,482,-6,-39
19115,2014,97,289,99,278,-2,11
19115,2015,132,401,171,511,-39,-110
19115,2016,168,510,184,525,-16,-15
19115,2017,113,331,130,368,-17,-37
19115,2018,157,471,140,414,17,57
19115,2019,109,378,148,434,-39,-56
19115,2020,152,441,146,404,6,37
19115,2021,92,260,191,547,-99,-287
19117,2011,113,354,90,266,23,88
19117,2012,86,258,111,317,-25,-59
19117,2013,43,134,60,166,-17,-32
19117,2014,23,66,49,141,-26,-75
19117,2015,51,146,53,173,-2,-27
19117,2016,90,277,88,276,2,1
19117,2017,24,63,75,222,-51,-159
19117,2018,52,163,32,89,20,74
19117,2019,74,249,63,173,11,76
19117,2020,67,197,81,229,-14,-32
19117,2021,31,90,76,215,-45,-125
19119,2011,96,294,120,361,-24,-67
19119,2012,97,296,127,362,-30,-66
19119,2013,73,219,74,225,-1,-6
19119,2014,43,128,55,148,-12,-20
19119,2015,73,236,92,256,-19,-20
19119,2016,104,305,92,255,12,50
19119,2017,50,161,74,207,-24,-46
19119,2018,64,182,98,288,-34,-106
19119,2019,80,237,70,220,10,17
19119,2020,102,306,70,190,32,116
19119,2021,87,250,70,195,17,55
19121,2011,272,834,251,778,21,56
19121,2012,242,806,254,757,-12,49
19121,2013,212,665,237,723,-25,-58
19121,2014,192,559,193,538,-1,21
19121,2015,246,795,231,656,15,139
19121,2016,441,1395,307,932,134,463
19121,2017,277,848,251,701,26,147
19121,2018,278,871,227,661,51,210
19121,2019,301,964,268,747,33,217
19121,2020,308,944,268,752,40,192
19121,2021,273,817,258,702,15,115
19123,2011,263,824,265,835,-2,-11
19123,2012,234,726,223,660,11,66
19123,2013,211,636,199,626,12,10
19123,2014,162,470,143,381,19,89
19123,2015,212,642,244,696,-32,-54
19123,2016,301,901,310,950,-9,-49
19123,2017,199,580,248,740,-49,-160
19123,2018,227,648,195,523,32,125
19123,2019,245,714,289,833,-44,-119
19123,2020,247,684,244,658,3,26
19123,2021,250,715,267,755,-17,-40
19125,2011,354,1065,396,1217,-42,-152
19125,2012,325,1011,433,1218,-108,-207
19125,2013,294,924,313,901,-19,23
19125,2014,197,548,209,584,-12,-36
19125,2015,348,1017,357,987,-9,30
19125,2016,505,1522,579,1666,-74,-144
19125,2017,345,995,368,1017,-23,-22
19125,2018,319,909,360,997,-41,-88
19125,2019,391,1120,416,1228,-25,-108
19125,2020,391,1160,363,1000,28,160
19125,2021,468,1352,404,1086,64,266
19127,2011,373,1129,471,1375,-98,-246
19127,2012,356,1077,533,1495,-177,-418
19127,2013,272,742,376,1080,-104,-338
19127,2014,188,539,245,686,-57,-147
19127,2015,277,819,471,1370,-194,-551
19127,2016,516,1513,595,1650,-79,-137
19127,2017,334,961,469,1358,-135,-397
19127,2018,239,705,407,1156,-168,-451
19127,2019,357,1042,499,1414,-142,-372
19127,2020,322,890,436,1202,-114,-312
19127,2021,326,919,448,1199,-122,-280
19129,2011,241,706,249,738,-8,-32
19129,2012,218,672,225,688,-7,-16
19129,2013,213,652,209,607,4,45
19129,2014,134,397,141,363,-7,34
19129,2015,222,723,200,571,22,152
19129,2016,363,1151,321,952,42,199
19129,2017,216,655,199,587,17,68
19129,2018,179,545,230,649,-51,-104
19129,2019,269,876,239,668,30,208
19129,2020,231,703,177,492,54,211
19129,2021,271,781,161,430,110,351
19131,2011,103,298,87,239,16,59
19131,2012,92,273,104,285,-12,-12
19131,2013,21,52,43,142,-22,-90
19131,2015,21,56,23,52,-2,4
19131,2016,32,93,49,124,-17,-31
19131,2017,68,199,30,79,38,120
19131,2018,51,128,48,134,3,-6
19131,2019,77,223,30,77,47,146
19131,2020,50,134,24,71,26,63
19133,2011,91,274,88,262,3,12
19133,2012,67,200,92,265,-25,-65
19133,2013,60,193,54,141,6,52
19133,2014,45,116,46,136,-1,-20
19133,2015,53,159,62,172,-9,-13
19133,2016,97,309,71,221,26,88
19133,2017,52,163,81,220,-29,-57
19133,2018,55,168,60,167,-5,1
19133,2019,55,152,65,186,-10,-34
19133,2020,67,187,57,158,10,29
19133,2021,53,166,54,151,-1,15
19135,2011,94,269,87,279,7,-10
19135,2012,65,183,92,277,-27,-94
19135,2013,20,65,24,73,-4,-8
19135,2014,23,66,26,75,-3,-9
19135,2015,29,81,48,128,-19,-47
19135,2016,130,398,82,215,48,183
19135,2017,27,73,23,67,4,6
19135,2018,33,99,28,93,5,6
19135,2019,49,164,21,54,28,110
19135,2020,45,127,27,81,18,46
19135,2021,34,109,70,198,-36,-89
19137,2011,111,326,96,269,15,57
19137,2012,96,298,105,297,-9,1
19137,2013,26,82,51,143,-25,-61
19137,2014,22,61,43,130,-21,-69
19137,2015,59,182,25,75,34,107
19137,2016,155,477,130,400,25,77
19137,2017,45,136,81,218,-36,-82
19137,2018,52,170,81,232,-29,-62
19137,2019,65,187,65,190,0,-3
19137,2020,81,243,80,207,1,36
19137,2021,75,202,86,270,-11,-68
19139,2011,511,1507,538,1586,-27,-79
19139,2012,507,1495,587,1732,-80,-237
19139,2013,420,1231,477,1370,-57,-139
19139,2014,348,996,394,1101,-46,-105
19139,2015,515,1543,544,1582,-29,-39
19139,2016,576,1642,741,2108,-165,-466
19139,2017,427,1248,494,1423,-67,-175
19139,2018,426,1202,545,1553,-119,-351
19139,2019,505,1468,542,1548,-37,-80
19139,2020,440,1208,522,1469,-82,-261
19139,2021,460,1320,518,1396,-58,-76
19141,2011,155,457,159,458,-4,-1
19141,2012,177,549,186,561,-9,-12
19141,2013,99,316,114,355,-15,-39
19141,2014,71,218,36,98,35,120
19141,2015,114,348,105,313,9,35
19141,2016,165,496,178,523,-13,-27
19141,2017,105,301,139,421,-34,-120
19141,2018,101,313,104,307,-3,6
19141,2019,115,337,130,388,-15,-51
19141,2020,161,449,117,354,44,95
19141,2021,140,416,142,381,-2,35
19143,2011,58,185,70,228,-12,-43
19143,2012,64,231,52,174,12,57
19143,2013,25,74,26,69,-1,5
19143,2015,25,70,60,178,-35,-108
19143,2016,35,106,64,189,-29,-83
19143,2017,25,85,52,150,-27,-65
19143,2018,47,126,31,101,16,25
19143,2019,26,82,28,82,-2,0
19143,2020,29,83,31,92,-2,-9
19143,2021,25,71,29,99,-4,-28
19145,2011,148,420,179,503,-31,-83
19145,2012,131,376,142,386,-11,-10
19145,2013,82,246,99,285,-17,-39
19145,2014,58,179,44,124,14,55
19145,2015,95,276,80,229,15,47
19145,2016,156,460,169,513,-13,-53
19145,2017,68,206,76,222,-8,-16
19145,2018,93,287,70,214,23,73
19145,2019,120,360,73,207,47,153
19145,2020,119,298,80,223,39,75
19145,2021,124,337,130,357,-6,-20
19147,2011,75,218,119,350,-44,-132
19147,2012,80,218,106,318,-26,-100
19147,2013,32,88,55,159,-23,-71
19147,2014,27,83,NA,NA,NA,NA
19147,2015,66,186,59,173,7,13
19147,2016,95,276,95,286,0,-10
19147,2017,60,157,49,131,11,26
19147,2018,22,65,48,143,-26,-78
19147,2019,92,285,47,142,45,143
19147,2020,59,155,75,231,-16,-76
19147,2021,56,149,45,157,11,-8
19149,2011,297,874,273,800,24,74
19149,2012,309,943,286,800,23,143
19149,2013,277,864,252,746,25,118
19149,2014,204,623,187,527,17,96
19149,2015,274,845,264,745,10,100
19149,2016,353,1139,369,1065,-16,74
19149,2017,273,811,272,819,1,-8
19149,2018,239,697,248,710,-9,-13
19149,2019,351,1019,269,783,82,236
19149,2020,254,755,266,771,-12,-16
19149,2021,254,695,241,660,13,35
19151,2011,72,215,77,244,-5,-29
19151,2012,93,298,80,233,13,65
19151,2013,51,150,44,131,7,19
19151,2014,20,70,NA,NA,NA,NA
19151,2016,57,177,NA,NA,NA,NA
19151,2017,22,64,24,62,-2,2
19151,2018,24,84,NA,NA,NA,NA
19151,2019,23,59,42,117,-19,-58
19151,2020,21,63,20,62,1,1
19151,2021,27,80,NA,NA,NA,NA
19153,2011,7940,21887,7255,20517,685,1370
19153,2012,8841,24591,7629,21854,1212,2737
19153,2013,6904,19042,6346,18027,558,1015
19153,2014,4829,13037,4260,11736,569,1301
19153,2015,8163,22309,7486,21116,677,1193
19153,2016,11704,32319,10853,31152,851,1167
19153,2017,8096,21873,7636,21323,460,550
19153,2018,7487,19816,7764,21488,-277,-1672
19153,2019,8714,23208,8788,24744,-74,-1536
19153,2020,11134,28125,9626,26160,1508,1965
19153,2021,9260,23781,9810,26058,-550,-2277
19155,2011,1380,4050,1532,4450,-152,-400
19155,2012,1405,4153,1465,4269,-60,-116
19155,2013,1218,3488,1194,3494,24,-6
19155,2014,882,2605,868,2501,14,104
19155,2015,1218,3555,1314,3735,-96,-180
19155,2016,1841,5373,1782,5091,59,282
19155,2017,1242,3598,1312,3751,-70,-153
19155,2018,1296,3721,1268,3639,28,82
19155,2019,1374,3933,1405,3979,-31,-46
19155,2020,1423,3911,1377,3815,46,96
19155,2021,1264,3536,1354,3646,-90,-110
19157,2011,200,623,285,843,-85,-220
19157,2012,233,711,257,748,-24,-37
19157,2013,156,441,161,523,-5,-82
19157,2014,82,241,127,369,-45,-128
19157,2015,199,578,160,473,39,105
19157,2016,313,934,268,783,45,151
19157,2017,189,554,158,414,31,140
19157,2018,125,347,149,420,-24,-73
19157,2019,206,617,169,468,37,149
19157,2020,264,744,160,442,104,302
19157,2021,203,565,194,545,9,20
19159,2011,16,43,32,92,-16,-49
19159,2012,25,73,29,78,-4,-5
19161,2011,137,404,116,340,21,64
19161,2012,98,309,87,247,11,62
19161,2013,68,192,84,233,-16,-41
19161,2014,27,83,NA,NA,NA,NA
19161,2015,49,133,49,143,0,-10
19161,2016,132,372,80,239,52,133
19161,2017,65,180,74,212,-9,-32
19161,2018,84,245,53,151,31,94
19161,2019,69,203,40,138,29,65
19161,2020,62,174,25,75,37,99
19161,2021,84,244,71,201,13,43
19163,2011,2546,7266,2450,6896,96,370
19163,2012,2641,7576,2396,6731,245,845
19163,2013,2064,5850,2033,5632,31,218
19163,2014,1539,4204,1301,3675,238,529
19163,2015,2105,5991,2061,5752,44,239
19163,2016,2984,8494,2964,8571,20,-77
19163,2017,2171,6153,2128,5958,43,195
19163,2018,2071,5770,2041,5699,30,71
19163,2019,2418,6791,2257,6401,161,390
19163,2020,2208,6090,2240,6271,-32,-181
19163,2021,2349,6409,2349,6330,0,79
19165,2011,211,619,140,424,71,195
19165,2012,161,490,178,509,-17,-19
19165,2013,98,301,86,217,12,84
19165,2014,27,86,35,105,-8,-19
19165,2015,60,177,92,268,-32,-91
19165,2016,133,419,134,395,-1,24
19165,2017,93,288,86,253,7,35
19165,2018,77,227,84,229,-7,-2
19165,2019,118,365,67,214,51,151
19165,2020,104,292,142,381,-38,-89
19165,2021,120,359,89,219,31,140
19167,2011,179,571,213,610,-34,-39
19167,2012,209,606,283,876,-74,-270
19167,2013,148,471,229,698,-81,-227
19167,2014,111,339,108,325,3,14
19167,2015,138,417,203,610,-65,-193
19167,2016,180,548,293,898,-113,-350
19167,2017,207,598,217,612,-10,-14
19167,2018,164,491,250,720,-86,-229
19167,2019,168,530,241,690,-73,-160
19167,2020,187,535,249,701,-62,-166
19167,2021,212,570,274,747,-62,-177
19169,2011,1197,3185,1832,4791,-635,-1606
19169,2012,1349,3586,1718,4506,-369,-920
19169,2013,961,2525,1419,3696,-458,-1171
19169,2014,700,1730,864,2234,-164,-504
19169,2015,1110,2896,1565,4108,-455,-1212
19169,2016,1530,4143,2660,6809,-1130,-2666
19169,2017,1197,3206,1656,4227,-459,-1021
19169,2018,1213,3222,1584,4014,-371,-792
19169,2019,1478,3978,1832,4596,-354,-618
19169,2020,1294,3373,1786,4462,-492,-1089
19169,2021,1476,3851,1956,4800,-480,-949
19171,2011,238,737,249,753,-11,-16
19171,2012,236,706,229,705,7,1
19171,2013,173,526,207,575,-34,-49
19171,2014,115,332,123,337,-8,-5
19171,2015,200,590,242,708,-42,-118
19171,2016,273,773,351,1065,-78,-292
19171,2017,153,473,206,579,-53,-106
19171,2018,155,447,225,631,-70,-184
19171,2019,218,606,216,632,2,-26
19171,2020,238,700,220,606,18,94
19171,2021,175,490,281,760,-106,-270
19173,2011,44,126,66,199,-22,-73
19173,2012,65,177,59,171,6,6
19173,2013,46,130,20,57,26,73
19173,2014,22,63,NA,NA,NA,NA
19173,2016,28,93,59,175,-31,-82
19173,2020,47,126,23,65,24,61
19173,2021,23,72,25,66,-2,6
19175,2011,147,438,142,405,5,33
19175,2012,136,381,147,445,-11,-64
19175,2013,71,210,102,298,-31,-88
19175,2014,20,60,57,151,-37,-91
19175,2015,69,186,48,117,21,69
19175,2016,149,437,146,422,3,15
19175,2017,26,64,73,223,-47,-159
19175,2018,42,120,47,127,-5,-7
19175,2019,96,279,58,151,38,128
19175,2020,67,197,124,329,-57,-132
19175,2021,107,306,44,111,63,195
19177,2011,46,139,58,163,-12,-24
19177,2012,61,184,71,200,-10,-16
19177,2013,33,89,27,86,6,3
19177,2014,24,71,NA,NA,NA,NA
19177,2015,27,81,25,74,2,7
19177,2016,57,172,68,186,-11,-14
19177,2017,38,100,54,186,-16,-86
19177,2018,27,85,25,64,2,21
19177,2019,35,95,NA,NA,NA,NA
19177,2020,27,98,30,82,-3,16
19177,2021,29,90,25,71,4,19
19179,2011,327,993,366,1073,-39,-80
19179,2012,307,902,428,1297,-121,-395
19179,2013,215,662,322,964,-107,-302
19179,2014,215,609,193,545,22,64
19179,2015,279,806,365,1091,-86,-285
19179,2016,330,999,513,1512,-183,-513
19179,2017,289,900,364,1037,-75,-137
19179,2018,206,592,404,1121,-198,-529
19179,2019,219,604,344,1026,-125,-422
19179,2020,281,795,347,918,-66,-123
19179,2021,256,776,347,943,-91,-167
19181,2011,941,2832,923,2640,18,192
19181,2012,1044,3085,904,2597,140,488
19181,2013,932,2749,818,2354,114,395
19181,2014,655,1926,591,1623,64,303
19181,2015,1112,3405,898,2475,214,930
19181,2016,1569,4864,1228,3542,341,1322
19181,2017,1113,3343,982,2779,131,564
19181,2018,1120,3351,991,2723,129,628
19181,2019,1274,3900,1070,2983,204,917
19181,2020,1356,3955,1023,2901,333,1054
19181,2021,1261,3674,1064,2944,197,730
19183,2011,259,761,326,977,-67,-216
19183,2012,349,1047,309,895,40,152
19183,2013,257,764,203,575,54,189
19183,2014,170,516,175,466,-5,50
19183,2015,267,835,264,770,3,65
19183,2016,421,1192,313,903,108,289
19183,2017,230,678,237,664,-7,14
19183,2018,241,714,249,713,-8,1
19183,2019,246,714,269,795,-23,-81
19183,2020,285,822,271,762,14,60
19183,2021,291,842,255,723,36,119
19185,2011,54,165,70,202,-16,-37
19185,2012,62,189,54,158,8,31
19185,2016,25,94,51,156,-26,-62
19185,2020,21,69,21,53,0,16
19187,2011,299,861,386,1085,-87,-224
19187,2012,311,883,403,1157,-92,-274
19187,2013,230,631,271,768,-41,-137
19187,2014,152,425,186,498,-34,-73
19187,2015,206,565,340,951,-134,-386
19187,2016,349,971,439,1207,-90,-236
19187,2017,249,710,332,910,-83,-200
19187,2018,249,679,300,849,-51,-170
19187,2019,274,780,299,841,-25,-61
19187,2020,551,1287,367,995,184,292
19187,2021,299,789,478,1231,-179,-442
19189,2011,106,312,133,373,-27,-61
19189,2012,150,433,128,360,22,73
19189,2013,78,231,86,258,-8,-27
19189,2014,31,87,82,217,-51,-130
19189,2015,87,251,92,282,-5,-31
19189,2016,142,402,139,400,3,2
19189,2017,79,230,77,218,2,12
19189,2018,88,246,79,225,9,21
19189,2019,74,203,96,264,-22,-61
19189,2020,69,194,60,159,9,35
19189,2021,77,206,80,228,-3,-22
19191,2011,158,449,179,498,-21,-49
19191,2012,125,343,151,427,-26,-84
19191,2013,108,290,86,238,22,52
19191,2014,77,213,51,136,26,77
19191,2015,88,248,103,271,-15,-23
19191,2016,120,332,179,478,-59,-146
19191,2017,92,261,100,277,-8,-16
19191,2018,77,220,74,198,3,22
19191,2019,96,271,126,310,-30,-39
19191,2020,88,243,106,287,-18,-44
19191,2021,97,266,121,315,-24,-49
19193,2011,1133,3314,1391,4055,-258,-741
19193,2012,1137,3396,1386,4150,-249,-754
19193,2013,854,2485,1102,3290,-248,-805
19193,2014,622,1787,733,2174,-111,-387
19193,2015,921,2717,1224,3545,-303,-828
19193,2016,1301,3834,1635,4920,-334,-1086
19193,2017,1017,2955,1029,2975,-12,-20
19193,2018,997,2870,1119,3170,-122,-300
19193,2019,1047,3011,1314,3865,-267,-854
19193,2020,1003,2823,1244,3402,-241,-579
19193,2021,1004,2765,1191,3248,-187,-483
19195,2011,110,321,131,371,-21,-50
19195,2012,126,384,106,291,20,93
19195,2013,87,249,50,138,37,111
19195,2014,66,179,57,170,9,9
19195,2015,82,249,80,213,2,36
19195,2016,145,413,93,261,52,152
19195,2017,70,179,83,217,-13,-38
19195,2018,63,165,80,212,-17,-47
19195,2019,91,251,71,200,20,51
19195,2020,88,253,87,236,1,17
19195,2021,84,237,112,291,-28,-54
19197,2011,145,462,115,348,30,114
19197,2012,125,400,134,387,-9,13
19197,2013,70,217,47,147,23,70
19197,2015,92,260,45,128,47,132
19197,2016,107,361,208,593,-101,-232
19197,2017,42,125,72,203,-30,-78
19197,2018,23,71,45,122,-22,-51
19197,2019,74,207,91,258,-17,-51
19197,2020,52,143,137,376,-85,-233
19197,2021,21,49,99,279,-78,-230
20001,2011,101,329,173,517,-72,-188
20001,2012,114,332,183,531,-69,-199
20001,2013,80,236,102,308,-22,-72
20001,2014,27,75,54,148,-27,-73
20001,2015,48,138,88,267,-40,-129
20001,2016,65,189,96,296,-31,-107
20001,2017,46,127,45,137,1,-10
20001,2018,42,126,67,195,-25,-69
20001,2019,43,128,45,136,-2,-8
20001,2020,73,220,58,170,15,50
20001,2021,82,252,74,186,8,66
20003,2011,74,227,122,364,-48,-137
20003,2012,99,297,102,316,-3,-19
20003,2013,50,147,49,164,1,-17
20003,2014,21,51,23,59,-2,-8
20003,2015,81,248,32,102,49,146
20003,2016,103,304,72,211,31,93
20003,2017,47,149,27,68,20,81
20003,2018,93,269,NA,NA,NA,NA
20003,2019,85,265,66,208,19,57
20003,2020,88,283,76,212,12,71
20003,2021,62,168,82,250,-20,-82
20005,2011,190,597,208,641,-18,-44
20005,2012,170,528,207,605,-37,-77
20005,2013,44,130,97,281,-53,-151
20005,2014,48,160,34,106,14,54
20005,2015,57,175,94,264,-37,-89
20005,2016,152,483,240,719,-88,-236
20005,2017,89,285,173,521,-84,-236
20005,2018,65,200,86,256,-21,-56
20005,2019,62,201,112,362,-50,-161
20005,2020,94,294,155,427,-61,-133
20005,2021,93,261,108,312,-15,-51
20007,2011,18,55,51,164,-33,-109
20007,2012,33,99,23,64,10,35
20009,2011,234,686,305,938,-71,-252
20009,2012,233,675,285,804,-52,-129
20009,2013,135,371,111,335,24,36
20009,2014,49,138,67,181,-18,-43
20009,2015,75,210,185,518,-110,-308
20009,2016,138,400,305,911,-167,-511
20009,2017,66,208,210,602,-144,-394
20009,2018,133,352,168,471,-35,-119
20009,2019,88,253,170,479,-82,-226
20009,2020,59,146,173,481,-114,-335
20009,2021,84,213,112,296,-28,-83
20011,2011,124,376,104,326,20,50
20011,2012,119,356,119,361,0,-5
20011,2013,65,197,69,203,-4,-6
20011,2014,20,55,36,103,-16,-48
20011,2015,55,160,81,254,-26,-94
20011,2016,90,277,155,473,-65,-196
20011,2017,78,263,108,312,-30,-49
20011,2018,52,174,87,257,-35,-83
20011,2019,33,96,107,344,-74,-248
20011,2020,90,278,107,300,-17,-22
20011,2021,98,289,61,191,37,98
20013,2011,105,320,86,295,19,25
20013,2012,71,223,121,340,-50,-117
20013,2013,27,82,56,176,-29,-94
20013,2015,27,87,NA,NA,NA,NA
20013,2016,130,386,81,232,49,154
20013,2017,23,80,43,135,-20,-55
20013,2018,29,96,34,103,-5,-7
20013,2019,26,90,45,140,-19,-50
20013,2020,27,81,43,125,-16,-44
20013,2021,29,82,44,144,-15,-62
20015,2011,1081,3354,1091,3199,-10,155
20015,2012,1119,3541,1174,3465,-55,76
20015,2013,1031,3301,850,2527,181,774
20015,2014,622,1962,728,2094,-106,-132
20015,2015,976,3178,1017,2999,-41,179
20015,2016,1504,4812,1431,4278,73,534
20015,2017,1158,3543,1051,3112,107,431
20015,2018,1000,3138,1033,3065,-33,73
20015,2019,1225,3905,1064,3164,161,741
20015,2020,1198,3513,1162,3361,36,152
20015,2021,1175,3438,1047,2895,128,543
20017,2011,63,207,21,59,42,148
20017,2012,14,44,29,75,-15,-31
20017,2015,22,62,30,93,-8,-31
20017,2016,29,74,23,67,6,7
20017,2018,20,62,NA,NA,NA,NA
20017,2019,24,63,25,65,-1,-2
20017,2020,21,66,20,62,1,4
20019,2011,25,82,52,164,-27,-82
20019,2012,17,67,17,61,0,6
20019,2013,23,82,26,76,-3,6
20021,2011,301,957,357,1127,-56,-170
20021,2012,261,828,322,1001,-61,-173
20021,2013,254,787,275,816,-21,-29
20021,2014,175,559,229,672,-54,-113
20021,2015,234,742,284,877,-50,-135
20021,2016,362,1106,348,1092,14,14
20021,2017,294,912,325,985,-31,-73
20021,2018,237,758,269,855,-32,-97
20021,2019,291,934,322,996,-31,-62
20021,2020,280,868,321,951,-41,-83
20021,2021,279,855,315,925,-36,-70
20023,2011,10,25,NA,NA,NA,NA
20025,2011,13,46,13,48,0,-2
20025,2012,16,60,18,59,-2,1
20025,2017,21,73,NA,NA,NA,NA
20027,2011,199,648,89,274,110,374
20027,2012,78,252,84,244,-6,8
20027,2013,34,92,48,155,-14,-63
20027,2015,25,67,54,169,-29,-102
20027,2016,51,173,41,117,10,56
20027,2017,33,103,29,85,4,18
20027,2018,46,149,32,87,14,62
20027,2019,28,84,36,96,-8,-12
20027,2020,62,179,51,139,11,40
20027,2021,33,82,48,116,-15,-34
20029,2011,2927,9173,27,82,2900,9091
20029,2012,44,122,87,261,-43,-139
20029,2015,20,58,24,83,-4,-25
20029,2016,25,71,51,141,-26,-70
20029,2020,43,124,23,61,20,63
20031,2011,77,209,116,350,-39,-141
20031,2012,83,243,113,333,-30,-90
20031,2013,44,135,32,88,12,47
20031,2014,25,67,29,76,-4,-9
20031,2015,33,94,36,104,-3,-10
20031,2016,70,213,58,174,12,39
20031,2017,28,86,36,95,-8,-9
20031,2018,31,92,53,138,-22,-46
20031,2019,61,170,31,84,30,86
20031,2020,38,126,47,136,-9,-10
20031,2021,46,143,41,114,5,29
20035,2011,344,1017,358,1084,-14,-67
20035,2012,361,1166,413,1211,-52,-45
20035,2013,277,840,317,943,-40,-103
20035,2014,225,692,217,654,8,38
20035,2015,260,815,316,914,-56,-99
20035,2016,371,1131,466,1440,-95,-309
20035,2017,288,879,361,1064,-73,-185
20035,2018,284,860,313,926,-29,-66
20035,2019,295,967,368,1065,-73,-98
20035,2020,329,951,315,905,14,46
20035,2021,297,844,366,1007,-69,-163
20037,2011,455,1364,540,1510,-85,-146
20037,2012,389,1135,596,1774,-207,-639
20037,2013,344,980,394,1132,-50,-152
20037,2014,230,668,255,701,-25,-33
20037,2015,342,1025,449,1265,-107,-240
20037,2016,455,1329,654,1875,-199,-546
20037,2017,368,1081,402,1120,-34,-39
20037,2018,344,1017,390,1081,-46,-64
20037,2019,323,967,431,1237,-108,-270
20037,2020,352,998,364,989,-12,9
20037,2021,415,1154,427,1148,-12,6
20039,2011,10,26,26,85,-16,-59
20041,2011,271,814,270,862,1,-48
20041,2012,298,939,278,819,20,120
20041,2013,212,679,169,517,43,162
20041,2014,145,452,146,428,-1,24
20041,2015,213,674,204,613,9,61
20041,2016,273,887,281,822,-8,65
20041,2017,164,503,193,547,-29,-44
20041,2018,167,509,185,529,-18,-20
20041,2019,224,741,186,560,38,181
20041,2020,196,584,251,742,-55,-158
20041,2021,193,594,195,527,-2,67
20043,2011,97,300,136,449,-39,-149
20043,2012,111,365,109,333,2,32
20043,2013,60,207,73,227,-13,-20
20043,2014,64,213,60,191,4,22
20043,2015,51,160,68,216,-17,-56
20043,2016,69,226,126,371,-57,-145
20043,2017,57,182,65,192,-8,-10
20043,2018,61,183,65,193,-4,-10
20043,2019,72,212,74,244,-2,-32
20043,2020,68,211,52,145,16,66
20043,2021,57,154,59,164,-2,-10
20045,2011,2093,5541,2363,6106,-270,-565
20045,2012,2362,6329,2508,6549,-146,-220
20045,2013,1786,4736,1793,4698,-7,38
20045,2014,1244,3210,1188,3020,56,190
20045,2015,1876,4918,2105,5475,-229,-557
20045,2016,2734,7354,3231,8463,-497,-1109
20045,2017,1893,4970,2203,5613,-310,-643
20045,2018,1902,5058,2051,5266,-149,-208
20045,2019,1968,5404,2346,6067,-378,-663
20045,2020,1877,4891,2324,5980,-447,-1089
20045,2021,2068,5312,2368,5971,-300,-659
20047,2011,12,41,15,51,-3,-10
20047,2012,28,102,11,35,17,67
20049,2012,28,87,NA,NA,NA,NA
20051,2011,344,941,366,948,-22,-7
20051,2012,325,876,434,1161,-109,-285
20051,2013,138,377,249,633,-111,-256
20051,2014,71,187,131,333,-60,-146
20051,2015,157,432,229,615,-72,-183
20051,2016,215,600,447,1222,-232,-622
20051,2017,117,319,212,535,-95,-216
20051,2018,138,384,197,498,-59,-114
20051,2019,190,507,256,662,-66,-155
20051,2020,132,353,251,633,-119,-280
20051,2021,170,468,252,644,-82,-176
20053,2011,42,113,60,163,-18,-50
20053,2012,42,115,43,117,-1,-2
20053,2013,28,85,21,64,7,21
20053,2014,28,82,20,47,8,35
20053,2015,20,55,24,71,-4,-16
20053,2016,29,93,44,139,-15,-46
20053,2017,45,127,29,74,16,53
20053,2019,23,78,20,62,3,16
20053,2020,43,109,NA,NA,NA,NA
20053,2021,25,81,21,64,4,17
20055,2011,284,987,359,1216,-75,-229
20055,2012,284,945,449,1470,-165,-525
20055,2013,151,469,217,728,-66,-259
20055,2014,146,497,116,366,30,131
20055,2015,158,498,208,665,-50,-167
20055,2016,338,1030,276,871,62,159
20055,2017,228,707,135,427,93,280
20055,2018,165,491,171,549,-6,-58
20055,2019,194,577,176,522,18,55
20055,2020,156,453,227,641,-71,-188
20055,2021,137,379,218,616,-81,-237
20057,2011,313,1004,348,1167,-35,-163
20057,2012,311,953,336,1087,-25,-134
20057,2013,179,571,202,641,-23,-70
20057,2014,134,432,170,562,-36,-130
20057,2015,171,552,214,652,-43,-100
20057,2016,189,602,274,835,-85,-233
20057,2017,136,422,223,694,-87,-272
20057,2018,119,397,178,539,-59,-142
20057,2019,119,339,194,552,-75,-213
20057,2020,148,426,156,488,-8,-62
20057,2021,99,271,158,420,-59,-149
20059,2011,364,1069,430,1300,-66,-231
20059,2012,405,1235,436,1307,-31,-72
20059,2013,310,962,370,1082,-60,-120
20059,2014,240,692,228,661,12,31
20059,2015,357,1091,376,1100,-19,-9
20059,2016,570,1741,512,1528,58,213
20059,2017,383,1088,446,1307,-63,-219
20059,2018,385,1096,426,1223,-41,-127
20059,2019,457,1425,411,1191,46,234
20059,2020,478,1431,423,1215,55,216
20059,2021,464,1346,402,1094,62,252
20061,2011,1694,6080,1984,7020,-290,-940
20061,2012,1600,5666,2263,7888,-663,-2222
20061,2013,1177,4367,1541,5328,-364,-961
20061,2014,891,3071,992,3281,-101,-210
20061,2015,1308,4825,1951,6891,-643,-2066
20061,2016,1551,5746,2277,8518,-726,-2772
20061,2017,1142,3980,1486,5177,-344,-1197
20061,2018,993,3453,1545,5266,-552,-1813
20061,2019,1002,3585,1572,5493,-570,-1908
20061,2020,1046,3594,1599,5405,-553,-1811
20061,2021,1056,3534,1310,4308,-254,-774
20063,2012,10,27,14,38,-4,-11
20065,2012,10,28,NA,NA,NA,NA
20067,2011,29,96,55,213,-26,-117
20067,2012,20,80,21,70,-1,10
20069,2011,51,186,64,219,-13,-33
20069,2012,70,232,47,142,23,90
20069,2013,57,177,29,89,28,88
20069,2014,31,109,28,94,3,15
20069,2015,45,142,46,155,-1,-13
20069,2016,39,139,29,86,10,53
20069,2017,23,79,33,105,-10,-26
20069,2018,24,82,34,119,-10,-37
20069,2019,22,80,49,158,-27,-78
20069,2020,64,219,28,104,36,115
20069,2021,49,151,21,58,28,93
20073,2011,63,198,67,189,-4,9
20073,2012,77,242,104,305,-27,-63
20073,2013,30,82,60,194,-30,-112
20073,2015,26,78,44,135,-18,-57
20073,2016,84,265,55,170,29,95
20073,2018,23,74,26,61,-3,13
20073,2019,21,66,34,102,-13,-36
20073,2020,46,134,70,179,-24,-45
20073,2021,58,153,23,59,35,94
20077,2011,46,133,77,218,-31,-85
20077,2012,48,160,66,199,-18,-39
20077,2013,33,93,37,118,-4,-25
20077,2014,31,78,22,54,9,24
20077,2015,25,73,31,95,-6,-22
20077,2016,35,107,49,146,-14,-39
20077,2017,25,65,26,73,-1,-8
20077,2018,28,81,27,77,1,4
20077,2019,27,76,35,96,-8,-20
20077,2020,31,94,34,90,-3,4
20077,2021,36,96,20,57,16,39
20079,2011,454,1385,537,1629,-83,-244
20079,2012,449,1404,544,1639,-95,-235
20079,2013,372,1111,417,1280,-45,-169
20079,2014,308,899,312,931,-4,-32
20079,2015,445,1324,475,1461,-30,-137
20079,2016,592,1836,668,1965,-76,-129
20079,2017,484,1483,499,1498,-15,-15
20079,2018,454,1356,474,1403,-20,-47
20079,2019,505,1541,518,1595,-13,-54
20079,2020,459,1346,516,1456,-57,-110
20079,2021,492,1393,526,1482,-34,-89
20081,2011,33,158,25,90,8,68
20081,2012,11,45,19,74,-8,-29
20081,2016,21,60,NA,NA,NA,NA
20083,2011,17,50,19,60,-2,-10
20083,2012,10,30,19,58,-9,-28
20085,2011,202,641,260,776,-58,-135
20085,2012,187,551,201,603,-14,-52
20085,2013,126,360,146,419,-20,-59
20085,2014,87,253,110,312,-23,-59
20085,2015,136,402,142,416,-6,-14
20085,2016,215,644,199,586,16,58
20085,2017,134,387,122,339,12,48
20085,2018,107,328,138,403,-31,-75
20085,2019,139,419,170,505,-31,-86
20085,2020,158,469,138,402,20,67
20085,2021,102,324,117,322,-15,2
20087,2011,306,949,319,913,-13,36
20087,2012,358,1106,363,1049,-5,57
20087,2013,314,935,286,827,28,108
20087,2014,199,594,229,647,-30,-53
20087,2015,315,967,317,885,-2,82
20087,2016,484,1439,440,1311,44,128
20087,2017,363,1081,336,962,27,119
20087,2018,310,942,273,782,37,160
20087,2019,389,1207,322,955,67,252
20087,2020,348,992,296,835,52,157
20087,2021,381,1094,333,921,48,173
20089,2011,1269,3817,NA,NA,NA,NA
20089,2012,10,29,11,36,-1,-7
20091,2011,12894,36180,11890,33813,1004,2367
20091,2012,13639,38867,12832,36512,807,2355
20091,2013,11243,31292,10685,30142,558,1150
20091,2014,7452,20102,7382,19928,70,174
20091,2015,11899,32977,11644,32452,255,525
20091,2016,17750,49783,16545,46536,1205,3247
20091,2017,12970,35303,12305,33708,665,1595
20091,2018,12464,33654,12394,33612,70,42
20091,2019,13420,36527,12908,35590,512,937
20091,2020,13742,36560,12929,34747,813,1813
20091,2021,13132,34373,13569,36060,-437,-1687
20093,2011,49,163,44,147,5,16
20093,2012,33,114,30,110,3,4
20093,2013,33,119,27,84,6,35
20093,2014,26,77,33,110,-7,-33
20093,2015,41,138,36,105,5,33
20093,2016,57,176,58,184,-1,-8
20093,2017,32,119,39,109,-7,10
20093,2018,25,79,42,136,-17,-57
20093,2019,32,99,43,122,-11,-23
20093,2020,37,111,31,104,6,7
20093,2021,32,88,29,88,3,0
20095,2011,107,306,132,418,-25,-112
20095,2012,138,385,127,358,11,27
20095,2013,77,232,97,290,-20,-58
20095,2014,38,114,83,228,-45,-114
20095,2015,77,244,108,305,-31,-61
20095,2016,99,312,109,317,-10,-5
20095,2017,101,295,76,203,25,92
20095,2018,62,175,76,219,-14,-44
20095,2019,104,351,110,334,-6,17
20095,2020,88,249,79,227,9,22
20095,2021,94,299,84,239,10,60
20099,2011,214,644,242,718,-28,-74
20099,2012,196,601,283,819,-87,-218
20099,2013,121,399,187,564,-66,-165
20099,2014,98,269,128,388,-30,-119
20099,2015,149,446,175,517,-26,-71
20099,2016,193,594,245,719,-52,-125
20099,2017,136,406,187,537,-51,-131
20099,2018,102,307,152,432,-50,-125
20099,2019,136,425,192,556,-56,-131
20099,2020,117,343,137,401,-20,-58
20099,2021,141,418,171,489,-30,-71
20103,2011,1734,6144,1595,5509,139,635
20103,2012,1795,6313,1692,5819,103,494
20103,2013,1369,4610,1598,5379,-229,-769
20103,2014,865,2627,757,2208,108,419
20103,2015,1753,5961,1484,5032,269,929
20103,2016,2361,8211,2080,7018,281,1193
20103,2017,1672,5472,1581,5092,91,380
20103,2018,1334,4239,1532,4979,-198,-740
20103,2019,1785,6060,1604,5089,181,971
20103,2020,1750,5599,1566,4805,184,794
20103,2021,1718,5511,1543,4765,175,746
20105,2011,19,56,27,86,-8,-30
20105,2012,22,66,22,59,0,7
20105,2020,20,56,NA,NA,NA,NA
20107,2011,188,611,115,339,73,272
20107,2012,150,469,133,409,17,60
20107,2013,94,284,89,261,5,23
20107,2014,78,233,87,259,-9,-26
20107,2015,101,295,71,195,30,100
20107,2016,203,660,124,372,79,288
20107,2017,111,351,117,352,-6,-1
20107,2018,91,280,76,221,15,59
20107,2019,139,423,93,275,46,148
20107,2020,140,410,88,243,52,167
20107,2021,168,492,126,349,42,143
20109,2011,17,52,24,71,-7,-19
20109,2012,18,56,23,67,-5,-11
20109,2016,21,58,25,69,-4,-11
20109,2018,21,69,NA,NA,NA,NA
20109,2020,23,67,NA,NA,NA,NA
20111,2011,336,971,472,1322,-136,-351
20111,2012,285,806,500,1410,-215,-604
20111,2013,149,417,303,815,-154,-398
20111,2014,126,323,195,502,-69,-179
20111,2015,183,518,305,817,-122,-299
20111,2016,246,662,488,1324,-242,-662
20111,2017,200,527,273,687,-73,-160
20111,2018,90,227,359,926,-269,-699
20111,2019,190,503,307,788,-117,-285
20111,2020,175,484,335,869,-160,-385
20111,2021,187,479,350,919,-163,-440
20113,2011,368,1089,338,957,30,132
20113,2012,308,902,392,1152,-84,-250
20113,2013,199,573,322,917,-123,-344
20113,2014,152,422,212,563,-60,-141
20113,2015,242,686,319,896,-77,-210
20113,2016,442,1310,367,1065,75,245
20113,2017,294,851,335,983,-41,-132
20113,2018,250,721,269,737,-19,-16
20113,2019,267,792,297,857,-30,-65
20113,2020,270,744,319,876,-49,-132
20113,2021,315,899,326,883,-11,16
20115,2011,123,388,196,585,-73,-197
20115,2012,124,364,136,404,-12,-40
20115,2013,104,327,76,212,28,115
20115,2014,48,139,71,205,-23,-66
20115,2015,112,364,106,291,6,73
20115,2016,170,496,136,388,34,108
20115,2017,101,309,139,411,-38,-102
20115,2018,87,250,97,279,-10,-29
20115,2019,69,223,89,256,-20,-33
20115,2020,116,341,92,254,24,87
20115,2021,65,200,120,325,-55,-125
20117,2011,79,236,44,115,35,121
20117,2012,72,204,76,210,-4,-6
20117,2015,23,56,NA,NA,NA,NA
20117,2016,48,143,27,78,21,65
20117,2019,44,122,41,135,3,-13
20117,2020,43,125,NA,NA,NA,NA
20117,2021,22,65,21,58,1,7
20119,2011,13,50,18,63,-5,-13
20119,2012,28,100,10,40,18,60
20119,2013,21,74,NA,NA,NA,NA
20119,2019,21,88,NA,NA,NA,NA
20121,2011,682,2177,638,1846,44,331
20121,2012,688,2154,636,1899,52,255
20121,2013,534,1697,539,1623,-5,74
20121,2014,395,1183,374,1072,21,111
20121,2015,599,1930,534,1596,65,334
20121,2016,911,2908,739,2203,172,705
20121,2017,676,2125,607,1771,69,354
20121,2018,665,2034,568,1647,97,387
20121,2019,782,2520,626,1866,156,654
20121,2020,788,2368,697,1988,91,380
20121,2021,831,2483,623,1730,208,753
20123,2011,87,255,52,143,35,112
20123,2012,25,75,39,104,-14,-29
20125,2011,360,1090,443,1360,-83,-270
20125,2012,380,1206,438,1370,-58,-164
20125,2013,212,657,309,962,-97,-305
20125,2014,144,431,234,664,-90,-233
20125,2015,234,709,333,973,-99,-264
20125,2016,257,805,426,1324,-169,-519
20125,2017,214,665,252,763,-38,-98
20125,2018,193,576,277,860,-84,-284
20125,2019,228,704,264,833,-36,-129
20125,2020,212,623,298,881,-86,-258
20125,2021,222,652,293,859,-71,-207
20127,2011,41,119,40,111,1,8
20127,2012,52,165,55,166,-3,-1
20127,2016,20,51,NA,NA,NA,NA
20127,2020,23,82,NA,NA,NA,NA
20131,2011,111,348,61,181,50,167
20131,2012,73,232,92,268,-19,-36
20131,2013,33,102,51,149,-18,-47
20131,2014,21,57,NA,NA,NA,NA
20131,2016,36,105,89,264,-53,-159
20131,2017,64,193,45,129,19,64
20131,2018,34,103,51,151,-17,-48
20131,2019,42,124,26,90,16,34
20131,2020,23,73,69,185,-46,-112
20131,2021,23,82,29,82,-6,0
20133,2011,207,640,241,712,-34,-72
20133,2012,198,631,203,601,-5,30
20133,2013,142,423,136,440,6,-17
20133,2014,87,265,55,145,32,120
20133,2015,143,431,175,535,-32,-104
20133,2016,215,694,237,711,-22,-17
20133,2017,132,415,139,400,-7,15
20133,2018,108,318,122,365,-14,-47
20133,2019,128,386,160,477,-32,-91
20133,2020,63,195,155,456,-92,-261
20133,2021,136,371,128,369,8,2
20135,2012,11,23,NA,NA,NA,NA
20137,2011,96,307,20,47,76,260
20137,2012,13,39,10,26,3,13
20139,2011,280,861,279,845,1,16
20139,2012,286,845,290,862,-4,-17
20139,2013,211,607,214,606,-3,1
20139,2014,142,424,171,465,-29,-41
20139,2015,189,558,191,542,-2,16
20139,2016,330,1027,304,857,26,170
20139,2017,251,762,257,725,-6,37
20139,2018,198,605,205,579,-7,26
20139,2019,190,601,264,774,-74,-173
20139,2020,286,861,208,581,78,280
20139,2021,270,780,245,670,25,110
20141,2011,12,34,20,55,-8,-21
20141,2012,19,49,NA,NA,NA,NA
20143,2011,79,272,95,282,-16,-10
20143,2012,78,245,56,162,22,83
20143,2013,70,215,64,201,6,14
20143,2014,36,114,39,109,-3,5
20143,2015,69,207,70,201,-1,6
20143,2016,126,390,86,257,40,133
20143,2017,70,226,73,206,-3,20
20143,2018,54,158,51,152,3,6
20143,2019,68,247,68,208,0,39
20143,2020,63,175,53,146,10,29
20143,2021,51,148,64,166,-13,-18
20145,2011,60,185,73,209,-13,-24
20145,2012,59,168,68,206,-9,-38
20145,2013,43,140,35,108,8,32
20145,2014,28,83,25,70,3,13
20145,2015,35,91,25,74,10,17
20145,2016,41,136,36,115,5,21
20145,2017,20,60,21,63,-1,-3
20145,2018,23,73,32,79,-9,-6
20145,2019,23,71,29,86,-6,-15
20145,2020,33,104,33,88,0,16
20145,2021,25,70,29,65,-4,5
20147,2011,42,151,23,57,19,94
20147,2012,14,38,37,109,-23,-71
20149,2011,417,1329,343,1020,74,309
20149,2012,407,1252,385,1165,22,87
20149,2013,329,1022,327,943,2,79
20149,2014,288,870,238,682,50,188
20149,2015,397,1208,298,860,99,348
20149,2016,632,1975,457,1384,175,591
20149,2017,331,1016,370,1072,-39,-56
20149,2018,362,1110,313,923,49,187
20149,2019,430,1440,358,1050,72,390
20149,2020,389,1171,326,968,63,203
20149,2021,371,1083,401,1186,-30,-103
20151,2011,99,315,78,232,21,83
20151,2012,63,183,120,355,-57,-172
20151,2013,20,57,48,138,-28,-81
20151,2016,55,146,54,155,1,-9
20151,2019,22,58,38,102,-16,-44
20151,2020,26,66,35,83,-9,-17
20153,2011,11,34,NA,NA,NA,NA
20155,2011,612,1763,732,2128,-120,-365
20155,2012,685,2012,774,2218,-89,-206
20155,2013,467,1360,593,1666,-126,-306
20155,2014,286,795,405,1099,-119,-304
20155,2015,449,1291,614,1697,-165,-406
20155,2016,661,1943,885,2539,-224,-596
20155,2017,496,1498,620,1704,-124,-206
20155,2018,387,1119,575,1608,-188,-489
20155,2019,493,1513,620,1717,-127,-204
20155,2020,639,1639,618,1678,21,-39
20155,2021,513,1395,635,1694,-122,-299
20157,2011,2026,6169,NA,NA,NA,NA
20157,2012,24,81,15,39,9,42
20157,2016,24,75,NA,NA,NA,NA
20157,2017,22,64,NA,NA,NA,NA
20157,2018,21,67,NA,NA,NA,NA
20157,2019,22,64,NA,NA,NA,NA
20157,2021,25,69,NA,NA,NA,NA
20159,2011,121,349,119,370,2,-21
20159,2012,113,363,116,370,-3,-7
20159,2013,48,150,72,226,-24,-76
20159,2014,23,68,31,93,-8,-25
20159,2015,35,117,71,204,-36,-87
20159,2016,103,333,140,404,-37,-71
20159,2017,96,286,96,301,0,-15
20159,2018,69,201,96,286,-27,-85
20159,2019,86,262,38,106,48,156
20159,2020,62,171,82,234,-20,-63
20159,2021,32,92,79,230,-47,-138
20161,2011,2010,6139,2313,7344,-303,-1205
20161,2012,1897,5565,2677,8412,-780,-2847
20161,2013,1366,4033,1772,5314,-406,-1281
20161,2014,1031,2950,1021,2975,10,-25
20161,2015,1360,3868,2197,6580,-837,-2712
20161,2016,1636,4750,2555,7356,-919,-2606
20161,2017,1206,3399,1642,4603,-436,-1204
20161,2018,1045,2920,1559,4303,-514,-1383
20161,2019,1182,3303,1556,4434,-374,-1131
20161,2020,1202,3225,1488,4057,-286,-832
20161,2021,1113,3009,1722,4757,-609,-1748
20163,2011,31,84,33,90,-2,-6
20163,2012,31,91,40,100,-9,-9
20163,2013,23,71,32,92,-9,-21
20163,2014,22,57,NA,NA,NA,NA
20163,2015,28,67,26,81,2,-14
20163,2016,31,89,25,78,6,11
20163,2017,25,65,26,72,-1,-7
20163,2020,34,84,31,77,3,7
20163,2021,28,88,28,84,0,4
20165,2011,47,122,40,112,7,10
20165,2012,35,92,33,93,2,-1
20165,2015,22,68,NA,NA,NA,NA
20165,2016,44,138,NA,NA,NA,NA
20165,2019,22,59,NA,NA,NA,NA
20165,2020,22,52,NA,NA,NA,NA
20167,2011,46,133,75,220,-29,-87
20167,2012,56,159,53,154,3,5
20167,2013,38,95,30,84,8,11
20167,2014,21,58,25,61,-4,-3
20167,2015,37,121,32,87,5,34
20167,2016,73,212,48,134,25,78
20167,2017,35,101,35,108,0,-7
20167,2018,38,97,24,64,14,33
20167,2019,29,84,37,113,-8,-29
20167,2020,35,107,30,79,5,28
20167,2021,58,156,26,80,32,76
20169,2011,725,2040,761,2163,-36,-123
20169,2012,714,1994,767,2132,-53,-138
20169,2013,575,1611,574,1626,1,-15
20169,2014,302,850,369,979,-67,-129
20169,2015,537,1509,604,1685,-67,-176
20169,2016,679,1937,927,2681,-248,-744
20169,2017,599,1685,574,1636,25,49
20169,2018,517,1459,591,1629,-74,-170
20169,2019,487,1386,580,1782,-93,-396
20169,2020,528,1429,633,1658,-105,-229
20169,2021,470,1233,634,1682,-164,-449
20171,2011,14,50,13,38,1,12
20171,2012,22,78,11,39,11,39
20173,2011,5984,17408,6691,19947,-707,-2539
20173,2012,6336,18512,6920,20821,-584,-2309
20173,2013,4838,14206,5475,16194,-637,-1988
20173,2014,3286,9262,3410,9819,-124,-557
20173,2015,4891,14100,5559,16283,-668,-2183
20173,2016,6833,19829,8436,25150,-1603,-5321
20173,2017,5003,14480,5489,15877,-486,-1397
20173,2018,5168,14731,5102,14632,66,99
20173,2019,5488,15740,5818,17038,-330,-1298
20173,2020,5686,15633,5938,16496,-252,-863
20173,2021,5766,15679,5881,16121,-115,-442
20175,2011,267,997,250,878,17,119
20175,2012,216,765,310,1125,-94,-360
20175,2013,169,614,254,883,-85,-269
20175,2014,152,571,145,522,7,49
20175,2015,163,574,205,718,-42,-144
20175,2016,226,903,310,945,-84,-42
20175,2017,86,303,226,832,-140,-529
20175,2018,92,330,165,586,-73,-256
20175,2019,76,244,174,605,-98,-361
20175,2020,102,333,135,412,-33,-79
20175,2021,35,107,153,436,-118,-329
20177,2011,1876,5297,2278,6425,-402,-1128
20177,2012,2071,5882,2346,6695,-275,-813
20177,2013,1581,4462,1792,5071,-211,-609
20177,2014,1049,2936,1249,3447,-200,-511
20177,2015,1560,4399,1939,5418,-379,-1019
20177,2016,2264,6382,2690,7650,-426,-1268
20177,2017,1644,4587,1933,5310,-289,-723
20177,2018,1497,4140,1730,4796,-233,-656
20177,2019,1808,4936,1891,5332,-83,-396
20177,2020,1966,5225,2226,5826,-260,-601
20177,2021,1763,4718,1975,5143,-212,-425
20181,2011,36,109,41,112,-5,-3
20181,2012,12,32,21,53,-9,-21
20183,2011,1451,4427,NA,NA,NA,NA
20183,2012,12,40,NA,NA,NA,NA
20185,2011,25,90,25,74,0,16
20185,2012,38,126,31,82,7,44
20185,2016,22,61,22,59,0,2
20189,2011,20,77,20,90,0,-13
20189,2012,22,96,24,86,-2,10
20189,2013,21,82,NA,NA,NA,NA
20189,2016,22,76,NA,NA,NA,NA
20191,2011,342,1053,425,1308,-83,-255
20191,2012,392,1227,446,1378,-54,-151
20191,2013,306,944,371,1120,-65,-176
20191,2014,231,680,263,759,-32,-79
20191,2015,315,995,374,1132,-59,-137
20191,2016,515,1637,485,1483,30,154
20191,2017,300,889,390,1180,-90,-291
20191,2018,350,1069,377,1086,-27,-17
20191,2019,429,1319,384,1168,45,151
20191,2020,378,1167,375,1059,3,108
20191,2021,421,1264,362,1013,59,251
20193,2011,65,179,64,191,1,-12
20193,2012,37,103,60,173,-23,-70
20193,2016,25,69,21,58,4,11
20193,2017,23,70,NA,NA,NA,NA
20193,2019,22,81,NA,NA,NA,NA
20195,2011,18,49,24,68,-6,-19
20195,2012,14,40,20,54,-6,-14
20195,2016,26,73,26,71,0,2
20197,2011,115,343,109,332,6,11
20197,2012,120,395,110,332,10,63
20197,2013,83,278,88,301,-5,-23
20197,2014,38,105,62,186,-24,-81
20197,2015,102,301,74,219,28,82
20197,2016,160,516,143,439,17,77
20197,2017,79,249,85,260,-6,-11
20197,2018,65,204,82,239,-17,-35
20197,2019,85,305,75,231,10,74
20197,2020,104,318,107,318,-3,0
20197,2021,85,260,69,192,16,68
20201,2012,32,85,23,71,9,14
20201,2016,27,78,28,78,-1,0
20201,2019,21,70,21,67,0,3
20205,2011,101,319,92,264,9,55
20205,2012,117,375,106,339,11,36
20205,2013,61,198,92,267,-31,-69
20205,2014,26,73,46,143,-20,-70
20205,2015,76,244,63,197,13,47
20205,2016,104,342,84,268,20,74
20205,2017,51,159,55,179,-4,-20
20205,2018,37,118,83,264,-46,-146
20205,2019,59,188,81,253,-22,-65
20205,2020,76,234,48,126,28,108
20205,2021,65,184,73,225,-8,-41
20207,2011,33,99,20,72,13,27
20207,2012,21,58,15,42,6,16
20207,2015,22,56,NA,NA,NA,NA
20207,2020,23,66,NA,NA,NA,NA
20209,2011,3500,10630,3655,11228,-155,-598
20209,2012,3713,11393,3696,11242,17,151
20209,2013,3335,10006,3287,10048,48,-42
20209,2014,2616,7742,2957,8980,-341,-1238
20209,2015,3319,9682,3762,11220,-443,-1538
20209,2016,4335,12527,4978,14862,-643,-2335
20209,2017,3589,10272,3853,11381,-264,-1109
20209,2018,3444,9773,3975,11708,-531,-1935
20209,2019,3618,10158,4184,12314,-566,-2156
20209,2020,3432,9486,4290,12171,-858,-2685
20209,2021,3375,9113,3951,11006,-576,-1893
21001,2011,185,596,174,520,11,76
21001,2012,146,442,142,458,4,-16
21001,2013,98,322,100,334,-2,-12
21001,2014,67,216,99,328,-32,-112
21001,2015,99,318,117,365,-18,-47
21001,2016,160,529,174,576,-14,-47
21001,2017,113,362,127,400,-14,-38
21001,2018,100,323,102,330,-2,-7
21001,2019,120,389,151,499,-31,-110
21001,2020,151,463,132,394,19,69
21001,2021,105,303,121,367,-16,-64
21003,2011,211,688,205,630,6,58
21003,2012,263,830,229,725,34,105
21003,2013,222,724,259,825,-37,-101
21003,2014,182,554,187,556,-5,-2
21003,2015,222,659,189,553,33,106
21003,2016,390,1213,299,914,91,299
21003,2017,251,765,232,674,19,91
21003,2018,252,775,219,640,33,135
21003,2019,273,892,228,699,45,193
21003,2020,305,919,257,765,48,154
21003,2021,342,991,227,683,115,308
21005,2011,400,1235,378,1216,22,19
21005,2012,380,1137,334,1004,46,133
21005,2013,320,1003,415,1294,-95,-291
21005,2014,201,588,253,733,-52,-145
21005,2015,383,1152,292,849,91,303
21005,2016,572,1732,476,1421,96,311
21005,2017,391,1170,378,1113,13,57
21005,2018,410,1194,320,933,90,261
21005,2019,407,1216,396,1148,11,68
21005,2020,446,1261,329,960,117,301
21005,2021,470,1336,345,933,125,403
21007,2011,129,419,109,331,20,88
21007,2012,104,317,127,408,-23,-91
21007,2013,74,243,96,283,-22,-40
21007,2014,63,186,76,230,-13,-44
21007,2015,73,227,105,311,-32,-84
21007,2016,113,360,104,315,9,45
21007,2017,75,234,79,228,-4,6
21007,2018,90,244,102,324,-12,-80
21007,2019,92,316,91,289,1,27
21007,2020,93,276,74,235,19,41
21007,2021,86,241,98,301,-12,-60
21009,2011,572,1759,529,1675,43,84
21009,2012,580,1792,499,1499,81,293
21009,2013,481,1550,450,1372,31,178
21009,2014,437,1367,373,1136,64,231
21009,2015,474,1458,478,1454,-4,4
21009,2016,600,1878,692,2165,-92,-287
21009,2017,539,1695,520,1573,19,122
21009,2018,497,1532,536,1589,-39,-57
21009,2019,528,1658,553,1706,-25,-48
21009,2020,523,1578,501,1521,22,57
21009,2021,571,1701,509,1465,62,236
21011,2011,181,583,140,482,41,101
21011,2012,171,567,158,481,13,86
21011,2013,112,365,109,386,3,-21
21011,2014,98,340,105,320,-7,20
21011,2015,158,488,152,445,6,43
21011,2016,201,663,153,477,48,186
21011,2017,105,319,125,413,-20,-94
21011,2018,127,413,123,426,4,-13
21011,2019,142,436,115,349,27,87
21011,2020,147,493,150,465,-3,28
21011,2021,155,454,167,507,-12,-53
21013,2011,187,645,260,838,-73,-193
21013,2012,194,621,235,789,-41,-168
21013,2013,142,464,134,442,8,22
21013,2014,99,322,135,438,-36,-116
21013,2015,169,559,184,589,-15,-30
21013,2016,150,484,221,753,-71,-269
21013,2017,132,418,188,628,-56,-210
21013,2018,131,389,154,509,-23,-120
21013,2019,155,523,224,701,-69,-178
21013,2020,157,487,204,601,-47,-114
21013,2021,148,465,200,598,-52,-133
21015,2011,3280,9896,3124,9322,156,574
21015,2012,3491,10449,3187,9427,304,1022
21015,2013,2844,8466,2938,8639,-94,-173
21015,2014,2125,6169,2069,5882,56,287
21015,2015,2943,8645,2951,8586,-8,59
21015,2016,4137,12299,4059,12085,78,214
21015,2017,3238,9528,3283,9432,-45,96
21015,2018,3006,8713,3037,8639,-31,74
21015,2019,3374,9945,3274,9502,100,443
21015,2020,3129,8971,3179,8846,-50,125
21015,2021,2976,8364,3093,8543,-117,-179
21017,2011,324,1044,399,1291,-75,-247
21017,2012,354,1101,337,1015,17,86
21017,2013,297,935,289,907,8,28
21017,2014,248,737,252,749,-4,-12
21017,2015,287,903,334,1007,-47,-104
21017,2016,429,1370,454,1421,-25,-51
21017,2017,297,913,321,950,-24,-37
21017,2018,278,833,323,940,-45,-107
21017,2019,317,936,339,1014,-22,-78
21017,2020,331,918,306,861,25,57
21017,2021,312,892,331,958,-19,-66
21019,2011,645,1960,668,2017,-23,-57
21019,2012,653,2004,703,2152,-50,-148
21019,2013,557,1750,482,1489,75,261
21019,2014,460,1392,497,1507,-37,-115
21019,2015,576,1732,587,1778,-11,-46
21019,2016,720,2215,797,2447,-77,-232
21019,2017,604,1858,618,1856,-14,2
21019,2018,563,1670,598,1819,-35,-149
21019,2019,648,2008,661,1952,-13,56
21019,2020,707,2067,685,1997,22,70
21019,2021,688,2048,614,1779,74,269
21021,2011,481,1458,509,1594,-28,-136
21021,2012,547,1706,484,1444,63,262
21021,2013,449,1383,384,1153,65,230
21021,2014,310,915,314,902,-4,13
21021,2015,480,1437,444,1320,36,117
21021,2016,622,1873,588,1796,34,77
21021,2017,466,1431,438,1283,28,148
21021,2018,442,1332,432,1277,10,55
21021,2019,504,1554,464,1335,40,219
21021,2020,519,1501,471,1346,48,155
21021,2021,474,1390,488,1407,-14,-17
21023,2011,153,492,152,482,1,10
21023,2012,106,356,119,389,-13,-33
21023,2013,70,226,54,169,16,57
21023,2014,52,165,114,362,-62,-197
21023,2015,85,272,74,228,11,44
21023,2016,68,208,96,292,-28,-84
21023,2017,115,359,60,159,55,200
21023,2018,76,223,56,173,20,50
21023,2019,98,307,69,206,29,101
21023,2020,91,285,70,206,21,79
21023,2021,78,220,71,214,7,6
21025,2011,81,273,91,279,-10,-6
21025,2012,70,253,81,244,-11,9
21025,2013,32,101,27,88,5,13
21025,2014,27,87,26,79,1,8
21025,2015,25,80,29,88,-4,-8
21025,2016,26,77,24,91,2,-14
21025,2017,24,69,20,66,4,3
21025,2018,26,79,20,58,6,21
21025,2020,50,157,48,146,2,11
21025,2021,28,87,59,172,-31,-85
21027,2011,316,1044,220,671,96,373
21027,2012,252,793,276,859,-24,-66
21027,2013,253,793,259,779,-6,14
21027,2014,184,578,177,533,7,45
21027,2015,216,683,221,654,-5,29
21027,2016,362,1143,238,717,124,426
21027,2017,288,908,252,762,36,146
21027,2018,269,820,272,827,-3,-7
21027,2019,291,895,235,687,56,208
21027,2020,357,1061,256,755,101,306
21027,2021,338,990,208,585,130,405
21029,2011,1793,5309,1630,4782,163,527
21029,2012,2115,6202,1530,4509,585,1693
21029,2013,1740,5138,1552,4485,188,653
21029,2014,1254,3658,1180,3290,74,368
21029,2015,1715,5063,1653,4702,62,361
21029,2016,2794,8343,2237,6474,557,1869
21029,2017,2000,5835,1723,4999,277,836
21029,2018,2044,5911,1667,4701,377,1210
21029,2019,2126,6288,1880,5493,246,795
21029,2020,2168,6303,1811,5130,357,1173
21029,2021,2113,5984,1769,4787,344,1197
21031,2011,161,558,173,586,-12,-28
21031,2012,168,644,144,487,24,157
21031,2013,122,411,110,377,12,34
21031,2014,79,264,95,311,-16,-47
21031,2015,90,312,106,330,-16,-18
21031,2016,124,383,106,324,18,59
21031,2017,69,219,113,325,-44,-106
21031,2018,126,399,74,216,52,183
21031,2019,81,251,96,299,-15,-48
21031,2020,73,215,126,371,-53,-156
21031,2021,83,243,102,292,-19,-49
21033,2011,141,439,149,460,-8,-21
21033,2012,119,373,145,465,-26,-92
21033,2013,123,403,81,246,42,157
21033,2014,54,157,56,169,-2,-12
21033,2015,96,284,79,243,17,41
21033,2016,152,501,133,407,19,94
21033,2017,116,374,68,197,48,177
21033,2018,124,391,78,253,46,138
21033,2019,69,223,121,397,-52,-174
21033,2020,132,371,79,221,53,150
21033,2021,114,351,101,314,13,37
21035,2011,325,912,400,1128,-75,-216
21035,2012,314,889,373,1074,-59,-185
21035,2013,254,736,316,910,-62,-174
21035,2014,229,617,215,625,14,-8
21035,2015,267,751,374,1055,-107,-304
21035,2016,325,983,419,1205,-94,-222
21035,2017,285,856,319,941,-34,-85
21035,2018,303,907,308,843,-5,64
21035,2019,361,1098,341,974,20,124
21035,2020,416,1148,380,1033,36,115
21035,2021,443,1260,385,1021,58,239
21037,2011,1935,5397,2142,5982,-207,-585
21037,2012,2087,5748,2187,6091,-100,-343
21037,2013,1938,5369,1940,5486,-2,-117
21037,2014,1569,4257,1596,4340,-27,-83
21037,2015,2154,5792,2147,5953,7,-161
21037,2016,2877,7794,2828,7687,49,107
21037,2017,2188,5880,2139,5717,49,163
21037,2018,2119,5599,2206,5872,-87,-273
21037,2019,2330,6213,2363,6500,-33,-287
21037,2020,2377,6170,2295,6091,82,79
21037,2021,2324,5940,2247,5806,77,134
21039,2011,54,187,64,218,-10,-31
21039,2012,58,200,72,212,-14,-12
21039,2013,50,154,29,98,21,56
21039,2016,36,113,64,209,-28,-96
21039,2017,34,113,25,68,9,45
21039,2018,45,152,54,179,-9,-27
21039,2019,48,160,26,83,22,77
21039,2020,23,76,56,170,-33,-94
21039,2021,35,113,59,172,-24,-59
21041,2011,230,782,265,854,-35,-72
21041,2012,168,560,188,631,-20,-71
21041,2013,82,264,131,440,-49,-176
21041,2014,52,172,82,278,-30,-106
21041,2015,107,330,131,423,-24,-93
21041,2016,170,550,175,553,-5,-3
21041,2017,87,256,125,373,-38,-117
21041,2018,73,249,105,347,-32,-98
21041,2019,144,494,88,293,56,201
21041,2020,133,442,114,322,19,120
21041,2021,117,369,130,403,-13,-34
21043,2011,231,748,274,855,-43,-107
21043,2012,190,581,229,750,-39,-169
21043,2013,156,507,168,531,-12,-24
21043,2014,111,358,152,459,-41,-101
21043,2015,150,497,169,533,-19,-36
21043,2016,213,704,263,801,-50,-97
21043,2017,207,628,194,632,13,-4
21043,2018,170,522,181,546,-11,-24
21043,2019,180,592,223,727,-43,-135
21043,2020,214,652,225,676,-11,-24
21043,2021,209,614,206,619,3,-5
21045,2011,155,542,171,613,-16,-71
21045,2012,110,358,149,551,-39,-193
21045,2013,86,297,108,366,-22,-69
21045,2014,59,223,68,230,-9,-7
21045,2015,105,346,101,312,4,34
21045,2016,153,505,110,331,43,174
21045,2017,98,311,118,376,-20,-65
21045,2018,98,320,113,370,-15,-50
21045,2019,82,254,122,405,-40,-151
21045,2020,99,303,128,395,-29,-92
21045,2021,70,213,75,215,-5,-2
21047,2011,1868,6436,2142,7711,-274,-1275
21047,2012,1763,6151,2494,8675,-731,-2524
21047,2013,1331,4698,1821,6265,-490,-1567
21047,2014,863,2833,1345,4455,-482,-1622
21047,2015,1235,4140,1872,6497,-637,-2357
21047,2016,1658,5710,2508,8605,-850,-2895
21047,2017,1330,4376,1704,5645,-374,-1269
21047,2018,1177,3778,1697,5512,-520,-1734
21047,2019,1359,4516,1751,6048,-392,-1532
21047,2020,1320,4183,1779,5649,-459,-1466
21047,2021,1380,4372,1766,5402,-386,-1030
21049,2011,514,1616,551,1780,-37,-164
21049,2012,548,1661,595,1882,-47,-221
21049,2013,467,1376,445,1317,22,59
21049,2014,331,940,361,1017,-30,-77
21049,2015,522,1521,452,1326,70,195
21049,2016,733,2243,691,2046,42,197
21049,2017,594,1731,511,1510,83,221
21049,2018,568,1647,520,1514,48,133
21049,2019,586,1751,594,1686,-8,65
21049,2020,665,1870,522,1485,143,385
21049,2021,600,1709,480,1345,120,364
21051,2011,108,360,151,480,-43,-120
21051,2012,84,260,153,494,-69,-234
21051,2013,64,219,107,338,-43,-119
21051,2014,83,271,86,281,-3,-10
21051,2015,79,261,107,352,-28,-91
21051,2016,112,362,126,428,-14,-66
21051,2017,69,218,143,467,-74,-249
21051,2018,95,300,124,413,-29,-113
21051,2019,69,247,139,463,-70,-216
21051,2020,93,289,114,325,-21,-36
21051,2021,82,260,135,437,-53,-177
21053,2011,76,288,86,419,-10,-131
21053,2012,84,395,69,282,15,113
21053,2013,57,244,38,167,19,77
21053,2014,27,110,24,89,3,21
21053,2015,24,83,26,74,-2,9
21053,2016,61,194,29,92,32,102
21053,2017,46,153,31,96,15,57
21053,2018,27,81,34,97,-7,-16
21053,2019,37,112,30,93,7,19
21053,2020,34,105,37,125,-3,-20
21053,2021,30,93,32,99,-2,-6
21055,2011,96,279,79,233,17,46
21055,2012,70,231,70,202,0,29
21055,2013,23,73,45,133,-22,-60
21055,2014,44,130,NA,NA,NA,NA
21055,2015,22,72,24,81,-2,-9
21055,2016,60,194,55,189,5,5
21055,2017,20,58,82,262,-62,-204
21055,2018,23,82,48,151,-25,-69
21055,2019,21,78,23,76,-2,2
21055,2020,27,84,27,87,0,-3
21055,2021,44,134,27,98,17,36
21057,2011,31,128,56,189,-25,-61
21057,2012,21,60,39,166,-18,-106
21059,2011,868,2616,820,2416,48,200
21059,2012,916,2822,932,2777,-16,45
21059,2013,774,2317,788,2376,-14,-59
21059,2014,567,1661,556,1640,11,21
21059,2015,764,2256,771,2306,-7,-50
21059,2016,1006,2970,1019,3167,-13,-197
21059,2017,828,2512,806,2322,22,190
21059,2018,764,2162,765,2225,-1,-63
21059,2019,825,2336,860,2479,-35,-143
21059,2020,908,2503,936,2605,-28,-102
21059,2021,857,2397,857,2414,0,-17
21061,2011,213,708,208,671,5,37
21061,2012,160,529,175,549,-15,-20
21061,2013,125,418,142,419,-17,-1
21061,2014,132,392,149,448,-17,-56
21061,2015,183,564,154,462,29,102
21061,2016,240,729,154,456,86,273
21061,2017,197,593,179,577,18,16
21061,2018,183,584,171,520,12,64
21061,2019,193,612,147,459,46,153
21061,2020,199,617,177,528,22,89
21061,2021,205,610,189,603,16,7
21063,2011,100,329,45,161,55,168
21063,2012,48,166,36,109,12,57
21063,2016,66,207,32,103,34,104
21063,2017,32,99,54,178,-22,-79
21063,2018,22,75,23,73,-1,2
21063,2019,56,197,42,136,14,61
21063,2020,36,111,37,112,-1,-1
21063,2021,26,72,61,191,-35,-119
21065,2011,97,340,118,378,-21,-38
21065,2012,132,414,147,450,-15,-36
21065,2013,100,285,86,244,14,41
21065,2014,46,138,64,191,-18,-53
21065,2015,87,265,95,298,-8,-33
21065,2016,156,501,132,396,24,105
21065,2017,88,276,92,258,-4,18
21065,2018,91,286,96,290,-5,-4
21065,2019,123,349,112,323,11,26
21065,2020,146,435,125,327,21,108
21065,2021,116,339,87,253,29,86
21067,2011,5799,16276,6201,17440,-402,-1164
21067,2012,6104,17152,6819,19659,-715,-2507
21067,2013,4668,12896,5463,15551,-795,-2655
21067,2014,3581,9567,3347,9469,234,98
21067,2015,5122,13889,5809,16424,-687,-2535
21067,2016,6961,19115,8902,25490,-1941,-6375
21067,2017,5042,13702,6008,16516,-966,-2814
21067,2018,4821,12879,5673,15732,-852,-2853
21067,2019,5136,13801,6388,17975,-1252,-4174
21067,2020,5272,13775,6687,18194,-1415,-4419
21067,2021,5216,13276,6367,17051,-1151,-3775
21069,2011,145,491,179,563,-34,-72
21069,2012,131,443,143,440,-12,3
21069,2013,66,194,103,335,-37,-141
21069,2014,75,226,57,171,18,55
21069,2015,113,361,112,338,1,23
21069,2016,159,516,160,509,-1,7
21069,2017,88,280,104,301,-16,-21
21069,2018,117,368,112,372,5,-4
21069,2019,133,457,109,333,24,124
21069,2020,144,440,107,307,37,133
21069,2021,139,435,126,388,13,47
21071,2011,300,976,298,958,2,18
21071,2012,278,898,372,1223,-94,-325
21071,2013,225,758,286,935,-61,-177
21071,2014,214,660,244,767,-30,-107
21071,2015,209,671,305,963,-96,-292
21071,2016,297,942,386,1217,-89,-275
21071,2017,268,840,337,1074,-69,-234
21071,2018,269,862,221,694,48,168
21071,2019,247,799,308,974,-61,-175
21071,2020,264,808,328,997,-64,-189
21071,2021,235,722,269,799,-34,-77
21073,2011,844,2513,717,2127,127,386
21073,2012,773,2259,818,2325,-45,-66
21073,2013,744,2221,624,1826,120,395
21073,2014,505,1450,531,1536,-26,-86
21073,2015,701,2047,708,2023,-7,24
21073,2016,1044,3013,1003,2838,41,175
21073,2017,795,2207,782,2233,13,-26
21073,2018,858,2430,755,2132,103,298
21073,2019,867,2459,783,2181,84,278
21073,2020,844,2330,827,2268,17,62
21073,2021,828,2286,786,2153,42,133
21075,2011,84,261,101,321,-17,-60
21075,2012,86,262,131,390,-45,-128
21075,2013,41,135,42,122,-1,13
21075,2014,30,100,40,123,-10,-23
21075,2015,41,128,74,232,-33,-104
21075,2016,77,230,67,194,10,36
21075,2017,41,117,58,174,-17,-57
21075,2018,51,148,87,263,-36,-115
21075,2019,84,243,53,161,31,82
21075,2020,59,171,88,260,-29,-89
21075,2021,75,220,46,135,29,85
21077,2011,463,1571,171,512,292,1059
21077,2012,188,627,188,603,0,24
21077,2013,177,556,197,669,-20,-113
21077,2014,116,348,111,358,5,-10
21077,2015,153,485,170,546,-17,-61
21077,2016,195,609,211,647,-16,-38
21077,2017,190,617,145,456,45,161
21077,2018,165,514,153,483,12,31
21077,2019,199,621,163,505,36,116
21077,2020,159,473,179,527,-20,-54
21077,2021,168,500,127,367,41,133
21079,2011,321,1034,292,932,29,102
21079,2012,332,1078,331,1037,1,41
21079,2013,320,1017,313,981,7,36
21079,2014,264,854,220,653,44,201
21079,2015,325,1019,291,916,34,103
21079,2016,457,1458,403,1271,54,187
21079,2017,378,1246,322,1057,56,189
21079,2018,327,1038,350,1072,-23,-34
21079,2019,406,1310,337,1045,69,265
21079,2020,407,1276,315,948,92,328
21079,2021,319,987,290,865,29,122
21081,2011,571,1819,792,2511,-221,-692
21081,2012,613,1939,610,1913,3,26
21081,2013,509,1596,539,1666,-30,-70
21081,2014,342,1053,431,1268,-89,-215
21081,2015,552,1765,525,1598,27,167
21081,2016,704,2233,738,2368,-34,-135
21081,2017,542,1684,551,1684,-9,0
21081,2018,509,1575,460,1385,49,190
21081,2019,597,1950,552,1716,45,234
21081,2020,593,1751,564,1618,29,133
21081,2021,539,1604,437,1328,102,276
21083,2011,345,1092,404,1210,-59,-118
21083,2012,398,1243,436,1336,-38,-93
21083,2013,339,1051,307,945,32,106
21083,2014,212,640,244,732,-32,-92
21083,2015,333,1011,303,934,30,77
21083,2016,411,1262,411,1315,0,-53
21083,2017,316,1021,347,1053,-31,-32
21083,2018,301,933,296,912,5,21
21083,2019,308,1002,379,1189,-71,-187
21083,2020,417,1206,336,992,81,214
21083,2021,298,871,426,1234,-128,-363
21085,2011,178,568,319,1027,-141,-459
21085,2012,254,770,246,754,8,16
21085,2013,154,481,148,415,6,66
21085,2014,175,523,168,492,7,31
21085,2015,207,621,201,615,6,6
21085,2016,326,1022,258,789,68,233
21085,2017,306,919,215,612,91,307
21085,2018,286,856,250,728,36,128
21085,2019,291,865,260,747,31,118
21085,2020,255,753,249,725,6,28
21085,2021,314,887,229,671,85,216
21087,2011,138,428,105,328,33,100
21087,2012,130,379,119,362,11,17
21087,2013,74,240,82,267,-8,-27
21087,2014,50,164,43,132,7,32
21087,2015,61,189,62,207,-1,-18
21087,2016,121,408,114,353,7,55
21087,2017,66,203,74,235,-8,-32
21087,2018,97,332,83,258,14,74
21087,2019,78,258,73,213,5,45
21087,2020,98,325,61,199,37,126
21087,2021,72,211,83,256,-11,-45
21089,2011,569,1815,485,1557,84,258
21089,2012,566,1766,503,1544,63,222
21089,2013,425,1356,419,1329,6,27
21089,2014,360,1136,333,1016,27,120
21089,2015,443,1349,417,1240,26,109
21089,2016,630,2004,532,1666,98,338
21089,2017,415,1295,436,1351,-21,-56
21089,2018,403,1230,393,1175,10,55
21089,2019,512,1595,488,1480,24,115
21089,2020,469,1405,471,1362,-2,43
21089,2021,518,1526,423,1227,95,299
21091,2011,150,477,144,447,6,30
21091,2012,159,528,140,429,19,99
21091,2013,96,318,128,399,-32,-81
21091,2014,86,253,101,316,-15,-63
21091,2015,116,384,130,415,-14,-31
21091,2016,155,472,168,529,-13,-57
21091,2017,112,371,123,379,-11,-8
21091,2018,129,408,140,410,-11,-2
21091,2019,127,386,122,377,5,9
21091,2020,152,438,127,376,25,62
21091,2021,125,381,147,409,-22,-28
21093,2011,2156,7115,2379,7918,-223,-803
21093,2012,2210,7375,2401,7873,-191,-498
21093,2013,1507,4717,1873,6183,-366,-1466
21093,2014,1036,3119,1451,4545,-415,-1426
21093,2015,1663,5203,1616,5020,47,183
21093,2016,2527,8310,2260,7236,267,1074
21093,2017,1767,5457,1657,5046,110,411
21093,2018,1760,5292,1639,4957,121,335
21093,2019,1841,6008,1755,5278,86,730
21093,2020,1852,5578,1827,5370,25,208
21093,2021,1703,5031,1777,5108,-74,-77
21095,2011,78,283,140,465,-62,-182
21095,2012,67,228,80,237,-13,-9
21095,2015,21,63,108,322,-87,-259
21095,2016,53,169,113,357,-60,-188
21095,2017,42,127,67,217,-25,-90
21095,2019,23,72,31,107,-8,-35
21095,2020,21,63,34,108,-13,-45
21095,2021,24,76,57,165,-33,-89
21097,2011,200,637,214,660,-14,-23
21097,2012,209,683,246,750,-37,-67
21097,2013,158,479,175,510,-17,-31
21097,2014,116,367,146,432,-30,-65
21097,2015,169,517,181,549,-12,-32
21097,2016,275,854,229,707,46,147
21097,2017,217,649,221,675,-4,-26
21097,2018,175,530,212,618,-37,-88
21097,2019,283,896,210,629,73,267
21097,2020,253,749,182,542,71,207
21097,2021,216,641,195,559,21,82
21099,2011,243,807,267,834,-24,-27
21099,2012,270,843,245,733,25,110
21099,2013,191,587,246,780,-55,-193
21099,2014,151,477,142,468,9,9
21099,2015,200,620,195,602,5,18
21099,2016,289,910,227,686,62,224
21099,2017,197,612,171,534,26,78
21099,2018,165,503,204,604,-39,-101
21099,2019,241,743,212,655,29,88
21099,2020,253,779,222,684,31,95
21099,2021,259,765,218,640,41,125
21101,2011,459,1369,464,1338,-5,31
21101,2012,482,1435,542,1599,-60,-164
21101,2013,417,1277,477,1419,-60,-142
21101,2014,318,931,308,886,10,45
21101,2015,443,1316,438,1308,5,8
21101,2016,559,1645,612,1850,-53,-205
21101,2017,402,1212,498,1519,-96,-307
21101,2018,432,1296,460,1401,-28,-105
21101,2019,467,1388,563,1699,-96,-311
21101,2020,484,1415,548,1597,-64,-182
21101,2021,468,1297,500,1426,-32,-129
21103,2011,303,965,331,1076,-28,-111
21103,2012,336,1045,306,949,30,96
21103,2013,299,961,303,920,-4,41
21103,2014,223,681,230,702,-7,-21
21103,2015,351,1095,258,753,93,342
21103,2016,448,1412,371,1106,77,306
21103,2017,301,885,290,843,11,42
21103,2018,300,890,267,755,33,135
21103,2019,343,1056,307,900,36,156
21103,2020,321,963,299,871,22,92
21103,2021,297,899,307,882,-10,17
21105,2011,63,197,64,198,-1,-1
21105,2012,70,219,36,103,34,116
21105,2016,20,61,21,71,-1,-10
21105,2020,26,92,24,67,2,25
21105,2021,23,67,NA,NA,NA,NA
21107,2011,403,1284,426,1271,-23,13
21107,2012,413,1266,443,1327,-30,-61
21107,2013,315,964,342,1082,-27,-118
21107,2014,160,529,263,812,-103,-283
21107,2015,292,903,367,1110,-75,-207
21107,2016,451,1414,480,1484,-29,-70
21107,2017,338,1076,365,1095,-27,-19
21107,2018,258,831,350,1046,-92,-215
21107,2019,326,1024,369,1138,-43,-114
21107,2020,369,1104,303,882,66,222
21107,2021,311,923,406,1184,-95,-261
21109,2011,105,344,109,353,-4,-9
21109,2012,104,335,106,316,-2,19
21109,2013,102,330,99,301,3,29
21109,2014,67,198,117,353,-50,-155
21109,2015,86,275,89,265,-3,10
21109,2016,95,297,120,381,-25,-84
21109,2017,100,309,103,333,-3,-24
21109,2018,118,369,129,382,-11,-13
21109,2019,118,388,92,271,26,117
21109,2020,102,302,105,296,-3,6
21109,2021,124,381,105,314,19,67
21111,2011,11586,32574,11491,33562,95,-988
21111,2012,11827,32905,12281,35780,-454,-2875
21111,2013,9630,26653,10342,29868,-712,-3215
21111,2014,7046,19091,7434,21042,-388,-1951
21111,2015,10001,27188,11112,31978,-1111,-4790
21111,2016,13897,38237,16039,46388,-2142,-8151
21111,2017,10437,28369,12309,34687,-1872,-6318
21111,2018,9943,26788,12105,33673,-2162,-6885
21111,2019,11225,30443,12568,35726,-1343,-5283
21111,2020,11110,29340,13499,37323,-2389,-7983
21111,2021,11167,28983,13011,35455,-1844,-6472
21113,2011,1009,3151,917,2825,92,326
21113,2012,1116,3466,937,2935,179,531
21113,2013,917,2889,875,2657,42,232
21113,2014,710,2229,631,1838,79,391
21113,2015,947,2990,963,2870,-16,120
21113,2016,1510,4708,1255,3848,255,860
21113,2017,1073,3141,1002,3043,71,98
21113,2018,959,2947,973,2830,-14,117
21113,2019,1088,3252,988,2988,100,264
21113,2020,1256,3691,1029,2979,227,712
21113,2021,1111,3204,1085,3054,26,150
21115,2011,200,683,169,556,31,127
21115,2012,196,685,153,476,43,209
21115,2013,135,488,166,565,-31,-77
21115,2014,140,471,100,344,40,127
21115,2015,151,499,106,363,45,136
21115,2016,221,720,193,633,28,87
21115,2017,147,467,147,465,0,2
21115,2018,161,514,160,508,1,6
21115,2019,199,701,170,546,29,155
21115,2020,171,531,160,515,11,16
21115,2021,174,551,152,486,22,65
21117,2011,4445,12718,4350,12705,95,13
21117,2012,4576,12873,4499,13022,77,-149
21117,2013,3939,11265,3924,11335,15,-70
21117,2014,3105,8634,2935,8363,170,271
21117,2015,4325,12213,4151,12044,174,169
21117,2016,5456,15370,5618,16236,-162,-866
21117,2017,4355,11909,4221,12227,134,-318
21117,2018,4291,11657,4017,11281,274,376
21117,2019,4476,12391,4493,12913,-17,-522
21117,2020,4386,11708,4255,11842,131,-134
21117,2021,4418,11566,4140,11277,278,289
21119,2011,125,378,112,397,13,-19
21119,2012,133,446,92,287,41,159
21119,2013,83,263,111,368,-28,-105
21119,2014,77,269,96,300,-19,-31
21119,2015,100,332,92,311,8,21
21119,2016,98,338,109,367,-11,-29
21119,2017,78,249,78,262,0,-13
21119,2018,54,197,109,373,-55,-176
21119,2019,106,366,94,318,12,48
21119,2020,113,369,95,267,18,102
21119,2021,105,308,129,407,-24,-99
21121,2011,387,1269,472,1567,-85,-298
21121,2012,407,1321,396,1328,11,-7
21121,2013,372,1249,412,1301,-40,-52
21121,2014,333,1100,326,1047,7,53
21121,2015,372,1281,428,1424,-56,-143
21121,2016,468,1555,504,1622,-36,-67
21121,2017,369,1211,420,1395,-51,-184
21121,2018,340,1140,383,1273,-43,-133
21121,2019,423,1393,461,1495,-38,-102
21121,2020,397,1243,459,1436,-62,-193
21121,2021,386,1220,434,1342,-48,-122
21123,2011,285,895,320,1019,-35,-124
21123,2012,285,877,265,812,20,65
21123,2013,223,681,160,490,63,191
21123,2014,160,497,167,473,-7,24
21123,2015,183,560,242,727,-59,-167
21123,2016,331,1038,331,1001,0,37
21123,2017,236,735,245,730,-9,5
21123,2018,274,851,216,652,58,199
21123,2019,309,888,260,792,49,96
21123,2020,297,911,264,754,33,157
21123,2021,294,889,253,758,41,131
21125,2011,748,2387,899,2844,-151,-457
21125,2012,758,2364,688,2186,70,178
21125,2013,629,1930,665,2100,-36,-170
21125,2014,569,1784,552,1732,17,52
21125,2015,712,2263,639,1997,73,266
21125,2016,893,2837,757,2446,136,391
21125,2017,722,2370,645,2028,77,342
21125,2018,661,2118,684,2132,-23,-14
21125,2019,781,2522,663,2113,118,409
21125,2020,851,2578,776,2348,75,230
21125,2021,803,2453,708,2128,95,325
21127,2011,135,448,144,466,-9,-18
21127,2012,152,513,121,420,31,93
21127,2013,105,383,124,439,-19,-56
21127,2014,82,276,89,278,-7,-2
21127,2015,113,382,133,430,-20,-48
21127,2016,137,472,135,469,2,3
21127,2017,91,309,138,416,-47,-107
21127,2018,123,390,108,358,15,32
21127,2019,150,513,115,405,35,108
21127,2020,128,394,112,342,16,52
21127,2021,105,338,109,340,-4,-2
21129,2011,43,142,41,126,2,16
21129,2012,26,80,38,139,-12,-59
21131,2011,68,214,74,239,-6,-25
21131,2012,44,143,61,199,-17,-56
21131,2013,24,64,52,174,-28,-110
21131,2015,20,63,52,180,-32,-117
21131,2016,24,77,60,195,-36,-118
21131,2019,20,57,49,167,-29,-110
21131,2020,22,57,54,162,-32,-105
21133,2011,116,381,120,409,-4,-28
21133,2012,83,260,132,421,-49,-161
21133,2013,72,233,52,156,20,77
21133,2014,51,153,26,83,25,70
21133,2015,25,86,94,265,-69,-179
21133,2016,100,310,70,216,30,94
21133,2017,22,83,79,238,-57,-155
21133,2018,54,179,43,129,11,50
21133,2019,44,141,29,102,15,39
21133,2020,28,100,27,81,1,19
21133,2021,49,163,96,287,-47,-124
21135,2011,163,526,107,353,56,173
21135,2012,84,277,114,382,-30,-105
21135,2013,31,106,24,68,7,38
21135,2015,27,86,62,208,-35,-122
21135,2016,103,346,116,384,-13,-38
21135,2017,69,206,61,179,8,27
21135,2018,49,157,59,172,-10,-15
21135,2019,63,186,79,276,-16,-90
21135,2020,54,177,47,137,7,40
21135,2021,53,160,107,317,-54,-157
21137,2011,374,1232,412,1316,-38,-84
21137,2012,389,1265,392,1256,-3,9
21137,2013,283,890,330,1026,-47,-136
21137,2014,224,662,281,892,-57,-230
21137,2015,388,1215,320,994,68,221
21137,2016,528,1667,434,1362,94,305
21137,2017,402,1232,390,1160,12,72
21137,2018,329,1004,337,1048,-8,-44
21137,2019,388,1188,384,1156,4,32
21137,2020,451,1363,415,1234,36,129
21137,2021,409,1229,388,1176,21,53
21139,2011,151,453,160,496,-9,-43
21139,2012,148,419,180,573,-32,-154
21139,2013,140,407,145,430,-5,-23
21139,2014,96,285,132,375,-36,-90
21139,2015,139,407,136,444,3,-37
21139,2016,176,559,167,506,9,53
21139,2017,145,406,141,439,4,-33
21139,2018,142,423,126,367,16,56
21139,2019,141,425,151,448,-10,-23
21139,2020,109,348,148,473,-39,-125
21139,2021,127,393,135,391,-8,2
21141,2011,305,985,335,1052,-30,-67
21141,2012,323,1048,315,963,8,85
21141,2013,243,766,237,745,6,21
21141,2014,179,545,187,573,-8,-28
21141,2015,256,812,238,745,18,67
21141,2016,431,1335,318,948,113,387
21141,2017,302,891,294,884,8,7
21141,2018,298,956,292,894,6,62
21141,2019,369,1146,286,853,83,293
21141,2020,345,1039,295,884,50,155
21141,2021,354,1030,312,924,42,106
21143,2011,68,201,88,265,-20,-64
21143,2012,113,365,75,220,38,145
21143,2013,46,136,40,131,6,5
21143,2014,32,100,28,84,4,16
21143,2015,62,176,35,101,27,75
21143,2016,72,221,53,166,19,55
21143,2017,60,172,63,189,-3,-17
21143,2018,32,100,66,195,-34,-95
21143,2019,75,240,34,98,41,142
21143,2020,70,194,68,172,2,22
21143,2021,42,136,56,157,-14,-21
21145,2011,872,2548,900,2706,-28,-158
21145,2012,958,2863,870,2590,88,273
21145,2013,689,2036,705,2122,-16,-86
21145,2014,539,1551,547,1593,-8,-42
21145,2015,773,2331,719,2094,54,237
21145,2016,963,2901,950,2835,13,66
21145,2017,740,2158,755,2246,-15,-88
21145,2018,792,2256,697,2018,95,238
21145,2019,727,2150,813,2461,-86,-311
21145,2020,753,2151,863,2489,-110,-338
21145,2021,770,2143,758,2138,12,5
21147,2011,68,231,119,367,-51,-136
21147,2012,76,253,93,296,-17,-43
21147,2013,54,190,74,241,-20,-51
21147,2014,56,165,41,137,15,28
21147,2015,37,115,73,231,-36,-116
21147,2016,66,215,90,283,-24,-68
21147,2017,61,195,55,172,6,23
21147,2018,54,166,64,216,-10,-50
21147,2019,38,115,77,247,-39,-132
21147,2020,58,185,78,246,-20,-61
21147,2021,97,298,41,114,56,184
21149,2011,130,398,179,565,-49,-167
21149,2012,124,384,133,426,-9,-42
21149,2013,104,327,99,295,5,32
21149,2014,57,186,76,218,-19,-32
21149,2015,111,333,123,367,-12,-34
21149,2016,143,468,177,572,-34,-104
21149,2017,121,399,117,346,4,53
21149,2018,114,378,117,339,-3,39
21149,2019,101,355,166,492,-65,-137
21149,2020,109,354,108,312,1,42
21149,2021,95,283,77,203,18,80
21151,2011,1204,3577,1121,3217,83,360
21151,2012,1338,3918,1339,3786,-1,132
21151,2013,989,2919,986,2831,3,88
21151,2014,818,2358,720,2005,98,353
21151,2015,1103,3261,1102,3059,1,202
21151,2016,1692,4950,1581,4544,111,406
21151,2017,1313,3766,1230,3472,83,294
21151,2018,1292,3744,1190,3341,102,403
21151,2019,1511,4402,1206,3455,305,947
21151,2020,1536,4328,1349,3679,187,649
21151,2021,1573,4413,1231,3366,342,1047
21153,2011,35,125,50,171,-15,-46
21153,2012,49,173,49,175,0,-2
21153,2013,20,73,22,88,-2,-15
21153,2014,21,74,24,80,-3,-6
21153,2016,27,98,51,169,-24,-71
21153,2017,49,165,60,196,-11,-31
21153,2019,32,101,33,131,-1,-30
21153,2020,55,169,54,161,1,8
21153,2021,21,72,54,167,-33,-95
21155,2011,224,694,208,619,16,75
21155,2012,174,496,225,676,-51,-180
21155,2013,158,477,155,482,3,-5
21155,2014,132,401,136,386,-4,15
21155,2015,189,527,204,593,-15,-66
21155,2016,267,790,252,746,15,44
21155,2017,196,571,222,642,-26,-71
21155,2018,169,532,181,531,-12,1
21155,2019,216,628,178,531,38,97
21155,2020,216,638,190,560,26,78
21155,2021,222,673,175,506,47,167
21157,2011,401,1238,329,953,72,285
21157,2012,378,1162,389,1177,-11,-15
21157,2013,350,1072,349,1022,1,50
21157,2014,291,885,254,717,37,168
21157,2015,354,1091,339,985,15,106
21157,2016,431,1327,466,1413,-35,-86
21157,2017,380,1160,337,1029,43,131
21157,2018,298,893,360,1072,-62,-179
21157,2019,439,1321,352,1077,87,244
21157,2020,402,1205,388,1145,14,60
21157,2021,346,1018,389,1128,-43,-110
21159,2011,48,175,85,297,-37,-122
21159,2012,76,271,58,205,18,66
21159,2013,46,176,20,73,26,103
21159,2015,21,65,25,83,-4,-18
21159,2016,21,74,51,166,-30,-92
21161,2011,188,594,223,715,-35,-121
21161,2012,190,586,218,705,-28,-119
21161,2013,144,439,164,514,-20,-75
21161,2014,109,349,91,298,18,51
21161,2015,180,583,130,397,50,186
21161,2016,259,823,234,716,25,107
21161,2017,175,486,196,603,-21,-117
21161,2018,169,517,172,512,-3,5
21161,2019,193,570,190,571,3,-1
21161,2020,148,397,169,533,-21,-136
21161,2021,159,492,160,475,-1,17
21163,2011,505,1706,639,2155,-134,-449
21163,2012,616,2080,573,1884,43,196
21163,2013,514,1653,586,1898,-72,-245
21163,2014,338,1080,516,1666,-178,-586
21163,2015,580,1864,461,1372,119,492
21163,2016,722,2312,676,2063,46,249
21163,2017,588,1848,511,1578,77,270
21163,2018,593,1781,549,1689,44,92
21163,2019,621,1948,566,1779,55,169
21163,2020,616,1957,537,1613,79,344
21163,2021,552,1673,593,1742,-41,-69
21165,2011,55,180,80,260,-25,-80
21165,2012,55,191,61,201,-6,-10
21165,2013,31,108,45,156,-14,-48
21165,2014,36,116,44,133,-8,-17
21165,2015,39,129,39,115,0,14
21165,2016,48,158,81,256,-33,-98
21165,2017,28,94,38,132,-10,-38
21165,2018,43,151,41,133,2,18
21165,2019,39,123,36,114,3,9
21165,2020,53,177,42,147,11,30
21165,2021,87,252,54,158,33,94
21167,2011,343,1062,303,899,40,163
21167,2012,305,932,313,947,-8,-15
21167,2013,252,756,259,790,-7,-34
21167,2014,133,359,157,450,-24,-91
21167,2015,253,776,231,696,22,80
21167,2016,534,1589,378,1105,156,484
21167,2017,286,862,256,758,30,104
21167,2018,345,1034,326,947,19,87
21167,2019,404,1237,267,792,137,445
21167,2020,418,1235,342,989,76,246
21167,2021,371,1056,299,837,72,219
21169,2011,113,379,162,510,-49,-131
21169,2012,90,288,142,457,-52,-169
21169,2013,71,230,99,349,-28,-119
21169,2014,75,233,70,212,5,21
21169,2015,91,277,87,263,4,14
21169,2016,121,393,130,406,-9,-13
21169,2017,83,271,93,290,-10,-19
21169,2018,103,312,104,353,-1,-41
21169,2019,87,305,80,262,7,43
21169,2020,93,310,63,208,30,102
21169,2021,75,241,94,273,-19,-32
21171,2011,97,331,99,375,-2,-44
21171,2012,79,274,114,388,-35,-114
21171,2013,34,113,38,120,-4,-7
21171,2015,31,112,44,148,-13,-36
21171,2016,71,262,49,159,22,103
21171,2017,34,108,39,125,-5,-17
21171,2018,59,200,49,166,10,34
21171,2019,38,127,93,289,-55,-162
21171,2020,38,117,47,142,-9,-25
21171,2021,39,123,34,107,5,16
21173,2011,405,1325,409,1275,-4,50
21173,2012,414,1320,371,1191,43,129
21173,2013,349,1137,310,964,39,173
21173,2014,244,736,253,818,-9,-82
21173,2015,366,1086,319,1033,47,53
21173,2016,479,1484,453,1406,26,78
21173,2017,378,1174,331,1000,47,174
21173,2018,406,1296,353,1083,53,213
21173,2019,417,1245,406,1212,11,33
21173,2020,453,1307,409,1227,44,80
21173,2021,504,1505,384,1069,120,436
21175,2011,51,153,77,261,-26,-108
21175,2012,25,89,86,265,-61,-176
21175,2013,26,75,30,92,-4,-17
21175,2016,45,122,37,129,8,-7
21175,2017,29,79,48,172,-19,-93
21175,2018,27,82,27,71,0,11
21175,2019,28,76,26,72,2,4
21175,2020,29,89,41,122,-12,-33
21175,2021,29,95,34,91,-5,4
21177,2011,238,751,222,680,16,71
21177,2012,225,700,209,665,16,35
21177,2013,186,589,187,601,-1,-12
21177,2014,104,338,105,310,-1,28
21177,2015,140,454,200,616,-60,-162
21177,2016,224,704,231,721,-7,-17
21177,2017,162,511,196,579,-34,-68
21177,2018,163,523,188,580,-25,-57
21177,2019,172,548,207,631,-35,-83
21177,2020,250,716,202,619,48,97
21177,2021,173,500,244,734,-71,-234
21179,2011,607,1817,606,1813,1,4
21179,2012,662,1972,566,1631,96,341
21179,2013,586,1694,545,1583,41,111
21179,2014,409,1184,468,1369,-59,-185
21179,2015,662,1890,539,1569,123,321
21179,2016,924,2753,781,2291,143,462
21179,2017,745,2165,641,1853,104,312
21179,2018,687,2013,644,1877,43,136
21179,2019,810,2309,661,1911,149,398
21179,2020,772,2198,625,1736,147,462
21179,2021,786,2216,634,1773,152,443
21181,2011,108,336,79,258,29,78
21181,2012,64,205,93,287,-29,-82
21181,2013,44,135,51,151,-7,-16
21181,2014,29,92,35,109,-6,-17
21181,2015,38,126,44,131,-6,-5
21181,2016,102,313,60,177,42,136
21181,2017,65,208,51,152,14,56
21181,2018,61,192,37,105,24,87
21181,2019,38,124,81,233,-43,-109
21181,2020,94,271,60,176,34,95
21181,2021,68,217,43,137,25,80
21183,2011,253,859,282,969,-29,-110
21183,2012,267,922,305,1047,-38,-125
21183,2013,224,746,246,821,-22,-75
21183,2014,208,688,189,591,19,97
21183,2015,253,826,237,750,16,76
21183,2016,302,1031,305,975,-3,56
21183,2017,199,597,274,927,-75,-330
21183,2018,196,608,213,652,-17,-44
21183,2019,253,778,239,746,14,32
21183,2020,217,683,252,758,-35,-75
21183,2021,258,792,226,646,32,146
21185,2011,1119,3718,979,2896,140,822
21185,2012,1210,4002,1111,3293,99,709
21185,2013,1128,3636,1000,2916,128,720
21185,2014,759,2462,816,2270,-57,192
21185,2015,1241,4119,1044,2940,197,1179
21185,2016,1669,5648,1476,4324,193,1324
21185,2017,1207,3845,1087,3175,120,670
21185,2018,1179,3772,1064,3039,115,733
21185,2019,1349,4491,1116,3213,233,1278
21185,2020,1272,4004,1077,2986,195,1018
21185,2021,1256,3934,1113,3084,143,850
21187,2011,179,586,295,972,-116,-386
21187,2012,181,601,156,499,25,102
21187,2013,86,277,78,262,8,15
21187,2014,88,282,24,70,64,212
21187,2015,125,403,92,282,33,121
21187,2016,209,665,123,381,86,284
21187,2017,115,346,90,275,25,71
21187,2018,103,341,82,258,21,83
21187,2019,164,522,101,342,63,180
21187,2020,164,516,104,320,60,196
21187,2021,139,429,122,362,17,67
21189,2011,19,60,34,110,-15,-50
21189,2012,20,69,24,74,-4,-5
21189,2013,20,66,NA,NA,NA,NA
21191,2011,288,900,344,1045,-56,-145
21191,2012,310,1009,275,867,35,142
21191,2013,230,730,206,659,24,71
21191,2014,250,773,164,486,86,287
21191,2015,251,801,231,688,20,113
21191,2016,317,925,303,938,14,-13
21191,2017,253,768,287,873,-34,-105
21191,2018,216,615,225,643,-9,-28
21191,2019,229,788,262,817,-33,-29
21191,2020,249,771,271,784,-22,-13
21191,2021,249,766,198,594,51,172
21193,2011,205,653,256,750,-51,-97
21193,2012,158,484,229,741,-71,-257
21193,2013,165,535,170,510,-5,25
21193,2014,111,365,140,440,-29,-75
21193,2015,145,466,180,539,-35,-73
21193,2016,137,472,278,859,-141,-387
21193,2017,92,314,154,434,-62,-120
21193,2018,122,391,123,413,-1,-22
21193,2019,107,364,174,541,-67,-177
21193,2020,143,407,201,611,-58,-204
21193,2021,173,517,154,445,19,72
21195,2011,336,1076,363,1155,-27,-79
21195,2012,326,1028,401,1309,-75,-281
21195,2013,275,899,326,1048,-51,-149
21195,2014,189,614,289,849,-100,-235
21195,2015,226,699,348,1087,-122,-388
21195,2016,283,896,542,1683,-259,-787
21195,2017,315,973,293,867,22,106
21195,2018,212,673,301,909,-89,-236
21195,2019,250,781,293,923,-43,-142
21195,2020,253,772,348,1053,-95,-281
21195,2021,224,671,345,959,-121,-288
21197,2011,128,444,178,576,-50,-132
21197,2012,147,454,146,479,1,-25
21197,2013,71,220,88,286,-17,-66
21197,2014,43,142,96,276,-53,-134
21197,2015,112,362,136,410,-24,-48
21197,2016,184,617,170,522,14,95
21197,2017,106,351,106,347,0,4
21197,2018,101,319,113,369,-12,-50
21197,2019,144,437,151,438,-7,-1
21197,2020,103,307,172,507,-69,-200
21197,2021,99,275,165,475,-66,-200
21199,2011,560,1851,442,1397,118,454
21199,2012,558,1851,502,1647,56,204
21199,2013,428,1374,432,1399,-4,-25
21199,2014,300,944,304,905,-4,39
21199,2015,364,1113,403,1213,-39,-100
21199,2016,538,1703,474,1411,64,292
21199,2017,440,1348,368,1121,72,227
21199,2018,455,1389,380,1150,75,239
21199,2019,457,1431,436,1292,21,139
21199,2020,470,1390,458,1304,12,86
21199,2021,444,1250,397,1115,47,135
21201,2011,27,88,34,119,-7,-31
21203,2011,146,474,186,616,-40,-142
21203,2012,158,483,193,579,-35,-96
21203,2013,117,394,95,323,22,71
21203,2014,94,306,104,327,-10,-21
21203,2015,84,244,123,408,-39,-164
21203,2016,182,564,211,651,-29,-87
21203,2017,127,383,178,549,-51,-166
21203,2018,131,422,136,414,-5,8
21203,2019,177,543,133,403,44,140
21203,2020,147,448,155,475,-8,-27
21203,2021,206,675,172,507,34,168
21205,2011,231,720,355,1066,-124,-346
21205,2012,251,751,284,859,-33,-108
21205,2013,184,593,210,608,-26,-15
21205,2014,136,414,144,412,-8,2
21205,2015,239,688,275,813,-36,-125
21205,2016,285,890,392,1187,-107,-297
21205,2017,270,843,236,665,34,178
21205,2018,215,677,291,875,-76,-198
21205,2019,282,838,294,935,-12,-97
21205,2020,265,783,305,883,-40,-100
21205,2021,280,796,316,908,-36,-112
21207,2011,160,491,155,506,5,-15
21207,2012,129,445,149,462,-20,-17
21207,2013,141,491,128,426,13,65
21207,2014,114,401,104,370,10,31
21207,2015,150,484,107,356,43,128
21207,2016,105,339,145,512,-40,-173
21207,2017,136,448,112,353,24,95
21207,2018,120,383,88,281,32,102
21207,2019,147,486,129,443,18,43
21207,2020,140,432,121,362,19,70
21207,2021,102,306,114,335,-12,-29
21209,2011,1036,3169,757,2388,279,781
21209,2012,1109,3519,822,2482,287,1037
21209,2013,940,2903,778,2325,162,578
21209,2014,639,1887,536,1551,103,336
21209,2015,1061,3209,865,2537,196,672
21209,2016,1611,4988,1206,3599,405,1389
21209,2017,1238,3649,898,2597,340,1052
21209,2018,1094,3204,897,2628,197,576
21209,2019,1312,3878,970,2900,342,978
21209,2020,1138,3246,1062,2994,76,252
21209,2021,1172,3361,1028,2851,144,510
21211,2011,788,2599,793,2573,-5,26
21211,2012,906,2892,814,2497,92,395
21211,2013,795,2451,676,2121,119,330
21211,2014,624,1916,644,1932,-20,-16
21211,2015,899,2760,763,2294,136,466
21211,2016,1265,3811,1022,3053,243,758
21211,2017,1087,3233,758,2219,329,1014
21211,2018,1009,2957,756,2257,253,700
21211,2019,969,3014,836,2433,133,581
21211,2020,1095,3243,843,2418,252,825
21211,2021,1011,2950,832,2343,179,607
21213,2011,320,1004,253,789,67,215
21213,2012,339,1055,308,938,31,117
21213,2013,324,1037,310,947,14,90
21213,2014,233,679,233,708,0,-29
21213,2015,323,997,320,978,3,19
21213,2016,474,1447,447,1381,27,66
21213,2017,363,1062,269,795,94,267
21213,2018,361,1055,273,867,88,188
21213,2019,393,1215,348,1058,45,157
21213,2020,422,1236,361,1081,61,155
21213,2021,405,1163,340,969,65,194
21215,2011,364,1125,345,1036,19,89
21215,2012,432,1383,391,1178,41,205
21215,2013,370,1161,315,948,55,213
21215,2014,294,911,270,763,24,148
21215,2015,413,1282,350,1003,63,279
21215,2016,631,1985,486,1410,145,575
21215,2017,458,1450,408,1217,50,233
21215,2018,443,1407,360,1075,83,332
21215,2019,548,1756,380,1097,168,659
21215,2020,512,1586,340,981,172,605
21215,2021,501,1570,337,935,164,635
21217,2011,253,756,327,998,-74,-242
21217,2012,260,771,285,791,-25,-20
21217,2013,201,643,190,589,11,54
21217,2014,163,484,177,511,-14,-27
21217,2015,200,617,241,679,-41,-62
21217,2016,296,912,277,841,19,71
21217,2017,225,687,219,655,6,32
21217,2018,230,705,207,654,23,51
21217,2019,241,733,254,755,-13,-22
21217,2020,237,716,277,817,-40,-101
21217,2021,252,741,295,800,-43,-59
21219,2011,149,480,130,449,19,31
21219,2012,117,405,153,494,-36,-89
21219,2013,107,341,158,499,-51,-158
21219,2014,105,331,118,381,-13,-50
21219,2015,136,466,123,386,13,80
21219,2016,151,496,177,580,-26,-84
21219,2017,134,451,165,535,-31,-84
21219,2018,131,422,132,418,-1,4
21219,2019,138,519,145,447,-7,72
21219,2020,169,539,145,433,24,106
21219,2021,134,415,147,421,-13,-6
21221,2011,153,504,123,372,30,132
21221,2012,141,486,163,499,-22,-13
21221,2013,69,229,133,435,-64,-206
21221,2014,69,222,57,196,12,26
21221,2015,123,461,105,327,18,134
21221,2016,160,528,150,480,10,48
21221,2017,97,345,78,251,19,94
21221,2018,101,327,105,330,-4,-3
21221,2019,189,638,127,373,62,265
21221,2020,150,511,115,340,35,171
21221,2021,162,532,173,525,-11,7
21223,2011,164,526,170,528,-6,-2
21223,2012,167,570,166,524,1,46
21223,2013,127,421,165,513,-38,-92
21223,2014,103,345,108,329,-5,16
21223,2015,153,454,191,586,-38,-132
21223,2016,211,652,188,577,23,75
21223,2017,167,493,158,460,9,33
21223,2018,148,448,142,433,6,15
21223,2019,181,538,177,570,4,-32
21223,2020,202,601,148,428,54,173
21223,2021,169,514,142,414,27,100
21225,2011,101,314,146,456,-45,-142
21225,2012,123,375,138,442,-15,-67
21225,2013,49,157,77,233,-28,-76
21225,2014,42,129,50,151,-8,-22
21225,2015,75,236,127,383,-52,-147
21225,2016,136,403,138,408,-2,-5
21225,2017,88,292,109,333,-21,-41
21225,2018,68,216,95,278,-27,-62
21225,2019,112,389,120,340,-8,49
21225,2020,96,292,140,417,-44,-125
21225,2021,89,288,95,273,-6,15
21227,2011,1498,4553,1585,4646,-87,-93
21227,2012,1708,5078,2031,6588,-323,-1510
21227,2013,1279,3698,1376,4198,-97,-500
21227,2014,1085,3150,1104,3193,-19,-43
21227,2015,1407,3999,1348,3821,59,178
21227,2016,1849,5305,2041,5789,-192,-484
21227,2017,1429,3995,1580,4413,-151,-418
21227,2018,1454,4164,1474,4084,-20,80
21227,2019,1725,4894,1567,4492,158,402
21227,2020,1825,5084,1541,4311,284,773
21227,2021,1847,5079,1750,4698,97,381
21229,2011,154,475,168,495,-14,-20
21229,2012,161,482,155,477,6,5
21229,2013,123,394,107,299,16,95
21229,2014,72,225,79,245,-7,-20
21229,2015,115,367,129,369,-14,-2
21229,2016,197,624,182,534,15,90
21229,2017,174,511,170,513,4,-2
21229,2018,149,438,99,283,50,155
21229,2019,140,429,102,301,38,128
21229,2020,174,508,143,405,31,103
21229,2021,125,360,155,466,-30,-106
21231,2011,132,514,181,658,-49,-144
21231,2012,156,599,184,744,-28,-145
21231,2013,107,403,128,489,-21,-86
21231,2014,86,308,89,302,-3,6
21231,2015,105,320,110,344,-5,-24
21231,2016,100,298,145,479,-45,-181
21231,2017,95,296,111,344,-16,-48
21231,2018,90,252,120,361,-30,-109
21231,2019,108,343,127,382,-19,-39
21231,2020,112,349,98,292,14,57
21231,2021,97,279,127,373,-30,-94
21233,2011,192,591,206,664,-14,-73
21233,2012,192,591,193,596,-1,-5
21233,2013,137,464,187,561,-50,-97
21233,2014,132,413,121,389,11,24
21233,2015,155,517,159,504,-4,13
21233,2016,208,673,230,712,-22,-39
21233,2017,154,503,163,513,-9,-10
21233,2018,133,428,137,455,-4,-27
21233,2019,167,539,172,558,-5,-19
21233,2020,149,460,174,548,-25,-88
21233,2021,156,487,168,522,-12,-35
21235,2011,707,2274,515,1645,192,629
21235,2012,511,1705,558,1753,-47,-48
21235,2013,444,1448,437,1385,7,63
21235,2014,369,1217,433,1348,-64,-131
21235,2015,433,1402,397,1314,36,88
21235,2016,499,1663,535,1706,-36,-43
21235,2017,441,1446,459,1497,-18,-51
21235,2018,460,1525,376,1243,84,282
21235,2019,446,1457,464,1518,-18,-61
21235,2020,577,1770,506,1562,71,208
21235,2021,452,1416,563,1766,-111,-350
21237,2011,40,143,45,149,-5,-6
21237,2012,39,141,24,85,15,56
21237,2017,20,75,NA,NA,NA,NA
21237,2021,20,63,NA,NA,NA,NA
21239,2011,517,1588,522,1607,-5,-19
21239,2012,560,1724,466,1430,94,294
21239,2013,474,1521,433,1321,41,200
21239,2014,298,904,315,926,-17,-22
21239,2015,432,1343,401,1169,31,174
21239,2016,632,1939,567,1690,65,249
21239,2017,435,1256,475,1321,-40,-65
21239,2018,446,1318,446,1261,0,57
21239,2019,523,1579,482,1447,41,132
21239,2020,525,1542,489,1367,36,175
21239,2021,476,1360,466,1272,10,88
22001,2011,1044,3416,989,3082,55,334
22001,2012,989,3173,1013,3212,-24,-39
22001,2013,949,3071,961,3017,-12,54
22001,2014,693,2216,792,2476,-99,-260
22001,2015,809,2622,872,2771,-63,-149
22001,2016,1026,3337,1061,3433,-35,-96
22001,2017,790,2540,868,2772,-78,-232
22001,2018,749,2444,861,2778,-112,-334
22001,2019,908,3045,910,2925,-2,120
22001,2020,958,2977,942,2953,16,24
22001,2021,929,2812,942,2874,-13,-62
22003,2011,254,814,358,1187,-104,-373
22003,2012,297,974,308,989,-11,-15
22003,2013,251,817,279,892,-28,-75
22003,2014,234,726,235,738,-1,-12
22003,2015,244,805,256,859,-12,-54
22003,2016,269,857,356,1126,-87,-269
22003,2017,229,760,266,859,-37,-99
22003,2018,259,822,252,788,7,34
22003,2019,294,961,320,1041,-26,-80
22003,2020,261,827,315,1000,-54,-173
22003,2021,260,863,313,970,-53,-107
22005,2011,2187,6803,1772,5423,415,1380
22005,2012,2424,7450,1903,5819,521,1631
22005,2013,2109,6482,1722,5211,387,1271
22005,2014,1726,5331,1441,4325,285,1006
22005,2015,2095,6527,1680,5155,415,1372
22005,2016,2740,8537,2191,6786,549,1751
22005,2017,2379,7302,1776,5429,603,1873
22005,2018,2259,6814,1765,5279,494,1535
22005,2019,2416,7387,1927,5845,489,1542
22005,2020,2631,7709,1916,5611,715,2098
22005,2021,2502,7441,1952,5572,550,1869
22007,2011,359,1225,304,998,55,227
22007,2012,291,982,348,1110,-57,-128
22007,2013,262,831,349,1105,-87,-274
22007,2014,257,805,285,880,-28,-75
22007,2015,280,915,279,920,1,-5
22007,2016,322,1038,405,1324,-83,-286
22007,2017,233,764,293,947,-60,-183
22007,2018,204,647,312,975,-108,-328
22007,2019,220,704,291,909,-71,-205
22007,2020,275,814,315,973,-40,-159
22007,2021,247,725,297,878,-50,-153
22009,2011,282,906,414,1291,-132,-385
22009,2012,314,982,360,1125,-46,-143
22009,2013,251,784,285,917,-34,-133
22009,2014,170,520,234,724,-64,-204
22009,2015,193,576,265,844,-72,-268
22009,2016,331,1022,362,1128,-31,-106
22009,2017,195,574,305,958,-110,-384
22009,2018,239,787,249,776,-10,11
22009,2019,242,729,279,896,-37,-167
22009,2020,262,781,331,1030,-69,-249
22009,2021,225,664,336,1045,-111,-381
22011,2011,571,1886,559,1819,12,67
22011,2012,593,1969,576,1894,17,75
22011,2013,450,1458,444,1463,6,-5
22011,2014,405,1292,348,1078,57,214
22011,2015,540,1830,406,1268,134,562
22011,2016,623,2162,560,1794,63,368
22011,2017,536,1785,430,1440,106,345
22011,2018,517,1763,437,1440,80,323
22011,2019,566,1979,455,1450,111,529
22011,2020,543,1759,524,1654,19,105
22011,2021,506,1649,471,1452,35,197
22013,2011,246,806,301,993,-55,-187
22013,2012,230,722,268,881,-38,-159
22013,2013,194,641,227,745,-33,-104
22013,2014,124,397,128,380,-4,17
22013,2015,175,551,179,555,-4,-4
22013,2016,229,722,227,732,2,-10
22013,2017,167,546,225,721,-58,-175
22013,2018,191,605,186,578,5,27
22013,2019,142,466,180,580,-38,-114
22013,2020,170,535,209,620,-39,-85
22013,2021,150,450,180,541,-30,-91
22015,2011,3329,10088,3123,9675,206,413
22015,2012,3323,10347,3459,10609,-136,-262
22015,2013,2683,8369,2682,8127,1,242
22015,2014,2020,6105,1967,5816,53,289
22015,2015,2683,8247,2624,8011,59,236
22015,2016,3550,11151,3263,10247,287,904
22015,2017,2629,8034,2758,8479,-129,-445
22015,2018,2502,7659,2553,7745,-51,-86
22015,2019,2860,8860,2853,8641,7,219
22015,2020,2877,8461,2726,8001,151,460
22015,2021,2612,7646,2813,8223,-201,-577
22017,2011,4231,12485,4841,14545,-610,-2060
22017,2012,4031,11919,4963,14899,-932,-2980
22017,2013,3375,9899,4225,12835,-850,-2936
22017,2014,2719,7947,3132,9321,-413,-1374
22017,2015,3117,9193,4004,12093,-887,-2900
22017,2016,3782,11264,5055,15472,-1273,-4208
22017,2017,3206,9481,4067,12262,-861,-2781
22017,2018,3084,9035,3770,11412,-686,-2377
22017,2019,3249,9610,4132,12598,-883,-2988
22017,2020,3249,9360,4196,12282,-947,-2922
22017,2021,3298,9311,3876,11158,-578,-1847
22019,2011,2121,6355,2384,7057,-263,-702
22019,2012,2221,6687,2296,6928,-75,-241
22019,2013,1810,5516,2022,6014,-212,-498
22019,2014,1691,5018,1462,4327,229,691
22019,2015,2121,6331,1900,5685,221,646
22019,2016,2758,8482,2527,7619,231,863
22019,2017,2381,7369,2184,6767,197,602
22019,2018,2060,6340,2395,7398,-335,-1058
22019,2019,1908,5707,3523,11045,-1615,-5338
22019,2020,1895,5615,4120,12208,-2225,-6593
22019,2021,2163,6332,2535,7374,-372,-1042
22021,2011,112,354,112,364,0,-10
22021,2012,100,340,110,369,-10,-29
22021,2013,75,269,67,212,8,57
22021,2014,65,205,42,129,23,76
22021,2015,64,200,51,179,13,21
22021,2016,91,302,80,255,11,47
22021,2017,71,219,33,119,38,100
22021,2018,72,244,76,248,-4,-4
22021,2019,72,242,78,249,-6,-7
22021,2020,90,280,54,161,36,119
22021,2021,73,223,66,184,7,39
22023,2011,127,399,135,410,-8,-11
22023,2012,106,366,125,377,-19,-11
22023,2013,136,433,171,517,-35,-84
22023,2014,112,373,145,447,-33,-74
22023,2015,112,345,105,326,7,19
22023,2016,118,390,117,348,1,42
22023,2017,155,487,214,667,-59,-180
22023,2018,118,380,184,591,-66,-211
22023,2019,95,314,136,427,-41,-113
22023,2020,89,265,240,734,-151,-469
22023,2021,97,287,134,406,-37,-119
22025,2011,167,547,125,403,42,144
22025,2012,94,313,114,366,-20,-53
22025,2013,32,118,68,242,-36,-124
22025,2014,31,90,30,102,1,-12
22025,2015,26,83,72,238,-46,-155
22025,2016,58,201,72,253,-14,-52
22025,2017,30,88,59,212,-29,-124
22025,2018,69,212,69,236,0,-24
22025,2019,60,200,82,262,-22,-62
22025,2020,79,256,58,176,21,80
22025,2021,67,207,78,249,-11,-42
22027,2011,224,696,164,503,60,193
22027,2012,146,479,180,568,-34,-89
22027,2013,99,326,159,503,-60,-177
22027,2014,45,149,96,294,-51,-145
22027,2015,75,228,118,364,-43,-136
22027,2016,104,339,165,516,-61,-177
22027,2017,132,427,102,312,30,115
22027,2018,76,238,120,381,-44,-143
22027,2019,149,460,157,477,-8,-17
22027,2020,131,396,82,258,49,138
22027,2021,105,308,125,384,-20,-76
22029,2011,209,637,244,798,-35,-161
22029,2012,212,700,237,764,-25,-64
22029,2013,142,450,165,541,-23,-91
22029,2014,135,458,142,453,-7,5
22029,2015,136,456,125,400,11,56
22029,2016,156,529,198,667,-42,-138
22029,2017,142,468,157,497,-15,-29
22029,2018,127,416,180,568,-53,-152
22029,2019,129,409,186,622,-57,-213
22029,2020,143,441,150,460,-7,-19
22029,2021,144,463,145,436,-1,27
22031,2011,442,1472,484,1514,-42,-42
22031,2012,474,1543,383,1217,91,326
22031,2013,384,1254,363,1117,21,137
22031,2014,293,944,327,1001,-34,-57
22031,2015,405,1326,360,1128,45,198
22031,2016,479,1619,419,1296,60,323
22031,2017,451,1440,351,1059,100,381
22031,2018,343,1141,352,1088,-9,53
22031,2019,467,1509,343,1113,124,396
22031,2020,424,1323,393,1218,31,105
22031,2021,361,1149,349,1028,12,121
22033,2011,8138,23354,8968,25625,-830,-2271
22033,2012,7933,22829,9765,28201,-1832,-5372
22033,2013,7019,20153,8045,23283,-1026,-3130
22033,2014,5626,16098,6315,18030,-689,-1932
22033,2015,6380,18287,7673,22188,-1293,-3901
22033,2016,7671,22141,10534,30417,-2863,-8276
22033,2017,5883,16754,7944,22761,-2061,-6007
22033,2018,5892,16818,7533,21375,-1641,-4557
22033,2019,6280,17942,7900,22802,-1620,-4860
22033,2020,6608,18623,8516,23652,-1908,-5029
22033,2021,6683,18356,8493,23477,-1810,-5121
22035,2011,52,169,65,216,-13,-47
22035,2012,80,261,80,271,0,-10
22035,2013,30,95,50,167,-20,-72
22035,2014,24,89,61,196,-37,-107
22035,2015,25,89,30,100,-5,-11
22035,2017,23,72,78,280,-55,-208
22035,2018,21,76,54,187,-33,-111
22035,2021,21,72,78,259,-57,-187
22037,2011,364,1122,381,1167,-17,-45
22037,2012,342,1077,376,1217,-34,-140
22037,2013,301,975,322,989,-21,-14
22037,2014,228,694,248,791,-20,-97
22037,2015,282,903,299,936,-17,-33
22037,2016,404,1298,315,977,89,321
22037,2017,270,872,311,968,-41,-96
22037,2018,251,767,278,894,-27,-127
22037,2019,289,962,272,903,17,59
22037,2020,278,852,296,895,-18,-43
22037,2021,296,901,296,871,0,30
22039,2011,390,1231,406,1287,-16,-56
22039,2012,380,1179,433,1368,-53,-189
22039,2013,278,926,395,1256,-117,-330
22039,2014,268,844,327,1016,-59,-172
22039,2015,276,890,328,1037,-52,-147
22039,2016,376,1252,364,1200,12,52
22039,2017,311,1020,361,1165,-50,-145
22039,2018,316,1032,323,1042,-7,-10
22039,2019,356,1155,403,1310,-47,-155
22039,2020,368,1160,349,1092,19,68
22039,2021,299,893,373,1127,-74,-234
22041,2011,167,553,199,645,-32,-92
22041,2012,232,739,161,514,71,225
22041,2013,116,372,157,500,-41,-128
22041,2014,95,306,109,351,-14,-45
22041,2015,97,310,123,407,-26,-97
22041,2016,119,411,160,517,-41,-106
22041,2017,112,364,126,426,-14,-62
22041,2018,83,269,122,413,-39,-144
22041,2019,126,415,150,462,-24,-47
22041,2020,114,348,160,485,-46,-137
22041,2021,121,357,145,440,-24,-83
22043,2011,392,1223,351,1170,41,53
22043,2012,347,1125,359,1142,-12,-17
22043,2013,347,1127,336,1109,11,18
22043,2014,222,699,226,706,-4,-7
22043,2015,321,1024,356,1117,-35,-93
22043,2016,430,1385,400,1310,30,75
22043,2017,332,1103,331,1063,1,40
22043,2018,280,866,295,951,-15,-85
22043,2019,288,896,286,907,2,-11
22043,2020,324,1027,320,916,4,111
22043,2021,285,875,295,950,-10,-75
22045,2011,1140,3538,1127,3643,13,-105
22045,2012,1084,3565,1274,3986,-190,-421
22045,2013,804,2588,1142,3692,-338,-1104
22045,2014,795,2470,875,2774,-80,-304
22045,2015,861,2817,1158,3565,-297,-748
22045,2016,951,3036,1270,4082,-319,-1046
22045,2017,735,2347,1043,3321,-308,-974
22045,2018,687,2160,987,3068,-300,-908
22045,2019,889,2818,1009,3211,-120,-393
22045,2020,862,2630,1146,3572,-284,-942
22045,2021,843,2528,1141,3392,-298,-864
22047,2011,516,1587,608,1842,-92,-255
22047,2012,568,1822,562,1807,6,15
22047,2013,460,1452,541,1739,-81,-287
22047,2014,443,1363,473,1500,-30,-137
22047,2015,416,1311,527,1663,-111,-352
22047,2016,522,1692,592,1855,-70,-163
22047,2017,466,1455,497,1558,-31,-103
22047,2018,446,1410,531,1671,-85,-261
22047,2019,492,1550,578,1861,-86,-311
22047,2020,552,1634,599,1803,-47,-169
22047,2021,561,1643,552,1649,9,-6
22049,2011,163,539,234,783,-71,-244
22049,2012,218,735,204,644,14,91
22049,2013,178,604,177,590,1,14
22049,2014,108,371,122,394,-14,-23
22049,2015,154,487,168,547,-14,-60
22049,2016,206,678,148,505,58,173
22049,2017,181,576,150,480,31,96
22049,2018,151,468,162,512,-11,-44
22049,2019,164,526,92,302,72,224
22049,2020,152,457,169,522,-17,-65
22049,2021,139,442,165,481,-26,-39
22051,2011,9122,26970,9558,28471,-436,-1501
22051,2012,9140,26990,10012,30369,-872,-3379
22051,2013,7782,22553,8608,25871,-826,-3318
22051,2014,6283,18036,7079,20898,-796,-2862
22051,2015,7619,22055,8234,24185,-615,-2130
22051,2016,9190,26577,10381,30815,-1191,-4238
22051,2017,7549,21702,8425,24802,-876,-3100
22051,2018,6984,20037,8041,23638,-1057,-3601
22051,2019,7317,20974,8747,25715,-1430,-4741
22051,2020,7057,19613,9742,27967,-2685,-8354
22051,2021,6952,18890,9341,26449,-2389,-7559
22053,2011,522,1660,489,1530,33,130
22053,2012,433,1384,435,1347,-2,37
22053,2013,347,1083,423,1357,-76,-274
22053,2014,300,954,390,1208,-90,-254
22053,2015,385,1235,393,1264,-8,-29
22053,2016,476,1511,449,1398,27,113
22053,2017,423,1397,381,1205,42,192
22053,2018,352,1161,437,1397,-85,-236
22053,2019,558,1761,460,1480,98,281
22053,2020,499,1519,433,1352,66,167
22053,2021,447,1339,446,1326,1,13
22055,2011,4615,13604,4238,12626,377,978
22055,2012,4926,14701,4467,13335,459,1366
22055,2013,4404,13113,3906,11639,498,1474
22055,2014,3480,10262,3421,10021,59,241
22055,2015,4019,11844,4086,12160,-67,-316
22055,2016,4802,14462,5273,15731,-471,-1269
22055,2017,4058,12147,3936,11734,122,413
22055,2018,4005,11918,3848,11453,157,465
22055,2019,4597,13772,3994,11971,603,1801
22055,2020,4697,13741,4347,12429,350,1312
22055,2021,4733,13543,4416,12514,317,1029
22057,2011,1574,5175,1396,4484,178,691
22057,2012,1314,4245,1386,4320,-72,-75
22057,2013,1303,4118,1254,3911,49,207
22057,2014,1052,3262,1105,3311,-53,-49
22057,2015,1255,3945,1286,3939,-31,6
22057,2016,1407,4447,1485,4574,-78,-127
22057,2017,1125,3535,1190,3687,-65,-152
22057,2018,1161,3582,1216,3703,-55,-121
22057,2019,1284,4015,1255,3856,29,159
22057,2020,1281,3819,1423,4174,-142,-355
22057,2021,1312,3875,1510,4374,-198,-499
22059,2011,143,475,132,446,11,29
22059,2012,104,359,115,371,-11,-12
22059,2013,63,216,43,144,20,72
22059,2014,27,98,52,161,-25,-63
22059,2015,72,244,49,167,23,77
22059,2016,83,279,136,455,-53,-176
22059,2017,64,218,76,242,-12,-24
22059,2018,120,390,77,259,43,131
22059,2019,103,333,78,254,25,79
22059,2020,75,221,90,285,-15,-64
22059,2021,66,206,91,284,-25,-78
22061,2011,566,1669,814,2317,-248,-648
22061,2012,575,1737,794,2320,-219,-583
22061,2013,488,1555,642,1858,-154,-303
22061,2014,403,1201,481,1406,-78,-205
22061,2015,459,1390,636,1829,-177,-439
22061,2016,553,1715,785,2312,-232,-597
22061,2017,450,1336,593,1707,-143,-371
22061,2018,389,1203,663,1917,-274,-714
22061,2019,503,1535,635,1900,-132,-365
22061,2020,491,1462,621,1737,-130,-275
22061,2021,488,1420,672,1829,-184,-409
22063,2011,2541,7861,2033,6288,508,1573
22063,2012,2608,8030,2234,6937,374,1093
22063,2013,2266,6913,2104,6547,162,366
22063,2014,1841,5569,1622,4902,219,667
22063,2015,2419,7452,1845,5512,574,1940
22063,2016,2804,8575,3135,9650,-331,-1075
22063,2017,2596,7967,1838,5578,758,2389
22063,2018,2496,7574,1838,5546,658,2028
22063,2019,3015,9433,2011,6107,1004,3326
22063,2020,3208,9470,2271,6705,937,2765
22063,2021,3336,9770,2268,6540,1068,3230
22065,2011,158,541,108,326,50,215
22065,2012,84,280,170,578,-86,-298
22065,2013,24,75,58,193,-34,-118
22065,2014,20,64,53,177,-33,-113
22065,2015,20,67,57,180,-37,-113
22065,2016,63,214,64,208,-1,6
22065,2017,52,164,59,193,-7,-29
22065,2018,21,65,95,303,-74,-238
22065,2019,25,74,110,380,-85,-306
22065,2020,42,137,58,188,-16,-51
22065,2021,21,66,131,410,-110,-344
22067,2011,355,1114,335,1107,20,7
22067,2012,242,808,346,1113,-104,-305
22067,2013,204,664,216,709,-12,-45
22067,2014,174,553,212,656,-38,-103
22067,2015,144,462,222,703,-78,-241
22067,2016,206,653,258,831,-52,-178
22067,2017,165,554,240,789,-75,-235
22067,2018,192,604,234,742,-42,-138
22067,2019,193,620,251,770,-58,-150
22067,2020,157,470,286,859,-129,-389
22067,2021,165,496,234,706,-69,-210
22069,2011,444,1350,576,1738,-132,-388
22069,2012,398,1240,524,1647,-126,-407
22069,2013,292,900,329,1017,-37,-117
22069,2014,201,609,325,954,-124,-345
22069,2015,322,984,366,1113,-44,-129
22069,2016,357,1126,541,1639,-184,-513
22069,2017,246,781,390,1202,-144,-421
22069,2018,252,775,372,1130,-120,-355
22069,2019,235,718,436,1287,-201,-569
22069,2020,261,795,402,1203,-141,-408
22069,2021,243,695,357,1025,-114,-330
22071,2011,10918,29692,9045,25327,1873,4365
22071,2012,10910,30087,9457,26478,1453,3609
22071,2013,8720,23844,8429,23704,291,140
22071,2014,7064,19438,6569,18502,495,936
22071,2015,8520,22885,8862,24896,-342,-2011
22071,2016,9934,26893,11477,31699,-1543,-4806
22071,2017,7888,21455,8969,24988,-1081,-3533
22071,2018,7487,20447,8437,23736,-950,-3289
22071,2019,7671,20774,9416,26458,-1745,-5684
22071,2020,7858,20679,10319,28223,-2461,-7544
22071,2021,7269,19086,10215,27466,-2946,-8380
22073,2011,2004,6138,2116,6385,-112,-247
22073,2012,1978,6124,2119,6492,-141,-368
22073,2013,1467,4586,1678,5170,-211,-584
22073,2014,1311,4000,1430,4301,-119,-301
22073,2015,1344,4164,1690,5136,-346,-972
22073,2016,1685,5209,2091,6569,-406,-1360
22073,2017,1379,4317,1764,5394,-385,-1077
22073,2018,1336,4100,1618,4880,-282,-780
22073,2019,1506,4683,1822,5635,-316,-952
22073,2020,1598,4687,1929,5613,-331,-926
22073,2021,1603,4629,1844,5332,-241,-703
22075,2011,413,1312,562,1754,-149,-442
22075,2012,450,1462,557,1763,-107,-301
22075,2013,341,1102,470,1449,-129,-347
22075,2014,287,921,293,868,-6,53
22075,2015,312,1039,404,1174,-92,-135
22075,2016,405,1381,425,1350,-20,31
22075,2017,373,1247,360,1109,13,138
22075,2018,315,1042,376,1185,-61,-143
22075,2019,333,1128,442,1374,-109,-246
22075,2020,392,1204,405,1199,-13,5
22075,2021,310,908,407,1174,-97,-266
22077,2011,296,921,306,986,-10,-65
22077,2012,279,873,325,1037,-46,-164
22077,2013,233,731,266,857,-33,-126
22077,2014,175,587,222,668,-47,-81
22077,2015,212,684,185,574,27,110
22077,2016,310,971,254,814,56,157
22077,2017,218,671,280,884,-62,-213
22077,2018,167,532,226,710,-59,-178
22077,2019,186,566,287,908,-101,-342
22077,2020,204,603,241,719,-37,-116
22077,2021,244,723,262,766,-18,-43
22079,2011,1523,4723,1655,5025,-132,-302
22079,2012,1565,4807,1674,5136,-109,-329
22079,2013,1225,3794,1336,4129,-111,-335
22079,2014,978,3022,1080,3230,-102,-208
22079,2015,1177,3641,1280,3835,-103,-194
22079,2016,1520,4747,1629,4994,-109,-247
22079,2017,1081,3365,1354,4033,-273,-668
22079,2018,985,3025,1329,4010,-344,-985
22079,2019,1127,3570,1358,4119,-231,-549
22079,2020,1305,3891,1446,4374,-141,-483
22079,2021,1124,3378,1321,3866,-197,-488
22081,2011,182,593,126,414,56,179
22081,2012,93,282,110,360,-17,-78
22081,2013,60,195,109,368,-49,-173
22081,2014,31,99,62,203,-31,-104
22081,2015,25,88,84,276,-59,-188
22081,2016,70,226,90,308,-20,-82
22081,2017,73,241,61,210,12,31
22081,2018,62,212,74,243,-12,-31
22081,2019,77,253,91,287,-14,-34
22081,2020,81,257,120,361,-39,-104
22081,2021,90,282,77,243,13,39
22083,2011,306,1020,314,994,-8,26
22083,2012,311,1000,300,997,11,3
22083,2013,221,742,220,714,1,28
22083,2014,191,607,190,623,1,-16
22083,2015,188,593,208,659,-20,-66
22083,2016,287,926,260,882,27,44
22083,2017,209,690,269,882,-60,-192
22083,2018,218,719,225,715,-7,4
22083,2019,228,720,268,890,-40,-170
22083,2020,244,708,206,639,38,69
22083,2021,200,633,235,701,-35,-68
22085,2011,176,555,205,650,-29,-95
22085,2012,176,584,178,529,-2,55
22085,2013,128,447,164,498,-36,-51
22085,2014,96,315,58,184,38,131
22085,2015,96,335,145,476,-49,-141
22085,2016,184,554,179,601,5,-47
22085,2017,140,464,125,397,15,67
22085,2018,125,399,161,519,-36,-120
22085,2019,168,544,177,589,-9,-45
22085,2020,170,526,156,464,14,62
22085,2021,156,480,143,426,13,54
22087,2011,1204,3825,709,2165,495,1660
22087,2012,1064,3410,836,2674,228,736
22087,2013,858,2780,636,2031,222,749
22087,2014,633,2024,560,1762,73,262
22087,2015,772,2415,612,1960,160,455
22087,2016,991,3037,849,2728,142,309
22087,2017,824,2547,662,2095,162,452
22087,2018,791,2502,636,2063,155,439
22087,2019,862,2634,785,2476,77,158
22087,2020,984,2932,743,2259,241,673
22087,2021,880,2587,756,2274,124,313
22089,2011,1139,3666,1019,3083,120,583
22089,2012,983,3127,1053,3292,-70,-165
22089,2013,837,2612,905,2732,-68,-120
22089,2014,656,2018,838,2475,-182,-457
22089,2015,871,2716,877,2608,-6,108
22089,2016,1068,3434,1054,3178,14,256
22089,2017,822,2525,872,2642,-50,-117
22089,2018,855,2683,845,2488,10,195
22089,2019,922,2836,971,2848,-49,-12
22089,2020,908,2729,1006,2886,-98,-157
22089,2021,821,2414,1093,3114,-272,-700
22091,2011,374,1255,479,1590,-105,-335
22091,2012,242,826,362,1175,-120,-349
22091,2013,247,834,286,989,-39,-155
22091,2014,243,783,305,1061,-62,-278
22091,2015,234,781,234,772,0,9
22091,2016,319,1045,308,1019,11,26
22091,2017,231,757,237,780,-6,-23
22091,2018,204,681,209,700,-5,-19
22091,2019,220,748,229,759,-9,-11
22091,2020,276,872,286,921,-10,-49
22091,2021,209,665,251,777,-42,-112
22093,2011,250,823,312,1021,-62,-198
22093,2012,269,892,293,959,-24,-67
22093,2013,263,846,265,860,-2,-14
22093,2014,215,686,211,674,4,12
22093,2015,222,717,268,825,-46,-108
22093,2016,283,942,311,968,-28,-26
22093,2017,165,541,272,871,-107,-330
22093,2018,223,732,235,741,-12,-9
22093,2019,224,719,298,946,-74,-227
22093,2020,187,562,271,836,-84,-274
22093,2021,189,558,284,864,-95,-306
22095,2011,747,2404,1178,3875,-431,-1471
22095,2012,765,2433,1017,3272,-252,-839
22095,2013,727,2309,790,2476,-63,-167
22095,2014,610,1914,717,2196,-107,-282
22095,2015,708,2173,768,2410,-60,-237
22095,2016,950,3096,968,3085,-18,11
22095,2017,726,2273,815,2524,-89,-251
22095,2018,765,2448,866,2758,-101,-310
22095,2019,843,2607,882,2771,-39,-164
22095,2020,819,2466,1075,3265,-256,-799
22095,2021,815,2492,1122,3396,-307,-904
22097,2011,1256,3993,1459,4690,-203,-697
22097,2012,1347,4250,1404,4539,-57,-289
22097,2013,1159,3762,1169,3655,-10,107
22097,2014,973,3032,1059,3345,-86,-313
22097,2015,1110,3610,1094,3409,16,201
22097,2016,1289,4169,1444,4635,-155,-466
22097,2017,1020,3228,1181,3734,-161,-506
22097,2018,969,3104,1119,3578,-150,-474
22097,2019,1105,3537,1288,4045,-183,-508
22097,2020,1183,3684,1297,3989,-114,-305
22097,2021,1143,3491,1187,3561,-44,-70
22099,2011,1064,3372,1116,3555,-52,-183
22099,2012,1032,3250,992,3166,40,84
22099,2013,997,3119,1035,3239,-38,-120
22099,2014,903,2866,873,2726,30,140
22099,2015,914,2845,936,2944,-22,-99
22099,2016,1065,3336,986,3172,79,164
22099,2017,842,2645,903,2804,-61,-159
22099,2018,897,2810,890,2783,7,27
22099,2019,856,2744,999,3123,-143,-379
22099,2020,951,2901,993,2991,-42,-90
22099,2021,892,2607,1019,3071,-127,-464
22101,2011,547,1846,929,2989,-382,-1143
22101,2012,649,2152,768,2474,-119,-322
22101,2013,455,1487,744,2388,-289,-901
22101,2014,409,1360,615,1863,-206,-503
22101,2015,480,1537,630,2047,-150,-510
22101,2016,532,1702,795,2520,-263,-818
22101,2017,404,1304,583,1809,-179,-505
22101,2018,366,1143,502,1561,-136,-418
22101,2019,404,1300,626,1933,-222,-633
22101,2020,472,1398,559,1722,-87,-324
22101,2021,456,1321,618,1784,-162,-463
22103,2011,4171,12784,3655,10712,516,2072
22103,2012,4449,13635,3774,11210,675,2425
22103,2013,3859,11757,3189,9317,670,2440
22103,2014,2930,8655,2572,7272,358,1383
22103,2015,4004,12000,2926,8385,1078,3615
22103,2016,5337,16381,4056,12060,1281,4321
22103,2017,4198,12801,3415,9974,783,2827
22103,2018,4005,12028,3377,9783,628,2245
22103,2019,4940,14901,3497,10193,1443,4708
22103,2020,5241,15285,3685,10355,1556,4930
22103,2021,4663,13539,4020,11229,643,2310
22105,2011,2026,6253,1975,5962,51,291
22105,2012,2028,6176,1763,5360,265,816
22105,2013,1774,5384,1723,5288,51,96
22105,2014,1727,5195,1420,4180,307,1015
22105,2015,1925,5802,1546,4658,379,1144
22105,2016,2425,7289,1995,6051,430,1238
22105,2017,1955,5809,1686,5096,269,713
22105,2018,1854,5560,1697,5095,157,465
22105,2019,2241,6694,1777,5475,464,1219
22105,2020,2425,7034,1863,5418,562,1616
22105,2021,2462,7114,1916,5570,546,1544
22107,2011,24,76,19,59,5,17
22107,2012,29,95,57,189,-28,-94
22109,2011,1399,4377,1919,6266,-520,-1889
22109,2012,1544,4948,1523,4801,21,147
22109,2013,1263,4058,1369,4278,-106,-220
22109,2014,1074,3256,1179,3647,-105,-391
22109,2015,1120,3601,1511,4802,-391,-1201
22109,2016,1323,4102,1608,4960,-285,-858
22109,2017,1091,3398,1255,3908,-164,-510
22109,2018,1065,3329,1240,3857,-175,-528
22109,2019,1160,3653,1376,4278,-216,-625
22109,2020,1183,3459,1490,4441,-307,-982
22109,2021,1217,3474,1735,5101,-518,-1627
22111,2011,335,1059,360,1144,-25,-85
22111,2012,314,990,341,1068,-27,-78
22111,2013,275,877,250,818,25,59
22111,2014,248,784,255,831,-7,-47
22111,2015,288,941,247,796,41,145
22111,2016,335,1117,312,986,23,131
22111,2017,274,867,263,844,11,23
22111,2018,250,774,216,661,34,113
22111,2019,291,929,234,769,57,160
22111,2020,242,717,239,738,3,-21
22111,2021,246,766,240,702,6,64
22113,2011,958,3019,791,2377,167,642
22113,2012,904,2878,872,2818,32,60
22113,2013,773,2493,821,2548,-48,-55
22113,2014,600,1889,631,2013,-31,-124
22113,2015,833,2679,797,2484,36,195
22113,2016,983,3193,951,2968,32,225
22113,2017,666,2144,807,2486,-141,-342
22113,2018,668,2111,731,2228,-63,-117
22113,2019,733,2316,846,2644,-113,-328
22113,2020,922,2843,842,2494,80,349
22113,2021,878,2740,857,2492,21,248
22115,2011,1355,4911,1585,5891,-230,-980
22115,2012,1362,4919,1679,5909,-317,-990
22115,2013,814,2867,1089,3902,-275,-1035
22115,2014,472,1570,666,2245,-194,-675
22115,2015,1006,3592,1136,4114,-130,-522
22115,2016,1237,4526,1447,5514,-210,-988
22115,2017,691,2458,913,3295,-222,-837
22115,2018,785,2759,917,3191,-132,-432
22115,2019,788,2720,1012,3661,-224,-941
22115,2020,740,2488,963,3233,-223,-745
22115,2021,747,2457,909,3006,-162,-549
22117,2011,398,1243,504,1610,-106,-367
22117,2012,459,1423,459,1459,0,-36
22117,2013,364,1157,394,1248,-30,-91
22117,2014,326,1035,327,1000,-1,35
22117,2015,319,1029,354,1113,-35,-84
22117,2016,475,1537,401,1284,74,253
22117,2017,355,1128,343,1078,12,50
22117,2018,328,1038,354,1124,-26,-86
22117,2019,376,1230,366,1094,10,136
22117,2020,460,1338,425,1265,35,73
22117,2021,448,1403,427,1202,21,201
22119,2011,536,1716,635,2000,-99,-284
22119,2012,540,1661,607,1944,-67,-283
22119,2013,445,1414,428,1368,17,46
22119,2014,333,1038,386,1202,-53,-164
22119,2015,430,1340,444,1382,-14,-42
22119,2016,496,1575,607,1908,-111,-333
22119,2017,401,1248,444,1376,-43,-128
22119,2018,400,1261,483,1492,-83,-231
22119,2019,464,1421,538,1711,-74,-290
22119,2020,434,1257,538,1622,-104,-365
22119,2021,419,1228,445,1291,-26,-63
22121,2011,617,1914,643,1994,-26,-80
22121,2012,694,2140,572,1784,122,356
22121,2013,567,1762,479,1505,88,257
22121,2014,504,1577,450,1418,54,159
22121,2015,568,1737,476,1473,92,264
22121,2016,739,2321,597,1947,142,374
22121,2017,573,1743,539,1657,34,86
22121,2018,555,1670,508,1575,47,95
22121,2019,610,1914,514,1574,96,340
22121,2020,656,1958,548,1602,108,356
22121,2021,672,1991,599,1754,73,237
22123,2011,87,267,107,355,-20,-88
22123,2012,102,355,120,384,-18,-29
22123,2013,61,206,110,363,-49,-157
22123,2014,54,164,100,337,-46,-173
22123,2015,20,63,68,232,-48,-169
22123,2016,72,238,91,298,-19,-60
22123,2017,81,269,38,115,43,154
22123,2018,51,167,78,247,-27,-80
22123,2019,51,173,64,206,-13,-33
22123,2020,55,177,61,188,-6,-11
22123,2021,43,137,55,171,-12,-34
22125,2011,130,427,137,427,-7,0
22125,2012,159,507,156,504,3,3
22125,2013,119,377,147,470,-28,-93
22125,2014,88,270,87,256,1,14
22125,2015,121,373,112,332,9,41
22125,2016,173,572,150,459,23,113
22125,2017,128,432,112,337,16,95
22125,2018,109,342,93,271,16,71
22125,2019,149,479,117,380,32,99
22125,2020,211,566,81,247,130,319
22125,2021,122,365,91,255,31,110
22127,2011,125,422,137,422,-12,0
22127,2012,79,240,151,484,-72,-244
22127,2013,51,176,65,219,-14,-43
22127,2014,26,75,23,85,3,-10
22127,2015,69,222,81,263,-12,-41
22127,2016,63,213,104,336,-41,-123
22127,2017,55,168,84,286,-29,-118
22127,2018,64,203,82,251,-18,-48
22127,2019,52,167,43,160,9,7
22127,2020,26,76,77,227,-51,-151
22127,2021,24,66,100,304,-76,-238
23001,2011,1612,4353,1607,4393,5,-40
23001,2012,1619,4421,1652,4589,-33,-168
23001,2013,1382,3744,1338,3635,44,109
23001,2014,1019,2734,1084,2932,-65,-198
23001,2015,1630,4369,1474,4093,156,276
23001,2016,2291,6099,2076,5672,215,427
23001,2017,1835,4876,1647,4483,188,393
23001,2018,1797,4733,1615,4432,182,301
23001,2019,1909,5085,1806,5038,103,47
23001,2020,2066,5344,1795,4786,271,558
23001,2021,2148,5591,1789,4740,359,851
23003,2011,379,1026,459,1240,-80,-214
23003,2012,323,899,476,1269,-153,-370
23003,2013,262,702,301,840,-39,-138
23003,2014,142,385,251,618,-109,-233
23003,2015,172,476,364,962,-192,-486
23003,2016,325,892,537,1467,-212,-575
23003,2017,219,613,378,1001,-159,-388
23003,2018,260,686,321,840,-61,-154
23003,2019,303,835,330,937,-27,-102
23003,2020,311,808,363,931,-52,-123
23003,2021,382,995,399,1011,-17,-16
23005,2011,5723,14788,5698,14625,25,163
23005,2012,6426,16599,5846,15215,580,1384
23005,2013,5513,13938,5049,12772,464,1166
23005,2014,3849,9445,3638,9153,211,292
23005,2015,5733,14579,5565,14165,168,414
23005,2016,8385,21611,7923,20455,462,1156
23005,2017,6205,15634,5834,14853,371,781
23005,2018,6271,15599,5883,14896,388,703
23005,2019,7010,17763,6188,15721,822,2042
23005,2020,7348,18156,6623,16545,725,1611
23005,2021,6996,17117,7048,17531,-52,-414
23007,2011,468,1290,327,893,141,397
23007,2012,381,1072,469,1243,-88,-171
23007,2013,340,922,448,1196,-108,-274
23007,2014,300,779,333,880,-33,-101
23007,2015,382,1053,416,1068,-34,-15
23007,2016,534,1451,571,1517,-37,-66
23007,2017,386,1097,398,1082,-12,15
23007,2018,416,1146,378,1006,38,140
23007,2019,417,1159,442,1202,-25,-43
23007,2020,463,1265,431,1113,32,152
23007,2021,496,1332,449,1168,47,164
23009,2011,634,1689,557,1448,77,241
23009,2012,603,1629,603,1573,0,56
23009,2013,538,1412,525,1403,13,9
23009,2014,305,798,359,899,-54,-101
23009,2015,491,1320,482,1299,9,21
23009,2016,822,2191,677,1861,145,330
23009,2017,542,1469,502,1321,40,148
23009,2018,459,1232,479,1222,-20,10
23009,2019,608,1639,563,1553,45,86
23009,2020,587,1572,543,1384,44,188
23009,2021,544,1421,597,1533,-53,-112
23011,2011,1689,4595,1890,5153,-201,-558
23011,2012,1896,5187,1827,4906,69,281
23011,2013,1615,4368,1603,4393,12,-25
23011,2014,1234,3212,1150,3006,84,206
23011,2015,1781,4898,1572,4187,209,711
23011,2016,2465,6736,2296,6171,169,565
23011,2017,1980,5285,1845,4940,135,345
23011,2018,1920,5169,1673,4443,247,726
23011,2019,2210,6001,1714,4690,496,1311
23011,2020,2176,5697,1825,4806,351,891
23011,2021,2393,6231,1893,4976,500,1255
23013,2011,422,1148,408,1092,14,56
23013,2012,453,1234,422,1096,31,138
23013,2013,340,942,396,1092,-56,-150
23013,2014,253,678,269,687,-16,-9
23013,2015,373,959,419,1122,-46,-163
23013,2016,550,1492,576,1585,-26,-93
23013,2017,399,1060,511,1324,-112,-264
23013,2018,388,997,453,1212,-65,-215
23013,2019,507,1360,437,1140,70,220
23013,2020,541,1373,445,1166,96,207
23013,2021,372,963,500,1291,-128,-328
23015,2011,464,1297,498,1298,-34,-1
23015,2012,602,1647,544,1511,58,136
23015,2013,417,1141,445,1201,-28,-60
23015,2014,271,737,382,988,-111,-251
23015,2015,516,1403,436,1153,80,250
23015,2016,764,2101,668,1791,96,310
23015,2017,587,1568,502,1385,85,183
23015,2018,552,1475,433,1157,119,318
23015,2019,662,1821,519,1407,143,414
23015,2020,734,1985,554,1460,180,525
23015,2021,578,1547,544,1456,34,91
23017,2011,814,2259,822,2301,-8,-42
23017,2012,774,2173,831,2270,-57,-97
23017,2013,677,1905,680,1838,-3,67
23017,2014,541,1518,515,1367,26,151
23017,2015,797,2237,712,1944,85,293
23017,2016,1164,3341,941,2601,223,740
23017,2017,892,2494,763,2047,129,447
23017,2018,798,2240,717,1927,81,313
23017,2019,1067,3065,802,2122,265,943
23017,2020,1070,2906,808,2126,262,780
23017,2021,1082,2909,769,2015,313,894
23019,2011,1901,5030,2089,5571,-188,-541
23019,2012,1834,4879,2111,5570,-277,-691
23019,2013,1431,3881,1661,4356,-230,-475
23019,2014,1151,2964,1156,3007,-5,-43
23019,2015,1540,4049,1825,4829,-285,-780
23019,2016,2175,5807,2320,6165,-145,-358
23019,2017,1635,4363,1853,4928,-218,-565
23019,2018,1622,4361,1852,4769,-230,-408
23019,2019,1815,4982,1898,5053,-83,-71
23019,2020,1988,5085,1728,4470,260,615
23019,2021,2136,5632,1863,4723,273,909
23021,2011,182,504,199,519,-17,-15
23021,2012,181,513,191,528,-10,-15
23021,2013,112,341,154,446,-42,-105
23021,2014,110,318,100,280,10,38
23021,2015,101,301,174,477,-73,-176
23021,2016,222,642,196,563,26,79
23021,2017,171,490,163,462,8,28
23021,2018,127,358,189,530,-62,-172
23021,2019,178,544,223,656,-45,-112
23021,2020,201,554,186,483,15,71
23021,2021,214,608,197,554,17,54
23023,2011,781,2109,777,2062,4,47
23023,2012,881,2344,823,2247,58,97
23023,2013,771,2039,748,1968,23,71
23023,2014,540,1394,488,1295,52,99
23023,2015,815,2185,803,2180,12,5
23023,2016,1147,3053,1050,2842,97,211
23023,2017,892,2404,809,2122,83,282
23023,2018,880,2294,830,2177,50,117
23023,2019,904,2365,824,2201,80,164
23023,2020,865,2214,770,2015,95,199
23023,2021,822,2122,783,2018,39,104
23025,2011,949,2740,766,2189,183,551
23025,2012,771,2192,809,2203,-38,-11
23025,2013,688,1961,725,1967,-37,-6
23025,2014,456,1287,625,1675,-169,-388
23025,2015,760,2090,738,2066,22,24
23025,2016,994,2821,973,2727,21,94
23025,2017,807,2258,806,2224,1,34
23025,2018,761,2087,692,1952,69,135
23025,2019,839,2366,817,2281,22,85
23025,2020,927,2529,798,2112,129,417
23025,2021,945,2561,809,2198,136,363
23027,2011,605,1641,525,1457,80,184
23027,2012,578,1582,568,1585,10,-3
23027,2013,544,1479,517,1417,27,62
23027,2014,395,1055,405,1060,-10,-5
23027,2015,551,1499,571,1534,-20,-35
23027,2016,789,2212,714,1964,75,248
23027,2017,563,1504,648,1736,-85,-232
23027,2018,606,1654,582,1558,24,96
23027,2019,661,1814,606,1675,55,139
23027,2020,628,1676,573,1533,55,143
23027,2021,655,1717,532,1405,123,312
23029,2011,193,515,308,855,-115,-340
23029,2012,198,534,261,749,-63,-215
23029,2013,151,421,198,527,-47,-106
23029,2014,91,243,141,375,-50,-132
23029,2015,187,513,168,433,19,80
23029,2016,235,639,250,676,-15,-37
23029,2017,176,483,203,576,-27,-93
23029,2018,117,318,183,481,-66,-163
23029,2019,214,623,213,576,1,47
23029,2020,193,502,192,483,1,19
23029,2021,203,534,243,630,-40,-96
23031,2011,3852,10187,3511,9247,341,940
23031,2012,4271,11344,3735,9838,536,1506
23031,2013,3649,9630,3118,8090,531,1540
23031,2014,2386,6154,2307,5826,79,328
23031,2015,3986,10698,3378,8700,608,1998
23031,2016,6167,16222,4322,11370,1845,4852
23031,2017,4704,12242,3575,9077,1129,3165
23031,2018,4258,11003,3579,9111,679,1892
23031,2019,5291,13730,3714,9612,1577,4118
23031,2020,5251,13409,3922,9954,1329,3455
23031,2021,5045,12692,4013,9981,1032,2711
24001,2011,483,1342,542,1522,-59,-180
24001,2012,498,1435,499,1364,-1,71
24001,2013,359,1024,423,1214,-64,-190
24001,2014,242,683,281,783,-39,-100
24001,2015,397,1091,344,970,53,121
24001,2016,455,1296,520,1492,-65,-196
24001,2017,396,1121,430,1214,-34,-93
24001,2018,342,961,412,1164,-70,-203
24001,2019,432,1197,329,902,103,295
24001,2020,550,1477,652,1626,-102,-149
24001,2021,539,1440,437,1162,102,278
24003,2011,14048,40085,13607,38771,441,1314
24003,2012,14816,42688,14338,41198,478,1490
24003,2013,12972,36999,12500,35773,472,1226
24003,2014,9431,26240,9259,25701,172,539
24003,2015,13990,40158,13502,38263,488,1895
24003,2016,20010,57695,19235,55313,775,2382
24003,2017,15193,43012,14301,39966,892,3046
24003,2018,14584,40895,14006,39064,578,1831
24003,2019,16160,45537,15080,42869,1080,2668
24003,2020,16355,44984,15950,43779,405,1205
24003,2021,15025,40752,15215,41233,-190,-481
24005,2011,19894,56553,19434,54530,460,2023
24005,2012,20072,57136,20669,58349,-597,-1213
24005,2013,18598,53189,18818,53519,-220,-330
24005,2014,14110,40266,14707,40839,-597,-573
24005,2015,19427,55368,20335,57046,-908,-1678
24005,2016,25334,72517,27372,77999,-2038,-5482
24005,2017,19772,55968,20975,58922,-1203,-2954
24005,2018,19195,54057,20330,56579,-1135,-2522
24005,2019,19720,55940,20981,59394,-1261,-3454
24005,2020,19822,54001,21047,58115,-1225,-4114
24005,2021,18710,50630,20544,55621,-1834,-4991
24009,2011,1411,4086,1280,3559,131,527
24009,2012,1504,4581,1404,3880,100,701
24009,2013,1266,3691,1265,3488,1,203
24009,2014,913,2660,916,2505,-3,155
24009,2015,1347,3947,1164,3172,183,775
24009,2016,2089,6301,1699,4676,390,1625
24009,2017,1549,4691,1363,3693,186,998
24009,2018,1529,4474,1251,3390,278,1084
24009,2019,1757,5352,1475,4057,282,1295
24009,2020,1869,5469,1374,3685,495,1784
24009,2021,1679,4828,1280,3330,399,1498
24011,2011,621,1846,625,1836,-4,10
24011,2012,565,1676,567,1705,-2,-29
24011,2013,537,1651,528,1579,9,72
24011,2014,408,1167,409,1202,-1,-35
24011,2015,596,1836,581,1688,15,148
24011,2016,887,2603,730,2137,157,466
24011,2017,651,1872,555,1610,96,262
24011,2018,610,1762,555,1630,55,132
24011,2019,665,1902,597,1739,68,163
24011,2020,697,1975,592,1679,105,296
24011,2021,628,1815,506,1362,122,453
24013,2011,2563,7349,2558,6952,5,397
24013,2012,2878,8404,2734,7475,144,929
24013,2013,2491,7252,2380,6442,111,810
24013,2014,1851,5227,1866,4929,-15,298
24013,2015,2815,8157,2591,7050,224,1107
24013,2016,4328,13014,3698,10002,630,3012
24013,2017,3103,9062,2822,7668,281,1394
24013,2018,2880,8449,2669,7097,211,1352
24013,2019,3266,9716,2646,7121,620,2595
24013,2020,3455,10200,2833,7524,622,2676
24013,2021,3324,9660,2653,6991,671,2669
24015,2011,1616,4718,1526,4407,90,311
24015,2012,1743,5138,1604,4598,139,540
24015,2013,1509,4429,1397,4011,112,418
24015,2014,1108,3263,1130,3206,-22,57
24015,2015,1555,4534,1429,4029,126,505
24015,2016,2314,6663,1906,5443,408,1220
24015,2017,1726,4954,1522,4221,204,733
24015,2018,1701,4831,1464,4019,237,812
24015,2019,1879,5328,1520,4322,359,1006
24015,2020,2025,5744,1541,4197,484,1547
24015,2021,1966,5549,1448,3873,518,1676
24017,2011,3266,9812,3089,8994,177,818
24017,2012,3737,11292,3182,9323,555,1969
24017,2013,3282,9896,2836,8214,446,1682
24017,2014,2583,7626,2165,6071,418,1555
24017,2015,3608,10808,3032,8696,576,2112
24017,2016,5429,16290,4262,12211,1167,4079
24017,2017,4226,12496,3281,9271,945,3225
24017,2018,3919,11452,3395,9668,524,1784
24017,2019,4398,13144,3632,10435,766,2709
24017,2020,4556,13177,3758,10540,798,2637
24017,2021,4358,12301,3765,10308,593,1993
24019,2011,484,1427,436,1254,48,173
24019,2012,458,1331,442,1266,16,65
24019,2013,410,1203,359,1100,51,103
24019,2014,324,957,321,916,3,41
24019,2015,446,1287,380,1147,66,140
24019,2016,572,1625,619,1801,-47,-176
24019,2017,453,1258,438,1307,15,-49
24019,2018,419,1197,431,1259,-12,-62
24019,2019,485,1411,433,1254,52,157
24019,2020,542,1516,515,1445,27,71
24019,2021,529,1421,467,1350,62,71
24021,2011,4624,13257,4442,12455,182,802
24021,2012,4915,14134,4640,13152,275,982
24021,2013,4404,12803,3954,11256,450,1547
24021,2014,2973,8439,2900,7941,73,498
24021,2015,4719,13748,4194,11747,525,2001
24021,2016,7747,22943,5762,16273,1985,6670
24021,2017,5923,17267,4263,11721,1660,5546
24021,2018,5748,16711,4476,12165,1272,4546
24021,2019,6860,20418,4955,13692,1905,6726
24021,2020,7662,22513,5114,14084,2548,8429
24021,2021,6909,19932,5321,14247,1588,5685
24023,2011,204,563,172,520,32,43
24023,2012,206,614,208,586,-2,28
24023,2013,128,360,138,408,-10,-48
24023,2014,78,229,124,346,-46,-117
24023,2015,118,329,104,299,14,30
24023,2016,197,617,180,516,17,101
24023,2017,109,310,150,429,-41,-119
24023,2018,125,361,162,441,-37,-80
24023,2019,181,494,153,441,28,53
24023,2020,187,526,137,379,50,147
24023,2021,140,378,223,599,-83,-221
24025,2011,4291,12248,4340,12339,-49,-91
24025,2012,4521,12926,4548,12908,-27,18
24025,2013,3605,10398,3707,10356,-102,42
24025,2014,2607,7342,2837,7747,-230,-405
24025,2015,3960,11508,3891,10486,69,1022
24025,2016,6608,19393,5512,15576,1096,3817
24025,2017,4660,13576,4098,11367,562,2209
24025,2018,4538,13071,4045,11020,493,2051
24025,2019,5033,14747,4360,12183,673,2564
24025,2020,5276,14909,4426,12065,850,2844
24025,2021,4609,12968,4299,11527,310,1441
24027,2011,8945,25948,8090,22618,855,3330
24027,2012,9271,27347,8963,25145,308,2202
24027,2013,7732,22621,7832,21786,-100,835
24027,2014,5570,15931,5719,15468,-149,463
24027,2015,8627,25293,8497,23349,130,1944
24027,2016,12480,37172,12210,34084,270,3088
24027,2017,9506,27225,9052,24961,454,2264
24027,2018,8846,25274,9143,25023,-297,251
24027,2019,9622,27640,9699,26844,-77,796
24027,2020,9867,27286,9704,26478,163,808
24027,2021,8896,24724,10262,27610,-1366,-2886
24029,2011,263,760,345,1034,-82,-274
24029,2012,262,757,270,782,-8,-25
24029,2013,231,682,172,515,59,167
24029,2014,126,362,136,394,-10,-32
24029,2015,193,571,191,569,2,2
24029,2016,280,782,300,870,-20,-88
24029,2017,284,808,230,607,54,201
24029,2018,211,581,232,689,-21,-108
24029,2019,304,806,242,686,62,120
24029,2020,326,911,250,686,76,225
24029,2021,214,588,207,570,7,18
24031,2011,23925,65543,25151,68544,-1226,-3001
24031,2012,24190,66807,27051,74652,-2861,-7845
24031,2013,22589,62409,24659,67610,-2070,-5201
24031,2014,16197,44193,19103,51358,-2906,-7165
24031,2015,22175,61079,26617,72731,-4442,-11652
24031,2016,30626,83939,35262,97811,-4636,-13872
24031,2017,22978,62152,27853,75509,-4875,-13357
24031,2018,22327,59961,26691,71833,-4364,-11872
24031,2019,23450,62754,27928,76077,-4478,-13323
24031,2020,23091,60950,28573,76586,-5482,-15636
24031,2021,22582,59231,28597,75097,-6015,-15866
24033,2011,23191,65797,23494,67413,-303,-1616
24033,2012,23636,67087,24229,70312,-593,-3225
24033,2013,23878,68630,21727,62280,2151,6350
24033,2014,17706,49909,19697,56817,-1991,-6908
24033,2015,21486,60299,24277,69400,-2791,-9101
24033,2016,27826,77363,32609,93117,-4783,-15754
24033,2017,22961,63241,26300,74456,-3339,-11215
24033,2018,22354,61406,25074,70469,-2720,-9063
24033,2019,22218,61022,26759,75742,-4541,-14720
24033,2020,20465,54587,27371,74947,-6906,-20360
24033,2021,19970,52536,25922,70178,-5952,-17642
24035,2011,1022,3018,960,2748,62,270
24035,2012,969,2828,898,2469,71,359
24035,2013,891,2579,676,1856,215,723
24035,2014,553,1609,530,1416,23,193
24035,2015,918,2646,806,2260,112,386
24035,2016,1476,4379,1013,2794,463,1585
24035,2017,1035,2941,800,2181,235,760
24035,2018,951,2691,708,1920,243,771
24035,2019,1259,3749,811,2211,448,1538
24035,2020,1300,3652,829,2254,471,1398
24035,2021,1178,3309,690,1874,488,1435
24037,2011,1496,4549,1590,4665,-94,-116
24037,2012,1765,5378,1637,5011,128,367
24037,2013,1388,4136,1247,3683,141,453
24037,2014,938,2765,875,2430,63,335
24037,2015,1529,4585,1361,4001,168,584
24037,2016,2227,6913,1905,5690,322,1223
24037,2017,1717,5136,1494,4370,223,766
24037,2018,1577,4718,1332,3763,245,955
24037,2019,1760,5324,1452,4366,308,958
24037,2020,1718,5083,1439,4121,279,962
24037,2021,1748,5064,1400,3852,348,1212
24039,2011,309,941,321,912,-12,29
24039,2012,309,924,289,827,20,97
24039,2013,207,633,302,893,-95,-260
24039,2014,224,687,230,698,-6,-11
24039,2015,281,874,270,804,11,70
24039,2016,396,1209,379,1165,17,44
24039,2017,285,872,286,877,-1,-5
24039,2018,267,804,293,891,-26,-87
24039,2019,334,1058,319,955,15,103
24039,2020,370,1114,658,1665,-288,-551
24039,2021,387,1102,309,908,78,194
24041,2011,612,1741,539,1515,73,226
24041,2012,619,1784,581,1632,38,152
24041,2013,513,1464,534,1506,-21,-42
24041,2014,327,921,290,786,37,135
24041,2015,538,1513,529,1477,9,36
24041,2016,747,2137,743,2074,4,63
24041,2017,637,1759,499,1374,138,385
24041,2018,530,1494,507,1417,23,77
24041,2019,677,1957,463,1309,214,648
24041,2020,632,1762,529,1447,103,315
24041,2021,634,1744,513,1355,121,389
24043,2011,2165,6288,2174,6266,-9,22
24043,2012,2418,7029,2259,6596,159,433
24043,2013,1994,5852,1974,5615,20,237
24043,2014,1496,4377,1467,4169,29,208
24043,2015,2255,6634,1926,5505,329,1129
24043,2016,3007,8901,2780,8134,227,767
24043,2017,2511,7293,2164,6140,347,1153
24043,2018,2488,7166,2207,6277,281,889
24043,2019,2518,7257,2245,6407,273,850
24043,2020,2921,8310,2617,7072,304,1238
24043,2021,2912,8197,2288,6216,624,1981
24045,2011,1565,4445,1551,4400,14,45
24045,2012,1411,4049,1576,4528,-165,-479
24045,2013,1261,3659,1232,3563,29,96
24045,2014,1057,3061,998,2853,59,208
24045,2015,1385,3969,1347,3894,38,75
24045,2016,1724,4929,1879,5420,-155,-491
24045,2017,1500,4298,1388,4000,112,298
24045,2018,1492,4254,1380,3887,112,367
24045,2019,1499,4275,1524,4356,-25,-81
24045,2020,1732,4768,1465,4150,267,618
24045,2021,1479,4046,1384,3823,95,223
24047,2011,1054,2965,1099,3050,-45,-85
24047,2012,1063,2960,1055,2924,8,36
24047,2013,869,2418,798,2161,71,257
24047,2014,690,1882,611,1695,79,187
24047,2015,935,2595,758,2087,177,508
24047,2016,1399,3921,1150,3062,249,859
24047,2017,1117,3073,892,2368,225,705
24047,2018,1091,2987,856,2259,235,728
24047,2019,1264,3584,1149,3030,115,554
24047,2020,1348,3820,896,2369,452,1451
24047,2021,1153,3178,905,2327,248,851
24510,2011,15984,42352,17700,49372,-1716,-7020
24510,2012,16439,43906,18205,51157,-1766,-7251
24510,2013,15303,41298,16985,47700,-1682,-6402
24510,2014,12235,32590,12965,36884,-730,-4294
24510,2015,15801,41101,19161,54146,-3360,-13045
24510,2016,20004,52027,25747,72370,-5743,-20343
24510,2017,16003,41599,19614,54473,-3611,-12874
24510,2018,15240,39511,19208,52825,-3968,-13314
24510,2019,15889,41417,19542,54033,-3653,-12616
24510,2020,17247,43049,19448,51454,-2201,-8405
24510,2021,16330,40705,19068,49954,-2738,-9249
25001,2011,4263,11107,3828,9624,435,1483
25001,2012,4567,11901,4158,10474,409,1427
25001,2013,3648,9621,3313,8345,335,1276
25001,2014,2403,6188,2813,6872,-410,-684
25001,2015,3724,9726,3287,8182,437,1544
25001,2016,5469,14447,4247,10628,1222,3819
25001,2017,4231,11008,3611,9111,620,1897
25001,2018,3743,9807,3664,9053,79,754
25001,2019,5773,15287,3477,8686,2296,6601
25001,2020,5540,14361,3902,9749,1638,4612
25001,2021,4817,12495,4565,11329,252,1166
25003,2011,1049,2755,1064,2655,-15,100
25003,2012,957,2477,1078,2696,-121,-219
25003,2013,747,1924,738,1823,9,101
25003,2014,458,1171,590,1417,-132,-246
25003,2015,777,1994,768,1907,9,87
25003,2016,1180,3034,1033,2597,147,437
25003,2017,872,2252,781,1887,91,365
25003,2018,741,1903,732,1800,9,103
25003,2019,1173,3059,786,1916,387,1143
25003,2020,1347,3465,757,1870,590,1595
25003,2021,972,2461,1077,2625,-105,-164
25005,2011,7132,19196,6968,18512,164,684
25005,2012,7570,20696,7195,19450,375,1246
25005,2013,6859,18633,6500,17328,359,1305
25005,2014,5286,14197,5124,13498,162,699
25005,2015,7300,19772,7096,18743,204,1029
25005,2016,11178,30843,9640,25755,1538,5088
25005,2017,8653,23375,8027,21168,626,2207
25005,2018,8363,22634,7807,20388,556,2246
25005,2019,9276,25065,8247,21873,1029,3192
25005,2020,9081,24128,8369,21896,712,2232
25005,2021,9230,24369,8707,22526,523,1843
25007,2011,154,395,145,354,9,41
25007,2012,240,596,118,291,122,305
25007,2013,105,266,100,243,5,23
25007,2014,76,183,143,364,-67,-181
25007,2015,81,205,101,253,-20,-48
25007,2016,168,445,123,317,45,128
25007,2017,96,246,129,342,-33,-96
25007,2018,91,222,121,307,-30,-85
25007,2019,197,523,125,324,72,199
25007,2020,268,668,76,194,192,474
25007,2021,93,232,147,375,-54,-143
25009,2011,12851,34423,12601,33295,250,1128
25009,2012,13500,36418,13239,35250,261,1168
25009,2013,11619,31195,11812,31403,-193,-208
25009,2014,8552,22722,9382,24263,-830,-1541
25009,2015,12535,33568,13105,34458,-570,-890
25009,2016,17338,47041,17787,47623,-449,-582
25009,2017,13440,36080,14424,37928,-984,-1848
25009,2018,13163,34873,14359,37633,-1196,-2760
25009,2019,14525,38501,14929,39809,-404,-1308
25009,2020,14453,37425,15501,40354,-1048,-2929
25009,2021,14204,36312,16136,41401,-1932,-5089
25011,2011,1225,3229,1238,3194,-13,35
25011,2012,1075,2779,1142,2973,-67,-194
25011,2013,973,2506,1040,2683,-67,-177
25011,2014,738,1897,744,1875,-6,22
25011,2015,1068,2744,1112,2809,-44,-65
25011,2016,1590,4101,1464,3714,126,387
25011,2017,1199,3078,1063,2631,136,447
25011,2018,1212,3056,1103,2735,109,321
25011,2019,1279,3220,1047,2624,232,596
25011,2020,1266,3174,994,2483,272,691
25011,2021,1145,2835,1066,2658,79,177
25013,2011,4463,12115,5243,13974,-780,-1859
25013,2012,4588,12269,5302,14273,-714,-2004
25013,2013,3728,9887,4526,12098,-798,-2211
25013,2014,2824,7586,3330,8765,-506,-1179
25013,2015,4012,10668,5032,13422,-1020,-2754
25013,2016,5489,14802,6832,18311,-1343,-3509
25013,2017,4379,11559,5082,13419,-703,-1860
25013,2018,4251,11143,4961,13166,-710,-2023
25013,2019,4597,12253,5472,14602,-875,-2349
25013,2020,4741,12234,5415,14188,-674,-1954
25013,2021,5015,13017,5751,14897,-736,-1880
25015,2011,3073,7800,3575,8912,-502,-1112
25015,2012,3107,7942,3323,8396,-216,-454
25015,2013,2630,6740,2773,6892,-143,-152
25015,2014,1803,4549,2011,4960,-208,-411
25015,2015,2909,7498,3078,7551,-169,-53
25015,2016,4027,10404,4421,10976,-394,-572
25015,2017,2932,7470,3359,8208,-427,-738
25015,2018,2868,7363,3079,7573,-211,-210
25015,2019,3198,8200,3314,8055,-116,145
25015,2020,2970,7455,3235,7804,-265,-349
25015,2021,2885,7229,3243,7765,-358,-536
25017,2011,36578,93559,37166,95983,-588,-2424
25017,2012,37994,97483,39717,103590,-1723,-6107
25017,2013,34010,86761,37568,97825,-3558,-11064
25017,2014,25299,63131,26607,67824,-1308,-4693
25017,2015,37031,93354,41709,108065,-4678,-14711
25017,2016,50397,128094,59081,153917,-8684,-25823
25017,2017,39756,99442,45098,115308,-5342,-15866
25017,2018,39334,97352,44677,112664,-5343,-15312
25017,2019,40845,101726,49211,126058,-8366,-24332
25017,2020,41660,102596,50854,128476,-9194,-25880
25017,2021,42342,103170,50613,126370,-8271,-23200
25019,2011,128,316,117,296,11,20
25019,2012,92,229,91,241,1,-12
25019,2013,91,209,62,156,29,53
25019,2014,34,87,62,171,-28,-84
25019,2015,49,125,56,162,-7,-37
25019,2016,62,153,107,310,-45,-157
25019,2017,77,204,90,240,-13,-36
25019,2018,77,184,84,219,-7,-35
25019,2019,140,346,94,245,46,101
25019,2020,140,374,51,144,89,230
25019,2021,60,151,139,355,-79,-204
25021,2011,18394,48941,18655,48729,-261,212
25021,2012,19324,51606,20059,52772,-735,-1166
25021,2013,17377,46269,18496,48389,-1119,-2120
25021,2014,12560,32857,13252,33838,-692,-981
25021,2015,18442,48772,20183,52141,-1741,-3369
25021,2016,26007,69144,27509,72541,-1502,-3397
25021,2017,20468,53583,20749,53635,-281,-52
25021,2018,20400,53224,20276,52109,124,1115
25021,2019,21161,55369,22160,57676,-999,-2307
25021,2020,21195,54194,22659,58111,-1464,-3917
25021,2021,20337,51809,22495,56950,-2158,-5141
25023,2011,8921,24320,8430,22189,491,2131
25023,2012,9646,26674,8877,23453,769,3221
25023,2013,8633,23647,7980,21024,653,2623
25023,2014,6282,17086,6447,16430,-165,656
25023,2015,9121,25023,8595,22179,526,2844
25023,2016,13405,37202,11748,31200,1657,6002
25023,2017,10351,28190,9652,25227,699,2963
25023,2018,9959,27016,9431,24538,528,2478
25023,2019,11230,30626,9717,25674,1513,4952
25023,2020,11078,29540,10072,26168,1006,3372
25023,2021,10332,27401,10901,28038,-569,-637
25025,2011,25114,59509,28032,69978,-2918,-10469
25025,2012,26130,61944,29887,74966,-3757,-13022
25025,2013,23692,55740,28365,70964,-4673,-15224
25025,2014,19573,45857,19893,50232,-320,-4375
25025,2015,26898,62375,31258,78383,-4360,-16008
25025,2016,33602,78091,44833,112178,-11231,-34087
25025,2017,28246,65474,34969,86493,-6723,-21019
25025,2018,28215,64908,35228,87126,-7013,-22218
25025,2019,27675,64210,40312,100261,-12637,-36051
25025,2020,27740,63299,42052,102161,-14312,-38862
25025,2021,30240,68257,39807,96271,-9567,-28014
25027,2011,10691,28871,11075,29718,-384,-847
25027,2012,11454,31514,11733,31753,-279,-239
25027,2013,9733,26416,10098,27093,-365,-677
25027,2014,7113,19011,7917,20466,-804,-1455
25027,2015,10658,28906,11571,30726,-913,-1820
25027,2016,16099,44078,15745,42449,354,1629
25027,2017,11979,32230,12575,33460,-596,-1230
25027,2018,12074,32231,12147,31815,-73,416
25027,2019,12911,34704,12927,34245,-16,459
25027,2020,13297,34974,13320,35108,-23,-134
25027,2021,13342,35007,14135,36363,-793,-1356
26001,2011,180,516,112,304,68,212
26001,2012,147,424,139,412,8,12
26001,2013,173,475,82,245,91,230
26001,2014,62,186,57,168,5,18
26001,2015,156,425,77,224,79,201
26001,2016,232,672,106,309,126,363
26001,2017,188,573,105,289,83,284
26001,2018,150,423,91,256,59,167
26001,2019,156,469,83,238,73,231
26001,2020,244,687,99,266,145,421
26001,2021,203,556,98,272,105,284
26003,2011,96,295,77,221,19,74
26003,2012,49,149,65,184,-16,-35
26003,2013,45,147,55,151,-10,-4
26003,2014,30,86,42,105,-12,-19
26003,2015,44,133,51,136,-7,-3
26003,2016,53,153,55,159,-2,-6
26003,2017,43,131,37,101,6,30
26003,2018,38,105,73,193,-35,-88
26003,2019,71,201,50,147,21,54
26003,2020,90,220,50,142,40,78
26003,2021,50,123,51,135,-1,-12
26005,2011,2438,7263,2461,7227,-23,36
26005,2012,2830,8565,2350,6889,480,1676
26005,2013,2370,7137,2211,6484,159,653
26005,2014,1722,5118,1732,4982,-10,136
26005,2015,2561,7792,2378,6982,183,810
26005,2016,3823,11778,3132,9404,691,2374
26005,2017,2656,7865,2539,7251,117,614
26005,2018,2524,7353,2296,6579,228,774
26005,2019,2796,8293,2290,6684,506,1609
26005,2020,2672,7586,2337,6586,335,1000
26005,2021,2587,7462,2478,6874,109,588
26007,2011,287,783,230,671,57,112
26007,2012,289,787,223,625,66,162
26007,2013,101,278,122,346,-21,-68
26007,2014,84,237,71,213,13,24
26007,2015,130,365,86,261,44,104
26007,2016,245,673,190,541,55,132
26007,2017,165,444,153,442,12,2
26007,2018,160,434,116,325,44,109
26007,2019,182,487,145,413,37,74
26007,2020,186,506,173,458,13,48
26007,2021,163,472,173,451,-10,21
26009,2011,447,1356,437,1243,10,113
26009,2012,424,1247,387,1152,37,95
26009,2013,360,1073,338,982,22,91
26009,2014,259,756,259,770,0,-14
26009,2015,364,1079,352,988,12,91
26009,2016,596,1754,467,1353,129,401
26009,2017,380,1083,398,1146,-18,-63
26009,2018,406,1134,396,1120,10,14
26009,2019,460,1360,384,1089,76,271
26009,2020,456,1289,320,853,136,436
26009,2021,441,1205,353,936,88,269
26011,2011,289,835,231,670,58,165
26011,2012,260,767,273,788,-13,-21
26011,2013,179,544,202,540,-23,4
26011,2014,103,296,124,352,-21,-56
26011,2015,178,513,190,535,-12,-22
26011,2016,312,923,271,737,41,186
26011,2017,234,663,231,648,3,15
26011,2018,195,576,227,630,-32,-54
26011,2019,253,718,163,464,90,254
26011,2020,241,697,229,634,12,63
26011,2021,226,636,198,530,28,106
26013,2011,110,335,53,153,57,182
26013,2012,43,123,54,153,-11,-30
26013,2013,22,59,51,143,-29,-84
26013,2014,23,70,41,106,-18,-36
26013,2016,65,180,56,158,9,22
26013,2017,50,131,53,152,-3,-21
26013,2018,62,167,63,180,-1,-13
26013,2019,50,176,29,85,21,91
26013,2020,90,236,41,116,49,120
26013,2021,66,185,70,183,-4,2
26015,2011,1075,3247,1082,3183,-7,64
26015,2012,1186,3550,1124,3215,62,335
26015,2013,1025,3005,1019,2962,6,43
26015,2014,786,2269,742,2088,44,181
26015,2015,1226,3637,1063,3119,163,518
26015,2016,1859,5610,1295,3718,564,1892
26015,2017,1294,3811,1131,3239,163,572
26015,2018,1301,3804,1136,3257,165,547
26015,2019,1376,4156,1087,3146,289,1010
26015,2020,1357,3992,1206,3337,151,655
26015,2021,1373,3928,1109,3095,264,833
26017,2011,1241,3423,1267,3422,-26,1
26017,2012,1311,3562,1456,4001,-145,-439
26017,2013,1053,2927,1222,3388,-169,-461
26017,2014,787,2128,835,2221,-48,-93
26017,2015,1193,3217,1309,3611,-116,-394
26017,2016,1764,4776,1749,4791,15,-15
26017,2017,1356,3616,1377,3752,-21,-136
26017,2018,1262,3379,1376,3692,-114,-313
26017,2019,1316,3605,1466,4007,-150,-402
26017,2020,1528,4031,1418,3777,110,254
26017,2021,1489,3819,1460,3803,29,16
26019,2011,341,1021,257,747,84,274
26019,2012,311,869,296,873,15,-4
26019,2013,247,698,183,526,64,172
26019,2014,206,563,183,535,23,28
26019,2015,293,855,242,726,51,129
26019,2016,440,1287,404,1159,36,128
26019,2017,293,839,269,778,24,61
26019,2018,316,867,297,840,19,27
26019,2019,375,1113,271,776,104,337
26019,2020,346,928,269,756,77,172
26019,2021,315,874,232,671,83,203
26021,2011,2172,6451,2552,7637,-380,-1186
26021,2012,2060,6163,2278,6787,-218,-624
26021,2013,1643,4785,1837,5440,-194,-655
26021,2014,1191,3425,1343,3948,-152,-523
26021,2015,1677,4937,1719,5044,-42,-107
26021,2016,2259,6646,2384,6923,-125,-277
26021,2017,1929,5485,1831,5277,98,208
26021,2018,1784,5141,1849,5135,-65,6
26021,2019,2084,6040,1949,5502,135,538
26021,2020,1990,5571,1930,5385,60,186
26021,2021,1989,5477,1859,5183,130,294
26023,2011,485,1493,546,1621,-61,-128
26023,2012,574,1741,562,1672,12,69
26023,2013,423,1250,414,1258,9,-8
26023,2014,325,973,301,899,24,74
26023,2015,459,1349,504,1444,-45,-95
26023,2016,627,1835,694,2085,-67,-250
26023,2017,526,1536,512,1570,14,-34
26023,2018,525,1543,516,1514,9,29
26023,2019,508,1526,548,1601,-40,-75
26023,2020,531,1472,524,1485,7,-13
26023,2021,484,1351,498,1410,-14,-59
26025,2011,1785,5051,1821,5289,-36,-238
26025,2012,1769,5098,1922,5536,-153,-438
26025,2013,1490,4261,1552,4484,-62,-223
26025,2014,1155,3262,1131,3217,24,45
26025,2015,1521,4376,1652,4719,-131,-343
26025,2016,2063,5951,2168,6303,-105,-352
26025,2017,1520,4353,1689,4771,-169,-418
26025,2018,1593,4532,1531,4333,62,199
26025,2019,1736,5142,1670,4820,66,322
26025,2020,1857,5149,1777,4885,80,264
26025,2021,1734,4842,1777,4881,-43,-39
26027,2011,1034,3134,952,2852,82,282
26027,2012,1048,3228,1025,3019,23,209
26027,2013,998,3125,967,2848,31,277
26027,2014,661,2048,741,2177,-80,-129
26027,2015,984,3055,996,2928,-12,127
26027,2016,1395,4420,1220,3577,175,843
26027,2017,1120,3447,986,2816,134,631
26027,2018,1100,3236,949,2781,151,455
26027,2019,1133,3380,1055,3061,78,319
26027,2020,1132,3373,949,2638,183,735
26027,2021,1055,3078,1005,2850,50,228
26029,2011,423,1198,407,1159,16,39
26029,2012,457,1311,392,1140,65,171
26029,2013,327,977,384,1061,-57,-84
26029,2014,242,687,267,734,-25,-47
26029,2015,333,948,298,873,35,75
26029,2016,475,1356,468,1337,7,19
26029,2017,379,1040,388,1085,-9,-45
26029,2018,364,1035,348,948,16,87
26029,2019,419,1154,344,1006,75,148
26029,2020,366,980,359,1001,7,-21
26029,2021,413,1095,367,978,46,117
26031,2011,341,968,344,959,-3,9
26031,2012,373,1078,305,863,68,215
26031,2013,235,683,211,593,24,90
26031,2014,156,445,163,448,-7,-3
26031,2015,294,828,229,653,65,175
26031,2016,461,1311,292,828,169,483
26031,2017,337,942,253,693,84,249
26031,2018,258,770,215,630,43,140
26031,2019,444,1240,207,579,237,661
26031,2020,354,990,215,578,139,412
26031,2021,382,1041,231,623,151,418
26033,2011,146,412,218,605,-72,-193
26033,2012,222,612,193,544,29,68
26033,2013,76,203,94,253,-18,-50
26033,2014,46,126,23,67,23,59
26033,2015,78,202,118,317,-40,-115
26033,2016,126,356,151,395,-25,-39
26033,2017,59,153,73,185,-14,-32
26033,2018,49,138,103,277,-54,-139
26033,2019,97,261,111,313,-14,-52
26033,2020,245,562,83,227,162,335
26033,2021,133,335,60,151,73,184
26035,2011,484,1440,493,1530,-9,-90
26035,2012,544,1636,500,1433,44,203
26035,2013,385,1088,297,931,88,157
26035,2014,229,680,205,575,24,105
26035,2015,323,951,329,966,-6,-15
26035,2016,633,1893,533,1610,100,283
26035,2017,556,1651,347,1019,209,632
26035,2018,438,1252,363,1083,75,169
26035,2019,485,1424,337,990,148,434
26035,2020,556,1554,390,1090,166,464
26035,2021,477,1344,417,1163,60,181
26037,2011,1885,5626,1753,4941,132,685
26037,2012,1917,5647,1820,5175,97,472
26037,2013,1637,4629,1521,4317,116,312
26037,2014,1155,3314,1156,3138,-1,176
26037,2015,1714,4951,1683,4581,31,370
26037,2016,2717,8022,2337,6534,380,1488
26037,2017,1957,5583,1715,4703,242,880
26037,2018,1818,5127,1833,5000,-15,127
26037,2019,1885,5286,1938,5363,-53,-77
26037,2020,1973,5480,1793,4782,180,698
26037,2021,1874,5119,1884,4804,-10,315
26039,2011,189,568,174,505,15,63
26039,2012,180,555,151,419,29,136
26039,2013,62,181,62,182,0,-1
26039,2014,75,221,73,213,2,8
26039,2015,109,320,96,279,13,41
26039,2016,246,722,118,366,128,356
26039,2017,137,393,118,351,19,42
26039,2018,120,345,115,323,5,22
26039,2019,163,497,101,292,62,205
26039,2020,226,627,93,270,133,357
26039,2021,203,552,103,298,100,254
26041,2011,208,602,307,882,-99,-280
26041,2012,188,516,262,763,-74,-247
26041,2013,173,510,171,462,2,48
26041,2014,87,233,91,236,-4,-3
26041,2015,177,495,186,502,-9,-7
26041,2016,218,602,259,728,-41,-126
26041,2017,167,446,174,449,-7,-3
26041,2018,208,590,168,454,40,136
26041,2019,195,518,173,494,22,24
26041,2020,180,482,146,402,34,80
26041,2021,180,485,151,414,29,71
26043,2011,216,581,202,545,14,36
26043,2012,218,619,200,597,18,22
26043,2013,242,663,183,530,59,133
26043,2014,80,213,91,243,-11,-30
26043,2015,198,551,221,585,-23,-34
26043,2016,275,774,236,633,39,141
26043,2017,197,533,230,616,-33,-83
26043,2018,142,397,182,504,-40,-107
26043,2019,140,422,200,580,-60,-158
26043,2020,209,570,206,557,3,13
26043,2021,217,578,159,434,58,144
26045,2011,2924,8374,3010,8566,-86,-192
26045,2012,3103,8889,3177,9027,-74,-138
26045,2013,2754,7828,2613,7401,141,427
26045,2014,1917,5410,2025,5659,-108,-249
26045,2015,2899,8219,2839,7904,60,315
26045,2016,4035,11514,3910,10953,125,561
26045,2017,2962,8299,2880,7957,82,342
26045,2018,2805,7847,2767,7667,38,180
26045,2019,2855,8150,2896,8052,-41,98
26045,2020,2820,7771,2935,8044,-115,-273
26045,2021,2842,7722,2811,7563,31,159
26047,2011,622,1710,533,1483,89,227
26047,2012,596,1709,539,1503,57,206
26047,2013,477,1325,405,1163,72,162
26047,2014,316,859,328,877,-12,-18
26047,2015,477,1336,408,1124,69,212
26047,2016,710,1991,604,1710,106,281
26047,2017,472,1282,438,1175,34,107
26047,2018,487,1356,425,1189,62,167
26047,2019,456,1305,454,1213,2,92
26047,2020,478,1312,451,1189,27,123
26047,2021,465,1216,460,1209,5,7
26049,2011,5000,14142,6281,17951,-1281,-3809
26049,2012,5224,14796,6273,17805,-1049,-3009
26049,2013,4081,11501,4935,13941,-854,-2440
26049,2014,2869,7994,3430,9393,-561,-1399
26049,2015,4439,12646,4899,13701,-460,-1055
26049,2016,6647,18960,7252,20694,-605,-1734
26049,2017,5107,14243,5278,14546,-171,-303
26049,2018,4973,13835,4947,13432,26,403
26049,2019,5090,14269,5252,14712,-162,-443
26049,2020,5546,15028,5717,15460,-171,-432
26049,2021,5522,14696,5815,15379,-293,-683
26051,2011,426,1254,417,1219,9,35
26051,2012,396,1149,426,1208,-30,-59
26051,2013,359,1045,348,994,11,51
26051,2014,158,447,145,430,13,17
26051,2015,400,1118,354,990,46,128
26051,2016,587,1708,457,1295,130,413
26051,2017,448,1255,392,1085,56,170
26051,2018,359,1060,352,958,7,102
26051,2019,471,1365,322,907,149,458
26051,2020,504,1479,391,1117,113,362
26051,2021,538,1514,403,1103,135,411
26053,2011,64,171,57,155,7,16
26053,2012,67,178,48,130,19,48
26053,2013,37,91,54,159,-17,-68
26053,2014,22,55,22,62,0,-7
26053,2015,25,71,35,93,-10,-22
26053,2016,30,77,59,168,-29,-91
26053,2017,28,73,49,142,-21,-69
26053,2018,32,81,38,101,-6,-20
26053,2019,35,88,53,147,-18,-59
26053,2020,27,73,46,137,-19,-64
26053,2021,58,151,35,96,23,55
26055,2011,1799,4936,1598,4430,201,506
26055,2012,1818,5034,1497,4115,321,919
26055,2013,1533,4208,1323,3596,210,612
26055,2014,1045,2845,1011,2711,34,134
26055,2015,1640,4599,1355,3769,285,830
26055,2016,2428,6771,2034,5622,394,1149
26055,2017,1795,4826,1528,4160,267,666
26055,2018,1652,4468,1449,3967,203,501
26055,2019,1819,4975,1566,4303,253,672
26055,2020,1693,4534,1621,4256,72,278
26055,2021,1666,4370,1554,4174,112,196
26057,2011,549,1711,537,1620,12,91
26057,2012,572,1722,619,1829,-47,-107
26057,2013,430,1290,432,1244,-2,46
26057,2014,329,933,324,932,5,1
26057,2015,428,1240,518,1487,-90,-247
26057,2016,655,1930,694,2017,-39,-87
26057,2017,459,1340,540,1560,-81,-220
26057,2018,486,1388,512,1457,-26,-69
26057,2019,502,1472,523,1538,-21,-66
26057,2020,663,1756,546,1543,117,213
26057,2021,600,1652,581,1524,19,128
26059,2011,634,1870,630,1917,4,-47
26059,2012,551,1694,673,1974,-122,-280
26059,2013,471,1426,502,1482,-31,-56
26059,2014,384,1158,382,1147,2,11
26059,2015,540,1607,536,1604,4,3
26059,2016,730,2305,747,2246,-17,59
26059,2017,532,1686,555,1630,-23,56
26059,2018,549,1657,531,1596,18,61
26059,2019,596,1845,618,1878,-22,-33
26059,2020,669,1975,570,1646,99,329
26059,2021,520,1553,599,1648,-79,-95
26061,2011,131,359,304,812,-173,-453
26061,2012,147,412,234,624,-87,-212
26061,2013,57,154,126,318,-69,-164
26061,2014,57,149,50,136,7,13
26061,2015,120,316,111,287,9,29
26061,2016,139,427,336,817,-197,-390
26061,2017,97,273,228,548,-131,-275
26061,2018,111,317,191,485,-80,-168
26061,2019,111,297,230,572,-119,-275
26061,2020,173,462,174,454,-1,8
26061,2021,127,339,165,433,-38,-94
26063,2011,355,968,344,964,11,4
26063,2012,376,1059,374,1040,2,19
26063,2013,300,859,296,814,4,45
26063,2014,180,489,195,534,-15,-45
26063,2015,266,741,288,815,-22,-74
26063,2016,495,1395,413,1078,82,317
26063,2017,272,741,298,807,-26,-66
26063,2018,261,727,293,791,-32,-64
26063,2019,397,1156,287,809,110,347
26063,2020,394,1082,299,772,95,310
26063,2021,377,1029,341,902,36,127
26065,2011,6241,16954,8102,21767,-1861,-4813
26065,2012,6321,17256,7408,20370,-1087,-3114
26065,2013,4989,13669,5884,16066,-895,-2397
26065,2014,3976,10603,4143,11173,-167,-570
26065,2015,5431,14612,6103,16406,-672,-1794
26065,2016,7630,20645,9014,24728,-1384,-4083
26065,2017,5574,14924,6607,17759,-1033,-2835
26065,2018,5293,14067,6262,16732,-969,-2665
26065,2019,5880,15658,6567,17628,-687,-1970
26065,2020,5786,15068,6485,17055,-699,-1987
26065,2021,5710,14424,6696,17255,-986,-2831
26067,2011,977,2888,1007,3040,-30,-152
26067,2012,1150,3412,1123,3380,27,32
26067,2013,900,2736,896,2630,4,106
26067,2014,695,1993,757,2216,-62,-223
26067,2015,993,2980,939,2783,54,197
26067,2016,1452,4316,1376,4098,76,218
26067,2017,1087,3210,1045,3045,42,165
26067,2018,1119,3279,1043,2969,76,310
26067,2019,1269,3644,1067,3139,202,505
26067,2020,1398,3810,1194,3319,204,491
26067,2021,1265,3478,1134,3114,131,364
26069,2011,359,1017,387,1130,-28,-113
26069,2012,414,1197,324,877,90,320
26069,2013,342,967,271,778,71,189
26069,2014,209,583,170,482,39,101
26069,2015,342,928,315,900,27,28
26069,2016,496,1420,391,1131,105,289
26069,2017,384,1087,299,845,85,242
26069,2018,346,961,302,845,44,116
26069,2019,380,1083,296,844,84,239
26069,2020,453,1281,344,950,109,331
26069,2021,411,1143,294,759,117,384
26071,2011,53,134,47,138,6,-4
26071,2012,53,153,47,134,6,19
26071,2013,25,65,20,50,5,15
26071,2015,21,54,46,128,-25,-74
26071,2016,58,168,34,106,24,62
26071,2017,24,74,28,71,-4,3
26071,2018,20,61,24,74,-4,-13
26071,2019,35,95,28,76,7,19
26071,2020,23,66,27,72,-4,-6
26071,2021,26,80,27,68,-1,12
26073,2011,1020,2800,1242,3365,-222,-565
26073,2012,1120,3017,1266,3423,-146,-406
26073,2013,777,2188,940,2462,-163,-274
26073,2014,560,1486,784,2107,-224,-621
26073,2015,839,2341,1016,2703,-177,-362
26073,2016,1270,3522,1650,4385,-380,-863
26073,2017,971,2655,1176,3097,-205,-442
26073,2018,985,2649,1022,2671,-37,-22
26073,2019,1051,2937,1141,2982,-90,-45
26073,2020,1074,2922,1165,3001,-91,-79
26073,2021,1205,3185,1264,3207,-59,-22
26075,2011,1835,5298,1984,5745,-149,-447
26075,2012,1874,5444,1859,5292,15,152
26075,2013,1566,4530,1526,4334,40,196
26075,2014,1112,3083,1169,3217,-57,-134
26075,2015,1593,4561,1695,4687,-102,-126
26075,2016,2538,7269,2114,5922,424,1347
26075,2017,1846,5170,1735,4837,111,333
26075,2018,1710,4757,1653,4684,57,73
26075,2019,1923,5405,1753,4945,170,460
26075,2020,2133,5795,1783,4853,350,942
26075,2021,2061,5522,1863,4888,198,634
26077,2011,4251,11558,4525,12246,-274,-688
26077,2012,4539,12335,4718,12847,-179,-512
26077,2013,3542,9625,3896,10539,-354,-914
26077,2014,2732,7273,2674,7012,58,261
26077,2015,3918,10535,4087,10911,-169,-376
26077,2016,5144,14090,5959,16057,-815,-1967
26077,2017,3958,10667,4140,11068,-182,-401
26077,2018,3606,9573,4025,10657,-419,-1084
26077,2019,3834,10183,4231,11389,-397,-1206
26077,2020,3872,10133,4590,11894,-718,-1761
26077,2021,3960,10198,4457,11475,-497,-1277
26079,2011,343,1004,280,834,63,170
26079,2012,302,907,251,754,51,153
26079,2013,226,641,200,592,26,49
26079,2014,176,488,156,447,20,41
26079,2015,195,596,193,555,2,41
26079,2016,426,1205,289,849,137,356
26079,2017,300,863,232,655,68,208
26079,2018,294,881,233,651,61,230
26079,2019,243,682,239,722,4,-40
26079,2020,322,874,187,511,135,363
26079,2021,290,804,231,621,59,183
26081,2011,10065,28099,9861,27812,204,287
26081,2012,11242,31265,10570,30181,672,1084
26081,2013,9420,25785,9144,26011,276,-226
26081,2014,6811,18040,6619,18274,192,-234
26081,2015,10137,27368,10162,28636,-25,-1268
26081,2016,14032,38351,14858,42688,-826,-4337
26081,2017,10821,28866,11137,30764,-316,-1898
26081,2018,10209,26844,11109,30314,-900,-3470
26081,2019,10944,29021,12276,33771,-1332,-4750
26081,2020,10835,28000,12365,33432,-1530,-5432
26081,2021,11293,28953,12642,33577,-1349,-4624
26083,2011,39,107,34,97,5,10
26083,2012,22,59,32,90,-10,-31
26083,2013,25,60,NA,NA,NA,NA
26083,2015,28,88,30,86,-2,2
26083,2016,37,103,36,121,1,-18
26083,2017,41,117,28,75,13,42
26083,2018,34,107,32,86,2,21
26083,2019,35,96,34,93,1,3
26083,2020,38,116,33,91,5,25
26083,2021,42,125,29,88,13,37
26085,2011,196,609,211,637,-15,-28
26085,2012,186,573,204,597,-18,-24
26085,2013,143,453,124,372,19,81
26085,2014,51,149,82,256,-31,-107
26085,2015,69,220,64,190,5,30
26085,2016,274,850,170,516,104,334
26085,2017,144,449,165,509,-21,-60
26085,2018,137,407,129,390,8,17
26085,2019,178,500,177,549,1,-49
26085,2020,217,627,152,439,65,188
26085,2021,251,718,127,372,124,346
26087,2011,1582,4729,1492,4397,90,332
26087,2012,1660,4987,1561,4482,99,505
26087,2013,1471,4380,1371,3895,100,485
26087,2014,1065,3069,1000,2731,65,338
26087,2015,1472,4447,1474,4099,-2,348
26087,2016,2318,7010,1938,5580,380,1430
26087,2017,1648,4778,1583,4436,65,342
26087,2018,1573,4578,1454,4028,119,550
26087,2019,1666,5120,1450,4083,216,1037
26087,2020,1805,5180,1582,4274,223,906
26087,2021,1857,5217,1524,4054,333,1163
26089,2011,437,1222,416,1132,21,90
26089,2012,400,1130,377,1000,23,130
26089,2013,367,1075,366,1014,1,61
26089,2014,284,799,245,698,39,101
26089,2015,367,1039,350,1003,17,36
26089,2016,618,1761,441,1239,177,522
26089,2017,363,1053,426,1147,-63,-94
26089,2018,335,960,340,909,-5,51
26089,2019,436,1241,377,1017,59,224
26089,2020,402,1103,307,873,95,230
26089,2021,295,830,293,782,2,48
26091,2011,1324,3945,1278,3664,46,281
26091,2012,1282,3693,1267,3615,15,78
26091,2013,1069,3188,1047,3002,22,186
26091,2014,758,2210,798,2219,-40,-9
26091,2015,1187,3464,1058,2910,129,554
26091,2016,1655,4888,1476,4212,179,676
26091,2017,1231,3469,1109,3134,122,335
26091,2018,1174,3382,1124,3096,50,286
26091,2019,1246,3622,1160,3202,86,420
26091,2020,1365,3778,1103,3011,262,767
26091,2021,1289,3515,1237,3284,52,231
26093,2011,3923,11452,3426,9453,497,1999
26093,2012,4452,13019,3637,10064,815,2955
26093,2013,3764,10898,3142,8673,622,2225
26093,2014,2599,7330,2221,5853,378,1477
26093,2015,4078,11728,3273,8926,805,2802
26093,2016,6027,17600,4631,12769,1396,4831
26093,2017,3954,11030,3652,9864,302,1166
26093,2018,3930,10957,3378,9089,552,1868
26093,2019,4332,12336,3626,9698,706,2638
26093,2020,4400,12212,3534,9213,866,2999
26093,2021,4182,11266,3568,9222,614,2044
26095,2011,25,77,21,62,4,15
26095,2012,10,29,31,102,-21,-73
26097,2011,110,325,90,262,20,63
26097,2012,134,399,132,361,2,38
26097,2013,47,120,56,154,-9,-34
26097,2014,23,67,46,126,-23,-59
26097,2015,25,82,77,202,-52,-120
26097,2016,66,166,49,147,17,19
26097,2017,72,187,59,153,13,34
26097,2018,49,142,49,138,0,4
26097,2019,44,132,54,141,-10,-9
26097,2020,76,208,43,109,33,99
26097,2021,40,98,62,166,-22,-68
26099,2011,16736,48247,15947,45432,789,2815
26099,2012,17338,50207,15898,45421,1440,4786
26099,2013,14162,40676,13705,38871,457,1805
26099,2014,10235,28957,10227,28520,8,437
26099,2015,14120,39957,13853,38814,267,1143
26099,2016,19413,54855,19752,55865,-339,-1010
26099,2017,14814,41325,15117,42084,-303,-759
26099,2018,14329,39921,14551,39922,-222,-1
26099,2019,14746,41353,15314,42638,-568,-1285
26099,2020,14747,40195,15892,42918,-1145,-2723
26099,2021,14965,40516,15543,41486,-578,-970
26101,2011,258,783,245,723,13,60
26101,2012,251,717,244,706,7,11
26101,2013,200,552,180,506,20,46
26101,2014,139,391,159,434,-20,-43
26101,2015,193,541,212,599,-19,-58
26101,2016,415,1179,333,918,82,261
26101,2017,250,709,207,549,43,160
26101,2018,221,621,198,526,23,95
26101,2019,283,837,212,636,71,201
26101,2020,376,984,226,601,150,383
26101,2021,263,725,264,699,-1,26
26103,2011,566,1532,608,1631,-42,-99
26103,2012,448,1200,568,1562,-120,-362
26103,2013,272,713,297,819,-25,-106
26103,2014,159,393,167,434,-8,-41
26103,2015,354,892,381,979,-27,-87
26103,2016,490,1298,686,1850,-196,-552
26103,2017,282,700,350,903,-68,-203
26103,2018,291,727,343,882,-52,-155
26103,2019,372,960,358,930,14,30
26103,2020,362,940,356,902,6,38
26103,2021,402,1009,360,902,42,107
26105,2011,349,1006,306,870,43,136
26105,2012,285,839,279,768,6,71
26105,2013,259,748,239,690,20,58
26105,2014,159,453,184,499,-25,-46
26105,2015,204,599,215,610,-11,-11
26105,2016,355,1054,355,1010,0,44
26105,2017,257,730,286,800,-29,-70
26105,2018,335,915,255,704,80,211
26105,2019,309,927,236,693,73,234
26105,2020,349,992,259,689,90,303
26105,2021,373,1027,292,790,81,237
26107,2011,674,2013,660,1848,14,165
26107,2012,674,1947,796,2253,-122,-306
26107,2013,558,1584,602,1714,-44,-130
26107,2014,400,1192,403,1111,-3,81
26107,2015,550,1654,636,1785,-86,-131
26107,2016,919,2739,947,2631,-28,108
26107,2017,741,2178,709,1954,32,224
26107,2018,601,1744,691,1908,-90,-164
26107,2019,789,2393,672,1900,117,493
26107,2020,824,2395,741,2017,83,378
26107,2021,806,2299,697,1885,109,414
26109,2011,270,752,253,713,17,39
26109,2012,279,825,293,801,-14,24
26109,2013,214,601,258,709,-44,-108
26109,2014,184,490,197,533,-13,-43
26109,2015,269,767,303,873,-34,-106
26109,2016,293,816,362,968,-69,-152
26109,2017,257,711,275,750,-18,-39
26109,2018,209,578,282,774,-73,-196
26109,2019,254,736,296,820,-42,-84
26109,2020,262,713,309,817,-47,-104
26109,2021,232,633,306,781,-74,-148
26111,2011,1235,3520,1297,3620,-62,-100
26111,2012,1365,3862,1328,3790,37,72
26111,2013,1070,3119,1105,3041,-35,78
26111,2014,758,2026,727,1965,31,61
26111,2015,1076,3035,1157,3148,-81,-113
26111,2016,1634,4662,1800,5062,-166,-400
26111,2017,1281,3628,1277,3492,4,136
26111,2018,1191,3315,1142,3156,49,159
26111,2019,1257,3378,1268,3498,-11,-120
26111,2020,1468,3993,1278,3454,190,539
26111,2021,1382,3686,1346,3551,36,135
26113,2011,168,511,212,672,-44,-161
26113,2012,212,637,189,578,23,59
26113,2013,133,409,136,449,-3,-40
26113,2014,109,360,83,226,26,134
26113,2015,159,491,133,400,26,91
26113,2016,257,787,250,762,7,25
26113,2017,157,462,166,540,-9,-78
26113,2018,166,538,167,534,-1,4
26113,2019,162,501,166,495,-4,6
26113,2020,205,574,166,496,39,78
26113,2021,211,591,170,502,41,89
26115,2011,2307,6877,2318,6814,-11,63
26115,2012,2350,6912,2493,7119,-143,-207
26115,2013,2056,6002,1991,5666,65,336
26115,2014,1433,4119,1494,4058,-61,61
26115,2015,2076,6018,2086,5818,-10,200
26115,2016,3385,9910,2831,8004,554,1906
26115,2017,2494,7252,2150,5888,344,1364
26115,2018,2360,6771,2156,5862,204,909
26115,2019,2680,7888,2311,6357,369,1531
26115,2020,2718,7570,2312,6226,406,1344
26115,2021,2577,7139,2366,6200,211,939
26117,2011,1153,3555,1133,3509,20,46
26117,2012,1149,3432,1176,3621,-27,-189
26117,2013,1025,3093,1010,3062,15,31
26117,2014,814,2386,769,2197,45,189
26117,2015,1167,3476,1114,3355,53,121
26117,2016,1723,5202,1469,4407,254,795
26117,2017,1291,3797,1161,3436,130,361
26117,2018,1142,3416,1137,3333,5,83
26117,2019,1454,4324,1255,3752,199,572
26117,2020,1686,4752,1157,3241,529,1511
26117,2021,1410,3952,1246,3527,164,425
26119,2011,136,381,156,465,-20,-84
26119,2012,138,394,122,369,16,25
26119,2013,71,212,25,69,46,143
26119,2014,22,59,45,131,-23,-72
26119,2015,70,222,95,278,-25,-56
26119,2016,182,541,84,231,98,310
26119,2017,157,452,103,292,54,160
26119,2018,157,449,82,230,75,219
26119,2019,103,276,86,241,17,35
26119,2020,143,411,92,239,51,172
26119,2021,147,403,74,237,73,166
26121,2011,1920,5756,1869,5356,51,400
26121,2012,1925,5573,2006,5720,-81,-147
26121,2013,1647,4784,1692,4911,-45,-127
26121,2014,1316,3782,1307,3693,9,89
26121,2015,1840,5373,1756,4875,84,498
26121,2016,2674,7706,2227,6497,447,1209
26121,2017,2138,6053,1849,5191,289,862
26121,2018,2061,5824,1780,5018,281,806
26121,2019,2181,6186,1898,5415,283,771
26121,2020,2407,6540,1882,5133,525,1407
26121,2021,2229,6086,1902,5104,327,982
26123,2011,765,2309,794,2430,-29,-121
26123,2012,849,2617,783,2298,66,319
26123,2013,746,2314,730,2194,16,120
26123,2014,534,1599,580,1723,-46,-124
26123,2015,750,2271,724,2117,26,154
26123,2016,1258,3885,926,2719,332,1166
26123,2017,934,2797,838,2436,96,361
26123,2018,920,2765,763,2189,157,576
26123,2019,1043,3122,842,2520,201,602
26123,2020,996,2934,759,2137,237,797
26123,2021,961,2719,851,2355,110,364
26125,2011,29653,83150,28127,78028,1526,5122
26125,2012,29991,84075,29097,82026,894,2049
26125,2013,24913,68610,33651,94475,-8738,-25865
26125,2014,17853,48119,18586,50264,-733,-2145
26125,2015,24922,67961,26285,71963,-1363,-4002
26125,2016,35439,97271,37378,103479,-1939,-6208
26125,2017,26586,70829,27694,74779,-1108,-3950
26125,2018,25049,66082,27483,73824,-2434,-7742
26125,2019,26738,71145,28260,76969,-1522,-5824
26125,2020,27124,70555,28914,76865,-1790,-6310
26125,2021,26541,68485,30049,78586,-3508,-10101
26127,2011,368,1163,445,1432,-77,-269
26127,2012,441,1339,395,1163,46,176
26127,2013,371,1189,411,1243,-40,-54
26127,2014,253,792,304,907,-51,-115
26127,2015,379,1155,407,1201,-28,-46
26127,2016,519,1595,481,1448,38,147
26127,2017,429,1288,419,1185,10,103
26127,2018,417,1235,411,1189,6,46
26127,2019,440,1379,406,1194,34,185
26127,2020,415,1198,381,1081,34,117
26127,2021,372,1098,397,1094,-25,4
26129,2011,345,979,278,812,67,167
26129,2012,317,927,310,861,7,66
26129,2013,308,874,214,624,94,250
26129,2014,90,260,93,259,-3,1
26129,2015,237,666,165,455,72,211
26129,2016,410,1184,287,835,123,349
26129,2017,338,966,149,446,189,520
26129,2018,284,783,199,585,85,198
26129,2019,387,1079,219,610,168,469
26129,2020,366,1007,194,582,172,425
26129,2021,371,1013,222,605,149,408
26131,2011,24,61,40,122,-16,-61
26131,2012,14,37,34,82,-20,-45
26133,2011,393,1225,372,1145,21,80
26133,2012,333,1009,411,1222,-78,-213
26133,2013,296,945,336,1039,-40,-94
26133,2014,203,610,221,678,-18,-68
26133,2015,302,909,291,883,11,26
26133,2016,462,1444,459,1416,3,28
26133,2017,313,952,343,1059,-30,-107
26133,2018,328,996,297,903,31,93
26133,2019,348,1046,332,980,16,66
26133,2020,430,1232,336,979,94,253
26133,2021,370,1064,338,967,32,97
26135,2011,120,351,66,187,54,164
26135,2012,95,278,72,207,23,71
26135,2015,26,79,27,76,-1,3
26135,2016,57,155,29,79,28,76
26135,2017,22,56,30,81,-8,-25
26135,2018,22,61,22,62,0,-1
26135,2019,44,131,NA,NA,NA,NA
26135,2020,85,228,NA,NA,NA,NA
26135,2021,108,294,NA,NA,NA,NA
26137,2011,332,972,330,984,2,-12
26137,2012,358,1038,321,943,37,95
26137,2013,204,583,217,628,-13,-45
26137,2014,212,611,172,476,40,135
26137,2015,234,714,188,567,46,147
26137,2016,454,1319,342,1030,112,289
26137,2017,319,929,270,768,49,161
26137,2018,267,757,236,657,31,100
26137,2019,347,999,263,752,84,247
26137,2020,356,969,219,630,137,339
26137,2021,427,1178,282,748,145,430
26139,2011,5374,15708,4739,13750,635,1958
26139,2012,5680,16894,5120,14612,560,2282
26139,2013,4631,13671,4623,13112,8,559
26139,2014,3436,9669,3287,9066,149,603
26139,2015,5169,15102,5029,14266,140,836
26139,2016,7311,21817,6747,19276,564,2541
26139,2017,5545,15841,5232,14479,313,1362
26139,2018,5438,15398,5201,14235,237,1163
26139,2019,5867,16897,5451,15102,416,1795
26139,2020,5812,16057,5383,14644,429,1413
26139,2021,6032,16547,5568,14819,464,1728
26141,2011,102,296,131,356,-29,-60
26141,2012,140,410,121,348,19,62
26141,2013,90,263,81,237,9,26
26141,2014,69,208,73,222,-4,-14
26141,2015,75,219,78,229,-3,-10
26141,2016,140,409,119,336,21,73
26141,2017,87,258,97,267,-10,-9
26141,2018,117,341,112,324,5,17
26141,2019,162,445,91,270,71,175
26141,2020,169,458,90,245,79,213
26141,2021,126,360,96,272,30,88
26143,2011,449,1280,403,1119,46,161
26143,2012,467,1339,398,1135,69,204
26143,2013,249,710,238,655,11,55
26143,2014,204,568,95,257,109,311
26143,2015,271,760,201,553,70,207
26143,2016,552,1585,332,892,220,693
26143,2017,395,1091,226,621,169,470
26143,2018,346,913,189,508,157,405
26143,2019,463,1274,271,762,192,512
26143,2020,455,1256,289,765,166,491
26143,2021,398,1081,299,811,99,270
26145,2011,2154,5970,2723,7586,-569,-1616
26145,2012,2197,6099,2823,7857,-626,-1758
26145,2013,1724,4765,2449,6735,-725,-1970
26145,2014,1190,3206,1528,4078,-338,-872
26145,2015,1985,5551,2421,6563,-436,-1012
26145,2016,2762,7831,3235,8815,-473,-984
26145,2017,1977,5485,2470,6635,-493,-1150
26145,2018,2078,5793,2222,5969,-144,-176
26145,2019,2419,6746,2307,6271,112,475
26145,2020,2459,6667,2577,6815,-118,-148
26145,2021,2487,6697,2555,6720,-68,-23
26147,2011,2099,6040,2285,6461,-186,-421
26147,2012,2232,6356,2192,6178,40,178
26147,2013,1861,5379,1977,5436,-116,-57
26147,2014,1361,3819,1311,3560,50,259
26147,2015,1981,5720,1852,5071,129,649
26147,2016,2952,8599,2570,6972,382,1627
26147,2017,2076,5936,1967,5300,109,636
26147,2018,2046,5727,1985,5321,61,406
26147,2019,2298,6528,1956,5275,342,1253
26147,2020,2265,6232,2061,5376,204,856
26147,2021,2268,6180,1923,5022,345,1158
26149,2011,665,2040,768,2267,-103,-227
26149,2012,769,2305,786,2350,-17,-45
26149,2013,709,2108,711,2116,-2,-8
26149,2014,425,1251,552,1635,-127,-384
26149,2015,716,2073,730,2273,-14,-200
26149,2016,982,2955,989,2984,-7,-29
26149,2017,766,2281,779,2302,-13,-21
26149,2018,743,2175,767,2153,-24,22
26149,2019,815,2481,815,2390,0,91
26149,2020,750,2120,693,1994,57,126
26149,2021,779,2175,752,2089,27,86
26151,2011,608,1912,719,2090,-111,-178
26151,2012,591,1789,691,2033,-100,-244
26151,2013,567,1640,532,1577,35,63
26151,2014,382,1069,411,1144,-29,-75
26151,2015,602,1782,570,1630,32,152
26151,2016,782,2334,726,2092,56,242
26151,2017,661,1951,543,1536,118,415
26151,2018,642,1889,558,1558,84,331
26151,2019,633,1918,644,1803,-11,115
26151,2020,731,2042,559,1497,172,545
26151,2021,649,1781,667,1776,-18,5
26153,2011,120,369,55,177,65,192
26153,2012,14,38,26,66,-12,-28
26153,2016,23,67,24,75,-1,-8
26153,2018,20,60,20,57,0,3
26155,2011,1108,3269,1197,3508,-89,-239
26155,2012,1222,3572,1262,3719,-40,-147
26155,2013,973,2842,953,2690,20,152
26155,2014,672,1877,742,2026,-70,-149
26155,2015,1042,2995,952,2677,90,318
26155,2016,1508,4404,1395,4053,113,351
26155,2017,1107,3147,1048,2924,59,223
26155,2018,1115,3116,1049,2901,66,215
26155,2019,1180,3380,1055,2970,125,410
26155,2020,1197,3304,1012,2705,185,599
26155,2021,1225,3365,999,2705,226,660
26157,2011,719,2191,862,2478,-143,-287
26157,2012,809,2389,841,2435,-32,-46
26157,2013,693,2036,720,2046,-27,-10
26157,2014,494,1416,513,1409,-19,7
26157,2015,708,2110,756,2202,-48,-92
26157,2016,1032,3051,1062,3034,-30,17
26157,2017,802,2289,723,2101,79,188
26157,2018,746,2181,727,2061,19,120
26157,2019,826,2393,759,2192,67,201
26157,2020,868,2403,768,2074,100,329
26157,2021,885,2505,827,2208,58,297
26159,2011,1321,3981,1440,4378,-119,-397
26159,2012,1435,4394,1388,4134,47,260
26159,2013,1150,3494,1306,3787,-156,-293
26159,2014,851,2580,1017,2913,-166,-333
26159,2015,1263,3859,1308,3767,-45,92
26159,2016,1840,5478,1692,4963,148,515
26159,2017,1417,4185,1385,4059,32,126
26159,2018,1339,3869,1260,3615,79,254
26159,2019,1519,4498,1363,4004,156,494
26159,2020,1437,4094,1337,3761,100,333
26159,2021,1386,3917,1314,3629,72,288
26161,2011,8566,23010,9471,25132,-905,-2122
26161,2012,8826,23658,9596,25559,-770,-1901
26161,2013,7311,19367,8211,21721,-900,-2354
26161,2014,4993,12834,5531,14251,-538,-1417
26161,2015,7699,20230,8934,23396,-1235,-3166
26161,2016,11024,29066,13334,34715,-2310,-5649
26161,2017,8199,21500,9647,24617,-1448,-3117
26161,2018,7541,19315,9688,24332,-2147,-5017
26161,2019,8222,21267,10016,25600,-1794,-4333
26161,2020,8128,20672,10039,25042,-1911,-4370
26161,2021,8185,20794,10277,25404,-2092,-4610
26163,2011,29394,81687,35614,101518,-6220,-19831
26163,2012,26252,75328,34310,98919,-8058,-23591
26163,2013,28888,82196,28661,82212,227,-16
26163,2014,17147,48412,20747,58397,-3600,-9985
26163,2015,21967,61504,26620,75470,-4653,-13966
26163,2016,29681,83015,35933,102485,-6252,-19470
26163,2017,23317,64652,27668,77200,-4351,-12548
26163,2018,22356,61391,26601,73722,-4245,-12331
26163,2019,24017,67231,28575,80127,-4558,-12896
26163,2020,22814,61157,29538,80075,-6724,-18918
26163,2021,22092,59019,29155,78547,-7063,-19528
26165,2011,550,1665,505,1515,45,150
26165,2012,554,1661,507,1500,47,161
26165,2013,389,1181,349,1033,40,148
26165,2014,287,818,270,788,17,30
26165,2015,440,1291,392,1164,48,127
26165,2016,758,2234,640,1885,118,349
26165,2017,519,1541,398,1139,121,402
26165,2018,501,1470,434,1300,67,170
26165,2019,545,1631,420,1288,125,343
26165,2020,513,1454,433,1221,80,233
26165,2021,510,1486,393,1053,117,433
27001,2011,386,1115,216,603,170,512
27001,2012,256,726,191,526,65,200
27001,2013,203,588,148,398,55,190
27001,2014,84,237,48,142,36,95
27001,2015,200,567,155,435,45,132
27001,2016,332,937,202,565,130,372
27001,2017,255,696,175,489,80,207
27001,2018,172,483,159,452,13,31
27001,2019,355,991,199,546,156,445
27001,2020,365,1023,144,394,221,629
27001,2021,290,780,141,385,149,395
27003,2011,8742,25113,8373,23882,369,1231
27003,2012,9085,25954,8715,24853,370,1101
27003,2013,7743,22022,7738,21824,5,198
27003,2014,5820,16266,5672,15357,148,909
27003,2015,8825,25092,8503,23601,322,1491
27003,2016,13139,37659,12145,34172,994,3487
27003,2017,9667,27251,8960,24937,707,2314
27003,2018,9265,25897,9133,24956,132,941
27003,2019,10511,30266,10078,28169,433,2097
27003,2020,10803,29811,10180,27964,623,1847
27003,2021,9911,27277,9665,26037,246,1240
27005,2011,475,1443,551,1578,-76,-135
27005,2012,478,1438,548,1522,-70,-84
27005,2013,396,1163,512,1467,-116,-304
27005,2014,296,829,319,847,-23,-18
27005,2015,380,1124,379,1073,1,51
27005,2016,733,2167,524,1495,209,672
27005,2017,449,1323,459,1235,-10,88
27005,2018,430,1208,466,1378,-36,-170
27005,2019,496,1507,502,1461,-6,46
27005,2020,477,1294,436,1194,41,100
27005,2021,481,1341,460,1260,21,81
27007,2011,587,1749,794,2269,-207,-520
27007,2012,565,1596,628,1778,-63,-182
27007,2013,294,846,414,1205,-120,-359
27007,2014,244,709,338,939,-94,-230
27007,2015,451,1288,528,1476,-77,-188
27007,2016,627,1754,675,1974,-48,-220
27007,2017,406,1204,512,1422,-106,-218
27007,2018,427,1220,397,1121,30,99
27007,2019,490,1419,441,1321,49,98
27007,2020,490,1335,534,1454,-44,-119
27007,2021,404,1114,457,1215,-53,-101
27009,2011,1310,3590,1372,3757,-62,-167
27009,2012,1417,3836,1358,3739,59,97
27009,2013,1211,3341,1265,3484,-54,-143
27009,2014,851,2271,941,2507,-90,-236
27009,2015,1343,3687,1362,3686,-19,1
27009,2016,1887,5371,1907,5461,-20,-90
27009,2017,1356,3780,1417,3946,-61,-166
27009,2018,1337,3754,1384,3870,-47,-116
27009,2019,1363,3806,1451,4086,-88,-280
27009,2020,1347,3673,1363,3734,-16,-61
27009,2021,1289,3536,1334,3677,-45,-141
27011,2011,34,95,11,32,23,63
27011,2012,22,74,21,52,1,22
27011,2016,23,75,20,55,3,20
27013,2011,1543,4145,1456,3802,87,343
27013,2012,1390,3700,1537,4014,-147,-314
27013,2013,1124,2920,1348,3510,-224,-590
27013,2014,847,2162,933,2334,-86,-172
27013,2015,1299,3401,1461,3855,-162,-454
27013,2016,1817,4883,2240,5813,-423,-930
27013,2017,1275,3414,1534,3891,-259,-477
27013,2018,1277,3390,1576,3998,-299,-608
27013,2019,1363,3588,1661,4255,-298,-667
27013,2020,1340,3533,1606,4156,-266,-623
27013,2021,1325,3438,1615,4093,-290,-655
27015,2011,236,673,312,857,-76,-184
27015,2012,239,648,306,820,-67,-172
27015,2013,172,463,170,461,2,2
27015,2014,142,389,123,304,19,85
27015,2015,152,420,224,601,-72,-181
27015,2016,241,683,366,972,-125,-289
27015,2017,176,466,186,495,-10,-29
27015,2018,176,505,233,620,-57,-115
27015,2019,240,689,236,629,4,60
27015,2020,244,635,203,519,41,116
27015,2021,184,505,165,424,19,81
27017,2011,443,1263,496,1404,-53,-141
27017,2012,582,1711,539,1462,43,249
27017,2013,448,1289,425,1120,23,169
27017,2014,325,892,330,832,-5,60
27017,2015,507,1465,484,1353,23,112
27017,2016,692,2008,565,1543,127,465
27017,2017,537,1477,430,1175,107,302
27017,2018,459,1236,452,1205,7,31
27017,2019,543,1539,460,1284,83,255
27017,2020,657,1775,460,1253,197,522
27017,2021,531,1458,452,1190,79,268
27019,2011,2171,6394,1923,5487,248,907
27019,2012,2715,8145,2132,6045,583,2100
27019,2013,2107,6308,1777,5118,330,1190
27019,2014,1378,4056,1332,3624,46,432
27019,2015,2467,7552,2102,5889,365,1663
27019,2016,3707,11224,2974,8359,733,2865
27019,2017,2552,7477,2083,5831,469,1646
27019,2018,2609,7612,2118,5815,491,1797
27019,2019,2975,8533,2306,6455,669,2078
27019,2020,2985,8533,2431,6618,554,1915
27019,2021,2670,7586,2253,6095,417,1491
27021,2011,629,1888,729,2191,-100,-303
27021,2012,675,1998,553,1600,122,398
27021,2013,441,1336,423,1275,18,61
27021,2014,294,859,346,984,-52,-125
27021,2015,510,1574,476,1445,34,129
27021,2016,840,2493,624,1795,216,698
27021,2017,650,1867,490,1389,160,478
27021,2018,579,1674,477,1419,102,255
27021,2019,779,2347,477,1442,302,905
27021,2020,819,2416,485,1378,334,1038
27021,2021,718,2081,450,1256,268,825
27023,2011,175,501,187,566,-12,-65
27023,2012,153,439,150,458,3,-19
27023,2013,115,318,85,235,30,83
27023,2014,66,203,70,199,-4,4
27023,2015,124,385,164,510,-40,-125
27023,2016,169,475,133,387,36,88
27023,2017,123,367,110,325,13,42
27023,2018,111,309,133,364,-22,-55
27023,2019,89,250,105,311,-16,-61
27023,2020,86,245,155,442,-69,-197
27023,2021,137,383,89,244,48,139
27025,2011,1257,3690,1350,3859,-93,-169
27025,2012,1373,3965,1222,3487,151,478
27025,2013,1251,3627,1075,3081,176,546
27025,2014,821,2294,811,2158,10,136
27025,2015,1400,4089,1191,3286,209,803
27025,2016,2050,6090,1763,4940,287,1150
27025,2017,1493,4289,1221,3397,272,892
27025,2018,1297,3737,1218,3325,79,412
27025,2019,1677,4816,1367,3880,310,936
27025,2020,1726,4880,1280,3427,446,1453
27025,2021,1483,4143,1241,3332,242,811
27027,2011,1165,3112,1315,3522,-150,-410
27027,2012,1463,3993,1446,3871,17,122
27027,2013,1234,3373,1209,3270,25,103
27027,2014,814,2271,877,2271,-63,0
27027,2015,1404,3939,1308,3476,96,463
27027,2016,1842,5254,1963,5297,-121,-43
27027,2017,1300,3582,1273,3386,27,196
27027,2018,1169,3244,1358,3574,-189,-330
27027,2019,1361,3845,1348,3661,13,184
27027,2020,1433,3874,1279,3373,154,501
27027,2021,1298,3549,1431,3766,-133,-217
27029,2011,92,270,78,250,14,20
27029,2012,65,190,83,216,-18,-26
27029,2013,72,207,46,125,26,82
27029,2014,37,109,63,170,-26,-61
27029,2015,76,213,48,139,28,74
27029,2016,111,347,101,317,10,30
27029,2017,81,242,88,276,-7,-34
27029,2018,66,184,48,131,18,53
27029,2019,102,305,57,173,45,132
27029,2020,67,203,79,232,-12,-29
27029,2021,75,201,50,132,25,69
27031,2011,35,87,46,128,-11,-41
27031,2012,41,103,50,120,-9,-17
27031,2013,23,59,NA,NA,NA,NA
27031,2015,23,68,22,46,1,22
27031,2016,59,158,50,131,9,27
27031,2017,43,109,27,75,16,34
27031,2018,20,49,23,53,-3,-4
27031,2019,57,142,41,108,16,34
27031,2020,50,118,NA,NA,NA,NA
27031,2021,49,125,47,112,2,13
27033,2011,137,387,122,367,15,20
27033,2012,102,304,112,348,-10,-44
27033,2013,55,180,69,264,-14,-84
27033,2014,27,73,21,52,6,21
27033,2015,24,65,32,80,-8,-15
27033,2016,78,228,89,257,-11,-29
27033,2017,80,244,60,170,20,74
27033,2018,47,138,32,106,15,32
27033,2019,78,267,37,118,41,149
27033,2020,46,122,33,88,13,34
27033,2021,51,161,26,76,25,85
27035,2011,1096,3087,1089,3038,7,49
27035,2012,1212,3434,1028,2869,184,565
27035,2013,887,2471,849,2416,38,55
27035,2014,611,1630,584,1571,27,59
27035,2015,1089,3127,916,2548,173,579
27035,2016,1575,4418,1196,3419,379,999
27035,2017,1152,3194,986,2646,166,548
27035,2018,1049,2919,983,2618,66,301
27035,2019,1422,3987,992,2741,430,1246
27035,2020,1447,4009,1006,2761,441,1248
27035,2021,1312,3608,997,2676,315,932
27037,2011,10632,29938,10467,29312,165,626
27037,2012,11462,32279,11160,31090,302,1189
27037,2013,9364,26251,9832,26962,-468,-711
27037,2014,6517,17733,6810,18312,-293,-579
27037,2015,10419,29038,10636,28843,-217,195
27037,2016,15457,43221,14789,40752,668,2469
27037,2017,11757,32572,10486,28265,1271,4307
27037,2018,10888,29753,10924,29230,-36,523
27037,2019,12063,33331,11640,32010,423,1321
27037,2020,11761,32039,11794,31737,-33,302
27037,2021,11536,30965,11663,30784,-127,181
27039,2011,416,1323,335,976,81,347
27039,2012,348,1036,351,1027,-3,9
27039,2013,274,825,280,854,-6,-29
27039,2014,193,549,188,550,5,-1
27039,2015,342,1039,281,807,61,232
27039,2016,490,1482,410,1233,80,249
27039,2017,363,1063,313,870,50,193
27039,2018,335,937,284,794,51,143
27039,2019,366,1092,318,922,48,170
27039,2020,401,1113,319,871,82,242
27039,2021,362,992,326,838,36,154
27041,2011,500,1396,563,1493,-63,-97
27041,2012,544,1483,549,1495,-5,-12
27041,2013,454,1224,359,945,95,279
27041,2014,266,733,322,870,-56,-137
27041,2015,550,1502,461,1221,89,281
27041,2016,736,2067,577,1589,159,478
27041,2017,484,1332,437,1123,47,209
27041,2018,459,1244,438,1141,21,103
27041,2019,598,1629,456,1301,142,328
27041,2020,631,1703,484,1277,147,426
27041,2021,497,1328,449,1161,48,167
27043,2011,125,361,218,642,-93,-281
27043,2012,122,335,174,454,-52,-119
27043,2013,92,280,106,301,-14,-21
27043,2014,55,138,94,263,-39,-125
27043,2015,85,233,118,330,-33,-97
27043,2016,160,454,168,474,-8,-20
27043,2017,103,277,118,347,-15,-70
27043,2018,141,406,111,331,30,75
27043,2019,106,294,143,369,-37,-75
27043,2020,82,233,108,287,-26,-54
27043,2021,157,427,81,218,76,209
27045,2011,302,863,322,925,-20,-62
27045,2012,260,720,258,761,2,-41
27045,2013,230,667,264,724,-34,-57
27045,2014,169,469,172,462,-3,7
27045,2015,226,650,248,669,-22,-19
27045,2016,346,1016,339,955,7,61
27045,2017,242,690,252,699,-10,-9
27045,2018,201,571,257,693,-56,-122
27045,2019,246,729,203,623,43,106
27045,2020,256,726,231,624,25,102
27045,2021,255,725,216,533,39,192
27047,2011,331,966,339,957,-8,9
27047,2012,265,767,392,1119,-127,-352
27047,2013,245,738,292,796,-47,-58
27047,2014,185,519,141,411,44,108
27047,2015,232,675,288,788,-56,-113
27047,2016,389,1112,405,1140,-16,-28
27047,2017,208,597,268,764,-60,-167
27047,2018,258,718,241,655,17,63
27047,2019,325,950,273,768,52,182
27047,2020,280,764,255,709,25,55
27047,2021,223,609,264,728,-41,-119
27049,2011,712,2049,882,2467,-170,-418
27049,2012,796,2285,838,2326,-42,-41
27049,2013,708,1976,692,1887,16,89
27049,2014,504,1388,536,1442,-32,-54
27049,2015,767,2176,779,2138,-12,38
27049,2016,1138,3277,1046,2927,92,350
27049,2017,783,2166,724,2022,59,144
27049,2018,745,2061,741,2000,4,61
27049,2019,945,2801,722,2008,223,793
27049,2020,948,2614,698,1839,250,775
27049,2021,792,2141,734,1973,58,168
27051,2011,52,161,105,325,-53,-164
27051,2012,82,236,77,222,5,14
27051,2013,65,183,66,206,-1,-23
27051,2014,26,64,54,163,-28,-99
27051,2015,61,182,40,103,21,79
27051,2016,96,300,82,248,14,52
27051,2017,76,206,76,220,0,-14
27051,2018,57,181,69,195,-12,-14
27051,2019,84,242,58,151,26,91
27051,2020,69,217,69,202,0,15
27051,2021,84,223,62,159,22,64
27053,2011,30516,80942,30758,83449,-242,-2507
27053,2012,31987,84730,33488,91802,-1501,-7072
27053,2013,28921,76040,29801,81207,-880,-5167
27053,2014,20837,53573,20540,55459,297,-1886
27053,2015,31855,82510,32272,88155,-417,-5645
27053,2016,43837,114620,46544,127160,-2707,-12540
27053,2017,32163,83145,34386,92211,-2223,-9066
27053,2018,32803,83655,34400,91738,-1597,-8083
27053,2019,32590,83953,39250,106521,-6660,-22568
27053,2020,31912,80706,41425,109483,-9513,-28777
27053,2021,32652,81523,38667,101377,-6015,-19854
27055,2011,224,610,267,756,-43,-146
27055,2012,216,627,269,708,-53,-81
27055,2013,216,596,167,457,49,139
27055,2014,116,314,162,411,-46,-97
27055,2015,236,652,185,502,51,150
27055,2016,294,825,309,822,-15,3
27055,2017,223,630,202,529,21,101
27055,2018,192,525,207,517,-15,8
27055,2019,225,603,178,473,47,130
27055,2020,223,575,197,528,26,47
27055,2021,211,553,208,567,3,-14
27057,2011,564,1702,314,991,250,711
27057,2012,384,1125,390,1112,-6,13
27057,2013,241,783,257,716,-16,67
27057,2014,158,490,192,580,-34,-90
27057,2015,289,895,265,773,24,122
27057,2016,488,1487,339,953,149,534
27057,2017,293,864,241,701,52,163
27057,2018,280,858,257,744,23,114
27057,2019,322,938,277,785,45,153
27057,2020,338,947,276,776,62,171
27057,2021,311,871,269,766,42,105
27059,2011,983,2814,1004,2934,-21,-120
27059,2012,1023,2955,955,2756,68,199
27059,2013,909,2621,801,2280,108,341
27059,2014,675,1861,573,1568,102,293
27059,2015,1061,3142,891,2510,170,632
27059,2016,1709,4935,1231,3491,478,1444
27059,2017,1203,3467,1007,2812,196,655
27059,2018,1233,3524,898,2510,335,1014
27059,2019,1466,4323,1004,2837,462,1486
27059,2020,1333,3772,968,2658,365,1114
27059,2021,1265,3504,880,2426,385,1078
27061,2011,440,1224,452,1267,-12,-43
27061,2012,501,1427,406,1098,95,329
27061,2013,295,847,351,946,-56,-99
27061,2014,215,599,243,628,-28,-29
27061,2015,421,1199,356,958,65,241
27061,2016,509,1444,424,1106,85,338
27061,2017,376,1003,369,979,7,24
27061,2018,334,939,284,772,50,167
27061,2019,453,1289,345,929,108,360
27061,2020,477,1322,378,1000,99,322
27061,2021,446,1245,329,805,117,440
27063,2011,117,337,110,310,7,27
27063,2012,119,345,99,256,20,89
27063,2013,83,235,75,215,8,20
27063,2014,21,52,54,158,-33,-106
27063,2015,57,150,46,122,11,28
27063,2016,79,250,77,219,2,31
27063,2017,59,164,57,158,2,6
27063,2018,54,171,24,71,30,100
27063,2019,73,259,75,220,-2,39
27063,2020,66,183,45,123,21,60
27063,2021,58,169,63,176,-5,-7
27065,2011,333,986,380,1149,-47,-163
27065,2012,303,855,301,855,2,0
27065,2013,239,712,228,630,11,82
27065,2014,116,332,179,510,-63,-178
27065,2015,238,663,224,629,14,34
27065,2016,432,1241,310,864,122,377
27065,2017,265,752,229,634,36,118
27065,2018,297,842,237,658,60,184
27065,2019,340,1016,230,627,110,389
27065,2020,308,900,231,642,77,258
27065,2021,331,971,210,603,121,368
27067,2011,432,1223,541,1509,-109,-286
27067,2012,458,1364,569,1619,-111,-255
27067,2013,297,857,444,1250,-147,-393
27067,2014,265,764,330,946,-65,-182
27067,2015,306,898,536,1561,-230,-663
27067,2016,501,1420,628,1902,-127,-482
27067,2017,359,1051,497,1435,-138,-384
27067,2018,402,1108,418,1210,-16,-102
27067,2019,413,1224,509,1489,-96,-265
27067,2020,397,1117,546,1527,-149,-410
27067,2021,335,937,461,1304,-126,-367
27069,2011,39,108,25,65,14,43
27069,2012,10,29,31,87,-21,-58
27071,2011,39,104,78,202,-39,-98
27071,2012,67,170,71,183,-4,-13
27071,2013,21,57,43,109,-22,-52
27071,2014,21,54,NA,NA,NA,NA
27071,2015,20,62,49,136,-29,-74
27071,2016,30,72,84,228,-54,-156
27071,2017,30,72,28,77,2,-5
27071,2019,25,69,43,109,-18,-40
27071,2020,26,63,48,130,-22,-67
27071,2021,30,81,33,86,-3,-5
27073,2011,36,125,52,151,-16,-26
27073,2012,36,101,42,137,-6,-36
27073,2014,20,62,NA,NA,NA,NA
27073,2015,24,70,22,66,2,4
27073,2016,30,96,28,71,2,25
27073,2017,21,62,NA,NA,NA,NA
27073,2019,23,60,NA,NA,NA,NA
27073,2020,33,98,NA,NA,NA,NA
27075,2011,130,379,123,342,7,37
27075,2012,116,336,166,450,-50,-114
27075,2013,93,258,90,249,3,9
27075,2014,65,167,60,174,5,-7
27075,2015,105,311,106,313,-1,-2
27075,2016,147,419,167,489,-20,-70
27075,2017,129,361,116,322,13,39
27075,2018,91,249,96,250,-5,-1
27075,2019,128,392,103,288,25,104
27075,2020,111,303,83,242,28,61
27075,2021,124,322,118,337,6,-15
27077,2011,18,55,17,50,1,5
27077,2012,17,49,19,55,-2,-6
27077,2020,20,63,NA,NA,NA,NA
27079,2011,798,2557,647,1895,151,662
27079,2012,613,1847,571,1617,42,230
27079,2013,538,1560,519,1501,19,59
27079,2014,388,1102,399,1130,-11,-28
27079,2015,562,1629,579,1585,-17,44
27079,2016,947,2815,773,2194,174,621
27079,2017,661,1969,599,1733,62,236
27079,2018,631,1820,557,1584,74,236
27079,2019,719,2107,660,1798,59,309
27079,2020,710,2000,553,1537,157,463
27079,2021,679,1951,525,1423,154,528
27081,2011,68,202,60,181,8,21
27081,2012,46,138,48,144,-2,-6
27081,2013,39,111,25,69,14,42
27081,2015,46,151,36,117,10,34
27081,2016,87,273,54,157,33,116
27081,2017,24,65,23,70,1,-5
27081,2019,26,73,46,149,-20,-76
27081,2020,29,87,35,106,-6,-19
27081,2021,29,73,36,109,-7,-36
27083,2011,269,777,407,1128,-138,-351
27083,2012,278,834,393,1049,-115,-215
27083,2013,150,425,268,751,-118,-326
27083,2014,94,243,126,343,-32,-100
27083,2015,141,453,254,693,-113,-240
27083,2016,220,636,406,1169,-186,-533
27083,2017,147,415,263,756,-116,-341
27083,2018,140,404,213,608,-73,-204
27083,2019,122,377,199,527,-77,-150
27083,2020,151,415,196,575,-45,-160
27083,2021,143,409,194,518,-51,-109
27085,2011,530,1521,644,1806,-114,-285
27085,2012,536,1584,622,1783,-86,-199
27085,2013,473,1333,458,1346,15,-13
27085,2014,366,1015,337,913,29,102
27085,2015,525,1460,509,1463,16,-3
27085,2016,789,2279,786,2155,3,124
27085,2017,596,1642,529,1421,67,221
27085,2018,496,1381,525,1411,-29,-30
27085,2019,609,1703,532,1438,77,265
27085,2020,639,1720,499,1406,140,314
27085,2021,616,1689,540,1425,76,264
27087,2011,118,372,66,215,52,157
27087,2012,50,159,58,188,-8,-29
27087,2013,40,132,28,101,12,31
27087,2014,24,78,NA,NA,NA,NA
27087,2015,29,95,NA,NA,NA,NA
27087,2016,33,105,37,139,-4,-34
27087,2017,29,83,35,125,-6,-42
27087,2018,33,112,27,82,6,30
27087,2019,23,73,35,110,-12,-37
27087,2020,28,90,26,75,2,15
27087,2021,30,90,31,103,-1,-13
27089,2011,124,349,129,379,-5,-30
27089,2012,127,346,127,362,0,-16
27089,2013,82,243,102,283,-20,-40
27089,2014,42,129,82,207,-40,-78
27089,2015,90,260,76,203,14,57
27089,2016,129,368,105,314,24,54
27089,2017,72,203,86,234,-14,-31
27089,2018,92,247,118,329,-26,-82
27089,2019,107,300,90,263,17,37
27089,2020,55,147,38,99,17,48
27089,2021,40,119,134,353,-94,-234
27091,2011,147,424,183,529,-36,-105
27091,2012,159,488,203,563,-44,-75
27091,2013,113,332,78,219,35,113
27091,2014,45,117,73,180,-28,-63
27091,2015,101,280,64,159,37,121
27091,2016,147,452,130,349,17,103
27091,2017,65,178,106,286,-41,-108
27091,2018,65,211,98,266,-33,-55
27091,2019,122,333,94,239,28,94
27091,2020,81,219,108,288,-27,-69
27091,2021,30,89,96,246,-66,-157
27093,2011,322,990,305,875,17,115
27093,2012,339,1033,384,1091,-45,-58
27093,2013,290,878,307,897,-17,-19
27093,2014,181,523,250,706,-69,-183
27093,2015,378,1084,341,1002,37,82
27093,2016,484,1400,440,1280,44,120
27093,2017,351,1034,315,869,36,165
27093,2018,376,1061,307,862,69,199
27093,2019,385,1084,309,878,76,206
27093,2020,366,1089,315,834,51,255
27093,2021,362,1077,351,951,11,126
27095,2011,606,1780,701,2033,-95,-253
27095,2012,576,1705,622,1809,-46,-104
27095,2013,536,1567,581,1722,-45,-155
27095,2014,351,982,356,1014,-5,-32
27095,2015,564,1614,514,1439,50,175
27095,2016,913,2687,792,2288,121,399
27095,2017,667,1909,641,1832,26,77
27095,2018,685,1943,576,1657,109,286
27095,2019,786,2255,592,1723,194,532
27095,2020,753,2190,602,1625,151,565
27095,2021,658,1868,532,1447,126,421
27097,2011,459,1332,471,1315,-12,17
27097,2012,395,1182,550,1524,-155,-342
27097,2013,352,1000,386,1093,-34,-93
27097,2014,246,680,258,695,-12,-15
27097,2015,413,1217,400,1081,13,136
27097,2016,656,2004,568,1638,88,366
27097,2017,525,1550,442,1235,83,315
27097,2018,453,1317,429,1213,24,104
27097,2019,564,1701,489,1436,75,265
27097,2020,576,1598,429,1172,147,426
27097,2021,488,1359,405,1071,83,288
27099,2011,401,1169,601,2037,-200,-868
27099,2012,460,1392,505,1596,-45,-204
27099,2013,351,1056,429,1209,-78,-153
27099,2014,262,773,285,786,-23,-13
27099,2015,378,1113,443,1247,-65,-134
27099,2016,536,1663,595,1605,-59,58
27099,2017,366,1015,428,1206,-62,-191
27099,2018,333,967,367,997,-34,-30
27099,2019,355,1047,436,1246,-81,-199
27099,2020,387,1108,398,1078,-11,30
27099,2021,357,974,399,1064,-42,-90
27101,2011,87,254,100,284,-13,-30
27101,2012,51,140,91,259,-40,-119
27101,2013,54,157,21,62,33,95
27101,2014,26,82,27,81,-1,1
27101,2015,52,142,22,55,30,87
27101,2016,74,218,55,163,19,55
27101,2017,57,155,52,153,5,2
27101,2018,32,89,23,67,9,22
27101,2019,56,157,20,59,36,98
27101,2020,59,163,43,107,16,56
27101,2021,36,111,23,65,13,46
27103,2011,779,2149,852,2300,-73,-151
27103,2012,843,2371,928,2605,-85,-234
27103,2013,750,2061,707,1959,43,102
27103,2014,470,1233,518,1405,-48,-172
27103,2015,720,2025,833,2298,-113,-273
27103,2016,1136,3179,1170,3262,-34,-83
27103,2017,745,2031,830,2285,-85,-254
27103,2018,795,2194,723,2044,72,150
27103,2019,841,2428,860,2394,-19,34
27103,2020,723,2014,808,2260,-85,-246
27103,2021,802,2155,798,2234,4,-79
27105,2011,179,574,250,733,-71,-159
27105,2012,148,472,249,770,-101,-298
27105,2013,104,364,180,526,-76,-162
27105,2014,84,255,92,265,-8,-10
27105,2015,60,168,131,347,-71,-179
27105,2016,96,269,250,718,-154,-449
27105,2017,95,266,192,530,-97,-264
27105,2018,48,125,171,463,-123,-338
27105,2019,88,265,166,518,-78,-253
27105,2020,68,187,166,454,-98,-267
27105,2021,66,192,196,558,-130,-366
27107,2011,62,174,106,281,-44,-107
27107,2012,86,232,72,197,14,35
27107,2013,63,172,66,184,-3,-12
27107,2014,54,147,26,57,28,90
27107,2015,55,170,58,146,-3,24
27107,2016,114,320,69,196,45,124
27107,2017,74,193,81,208,-7,-15
27107,2018,59,158,68,163,-9,-5
27107,2019,36,90,57,146,-21,-56
27107,2020,55,163,73,213,-18,-50
27107,2021,63,164,71,180,-8,-16
27109,2011,2174,6006,2324,6586,-150,-580
27109,2012,2328,6325,2511,6902,-183,-577
27109,2013,1703,4693,1928,5272,-225,-579
27109,2014,1180,3123,1272,3356,-92,-233
27109,2015,2066,5546,2117,5854,-51,-308
27109,2016,2871,7769,3327,9324,-456,-1555
27109,2017,1993,5375,2334,6316,-341,-941
27109,2018,2175,5731,2306,6113,-131,-382
27109,2019,2226,6003,2517,7100,-291,-1097
27109,2020,2290,6003,2792,7497,-502,-1494
27109,2021,2338,5973,2901,7569,-563,-1596
27111,2011,847,2426,827,2285,20,141
27111,2012,796,2249,831,2321,-35,-72
27111,2013,646,1850,662,1786,-16,64
27111,2014,425,1187,438,1169,-13,18
27111,2015,701,2066,637,1747,64,319
27111,2016,1153,3314,883,2476,270,838
27111,2017,790,2175,615,1689,175,486
27111,2018,726,2091,739,1962,-13,129
27111,2019,784,2323,672,1845,112,478
27111,2020,973,2751,694,1879,279,872
27111,2021,779,2184,728,1920,51,264
27113,2011,205,550,238,639,-33,-89
27113,2012,183,492,233,630,-50,-138
27113,2013,155,422,103,316,52,106
27113,2014,54,156,92,253,-38,-97
27113,2015,124,349,143,394,-19,-45
27113,2016,210,610,202,541,8,69
27113,2017,150,414,156,445,-6,-31
27113,2018,101,287,114,329,-13,-42
27113,2019,97,256,120,332,-23,-76
27113,2020,121,322,140,375,-19,-53
27113,2021,117,347,143,384,-26,-37
27115,2011,542,1570,539,1541,3,29
27115,2012,519,1485,460,1318,59,167
27115,2013,474,1351,433,1243,41,108
27115,2014,286,798,349,901,-63,-103
27115,2015,475,1327,433,1187,42,140
27115,2016,785,2239,516,1355,269,884
27115,2017,534,1492,420,1141,114,351
27115,2018,527,1496,395,1089,132,407
27115,2019,682,1972,447,1226,235,746
27115,2020,718,1993,428,1100,290,893
27115,2021,628,1759,397,1065,231,694
27117,2011,63,204,116,335,-53,-131
27117,2012,73,211,67,186,6,25
27117,2013,49,136,34,95,15,41
27117,2016,54,175,98,290,-44,-115
27117,2017,30,90,38,101,-8,-11
27117,2018,29,84,36,100,-7,-16
27117,2019,29,98,31,86,-2,12
27117,2020,30,101,36,95,-6,6
27117,2021,23,66,36,96,-13,-30
27119,2011,487,1394,500,1371,-13,23
27119,2012,457,1331,539,1453,-82,-122
27119,2013,384,1127,425,1171,-41,-44
27119,2014,340,926,300,780,40,146
27119,2015,352,1023,472,1272,-120,-249
27119,2016,504,1546,577,1643,-73,-97
27119,2017,385,1118,429,1203,-44,-85
27119,2018,311,879,457,1249,-146,-370
27119,2019,364,1091,476,1301,-112,-210
27119,2020,380,1084,447,1195,-67,-111
27119,2021,332,904,432,1177,-100,-273
27121,2011,178,516,139,378,39,138
27121,2012,143,411,134,369,9,42
27121,2013,108,307,73,218,35,89
27121,2014,55,164,72,206,-17,-42
27121,2015,124,347,111,327,13,20
27121,2016,173,501,156,456,17,45
27121,2017,119,321,113,312,6,9
27121,2018,105,300,91,257,14,43
27121,2019,161,471,123,337,38,134
27121,2020,127,344,102,276,25,68
27121,2021,93,261,76,204,17,57
27123,2011,15749,42273,16617,45602,-868,-3329
27123,2012,16773,45484,17541,48237,-768,-2753
27123,2013,14308,38214,15671,43123,-1363,-4909
27123,2014,10654,28042,11026,29892,-372,-1850
27123,2015,16050,42256,17268,47004,-1218,-4748
27123,2016,22362,59136,24852,68291,-2490,-9155
27123,2017,16776,44020,18001,48480,-1225,-4460
27123,2018,16242,41927,18518,50069,-2276,-8142
27123,2019,16402,43100,20307,55955,-3905,-12855
27123,2020,16170,41064,20707,55423,-4537,-14359
27123,2021,16058,40712,19326,51307,-3268,-10595
27125,2011,44,134,44,131,0,3
27125,2012,43,117,60,169,-17,-52
27125,2013,56,179,60,179,-4,0
27125,2014,28,77,21,70,7,7
27125,2015,28,84,29,85,-1,-1
27125,2016,38,111,42,122,-4,-11
27125,2017,32,96,30,88,2,8
27125,2018,23,77,38,117,-15,-40
27125,2019,57,158,26,74,31,84
27125,2020,49,132,30,88,19,44
27125,2021,30,85,51,148,-21,-63
27127,2011,142,415,239,651,-97,-236
27127,2012,160,430,186,525,-26,-95
27127,2013,108,301,115,321,-7,-20
27127,2014,58,163,96,281,-38,-118
27127,2015,130,359,125,381,5,-22
27127,2016,182,545,186,563,-4,-18
27127,2017,104,330,124,350,-20,-20
27127,2018,122,364,140,409,-18,-45
27127,2019,123,350,115,324,8,26
27127,2020,104,275,122,319,-18,-44
27127,2021,87,226,91,254,-4,-28
27129,2011,153,451,214,618,-61,-167
27129,2012,177,514,226,641,-49,-127
27129,2013,92,277,143,365,-51,-88
27129,2014,50,156,97,273,-47,-117
27129,2015,102,305,142,409,-40,-104
27129,2016,206,627,199,568,7,59
27129,2017,138,408,117,324,21,84
27129,2018,118,337,137,411,-19,-74
27129,2019,127,380,175,518,-48,-138
27129,2020,164,419,135,358,29,61
27129,2021,118,320,105,283,13,37
27131,2011,940,2735,1052,3122,-112,-387
27131,2012,985,2831,1124,3200,-139,-369
27131,2013,844,2418,908,2546,-64,-128
27131,2014,576,1648,651,1834,-75,-186
27131,2015,892,2487,946,2697,-54,-210
27131,2016,1393,4090,1435,4021,-42,69
27131,2017,1008,2817,1070,3085,-62,-268
27131,2018,1101,3087,1067,2920,34,167
27131,2019,1074,3102,1092,3029,-18,73
27131,2020,1270,3446,1127,3049,143,397
27131,2021,1166,3163,1103,2970,63,193
27133,2011,85,245,111,348,-26,-103
27133,2012,81,242,108,290,-27,-48
27133,2013,71,210,77,219,-6,-9
27133,2014,69,202,49,117,20,85
27133,2015,52,160,67,185,-15,-25
27133,2016,133,396,118,346,15,50
27133,2017,76,226,60,170,16,56
27133,2018,91,267,76,187,15,80
27133,2019,53,170,70,208,-17,-38
27133,2020,84,266,66,178,18,88
27133,2021,81,252,70,192,11,60
27135,2011,120,337,158,427,-38,-90
27135,2012,118,329,154,396,-36,-67
27135,2015,24,82,23,65,1,17
27135,2017,23,58,70,184,-47,-126
27135,2018,61,174,NA,NA,NA,NA
27135,2019,21,55,24,62,-3,-7
27135,2021,21,61,20,61,1,0
27137,2011,2380,6348,2442,6418,-62,-70
27137,2012,2445,6436,2520,6692,-75,-256
27137,2013,1850,4898,2120,5603,-270,-705
27137,2014,1325,3388,1420,3628,-95,-240
27137,2015,2005,5279,2303,6060,-298,-781
27137,2016,2856,7688,3367,8851,-511,-1163
27137,2017,2212,5783,2410,6236,-198,-453
27137,2018,2032,5246,2337,5992,-305,-746
27137,2019,2313,6121,2546,6638,-233,-517
27137,2020,2313,6045,2433,6203,-120,-158
27137,2021,2351,5964,2461,6243,-110,-279
27139,2011,3483,10387,3311,10171,172,216
27139,2012,3797,11122,3307,9841,490,1281
27139,2013,3331,9711,2857,8210,474,1501
27139,2014,2209,6488,1971,5381,238,1107
27139,2015,3550,10268,3149,8960,401,1308
27139,2016,5235,15354,4571,13266,664,2088
27139,2017,3854,11145,3453,9752,401,1393
27139,2018,3886,11049,3274,9138,612,1911
27139,2019,4385,12814,3619,10353,766,2461
27139,2020,4301,12132,3625,9962,676,2170
27139,2021,3954,10964,3632,9820,322,1144
27141,2011,2564,7467,2500,7149,64,318
27141,2012,2594,7518,2524,7313,70,205
27141,2013,2222,6485,2212,6213,10,272
27141,2014,1512,4317,1556,4155,-44,162
27141,2015,2784,8125,2371,6641,413,1484
27141,2016,4075,12272,3497,10220,578,2052
27141,2017,2941,8462,2524,7132,417,1330
27141,2018,2907,8481,2533,7026,374,1455
27141,2019,3269,9608,2805,8055,464,1553
27141,2020,3267,9415,2780,7821,487,1594
27141,2021,3086,8732,2658,7152,428,1580
27143,2011,265,767,239,719,26,48
27143,2012,241,724,273,756,-32,-32
27143,2013,160,500,184,544,-24,-44
27143,2014,81,242,124,348,-43,-106
27143,2015,203,626,194,524,9,102
27143,2016,374,1113,303,846,71,267
27143,2017,199,575,199,570,0,5
27143,2018,201,576,240,707,-39,-131
27143,2019,252,718,265,750,-13,-32
27143,2020,264,727,251,672,13,55
27143,2021,217,594,225,629,-8,-35
27145,2011,2860,7872,3282,8932,-422,-1060
27145,2012,2953,8186,3320,9046,-367,-860
27145,2013,2959,8059,2861,7774,98,285
27145,2014,1995,5337,2051,5337,-56,0
27145,2015,2853,7680,3367,9052,-514,-1372
27145,2016,3991,11154,4619,12768,-628,-1614
27145,2017,2985,8102,3394,9134,-409,-1032
27145,2018,3018,8249,3400,9172,-382,-923
27145,2019,3376,9478,3614,9908,-238,-430
27145,2020,3320,9033,3542,9386,-222,-353
27145,2021,3056,8200,3410,8984,-354,-784
27147,2011,539,1606,545,1545,-6,61
27147,2012,518,1505,589,1682,-71,-177
27147,2013,413,1183,515,1418,-102,-235
27147,2014,275,818,329,920,-54,-102
27147,2015,440,1268,527,1460,-87,-192
27147,2016,680,1981,640,1806,40,175
27147,2017,440,1209,507,1412,-67,-203
27147,2018,461,1311,493,1312,-32,-1
27147,2019,489,1366,559,1556,-70,-190
27147,2020,563,1589,483,1299,80,290
27147,2021,516,1419,533,1452,-17,-33
27149,2011,118,353,64,203,54,150
27149,2012,44,132,88,268,-44,-136
27149,2016,26,79,55,173,-29,-94
27149,2017,23,56,21,44,2,12
27149,2020,20,49,21,65,-1,-16
27151,2011,71,228,137,405,-66,-177
27151,2012,63,198,117,367,-54,-169
27151,2013,43,126,41,139,2,-13
27151,2014,35,118,32,99,3,19
27151,2015,82,287,66,217,16,70
27151,2016,45,145,51,171,-6,-26
27151,2017,47,152,55,172,-8,-20
27151,2018,65,185,78,208,-13,-23
27151,2019,33,99,47,155,-14,-56
27151,2020,84,251,34,93,50,158
27151,2021,28,85,63,196,-35,-111
27153,2011,402,1198,424,1267,-22,-69
27153,2012,354,1085,401,1184,-47,-99
27153,2013,262,804,314,896,-52,-92
27153,2014,203,615,244,750,-41,-135
27153,2015,329,970,357,1038,-28,-68
27153,2016,505,1520,483,1427,22,93
27153,2017,345,1052,365,1093,-20,-41
27153,2018,319,923,344,977,-25,-54
27153,2019,358,1127,409,1189,-51,-62
27153,2020,380,1083,384,1052,-4,31
27153,2021,438,1265,386,1068,52,197
27155,2011,22,65,23,59,-1,6
27155,2012,22,66,11,36,11,30
27157,2011,381,1136,367,1031,14,105
27157,2012,357,1043,393,1114,-36,-71
27157,2013,258,747,295,818,-37,-71
27157,2014,189,534,199,587,-10,-53
27157,2015,293,824,274,755,19,69
27157,2016,505,1415,385,1040,120,375
27157,2017,281,801,286,793,-5,8
27157,2018,283,786,285,775,-2,11
27157,2019,335,935,295,802,40,133
27157,2020,327,885,276,728,51,157
27157,2021,322,856,279,723,43,133
27159,2011,285,843,294,863,-9,-20
27159,2012,277,842,265,791,12,51
27159,2013,190,561,163,493,27,68
27159,2014,140,412,102,293,38,119
27159,2015,161,481,177,530,-16,-49
27159,2016,274,875,351,1021,-77,-146
27159,2017,182,549,201,609,-19,-60
27159,2018,183,550,182,559,1,-9
27159,2019,223,661,172,553,51,108
27159,2020,213,626,193,574,20,52
27159,2021,161,483,224,681,-63,-198
27161,2011,293,817,411,1245,-118,-428
27161,2012,294,818,294,861,0,-43
27161,2013,203,611,236,640,-33,-29
27161,2014,99,286,157,416,-58,-130
27161,2015,276,747,236,654,40,93
27161,2016,340,928,384,1109,-44,-181
27161,2017,255,713,246,664,9,49
27161,2018,209,589,300,807,-91,-218
27161,2019,284,749,212,557,72,192
27161,2020,281,753,239,628,42,125
27161,2021,238,683,296,792,-58,-109
27163,2011,6690,19448,6165,17343,525,2105
27163,2012,6956,20270,6698,18603,258,1667
27163,2013,6011,17235,5874,16141,137,1094
27163,2014,3929,11066,4105,10845,-176,221
27163,2015,6481,18605,6500,17547,-19,1058
27163,2016,10098,29629,8945,24518,1153,5111
27163,2017,7306,20837,6638,17932,668,2905
27163,2018,7528,21331,6398,17112,1130,4219
27163,2019,8312,24094,6916,18916,1396,5178
27163,2020,8481,23734,6947,18559,1534,5175
27163,2021,8071,22418,7220,18809,851,3609
27165,2011,130,390,116,332,14,58
27165,2012,88,260,143,433,-55,-173
27165,2013,55,153,86,251,-31,-98
27165,2014,23,77,28,69,-5,8
27165,2015,33,82,93,251,-60,-169
27165,2016,140,377,145,400,-5,-23
27165,2017,71,190,88,256,-17,-66
27165,2018,71,204,104,285,-33,-81
27165,2019,63,167,96,287,-33,-120
27165,2020,62,180,96,270,-34,-90
27165,2021,32,93,59,171,-27,-78
27167,2011,123,372,141,402,-18,-30
27167,2012,131,380,126,350,5,30
27167,2013,132,371,122,331,10,40
27167,2014,32,91,99,260,-67,-169
27167,2015,120,338,123,355,-3,-17
27167,2016,151,448,144,378,7,70
27167,2017,83,234,131,350,-48,-116
27167,2018,91,256,109,290,-18,-34
27167,2019,126,364,110,307,16,57
27167,2020,97,263,146,398,-49,-135
27167,2021,93,251,145,380,-52,-129
27169,2011,611,1700,600,1641,11,59
27169,2012,560,1507,683,1766,-123,-259
27169,2013,444,1157,563,1456,-119,-299
27169,2014,290,768,402,1018,-112,-250
27169,2015,467,1261,586,1472,-119,-211
27169,2016,675,1850,909,2393,-234,-543
27169,2017,489,1261,590,1454,-101,-193
27169,2018,481,1238,618,1613,-137,-375
27169,2019,498,1289,607,1591,-109,-302
27169,2020,514,1304,515,1301,-1,3
27169,2021,519,1351,638,1604,-119,-253
27171,2011,2888,8330,2622,7635,266,695
27171,2012,3024,8975,2783,8127,241,848
27171,2013,2678,8049,2300,6612,378,1437
27171,2014,1719,4917,1643,4615,76,302
27171,2015,2909,8660,2692,7626,217,1034
27171,2016,4625,13820,3745,11088,880,2732
27171,2017,3333,9934,2790,7882,543,2052
27171,2018,3186,9277,2784,7771,402,1506
27171,2019,3901,11620,2973,8417,928,3203
27171,2020,4120,12090,2974,8247,1146,3843
27171,2021,3899,11253,2892,7803,1007,3450
27173,2011,121,345,104,295,17,50
27173,2012,127,347,99,267,28,80
27173,2013,80,219,96,264,-16,-45
27173,2014,27,70,77,225,-50,-155
27173,2015,105,318,64,184,41,134
27173,2016,102,294,111,310,-9,-16
27173,2017,79,225,81,242,-2,-17
27173,2018,76,214,69,185,7,29
27173,2019,60,181,92,259,-32,-78
27173,2020,75,220,77,218,-2,2
27173,2021,86,250,84,230,2,20
28001,2011,288,905,332,999,-44,-94
28001,2012,272,844,334,1055,-62,-211
28001,2013,201,628,221,679,-20,-51
28001,2014,137,444,221,711,-84,-267
28001,2015,157,490,208,634,-51,-144
28001,2016,190,594,267,849,-77,-255
28001,2017,156,509,214,667,-58,-158
28001,2018,128,418,197,620,-69,-202
28001,2019,186,622,210,653,-24,-31
28001,2020,114,368,178,551,-64,-183
28001,2021,140,429,157,482,-17,-53
28003,2011,347,1269,404,1573,-57,-304
28003,2012,416,1457,371,1466,45,-9
28003,2013,274,1001,318,1084,-44,-83
28003,2014,241,774,231,761,10,13
28003,2015,300,960,261,841,39,119
28003,2016,346,1109,359,1185,-13,-76
28003,2017,312,964,267,833,45,131
28003,2018,253,803,287,896,-34,-93
28003,2019,294,939,275,907,19,32
28003,2020,264,805,328,996,-64,-191
28003,2021,255,781,305,888,-50,-107
28005,2011,177,585,207,686,-30,-101
28005,2012,164,546,185,611,-21,-65
28005,2013,99,326,110,363,-11,-37
28005,2014,76,255,111,363,-35,-108
28005,2015,72,217,117,377,-45,-160
28005,2016,161,537,125,411,36,126
28005,2017,58,181,73,249,-15,-68
28005,2018,80,257,70,222,10,35
28005,2019,97,325,63,196,34,129
28005,2020,102,320,67,212,35,108
28005,2021,97,300,56,176,41,124
28007,2011,203,670,194,606,9,64
28007,2012,159,514,162,535,-3,-21
28007,2013,76,248,82,277,-6,-29
28007,2014,67,213,71,216,-4,-3
28007,2015,37,139,80,255,-43,-116
28007,2016,151,497,100,329,51,168
28007,2017,54,188,53,181,1,7
28007,2018,61,209,45,136,16,73
28007,2019,78,262,97,304,-19,-42
28007,2020,78,239,38,128,40,111
28007,2021,70,212,86,263,-16,-51
28009,2011,199,671,184,633,15,38
28009,2012,188,642,199,700,-11,-58
28009,2013,152,515,151,505,1,10
28009,2014,110,386,124,413,-14,-27
28009,2015,171,538,138,438,33,100
28009,2016,200,660,164,551,36,109
28009,2017,167,541,172,560,-5,-19
28009,2018,163,519,166,518,-3,1
28009,2019,169,540,149,504,20,36
28009,2020,143,429,155,484,-12,-55
28009,2021,131,404,158,480,-27,-76
28011,2011,390,1267,413,1292,-23,-25
28011,2012,439,1369,423,1338,16,31
28011,2013,285,917,343,1100,-58,-183
28011,2014,175,570,266,833,-91,-263
28011,2015,242,792,338,1065,-96,-273
28011,2016,256,779,428,1365,-172,-586
28011,2017,203,650,325,988,-122,-338
28011,2018,207,670,268,841,-61,-171
28011,2019,164,546,291,937,-127,-391
28011,2020,214,642,317,931,-103,-289
28011,2021,214,655,303,917,-89,-262
28013,2011,132,487,141,463,-9,24
28013,2012,140,504,122,415,18,89
28013,2013,39,144,64,225,-25,-81
28013,2014,23,83,41,140,-18,-57
28013,2015,34,112,72,235,-38,-123
28013,2016,110,358,110,384,0,-26
28013,2017,28,92,67,221,-39,-129
28013,2018,33,116,67,229,-34,-113
28013,2019,68,237,116,377,-48,-140
28013,2020,86,277,121,381,-35,-104
28013,2021,96,264,96,288,0,-24
28015,2011,208,692,184,622,24,70
28015,2012,140,490,158,503,-18,-13
28015,2013,122,408,124,411,-2,-3
28015,2014,98,336,98,318,0,18
28015,2015,135,437,99,318,36,119
28015,2016,147,479,145,476,2,3
28015,2017,125,403,139,441,-14,-38
28015,2018,71,235,114,357,-43,-122
28015,2019,133,440,104,342,29,98
28015,2020,134,436,114,366,20,70
28015,2021,111,364,111,347,0,17
28017,2011,233,788,275,940,-42,-152
28017,2012,263,889,309,1060,-46,-171
28017,2013,214,710,221,762,-7,-52
28017,2014,174,551,215,701,-41,-150
28017,2015,170,535,239,767,-69,-232
28017,2016,228,780,305,950,-77,-170
28017,2017,221,694,222,733,-1,-39
28017,2018,192,612,237,768,-45,-156
28017,2019,205,668,250,794,-45,-126
28017,2020,203,635,207,640,-4,-5
28017,2021,189,554,262,759,-73,-205
28019,2011,128,432,110,379,18,53
28019,2012,90,311,85,275,5,36
28019,2013,79,243,45,141,34,102
28019,2014,52,177,50,153,2,24
28019,2015,54,183,59,191,-5,-8
28019,2016,41,133,78,260,-37,-127
28019,2017,80,254,72,224,8,30
28019,2018,53,172,28,94,25,78
28019,2019,64,201,51,157,13,44
28019,2020,35,101,64,183,-29,-82
28019,2021,60,184,55,154,5,30
28021,2011,134,443,308,1021,-174,-578
28021,2012,93,313,108,378,-15,-65
28021,2013,59,197,65,215,-6,-18
28021,2014,46,160,50,164,-4,-4
28021,2015,39,134,40,122,-1,12
28021,2016,33,111,93,293,-60,-182
28021,2017,34,113,64,198,-30,-85
28021,2018,32,99,48,160,-16,-61
28021,2019,33,109,39,130,-6,-21
28021,2020,20,59,38,127,-18,-68
28021,2021,50,132,27,89,23,43
28023,2011,225,723,402,1312,-177,-589
28023,2012,207,676,233,753,-26,-77
28023,2013,169,525,209,693,-40,-168
28023,2014,135,437,177,555,-42,-118
28023,2015,164,546,164,524,0,22
28023,2016,192,638,191,629,1,9
28023,2017,119,378,190,603,-71,-225
28023,2018,125,417,137,429,-12,-12
28023,2019,158,498,165,562,-7,-64
28023,2020,158,474,168,530,-10,-56
28023,2021,114,370,162,490,-48,-120
28025,2011,288,899,270,860,18,39
28025,2012,223,697,220,662,3,35
28025,2013,165,465,178,559,-13,-94
28025,2014,139,440,170,520,-31,-80
28025,2015,123,382,179,540,-56,-158
28025,2016,219,670,220,667,-1,3
28025,2017,166,529,224,722,-58,-193
28025,2018,192,580,161,483,31,97
28025,2019,205,647,201,628,4,19
28025,2020,156,471,211,607,-55,-136
28025,2021,165,515,196,540,-31,-25
28027,2011,256,815,339,1130,-83,-315
28027,2012,234,781,322,1057,-88,-276
28027,2013,156,492,205,665,-49,-173
28027,2014,82,273,165,534,-83,-261
28027,2015,87,286,246,817,-159,-531
28027,2016,158,524,247,822,-89,-298
28027,2017,102,334,202,673,-100,-339
28027,2018,131,415,200,660,-69,-245
28027,2019,123,390,206,645,-83,-255
28027,2020,132,404,217,691,-85,-287
28027,2021,108,322,192,582,-84,-260
28029,2011,328,1054,477,1464,-149,-410
28029,2012,339,1098,338,1098,1,0
28029,2013,260,795,294,907,-34,-112
28029,2014,238,763,244,770,-6,-7
28029,2015,258,809,257,853,1,-44
28029,2016,342,1097,343,1105,-1,-8
28029,2017,266,858,274,899,-8,-41
28029,2018,243,771,272,873,-29,-102
28029,2019,245,755,308,970,-63,-215
28029,2020,220,674,269,835,-49,-161
28029,2021,276,859,282,855,-6,4
28031,2011,338,1107,391,1314,-53,-207
28031,2012,312,1024,322,1064,-10,-40
28031,2013,261,861,284,942,-23,-81
28031,2014,260,849,241,769,19,80
28031,2015,235,735,244,805,-9,-70
28031,2016,256,829,276,882,-20,-53
28031,2017,196,643,265,878,-69,-235
28031,2018,227,741,223,706,4,35
28031,2019,234,756,219,734,15,22
28031,2020,234,715,242,748,-8,-33
28031,2021,193,592,241,734,-48,-142
28033,2011,3848,12306,3246,10106,602,2200
28033,2012,3935,12519,3326,10551,609,1968
28033,2013,3351,10655,2817,8810,534,1845
28033,2014,2669,8494,2320,6966,349,1528
28033,2015,3599,11396,2800,8548,799,2848
28033,2016,4867,15314,3339,10394,1528,4920
28033,2017,3885,12140,3029,9205,856,2935
28033,2018,3804,11827,2929,8812,875,3015
28033,2019,4361,13652,3160,9675,1201,3977
28033,2020,4433,13234,3301,9685,1132,3549
28033,2021,4427,13169,3497,9977,930,3192
28035,2011,2041,6232,2291,6933,-250,-701
28035,2012,2027,6098,2214,6840,-187,-742
28035,2013,1767,5389,1878,5807,-111,-418
28035,2014,1363,4106,1439,4303,-76,-197
28035,2015,1622,4792,1797,5297,-175,-505
28035,2016,1913,5846,2215,6647,-302,-801
28035,2017,1502,4482,1775,5312,-273,-830
28035,2018,1447,4302,1623,4831,-176,-529
28035,2019,1495,4494,1616,4913,-121,-419
28035,2020,1516,4402,1700,4937,-184,-535
28035,2021,1469,4237,1501,4228,-32,9
28037,2011,70,240,81,287,-11,-47
28037,2012,71,241,88,272,-17,-31
28037,2013,24,86,27,86,-3,0
28037,2014,23,80,30,99,-7,-19
28037,2015,22,78,26,95,-4,-17
28037,2016,73,231,35,130,38,101
28037,2017,21,81,52,173,-31,-92
28037,2018,26,82,21,62,5,20
28037,2019,43,135,44,122,-1,13
28037,2020,20,61,38,122,-18,-61
28037,2021,29,87,25,79,4,8
28039,2011,375,1314,311,1027,64,287
28039,2012,254,849,229,797,25,52
28039,2013,218,782,229,786,-11,-4
28039,2014,193,647,185,588,8,59
28039,2015,239,803,204,701,35,102
28039,2016,343,1213,232,769,111,444
28039,2017,265,895,231,776,34,119
28039,2018,246,830,228,721,18,109
28039,2019,281,937,260,868,21,69
28039,2020,365,1134,260,827,105,307
28039,2021,318,1036,245,771,73,265
28041,2011,202,715,168,542,34,173
28041,2012,171,561,206,685,-35,-124
28041,2013,119,413,91,330,28,83
28041,2014,59,195,75,236,-16,-41
28041,2015,117,408,91,307,26,101
28041,2016,127,433,135,462,-8,-29
28041,2017,109,371,110,353,-1,18
28041,2018,55,182,84,288,-29,-106
28041,2019,86,285,123,384,-37,-99
28041,2020,226,604,108,345,118,259
28041,2021,119,392,73,246,46,146
28043,2011,278,898,288,931,-10,-33
28043,2012,269,861,280,888,-11,-27
28043,2013,173,578,229,730,-56,-152
28043,2014,136,426,148,421,-12,5
28043,2015,128,438,208,653,-80,-215
28043,2016,160,557,189,587,-29,-30
28043,2017,180,587,219,684,-39,-97
28043,2018,182,591,143,451,39,140
28043,2019,167,563,232,712,-65,-149
28043,2020,142,450,234,727,-92,-277
28043,2021,171,543,154,483,17,60
28045,2011,788,2417,673,2039,115,378
28045,2012,813,2512,709,2223,104,289
28045,2013,690,2149,645,1978,45,171
28045,2014,584,1800,452,1401,132,399
28045,2015,682,2132,695,2131,-13,1
28045,2016,965,2991,764,2375,201,616
28045,2017,707,2142,618,1928,89,214
28045,2018,651,2021,601,1862,50,159
28045,2019,762,2307,629,1979,133,328
28045,2020,827,2403,692,2037,135,366
28045,2021,736,2149,696,2024,40,125
28047,2011,4456,13327,4218,12574,238,753
28047,2012,4256,12980,4306,13136,-50,-156
28047,2013,3217,9917,3412,10391,-195,-474
28047,2014,2470,7552,2631,7881,-161,-329
28047,2015,3209,9811,3387,10324,-178,-513
28047,2016,4366,13480,4196,13053,170,427
28047,2017,3197,9757,3359,10073,-162,-316
28047,2018,3078,9214,3124,9392,-46,-178
28047,2019,3330,10153,3372,10398,-42,-245
28047,2020,3464,10175,3579,10403,-115,-228
28047,2021,3406,9708,3307,9600,99,108
28049,2011,5045,14301,5942,17164,-897,-2863
28049,2012,4295,12954,5631,16667,-1336,-3713
28049,2013,3283,9850,4509,13401,-1226,-3551
28049,2014,3153,9400,3545,10616,-392,-1216
28049,2015,3144,9317,4246,12556,-1102,-3239
28049,2016,3684,10984,5399,16062,-1715,-5078
28049,2017,2956,8616,4234,12631,-1278,-4015
28049,2018,2648,7806,4060,12059,-1412,-4253
28049,2019,2837,8427,4314,12879,-1477,-4452
28049,2020,2831,8008,4420,12790,-1589,-4782
28049,2021,2533,7051,4078,11622,-1545,-4571
28051,2011,318,1039,289,945,29,94
28051,2012,187,608,219,751,-32,-143
28051,2013,127,400,209,668,-82,-268
28051,2014,100,316,207,669,-107,-353
28051,2015,92,288,176,582,-84,-294
28051,2016,125,412,196,624,-71,-212
28051,2017,90,287,116,393,-26,-106
28051,2018,81,262,125,409,-44,-147
28051,2019,86,274,170,561,-84,-287
28051,2020,69,197,158,481,-89,-284
28051,2021,93,280,115,343,-22,-63
28053,2011,123,372,140,394,-17,-22
28053,2012,53,163,116,353,-63,-190
28053,2013,22,65,NA,NA,NA,NA
28053,2015,22,69,20,67,2,2
28053,2016,20,61,43,144,-23,-83
28053,2017,21,69,NA,NA,NA,NA
28055,2011,41,129,NA,NA,NA,NA
28057,2011,356,1180,377,1262,-21,-82
28057,2012,383,1245,363,1177,20,68
28057,2013,365,1232,330,1056,35,176
28057,2014,276,899,285,912,-9,-13
28057,2015,327,1036,338,1091,-11,-55
28057,2016,404,1341,417,1333,-13,8
28057,2017,337,1058,365,1190,-28,-132
28057,2018,338,1136,346,1129,-8,7
28057,2019,403,1298,372,1175,31,123
28057,2020,378,1124,358,1068,20,56
28057,2021,354,1067,350,1066,4,1
28059,2011,2193,6786,2718,8442,-525,-1656
28059,2012,2415,7572,2267,6942,148,630
28059,2013,1834,5718,1988,6122,-154,-404
28059,2014,1460,4499,1765,5390,-305,-891
28059,2015,1852,5557,1909,5806,-57,-249
28059,2016,2384,7381,2251,6977,133,404
28059,2017,1970,6019,1761,5285,209,734
28059,2018,1782,5386,1762,5351,20,35
28059,2019,2062,6376,1937,5808,125,568
28059,2020,2167,6407,2063,6025,104,382
28059,2021,1973,5724,1943,5515,30,209
28061,2011,266,854,362,1190,-96,-336
28061,2012,324,1080,289,942,35,138
28061,2013,280,916,247,777,33,139
28061,2014,213,678,198,626,15,52
28061,2015,255,847,205,660,50,187
28061,2016,255,831,221,706,34,125
28061,2017,186,590,198,663,-12,-73
28061,2018,167,575,194,611,-27,-36
28061,2019,165,548,176,556,-11,-8
28061,2020,178,541,144,480,34,61
28061,2021,165,520,161,487,4,33
28063,2011,153,511,123,420,30,91
28063,2012,87,303,94,317,-7,-14
28063,2013,30,106,48,157,-18,-51
28063,2014,29,96,51,159,-22,-63
28063,2015,21,63,39,130,-18,-67
28063,2016,52,169,34,108,18,61
28063,2017,31,103,33,108,-2,-5
28063,2018,26,80,24,81,2,-1
28063,2019,32,105,37,129,-5,-24
28063,2020,24,74,35,119,-11,-45
28063,2021,25,76,40,118,-15,-42
28065,2011,336,1077,227,746,109,331
28065,2012,186,609,234,747,-48,-138
28065,2013,154,499,141,462,13,37
28065,2014,123,387,124,393,-1,-6
28065,2015,102,326,134,426,-32,-100
28065,2016,117,388,193,640,-76,-252
28065,2017,138,450,92,313,46,137
28065,2018,24,66,107,350,-83,-284
28065,2019,81,274,114,374,-33,-100
28065,2020,132,408,91,285,41,123
28065,2021,57,187,125,397,-68,-210
28067,2011,1033,3360,890,2887,143,473
28067,2012,861,2807,975,3209,-114,-402
28067,2013,714,2300,841,2737,-127,-437
28067,2014,604,1882,586,1817,18,65
28067,2015,647,2046,746,2382,-99,-336
28067,2016,710,2244,877,2805,-167,-561
28067,2017,643,2087,556,1713,87,374
28067,2018,627,1957,572,1855,55,102
28067,2019,566,1862,735,2368,-169,-506
28067,2020,605,1851,744,2264,-139,-413
28067,2021,593,1758,578,1732,15,26
28069,2011,194,642,75,249,119,393
28069,2012,91,302,117,359,-26,-57
28069,2013,88,281,93,299,-5,-18
28069,2014,45,135,105,359,-60,-224
28069,2015,88,289,95,300,-7,-11
28069,2016,94,302,88,273,6,29
28069,2017,64,194,88,272,-24,-78
28069,2018,74,229,67,214,7,15
28069,2019,79,256,85,287,-6,-31
28069,2020,63,204,101,298,-38,-94
28069,2021,40,109,72,210,-32,-101
28071,2011,721,2156,687,1950,34,206
28071,2012,712,2109,689,1934,23,175
28071,2013,499,1510,532,1550,-33,-40
28071,2014,495,1429,336,970,159,459
28071,2015,559,1632,523,1502,36,130
28071,2016,752,2235,764,2166,-12,69
28071,2017,520,1560,518,1447,2,113
28071,2018,585,1744,521,1436,64,308
28071,2019,601,1795,704,1968,-103,-173
28071,2020,721,2123,616,1654,105,469
28071,2021,684,1971,670,1813,14,158
28073,2011,1898,5877,1545,4739,353,1138
28073,2012,1664,5285,1705,5147,-41,138
28073,2013,1466,4596,1334,4081,132,515
28073,2014,1158,3533,1057,3227,101,306
28073,2015,1330,4085,1320,4010,10,75
28073,2016,1739,5461,1709,5257,30,204
28073,2017,1419,4337,1240,3734,179,603
28073,2018,1248,3861,1266,3787,-18,74
28073,2019,1361,4247,1270,3879,91,368
28073,2020,1497,4482,1307,3880,190,602
28073,2021,1347,3844,1279,3741,68,103
28075,2011,935,2886,867,2573,68,313
28075,2012,707,2195,861,2616,-154,-421
28075,2013,492,1519,692,2173,-200,-654
28075,2014,408,1228,442,1375,-34,-147
28075,2015,435,1296,673,2024,-238,-728
28075,2016,632,1886,882,2763,-250,-877
28075,2017,464,1439,557,1686,-93,-247
28075,2018,423,1243,586,1742,-163,-499
28075,2019,437,1307,519,1589,-82,-282
28075,2020,459,1326,641,1833,-182,-507
28075,2021,430,1207,517,1500,-87,-293
28077,2011,153,473,294,950,-141,-477
28077,2012,164,532,153,505,11,27
28077,2013,73,251,100,317,-27,-66
28077,2014,38,126,48,141,-10,-15
28077,2015,66,223,73,247,-7,-24
28077,2016,71,236,96,335,-25,-99
28077,2017,50,158,92,311,-42,-153
28077,2018,55,185,29,109,26,76
28077,2019,24,88,64,212,-40,-124
28077,2020,56,188,55,184,1,4
28077,2021,57,188,49,155,8,33
28079,2011,309,1046,334,1135,-25,-89
28079,2012,313,1047,288,1042,25,5
28079,2013,235,781,253,828,-18,-47
28079,2014,230,767,232,758,-2,9
28079,2015,232,777,206,686,26,91
28079,2016,305,996,311,1046,-6,-50
28079,2017,242,791,262,856,-20,-65
28079,2018,236,749,195,642,41,107
28079,2019,250,809,253,843,-3,-34
28079,2020,299,965,231,730,68,235
28079,2021,204,635,254,808,-50,-173
28081,2011,1447,4612,1451,4588,-4,24
28081,2012,1420,4631,1460,4655,-40,-24
28081,2013,1203,3780,1260,4043,-57,-263
28081,2014,1001,3058,975,3015,26,43
28081,2015,1160,3613,1184,3728,-24,-115
28081,2016,1480,4543,1420,4502,60,41
28081,2017,1245,3863,1157,3615,88,248
28081,2018,1103,3384,1127,3540,-24,-156
28081,2019,1210,3750,1179,3739,31,11
28081,2020,1211,3604,1201,3566,10,38
28081,2021,1240,3592,1196,3563,44,29
28083,2011,355,1129,449,1416,-94,-287
28083,2012,316,1018,364,1186,-48,-168
28083,2013,151,482,305,978,-154,-496
28083,2014,197,623,231,740,-34,-117
28083,2015,148,472,265,866,-117,-394
28083,2016,171,546,322,1017,-151,-471
28083,2017,158,501,250,810,-92,-309
28083,2018,156,492,260,837,-104,-345
28083,2019,133,419,221,701,-88,-282
28083,2020,134,404,231,717,-97,-313
28083,2021,102,297,179,544,-77,-247
28085,2011,343,1135,303,976,40,159
28085,2012,304,1014,372,1212,-68,-198
28085,2013,218,688,267,867,-49,-179
28085,2014,206,642,211,677,-5,-35
28085,2015,233,791,236,789,-3,2
28085,2016,325,1109,340,1098,-15,11
28085,2017,260,838,248,810,12,28
28085,2018,221,709,234,767,-13,-58
28085,2019,308,1029,239,799,69,230
28085,2020,277,920,277,876,0,44
28085,2021,273,859,260,800,13,59
28087,2011,716,2144,717,2173,-1,-29
28087,2012,712,2135,724,2183,-12,-48
28087,2013,485,1437,456,1395,29,42
28087,2014,336,1045,382,1210,-46,-165
28087,2015,507,1486,476,1428,31,58
28087,2016,601,1754,733,2286,-132,-532
28087,2017,469,1438,472,1426,-3,12
28087,2018,436,1288,391,1182,45,106
28087,2019,426,1269,511,1638,-85,-369
28087,2020,497,1476,511,1533,-14,-57
28087,2021,452,1288,502,1502,-50,-214
28089,2011,2625,7951,2289,6671,336,1280
28089,2012,2722,8311,2252,6783,470,1528
28089,2013,2086,6395,1797,5343,289,1052
28089,2014,1777,5352,1401,4142,376,1210
28089,2015,2245,6783,1747,5101,498,1682
28089,2016,2792,8551,2394,7121,398,1430
28089,2017,2143,6555,1934,5695,209,860
28089,2018,2093,6305,1768,5228,325,1077
28089,2019,2265,6831,1937,5778,328,1053
28089,2020,2347,6885,1892,5426,455,1459
28089,2021,2187,6336,1814,5060,373,1276
28091,2011,268,871,333,1102,-65,-231
28091,2012,240,795,298,993,-58,-198
28091,2013,154,501,336,1113,-182,-612
28091,2014,170,548,182,632,-12,-84
28091,2015,160,535,195,626,-35,-91
28091,2016,230,781,218,750,12,31
28091,2017,165,557,211,688,-46,-131
28091,2018,153,489,166,514,-13,-25
28091,2019,186,609,178,593,8,16
28091,2020,185,583,197,607,-12,-24
28091,2021,169,528,165,511,4,17
28093,2011,718,2269,779,2552,-61,-283
28093,2012,742,2416,712,2303,30,113
28093,2013,608,1934,718,2319,-110,-385
28093,2014,520,1640,526,1654,-6,-14
28093,2015,612,1964,617,1973,-5,-9
28093,2016,746,2368,715,2292,31,76
28093,2017,667,2145,611,1875,56,270
28093,2018,592,1836,647,1988,-55,-152
28093,2019,715,2295,665,2093,50,202
28093,2020,725,2169,627,1915,98,254
28093,2021,710,2164,583,1700,127,464
28095,2011,523,1642,588,1863,-65,-221
28095,2012,482,1530,485,1522,-3,8
28095,2013,357,1184,366,1194,-9,-10
28095,2014,268,827,297,919,-29,-92
28095,2015,359,1146,292,928,67,218
28095,2016,441,1409,377,1199,64,210
28095,2017,353,1155,358,1125,-5,30
28095,2018,309,1010,345,1109,-36,-99
28095,2019,341,1091,356,1131,-15,-40
28095,2020,367,1109,384,1171,-17,-62
28095,2021,394,1210,360,1108,34,102
28097,2011,119,386,135,427,-16,-41
28097,2012,81,257,111,385,-30,-128
28097,2013,69,233,82,284,-13,-51
28097,2014,37,110,75,238,-38,-128
28097,2015,81,245,64,215,17,30
28097,2016,80,256,87,276,-7,-20
28097,2017,79,260,76,248,3,12
28097,2018,66,211,67,220,-1,-9
28097,2019,87,274,91,313,-4,-39
28097,2020,79,242,75,245,4,-3
28097,2021,80,257,61,211,19,46
28099,2011,294,1002,398,1306,-104,-304
28099,2012,294,979,296,1006,-2,-27
28099,2013,227,815,211,711,16,104
28099,2014,229,750,190,608,39,142
28099,2015,218,756,225,723,-7,33
28099,2016,281,927,267,891,14,36
28099,2017,272,879,266,886,6,-7
28099,2018,210,673,201,666,9,7
28099,2019,242,818,254,843,-12,-25
28099,2020,228,730,259,832,-31,-102
28099,2021,252,808,225,711,27,97
28101,2011,240,793,280,945,-40,-152
28101,2012,258,853,233,800,25,53
28101,2013,194,655,222,775,-28,-120
28101,2014,185,620,200,658,-15,-38
28101,2015,245,836,211,690,34,146
28101,2016,257,868,237,779,20,89
28101,2017,195,652,250,790,-55,-138
28101,2018,188,599,206,672,-18,-73
28101,2019,209,685,186,608,23,77
28101,2020,175,550,238,759,-63,-209
28101,2021,183,566,227,706,-44,-140
28103,2011,147,451,126,374,21,77
28103,2012,73,220,110,365,-37,-145
28103,2013,43,155,82,268,-39,-113
28103,2014,37,121,72,234,-35,-113
28103,2015,52,153,48,147,4,6
28103,2016,38,125,93,310,-55,-185
28103,2017,30,96,68,211,-38,-115
28103,2018,31,98,86,273,-55,-175
28103,2019,39,135,81,259,-42,-124
28103,2020,42,127,68,199,-26,-72
28103,2021,52,161,75,228,-23,-67
28105,2011,676,1967,716,2047,-40,-80
28105,2012,597,1692,835,2353,-238,-661
28105,2013,443,1309,568,1597,-125,-288
28105,2014,450,1309,419,1183,31,126
28105,2015,475,1381,593,1697,-118,-316
28105,2016,571,1649,858,2462,-287,-813
28105,2017,458,1307,583,1652,-125,-345
28105,2018,456,1321,525,1515,-69,-194
28105,2019,506,1448,677,1949,-171,-501
28105,2020,520,1421,591,1625,-71,-204
28105,2021,544,1501,726,1996,-182,-495
28107,2011,504,1609,509,1636,-5,-27
28107,2012,476,1498,481,1578,-5,-80
28107,2013,403,1300,405,1368,-2,-68
28107,2014,282,905,396,1282,-114,-377
28107,2015,341,1058,377,1178,-36,-120
28107,2016,439,1440,462,1486,-23,-46
28107,2017,356,1126,382,1204,-26,-78
28107,2018,329,1035,382,1191,-53,-156
28107,2019,439,1391,407,1266,32,125
28107,2020,415,1298,419,1281,-4,17
28107,2021,373,1160,429,1324,-56,-164
28109,2011,649,2107,749,2406,-100,-299
28109,2012,734,2340,749,2333,-15,7
28109,2013,607,1939,519,1646,88,293
28109,2014,433,1406,483,1481,-50,-75
28109,2015,584,1867,521,1618,63,249
28109,2016,795,2559,650,2018,145,541
28109,2017,650,2052,635,1950,15,102
28109,2018,633,2017,540,1659,93,358
28109,2019,667,2173,538,1651,129,522
28109,2020,857,2608,646,1881,211,727
28109,2021,938,2893,530,1520,408,1373
28111,2011,197,633,309,1060,-112,-427
28111,2012,190,647,204,671,-14,-24
28111,2013,169,559,137,457,32,102
28111,2014,85,272,100,328,-15,-56
28111,2015,151,483,137,425,14,58
28111,2016,193,592,166,553,27,39
28111,2017,137,428,157,512,-20,-84
28111,2018,108,322,77,248,31,74
28111,2019,151,483,133,421,18,62
28111,2020,145,462,107,321,38,141
28111,2021,86,267,156,492,-70,-225
28113,2011,476,1517,581,1840,-105,-323
28113,2012,460,1482,537,1733,-77,-251
28113,2013,287,945,355,1127,-68,-182
28113,2014,221,717,275,876,-54,-159
28113,2015,265,884,326,1035,-61,-151
28113,2016,375,1226,458,1505,-83,-279
28113,2017,284,973,323,1006,-39,-33
28113,2018,266,841,225,715,41,126
28113,2019,308,984,375,1232,-67,-248
28113,2020,265,842,331,1045,-66,-203
28113,2021,271,814,321,1015,-50,-201
28115,2011,677,2384,504,1912,173,472
28115,2012,618,2126,630,2351,-12,-225
28115,2013,516,1738,530,1772,-14,-34
28115,2014,329,1071,328,1097,1,-26
28115,2015,451,1508,333,1079,118,429
28115,2016,504,1665,514,1671,-10,-6
28115,2017,445,1445,401,1312,44,133
28115,2018,434,1414,375,1206,59,208
28115,2019,499,1582,392,1256,107,326
28115,2020,515,1576,466,1452,49,124
28115,2021,481,1443,465,1380,16,63
28117,2011,290,939,332,1089,-42,-150
28117,2012,333,1082,340,1172,-7,-90
28117,2013,270,867,290,946,-20,-79
28117,2014,242,778,208,652,34,126
28117,2015,248,783,243,770,5,13
28117,2016,319,1052,366,1181,-47,-129
28117,2017,245,769,260,835,-15,-66
28117,2018,258,825,232,751,26,74
28117,2019,319,1088,276,896,43,192
28117,2020,283,867,291,902,-8,-35
28117,2021,288,877,275,834,13,43
28119,2011,126,411,156,513,-30,-102
28119,2012,134,451,95,322,39,129
28119,2013,38,128,67,216,-29,-88
28119,2014,50,173,39,115,11,58
28119,2015,50,175,37,127,13,48
28119,2016,82,260,96,343,-14,-83
28119,2018,27,99,69,238,-42,-139
28119,2020,30,106,49,158,-19,-52
28119,2021,33,110,67,210,-34,-100
28121,2011,3238,9514,2864,8533,374,981
28121,2012,3101,9250,2917,8927,184,323
28121,2013,2642,7958,2215,6740,427,1218
28121,2014,2085,6252,1795,5393,290,859
28121,2015,2686,7936,2170,6551,516,1385
28121,2016,3404,10090,2886,8760,518,1330
28121,2017,2534,7632,2128,6364,406,1268
28121,2018,2268,6738,2078,6182,190,556
28121,2019,2695,8040,2173,6617,522,1423
28121,2020,2902,8305,2540,7299,362,1006
28121,2021,2617,7476,2146,6115,471,1361
28123,2011,352,1147,371,1256,-19,-109
28123,2012,395,1431,450,1480,-55,-49
28123,2013,308,1026,358,1231,-50,-205
28123,2014,260,874,357,1224,-97,-350
28123,2015,246,841,334,1123,-88,-282
28123,2016,324,1148,385,1243,-61,-95
28123,2017,263,860,316,1026,-53,-166
28123,2018,234,762,327,1035,-93,-273
28123,2019,238,819,330,1064,-92,-245
28123,2020,279,892,324,1032,-45,-140
28123,2021,296,911,295,889,1,22
28125,2011,31,89,90,298,-59,-209
28125,2012,48,156,59,200,-11,-44
28125,2016,23,80,20,76,3,4
28127,2011,525,1655,468,1498,57,157
28127,2012,425,1356,429,1310,-4,46
28127,2013,305,1007,262,888,43,119
28127,2014,235,746,304,970,-69,-224
28127,2015,303,961,291,978,12,-17
28127,2016,364,1143,377,1240,-13,-97
28127,2017,284,911,298,966,-14,-55
28127,2018,283,896,239,781,44,115
28127,2019,257,832,271,852,-14,-20
28127,2020,263,850,256,778,7,72
28127,2021,266,845,277,831,-11,14
28129,2011,311,1079,304,994,7,85
28129,2012,223,755,231,748,-8,7
28129,2013,200,733,207,708,-7,25
28129,2014,154,525,190,639,-36,-114
28129,2015,199,694,171,557,28,137
28129,2016,226,782,236,822,-10,-40
28129,2017,184,639,210,712,-26,-73
28129,2018,168,538,208,682,-40,-144
28129,2019,196,650,176,586,20,64
28129,2020,187,642,196,620,-9,22
28129,2021,172,548,168,518,4,30
28131,2011,340,1117,307,1015,33,102
28131,2012,251,813,300,969,-49,-156
28131,2013,241,747,239,784,2,-37
28131,2014,147,492,141,484,6,8
28131,2015,206,651,199,616,7,35
28131,2016,309,982,226,707,83,275
28131,2017,252,821,197,637,55,184
28131,2018,213,652,170,538,43,114
28131,2019,238,764,197,643,41,121
28131,2020,322,929,266,783,56,146
28131,2021,270,823,241,708,29,115
28133,2011,325,1017,484,1606,-159,-589
28133,2012,310,1016,371,1207,-61,-191
28133,2013,227,752,296,969,-69,-217
28133,2014,195,622,264,835,-69,-213
28133,2015,179,592,283,894,-104,-302
28133,2016,205,660,345,1125,-140,-465
28133,2017,186,596,249,821,-63,-225
28133,2018,195,630,242,779,-47,-149
28133,2019,124,406,291,918,-167,-512
28133,2020,220,657,285,840,-65,-183
28133,2021,160,504,233,704,-73,-200
28135,2011,262,881,226,731,36,150
28135,2012,185,623,215,717,-30,-94
28135,2013,83,268,117,392,-34,-124
28135,2014,79,273,130,432,-51,-159
28135,2015,90,288,121,395,-31,-107
28135,2016,79,231,135,446,-56,-215
28135,2017,51,172,86,278,-35,-106
28135,2018,46,153,98,321,-52,-168
28135,2019,76,238,122,398,-46,-160
28135,2020,23,70,92,274,-69,-204
28135,2021,26,79,50,151,-24,-72
28137,2011,491,1608,546,1736,-55,-128
28137,2012,475,1539,491,1608,-16,-69
28137,2013,463,1587,475,1549,-12,38
28137,2014,386,1230,382,1228,4,2
28137,2015,442,1446,465,1510,-23,-64
28137,2016,601,1985,550,1756,51,229
28137,2017,460,1461,473,1524,-13,-63
28137,2018,474,1478,448,1380,26,98
28137,2019,584,1872,446,1394,138,478
28137,2020,493,1575,493,1507,0,68
28137,2021,511,1584,440,1315,71,269
28139,2011,310,1189,297,1174,13,15
28139,2012,284,1001,294,1208,-10,-207
28139,2013,228,802,239,803,-11,-1
28139,2014,127,402,155,513,-28,-111
28139,2015,167,534,128,431,39,103
28139,2016,251,837,256,800,-5,37
28139,2017,170,554,158,509,12,45
28139,2018,165,525,196,613,-31,-88
28139,2019,141,459,213,680,-72,-221
28139,2020,155,496,231,694,-76,-198
28139,2021,193,577,194,621,-1,-44
28141,2011,235,820,182,622,53,198
28141,2012,164,586,204,625,-40,-39
28141,2013,198,676,104,368,94,308
28141,2014,129,440,117,370,12,70
28141,2015,133,459,165,535,-32,-76
28141,2016,274,915,194,658,80,257
28141,2017,177,568,148,469,29,99
28141,2018,157,514,170,552,-13,-38
28141,2019,215,670,163,529,52,141
28141,2020,207,619,141,435,66,184
28141,2021,193,609,174,535,19,74
28143,2011,271,868,296,977,-25,-109
28143,2012,248,821,293,967,-45,-146
28143,2013,213,688,234,745,-21,-57
28143,2014,146,465,184,604,-38,-139
28143,2015,160,505,212,715,-52,-210
28143,2016,180,562,277,921,-97,-359
28143,2017,169,544,206,689,-37,-145
28143,2018,131,434,223,729,-92,-295
28143,2019,140,461,213,688,-73,-227
28143,2020,173,529,211,651,-38,-122
28143,2021,166,510,191,609,-25,-99
28145,2011,493,1663,546,2140,-53,-477
28145,2012,453,1515,471,1737,-18,-222
28145,2013,384,1281,373,1236,11,45
28145,2014,261,894,274,879,-13,15
28145,2015,284,938,339,1100,-55,-162
28145,2016,505,1650,438,1404,67,246
28145,2017,382,1260,374,1202,8,58
28145,2018,377,1215,341,1062,36,153
28145,2019,411,1350,432,1355,-21,-5
28145,2020,469,1460,311,946,158,514
28145,2021,393,1219,347,1036,46,183
28147,2011,160,551,230,746,-70,-195
28147,2012,173,563,206,717,-33,-154
28147,2013,132,472,124,415,8,57
28147,2014,70,254,138,468,-68,-214
28147,2015,118,397,127,435,-9,-38
28147,2016,160,516,153,518,7,-2
28147,2017,88,291,139,488,-51,-197
28147,2018,112,381,106,338,6,43
28147,2019,117,414,132,432,-15,-18
28147,2020,120,382,106,341,14,41
28147,2021,89,296,109,328,-20,-32
28149,2011,543,1700,612,1867,-69,-167
28149,2012,482,1590,541,1718,-59,-128
28149,2013,249,761,349,1095,-100,-334
28149,2014,202,660,282,861,-80,-201
28149,2015,277,854,301,959,-24,-105
28149,2016,251,775,435,1376,-184,-601
28149,2017,221,690,345,1033,-124,-343
28149,2018,203,662,349,1063,-146,-401
28149,2019,195,602,363,1116,-168,-514
28149,2020,180,581,359,1102,-179,-521
28149,2021,202,597,334,978,-132,-381
28151,2011,419,1354,600,1912,-181,-558
28151,2012,423,1333,570,1789,-147,-456
28151,2013,220,707,435,1383,-215,-676
28151,2014,222,708,375,1228,-153,-520
28151,2015,223,714,397,1283,-174,-569
28151,2016,241,792,509,1607,-268,-815
28151,2017,211,673,333,1055,-122,-382
28151,2018,169,544,371,1178,-202,-634
28151,2019,211,701,404,1311,-193,-610
28151,2020,235,739,391,1199,-156,-460
28151,2021,226,702,445,1337,-219,-635
28153,2011,218,707,247,806,-29,-99
28153,2012,242,777,272,921,-30,-144
28153,2013,170,554,137,425,33,129
28153,2014,127,412,136,405,-9,7
28153,2015,152,494,170,538,-18,-44
28153,2016,202,643,193,610,9,33
28153,2017,133,419,178,555,-45,-136
28153,2018,137,421,177,553,-40,-132
28153,2019,186,619,193,623,-7,-4
28153,2020,155,492,181,540,-26,-48
28153,2021,134,414,163,491,-29,-77
28155,2011,150,503,151,509,-1,-6
28155,2012,106,355,105,318,1,37
28155,2013,75,247,61,179,14,68
28155,2014,35,118,84,269,-49,-151
28155,2015,80,247,83,280,-3,-33
28155,2016,78,274,53,175,25,99
28155,2017,75,232,92,286,-17,-54
28155,2018,55,190,73,242,-18,-52
28155,2019,79,259,78,250,1,9
28155,2020,82,245,82,240,0,5
28155,2021,88,273,86,261,2,12
28157,2011,60,205,106,333,-46,-128
28157,2012,80,255,101,330,-21,-75
28157,2013,47,137,78,252,-31,-115
28157,2014,31,114,25,78,6,36
28157,2015,50,161,52,157,-2,4
28157,2016,55,184,67,206,-12,-22
28157,2017,24,75,28,87,-4,-12
28157,2019,22,69,67,220,-45,-151
28157,2021,24,67,66,188,-42,-121
28159,2011,198,624,271,877,-73,-253
28159,2012,148,465,152,502,-4,-37
28159,2013,63,218,106,332,-43,-114
28159,2014,73,226,84,263,-11,-37
28159,2015,51,168,70,221,-19,-53
28159,2016,108,340,80,255,28,85
28159,2017,90,275,92,289,-2,-14
28159,2018,53,180,73,225,-20,-45
28159,2019,72,216,74,219,-2,-3
28159,2020,64,201,65,200,-1,1
28159,2021,75,232,73,212,2,20
28161,2011,207,665,323,1069,-116,-404
28161,2012,206,637,193,613,13,24
28161,2013,135,453,170,550,-35,-97
28161,2014,132,413,94,283,38,130
28161,2015,120,391,119,372,1,19
28161,2016,197,640,148,501,49,139
28161,2017,154,474,130,420,24,54
28161,2018,114,349,194,625,-80,-276
28161,2019,174,549,159,520,15,29
28161,2020,148,431,118,365,30,66
28161,2021,142,451,133,399,9,52
28163,2011,279,880,402,1321,-123,-441
28163,2012,222,748,279,917,-57,-169
28163,2013,173,558,190,619,-17,-61
28163,2014,148,461,190,597,-42,-136
28163,2015,175,543,183,577,-8,-34
28163,2016,186,588,223,745,-37,-157
28163,2017,132,421,168,529,-36,-108
28163,2018,137,439,157,503,-20,-64
28163,2019,154,505,192,606,-38,-101
28163,2020,137,410,206,561,-69,-151
28163,2021,136,393,152,460,-16,-67
29001,2011,175,507,236,696,-61,-189
29001,2012,214,625,271,747,-57,-122
29001,2013,107,356,203,573,-96,-217
29001,2014,96,320,81,223,15,97
29001,2015,109,329,194,561,-85,-232
29001,2016,175,523,223,641,-48,-118
29001,2017,132,399,141,412,-9,-13
29001,2018,156,462,159,457,-3,5
29001,2019,135,374,165,467,-30,-93
29001,2020,143,414,216,599,-73,-185
29001,2021,146,395,233,614,-87,-219
29003,2011,502,1619,515,1510,-13,109
29003,2012,500,1492,435,1288,65,204
29003,2013,344,1021,309,920,35,101
29003,2014,229,696,233,648,-4,48
29003,2015,340,1032,341,970,-1,62
29003,2016,481,1539,477,1379,4,160
29003,2017,345,1068,321,939,24,129
29003,2018,289,911,291,846,-2,65
29003,2019,319,917,307,899,12,18
29003,2020,308,923,314,860,-6,63
29003,2021,317,965,276,767,41,198
29005,2011,23,59,29,80,-6,-21
29005,2012,11,26,27,82,-16,-56
29005,2021,24,60,NA,NA,NA,NA
29007,2011,313,920,339,1021,-26,-101
29007,2012,309,973,357,1070,-48,-97
29007,2013,213,699,190,545,23,154
29007,2014,150,428,175,523,-25,-95
29007,2015,266,782,216,660,50,122
29007,2016,335,979,376,1141,-41,-162
29007,2017,258,746,248,711,10,35
29007,2018,233,685,196,543,37,142
29007,2019,268,837,287,866,-19,-29
29007,2020,296,862,254,718,42,144
29007,2021,281,816,239,684,42,132
29009,2011,829,2626,815,2615,14,11
29009,2012,590,1892,662,2120,-72,-228
29009,2013,581,1871,601,1883,-20,-12
29009,2014,402,1278,428,1324,-26,-46
29009,2015,539,1708,534,1727,5,-19
29009,2016,719,2324,704,2181,15,143
29009,2017,624,1936,548,1732,76,204
29009,2018,575,1827,602,1849,-27,-22
29009,2019,563,1814,594,1806,-31,8
29009,2020,633,1894,637,1874,-4,20
29009,2021,592,1814,528,1580,64,234
29011,2011,121,400,219,682,-98,-282
29011,2012,104,345,178,536,-74,-191
29011,2013,60,183,95,316,-35,-133
29011,2014,76,247,48,156,28,91
29011,2015,107,354,104,323,3,31
29011,2016,90,299,120,357,-30,-58
29011,2017,72,217,107,330,-35,-113
29011,2018,80,245,60,173,20,72
29011,2019,82,284,81,234,1,50
29011,2020,73,237,116,331,-43,-94
29011,2021,85,253,114,326,-29,-73
29013,2011,192,585,242,779,-50,-194
29013,2012,181,594,216,682,-35,-88
29013,2013,230,751,227,675,3,76
29013,2014,129,410,141,414,-12,-4
29013,2015,159,494,179,552,-20,-58
29013,2016,272,847,252,737,20,110
29013,2017,170,530,163,495,7,35
29013,2018,165,484,164,502,1,-18
29013,2019,227,721,169,487,58,234
29013,2020,206,627,196,554,10,73
29013,2021,223,627,212,579,11,48
29015,2011,291,877,241,717,50,160
29015,2012,288,883,264,756,24,127
29015,2013,151,483,189,570,-38,-87
29015,2014,89,279,96,295,-7,-16
29015,2015,196,592,152,441,44,151
29015,2016,401,1155,205,590,196,565
29015,2017,295,902,161,474,134,428
29015,2018,253,754,153,462,100,292
29015,2019,321,965,165,540,156,425
29015,2020,374,1093,175,515,199,578
29015,2021,303,906,225,634,78,272
29017,2011,191,600,203,645,-12,-45
29017,2012,172,570,169,545,3,25
29017,2013,92,311,127,391,-35,-80
29017,2014,46,148,120,364,-74,-216
29017,2015,130,414,132,404,-2,10
29017,2016,199,617,116,327,83,290
29017,2017,142,460,152,457,-10,3
29017,2018,105,340,148,449,-43,-109
29017,2019,192,621,160,495,32,126
29017,2020,186,575,129,396,57,179
29017,2021,133,405,195,576,-62,-171
29019,2011,2661,7156,3102,8360,-441,-1204
29019,2012,2783,7457,3170,8638,-387,-1181
29019,2013,2085,5534,2548,6886,-463,-1352
29019,2014,1660,4327,1575,4023,85,304
29019,2015,2249,5974,2637,7031,-388,-1057
29019,2016,3103,8548,4315,11367,-1212,-2819
29019,2017,2372,6308,2779,7123,-407,-815
29019,2018,2318,6150,2588,6656,-270,-506
29019,2019,2503,6807,2780,7435,-277,-628
29019,2020,2650,7005,2948,7692,-298,-687
29019,2021,2759,7206,3076,7966,-317,-760
29021,2011,1391,3987,1282,3815,109,172
29021,2012,1169,3373,1435,4157,-266,-784
29021,2013,929,2701,1051,3018,-122,-317
29021,2014,740,2084,804,2341,-64,-257
29021,2015,945,2706,1153,3229,-208,-523
29021,2016,1150,3354,1498,4430,-348,-1076
29021,2017,926,2628,1179,3473,-253,-845
29021,2018,934,2672,1129,3306,-195,-634
29021,2019,948,2785,1154,3381,-206,-596
29021,2020,918,2561,1133,3224,-215,-663
29021,2021,878,2379,1056,2952,-178,-573
29023,2011,499,1495,468,1478,31,17
29023,2012,498,1570,508,1575,-10,-5
29023,2013,434,1374,376,1158,58,216
29023,2014,339,1059,241,763,98,296
29023,2015,414,1276,326,1018,88,258
29023,2016,450,1383,510,1599,-60,-216
29023,2017,394,1234,362,1136,32,98
29023,2018,429,1345,454,1455,-25,-110
29023,2019,380,1186,509,1587,-129,-401
29023,2020,467,1386,421,1239,46,147
29023,2021,432,1250,458,1313,-26,-63
29025,2011,168,574,176,566,-8,8
29025,2012,197,612,181,540,16,72
29025,2013,58,197,100,306,-42,-109
29025,2014,34,102,36,107,-2,-5
29025,2015,85,277,84,232,1,45
29025,2016,197,621,166,494,31,127
29025,2017,89,285,114,336,-25,-51
29025,2018,93,267,95,272,-2,-5
29025,2019,75,219,109,319,-34,-100
29025,2020,117,359,136,388,-19,-29
29025,2021,104,340,85,250,19,90
29027,2011,706,2040,681,1974,25,66
29027,2012,813,2393,752,2168,61,225
29027,2013,587,1738,622,1823,-35,-85
29027,2014,446,1265,443,1263,3,2
29027,2015,693,2050,678,1948,15,102
29027,2016,946,2787,844,2460,102,327
29027,2017,672,1885,691,2003,-19,-118
29027,2018,595,1663,627,1773,-32,-110
29027,2019,701,2068,725,2132,-24,-64
29027,2020,796,2262,677,1883,119,379
29027,2021,659,1871,701,1941,-42,-70
29029,2011,941,2755,757,2191,184,564
29029,2012,833,2473,803,2370,30,103
29029,2013,771,2233,648,1910,123,323
29029,2014,446,1272,563,1599,-117,-327
29029,2015,679,1991,650,1810,29,181
29029,2016,1074,3114,902,2584,172,530
29029,2017,752,2168,789,2223,-37,-55
29029,2018,708,2008,763,2180,-55,-172
29029,2019,869,2573,744,2159,125,414
29029,2020,875,2521,770,2212,105,309
29029,2021,872,2453,819,2300,53,153
29031,2011,1075,3088,1009,2943,66,145
29031,2012,1109,3187,1100,3182,9,5
29031,2013,805,2345,743,2106,62,239
29031,2014,667,1874,535,1479,132,395
29031,2015,886,2566,792,2237,94,329
29031,2016,1138,3378,1268,3566,-130,-188
29031,2017,895,2569,885,2554,10,15
29031,2018,893,2565,814,2249,79,316
29031,2019,1023,2939,884,2485,139,454
29031,2020,937,2582,876,2356,61,226
29031,2021,996,2755,875,2375,121,380
29033,2011,93,284,100,292,-7,-8
29033,2012,47,142,76,237,-29,-95
29033,2016,23,74,49,142,-26,-68
29033,2017,20,63,25,67,-5,-4
29033,2020,20,53,NA,NA,NA,NA
29035,2011,50,167,77,253,-27,-86
29035,2012,67,224,50,164,17,60
29035,2013,26,82,32,120,-6,-38
29035,2014,31,97,40,134,-9,-37
29035,2015,36,120,42,114,-6,6
29035,2016,36,139,51,165,-15,-26
29035,2017,37,125,42,138,-5,-13
29035,2018,38,113,51,167,-13,-54
29035,2019,99,340,38,134,61,206
29035,2020,47,145,44,138,3,7
29035,2021,35,110,49,150,-14,-40
29037,2011,2180,6553,1962,5737,218,816
29037,2012,2163,6419,2039,5990,124,429
29037,2013,1769,5297,1859,5395,-90,-98
29037,2014,1404,4081,1309,3711,95,370
29037,2015,2059,6225,1790,5072,269,1153
29037,2016,3137,9548,2607,7783,530,1765
29037,2017,2335,6931,1944,5578,391,1353
29037,2018,2275,6785,2036,5792,239,993
29037,2019,2705,8222,2104,6134,601,2088
29037,2020,2635,7726,2247,6277,388,1449
29037,2021,2572,7394,2108,5932,464,1462
29039,2011,177,574,227,698,-50,-124
29039,2012,141,465,173,538,-32,-73
29039,2013,133,431,113,365,20,66
29039,2014,90,303,83,256,7,47
29039,2015,115,388,104,323,11,65
29039,2016,193,631,138,480,55,151
29039,2017,121,409,117,359,4,50
29039,2018,114,372,130,411,-16,-39
29039,2019,149,514,97,297,52,217
29039,2020,150,476,135,412,15,64
29039,2021,135,414,163,503,-28,-89
29041,2011,78,250,78,239,0,11
29041,2012,56,172,44,138,12,34
29041,2013,29,93,54,164,-25,-71
29041,2015,27,94,51,152,-24,-58
29041,2016,24,84,68,179,-44,-95
29041,2017,57,165,43,132,14,33
29041,2018,24,69,53,156,-29,-87
29041,2019,26,79,53,148,-27,-69
29041,2020,27,88,25,62,2,26
29041,2021,21,61,30,83,-9,-22
29043,2011,2039,6259,1877,5729,162,530
29043,2012,2163,6726,2008,6243,155,483
29043,2013,1871,5653,1637,4987,234,666
29043,2014,1221,3663,1194,3479,27,184
29043,2015,1909,5759,1802,5312,107,447
29043,2016,2842,8829,2407,7391,435,1438
29043,2017,2155,6485,1865,5526,290,959
29043,2018,2014,6057,1785,5246,229,811
29043,2019,2376,7498,1982,5962,394,1536
29043,2020,2208,6801,2011,5801,197,1000
29043,2021,2147,6369,2117,6201,30,168
29045,2011,45,122,67,200,-22,-78
29045,2012,39,113,35,100,4,13
29045,2013,35,114,38,120,-3,-6
29045,2015,31,97,25,75,6,22
29045,2016,34,108,40,112,-6,-4
29045,2017,54,162,92,297,-38,-135
29045,2018,22,62,22,65,0,-3
29045,2019,24,71,27,85,-3,-14
29045,2020,34,109,27,73,7,36
29045,2021,33,102,29,88,4,14
29047,2011,6014,16987,5630,16183,384,804
29047,2012,6425,18458,5776,16583,649,1875
29047,2013,5304,15022,5066,14330,238,692
29047,2014,3922,11031,3590,9939,332,1092
29047,2015,6201,17088,5308,15040,893,2048
29047,2016,8964,25219,7638,21780,1326,3439
29047,2017,6692,18689,5819,16245,873,2444
29047,2018,6713,18669,5740,15732,973,2937
29047,2019,7004,19776,6431,18162,573,1614
29047,2020,6600,17988,6478,17654,122,334
29047,2021,6688,18195,6178,16807,510,1388
29049,2011,579,1809,565,1699,14,110
29049,2012,516,1581,559,1712,-43,-131
29049,2013,515,1627,469,1460,46,167
29049,2014,362,1077,337,942,25,135
29049,2015,460,1401,478,1399,-18,2
29049,2016,722,2245,688,2087,34,158
29049,2017,519,1585,487,1438,32,147
29049,2018,491,1504,511,1445,-20,59
29049,2019,591,1763,497,1544,94,219
29049,2020,481,1432,495,1466,-14,-34
29049,2021,556,1631,507,1444,49,187
29051,2011,1176,3345,1211,3502,-35,-157
29051,2012,1274,3705,1299,3718,-25,-13
29051,2013,1028,2953,1103,3109,-75,-156
29051,2014,745,2070,840,2290,-95,-220
29051,2015,1084,3081,1156,3284,-72,-203
29051,2016,1477,4223,1616,4756,-139,-533
29051,2017,1047,2959,1093,3029,-46,-70
29051,2018,1052,2971,1092,3066,-40,-95
29051,2019,1095,3213,1227,3513,-132,-300
29051,2020,1255,3417,1189,3368,66,49
29051,2021,1196,3267,1155,3124,41,143
29053,2011,250,781,257,760,-7,21
29053,2012,276,868,239,718,37,150
29053,2013,190,553,167,470,23,83
29053,2014,140,389,130,382,10,7
29053,2015,244,750,166,456,78,294
29053,2016,284,815,289,847,-5,-32
29053,2017,184,514,218,640,-34,-126
29053,2018,203,563,191,521,12,42
29053,2019,211,570,181,524,30,46
29053,2020,232,637,211,593,21,44
29053,2021,229,648,204,538,25,110
29055,2011,428,1310,379,1155,49,155
29055,2012,397,1218,411,1284,-14,-66
29055,2013,304,904,316,985,-12,-81
29055,2014,229,695,256,716,-27,-21
29055,2015,261,839,313,946,-52,-107
29055,2016,462,1382,477,1449,-15,-67
29055,2017,277,831,340,976,-63,-145
29055,2018,341,1009,324,930,17,79
29055,2019,387,1188,382,1149,5,39
29055,2020,352,1011,409,1194,-57,-183
29055,2021,396,1203,346,1008,50,195
29057,2011,95,309,105,339,-10,-30
29057,2012,115,394,109,356,6,38
29057,2013,56,166,53,137,3,29
29057,2014,36,107,47,134,-11,-27
29057,2015,86,262,75,216,11,46
29057,2016,76,224,96,280,-20,-56
29057,2017,71,222,84,231,-13,-9
29057,2018,54,170,46,145,8,25
29057,2019,67,257,66,191,1,66
29057,2020,93,273,77,214,16,59
29057,2021,89,284,79,215,10,69
29059,2011,274,879,369,1208,-95,-329
29059,2012,241,763,270,842,-29,-79
29059,2013,217,704,213,661,4,43
29059,2014,201,665,160,509,41,156
29059,2015,213,710,199,603,14,107
29059,2016,342,1117,296,951,46,166
29059,2017,287,902,254,788,33,114
29059,2018,229,734,224,695,5,39
29059,2019,300,1010,256,828,44,182
29059,2020,312,944,270,861,42,83
29059,2021,325,1041,275,815,50,226
29061,2011,107,345,180,638,-73,-293
29061,2012,103,327,103,302,0,25
29061,2016,124,401,69,207,55,194
29061,2017,24,81,64,210,-40,-129
29061,2018,27,74,20,58,7,16
29061,2019,45,158,43,117,2,41
29061,2020,75,205,NA,NA,NA,NA
29061,2021,23,73,73,205,-50,-132
29063,2011,265,810,248,773,17,37
29063,2012,202,619,240,729,-38,-110
29063,2013,124,384,171,519,-47,-135
29063,2014,110,325,121,358,-11,-33
29063,2015,141,407,134,396,7,11
29063,2016,276,858,219,679,57,179
29063,2017,186,557,141,424,45,133
29063,2018,139,402,126,352,13,50
29063,2019,158,480,182,545,-24,-65
29063,2020,231,662,146,411,85,251
29063,2021,159,457,153,433,6,24
29065,2011,189,637,121,398,68,239
29065,2012,100,336,114,350,-14,-14
29065,2013,48,129,48,142,0,-13
29065,2014,32,89,48,138,-16,-49
29065,2015,43,133,88,271,-45,-138
29065,2016,90,266,71,211,19,55
29065,2017,49,138,71,219,-22,-81
29065,2018,68,222,82,240,-14,-18
29065,2019,73,227,115,381,-42,-154
29065,2020,105,345,100,300,5,45
29065,2021,49,147,93,292,-44,-145
29067,2011,159,534,173,530,-14,4
29067,2012,137,472,163,525,-26,-53
29067,2013,123,421,141,449,-18,-28
29067,2014,59,194,172,548,-113,-354
29067,2015,71,234,139,406,-68,-172
29067,2016,140,467,125,381,15,86
29067,2017,109,329,143,428,-34,-99
29067,2018,101,312,193,581,-92,-269
29067,2019,179,604,118,367,61,237
29067,2020,117,374,178,587,-61,-213
29067,2021,121,401,193,598,-72,-197
29069,2011,348,1114,403,1300,-55,-186
29069,2012,326,1070,381,1242,-55,-172
29069,2013,286,938,415,1300,-129,-362
29069,2014,253,797,299,964,-46,-167
29069,2015,252,806,347,1179,-95,-373
29069,2016,324,1083,432,1353,-108,-270
29069,2017,230,722,330,1040,-100,-318
29069,2018,205,647,331,1034,-126,-387
29069,2019,290,931,330,1090,-40,-159
29069,2020,254,782,293,912,-39,-130
29069,2021,294,885,358,1053,-64,-168
29071,2011,1373,4098,1540,4434,-167,-336
29071,2012,1536,4631,1481,4362,55,269
29071,2013,1397,4085,1272,3688,125,397
29071,2014,1038,2949,1041,2962,-3,-13
29071,2015,1456,4232,1338,3841,118,391
29071,2016,2195,6495,1837,5325,358,1170
29071,2017,1562,4439,1375,3967,187,472
29071,2018,1538,4357,1398,3934,140,423
29071,2019,1752,5020,1451,4211,301,809
29071,2020,1722,4820,1401,3827,321,993
29071,2021,1681,4722,1381,3807,300,915
29073,2011,202,642,245,742,-43,-100
29073,2012,214,684,201,597,13,87
29073,2013,150,443,180,526,-30,-83
29073,2014,71,214,79,229,-8,-15
29073,2015,192,550,148,424,44,126
29073,2016,259,769,255,795,4,-26
29073,2017,198,619,128,399,70,220
29073,2018,169,541,163,500,6,41
29073,2019,227,665,128,384,99,281
29073,2020,250,721,132,363,118,358
29073,2021,141,408,138,401,3,7
29075,2011,64,194,114,342,-50,-148
29075,2012,63,185,54,158,9,27
29075,2016,24,72,51,167,-27,-95
29075,2017,48,145,NA,NA,NA,NA
29075,2020,20,61,NA,NA,NA,NA
29075,2021,50,143,NA,NA,NA,NA
29077,2011,5541,15945,5393,15729,148,216
29077,2012,5751,16556,5581,16315,170,241
29077,2013,4762,13568,4868,14032,-106,-464
29077,2014,3322,9211,3269,9228,53,-17
29077,2015,4802,13505,5141,14880,-339,-1375
29077,2016,6415,18350,7276,21165,-861,-2815
29077,2017,5042,14205,5199,14828,-157,-623
29077,2018,4979,13897,4957,14167,22,-270
29077,2019,5204,14828,5776,17102,-572,-2274
29077,2020,5875,16284,5571,15588,304,696
29077,2021,5725,15602,5624,15561,101,41
29079,2011,111,374,81,237,30,137
29079,2012,62,181,93,304,-31,-123
29079,2013,26,75,30,96,-4,-21
29079,2015,20,58,22,53,-2,5
29079,2016,49,146,61,189,-12,-43
29079,2017,22,76,31,95,-9,-19
29079,2018,22,54,30,87,-8,-33
29079,2019,23,66,33,132,-10,-66
29079,2020,24,68,26,75,-2,-7
29079,2021,50,145,27,94,23,51
29081,2011,38,122,75,235,-37,-113
29081,2012,63,183,50,143,13,40
29081,2013,28,86,NA,NA,NA,NA
29081,2016,26,93,59,192,-33,-99
29083,2011,385,1175,387,1173,-2,2
29083,2012,313,1001,317,949,-4,52
29083,2013,287,873,299,957,-12,-84
29083,2014,194,599,179,524,15,75
29083,2015,255,752,279,809,-24,-57
29083,2016,427,1300,331,997,96,303
29083,2017,320,962,279,837,41,125
29083,2018,293,876,281,836,12,40
29083,2019,348,1097,287,818,61,279
29083,2020,354,1039,301,846,53,193
29083,2021,349,995,330,942,19,53
29085,2011,113,319,149,470,-36,-151
29085,2012,106,307,104,311,2,-4
29085,2013,62,190,87,271,-25,-81
29085,2015,101,322,58,169,43,153
29085,2016,137,417,92,292,45,125
29085,2017,96,313,110,333,-14,-20
29085,2018,100,313,98,280,2,33
29085,2019,117,369,82,248,35,121
29085,2020,137,406,102,311,35,95
29085,2021,122,328,93,276,29,52
29087,2011,41,133,85,239,-44,-106
29087,2012,29,77,60,164,-31,-87
29087,2013,28,78,NA,NA,NA,NA
29087,2016,23,71,47,142,-24,-71
29087,2018,26,75,NA,NA,NA,NA
29087,2020,27,86,NA,NA,NA,NA
29089,2011,137,439,145,465,-8,-26
29089,2012,148,442,151,450,-3,-8
29089,2013,116,351,127,363,-11,-12
29089,2014,73,213,107,283,-34,-70
29089,2015,114,316,148,438,-34,-122
29089,2016,203,604,128,384,75,220
29089,2017,119,356,143,397,-24,-41
29089,2018,99,286,108,302,-9,-16
29089,2019,130,405,137,389,-7,16
29089,2020,112,326,133,351,-21,-25
29089,2021,138,389,132,371,6,18
29091,2011,284,969,355,1109,-71,-140
29091,2012,349,1100,386,1278,-37,-178
29091,2013,241,735,279,873,-38,-138
29091,2014,243,784,187,570,56,214
29091,2015,257,820,276,823,-19,-3
29091,2016,328,1051,380,1159,-52,-108
29091,2017,302,982,282,872,20,110
29091,2018,285,901,232,686,53,215
29091,2019,254,810,329,1053,-75,-243
29091,2020,275,885,331,984,-56,-99
29091,2021,334,981,307,940,27,41
29093,2011,234,760,188,586,46,174
29093,2012,160,497,176,581,-16,-84
29093,2013,112,375,103,315,9,60
29093,2014,50,152,71,223,-21,-71
29093,2015,51,150,82,231,-31,-81
29093,2016,96,296,91,267,5,29
29093,2017,101,303,92,288,9,15
29093,2018,71,213,108,322,-37,-109
29093,2019,117,352,86,280,31,72
29093,2020,119,364,85,242,34,122
29093,2021,108,343,102,297,6,46
29095,2011,13179,36265,14058,39517,-879,-3252
29095,2012,14571,40055,14711,41719,-140,-1664
29095,2013,12203,33651,13053,36366,-850,-2715
29095,2014,9130,24710,9204,25667,-74,-957
29095,2015,13704,36974,13358,37079,346,-105
29095,2016,18839,51030,19273,53401,-434,-2371
29095,2017,14382,38303,15165,41469,-783,-3166
29095,2018,13976,37270,15065,40999,-1089,-3729
29095,2019,15010,40117,15971,44229,-961,-4112
29095,2020,15439,40341,16679,44787,-1240,-4446
29095,2021,15331,39595,16410,43524,-1079,-3929
29097,2011,1933,5771,2154,6703,-221,-932
29097,2012,2076,6267,1923,5878,153,389
29097,2013,1623,4958,1649,5053,-26,-95
29097,2014,1376,4048,1158,3549,218,499
29097,2015,1598,4688,1648,5024,-50,-336
29097,2016,2166,6491,2152,6577,14,-86
29097,2017,1750,5169,1839,5429,-89,-260
29097,2018,1603,4645,1716,5051,-113,-406
29097,2019,1789,5319,1897,5798,-108,-479
29097,2020,1946,5485,1918,5545,28,-60
29097,2021,1983,5716,1882,5401,101,315
29099,2011,4009,11539,3846,10907,163,632
29099,2012,4324,12403,3910,11114,414,1289
29099,2013,3829,10953,3524,10074,305,879
29099,2014,2827,7964,2509,6790,318,1174
29099,2015,3966,11277,3645,10278,321,999
29099,2016,5601,16132,5134,14870,467,1262
29099,2017,4253,11924,3662,10236,591,1688
29099,2018,3913,10949,3478,9697,435,1252
29099,2019,4452,12619,3689,10532,763,2087
29099,2020,4487,12423,3856,10509,631,1914
29099,2021,4409,12137,3648,9898,761,2239
29101,2011,847,2571,1022,2989,-175,-418
29101,2012,818,2495,1167,3464,-349,-969
29101,2013,571,1705,769,2248,-198,-543
29101,2014,457,1317,540,1500,-83,-183
29101,2015,632,1907,835,2283,-203,-376
29101,2016,1114,3339,1241,3634,-127,-295
29101,2017,716,2166,930,2554,-214,-388
29101,2018,763,2194,947,2664,-184,-470
29101,2019,829,2574,942,2790,-113,-216
29101,2020,887,2622,873,2378,14,244
29101,2021,915,2683,903,2423,12,260
29103,2011,35,103,44,125,-9,-22
29103,2012,21,62,41,123,-20,-61
29103,2015,22,61,NA,NA,NA,NA
29103,2017,32,131,NA,NA,NA,NA
29105,2011,389,1248,423,1317,-34,-69
29105,2012,409,1299,403,1253,6,46
29105,2013,291,925,308,994,-17,-69
29105,2014,240,787,211,653,29,134
29105,2015,278,852,317,958,-39,-106
29105,2016,360,1119,431,1365,-71,-246
29105,2017,327,994,355,1103,-28,-109
29105,2018,284,905,358,1079,-74,-174
29105,2019,370,1176,370,1132,0,44
29105,2020,366,1121,382,1132,-16,-11
29105,2021,329,988,380,1103,-51,-115
29107,2011,537,1633,622,1909,-85,-276
29107,2012,518,1602,585,1817,-67,-215
29107,2013,512,1591,447,1318,65,273
29107,2014,314,959,346,968,-32,-9
29107,2015,470,1383,484,1410,-14,-27
29107,2016,720,2228,718,2085,2,143
29107,2017,543,1663,458,1354,85,309
29107,2018,532,1668,529,1484,3,184
29107,2019,613,1933,538,1629,75,304
29107,2020,633,1904,514,1487,119,417
29107,2021,610,1846,544,1512,66,334
29109,2011,837,2737,842,2634,-5,103
29109,2012,662,2133,725,2301,-63,-168
29109,2013,590,1917,652,2038,-62,-121
29109,2014,472,1480,461,1424,11,56
29109,2015,697,2265,670,2078,27,187
29109,2016,871,2797,856,2704,15,93
29109,2017,757,2361,741,2240,16,121
29109,2018,658,2050,689,2086,-31,-36
29109,2019,779,2407,681,2146,98,261
29109,2020,765,2270,748,2196,17,74
29109,2021,728,2239,715,2123,13,116
29111,2011,95,295,131,375,-36,-80
29111,2012,91,261,72,225,19,36
29111,2013,83,251,73,189,10,62
29111,2014,68,194,59,156,9,38
29111,2015,72,207,89,241,-17,-34
29111,2016,109,315,114,351,-5,-36
29111,2017,131,382,76,222,55,160
29111,2018,77,228,95,268,-18,-40
29111,2019,127,374,73,207,54,167
29111,2020,77,219,97,257,-20,-38
29111,2021,86,241,86,246,0,-5
29113,2011,1009,3004,865,2610,144,394
29113,2012,1057,3200,891,2702,166,498
29113,2013,851,2542,873,2646,-22,-104
29113,2014,782,2305,630,1770,152,535
29113,2015,1137,3368,897,2653,240,715
29113,2016,1843,5563,1278,3824,565,1739
29113,2017,1395,4113,927,2632,468,1481
29113,2018,1353,3910,941,2743,412,1167
29113,2019,1566,4640,1051,3081,515,1559
29113,2020,1700,4993,1033,2917,667,2076
29113,2021,1613,4582,1035,2936,578,1646
29115,2011,105,316,120,379,-15,-63
29115,2012,84,247,93,268,-9,-21
29115,2013,52,145,56,167,-4,-22
29115,2015,26,72,60,188,-34,-116
29115,2016,127,374,89,272,38,102
29115,2017,53,157,48,132,5,25
29115,2018,50,140,84,252,-34,-112
29115,2019,52,155,52,175,0,-20
29115,2020,49,134,87,271,-38,-137
29115,2021,85,257,25,73,60,184
29117,2011,138,408,166,510,-28,-102
29117,2012,128,381,164,489,-36,-108
29117,2013,77,230,50,137,27,93
29117,2014,21,64,20,58,1,6
29117,2015,55,147,20,58,35,89
29117,2016,163,475,142,415,21,60
29117,2017,97,269,93,265,4,4
29117,2018,83,243,64,162,19,81
29117,2019,112,374,96,271,16,103
29117,2020,121,339,24,68,97,271
29117,2021,109,332,82,242,27,90
29119,2011,523,1905,410,1362,113,543
29119,2012,381,1279,454,1592,-73,-313
29119,2013,357,1206,422,1381,-65,-175
29119,2014,285,920,321,1055,-36,-135
29119,2015,384,1320,387,1276,-3,44
29119,2016,438,1471,484,1555,-46,-84
29119,2017,356,1194,366,1237,-10,-43
29119,2018,408,1310,397,1293,11,17
29119,2019,482,1545,468,1558,14,-13
29119,2020,459,1565,425,1287,34,278
29119,2021,461,1412,403,1244,58,168
29121,2011,142,471,169,520,-27,-49
29121,2012,127,381,147,434,-20,-53
29121,2013,107,331,114,347,-7,-16
29121,2014,43,132,55,153,-12,-21
29121,2015,104,321,110,329,-6,-8
29121,2016,185,542,174,516,11,26
29121,2017,81,252,142,421,-61,-169
29121,2018,136,411,105,306,31,105
29121,2019,139,424,140,411,-1,13
29121,2020,140,406,185,526,-45,-120
29121,2021,133,358,193,516,-60,-158
29123,2011,158,505,227,712,-69,-207
29123,2012,159,514,137,439,22,75
29123,2013,73,217,105,357,-32,-140
29123,2014,84,254,66,208,18,46
29123,2015,102,324,97,291,5,33
29123,2016,151,456,122,378,29,78
29123,2017,89,275,112,335,-23,-60
29123,2018,115,367,100,291,15,76
29123,2019,105,313,118,362,-13,-49
29123,2020,122,359,117,361,5,-2
29123,2021,137,410,103,302,34,108
29125,2011,138,432,155,468,-17,-36
29125,2012,122,380,100,284,22,96
29125,2013,136,450,80,261,56,189
29125,2014,87,261,63,183,24,78
29125,2015,70,206,125,372,-55,-166
29125,2016,178,557,149,449,29,108
29125,2017,93,293,149,445,-56,-152
29125,2018,122,391,142,447,-20,-56
29125,2019,125,407,86,253,39,154
29125,2020,129,392,131,380,-2,12
29125,2021,104,306,119,363,-15,-57
29127,2011,407,1212,428,1280,-21,-68
29127,2012,370,1079,400,1158,-30,-79
29127,2013,256,748,307,927,-51,-179
29127,2014,233,705,228,694,5,11
29127,2015,300,910,341,1005,-41,-95
29127,2016,429,1280,427,1309,2,-29
29127,2017,332,1021,350,1034,-18,-13
29127,2018,334,953,379,1156,-45,-203
29127,2019,336,1002,405,1183,-69,-181
29127,2020,366,1095,311,924,55,171
29127,2021,330,946,370,1092,-40,-146
29129,2011,13,46,22,68,-9,-22
29129,2012,12,35,NA,NA,NA,NA
29131,2011,443,1400,363,1131,80,269
29131,2012,404,1218,427,1259,-23,-41
29131,2013,321,951,309,928,12,23
29131,2014,259,785,216,636,43,149
29131,2015,335,1010,296,876,39,134
29131,2016,447,1373,475,1423,-28,-50
29131,2017,393,1172,350,1036,43,136
29131,2018,409,1203,345,1012,64,191
29131,2019,378,1181,391,1168,-13,13
29131,2020,430,1268,368,1077,62,191
29131,2021,412,1254,353,1015,59,239
29133,2011,143,425,137,448,6,-23
29133,2012,122,396,143,446,-21,-50
29133,2013,97,317,132,425,-35,-108
29133,2014,61,182,107,353,-46,-171
29133,2015,102,314,127,386,-25,-72
29133,2016,113,324,169,529,-56,-205
29133,2017,116,338,155,435,-39,-97
29133,2018,100,295,141,413,-41,-118
29133,2019,108,313,95,301,13,12
29133,2020,89,247,116,343,-27,-96
29133,2021,78,226,112,324,-34,-98
29135,2011,219,694,220,666,-1,28
29135,2012,213,676,243,725,-30,-49
29135,2013,176,549,139,416,37,133
29135,2014,91,277,97,280,-6,-3
29135,2015,163,512,136,401,27,111
29135,2016,270,844,244,742,26,102
29135,2017,173,525,166,480,7,45
29135,2018,157,469,170,499,-13,-30
29135,2019,157,470,225,669,-68,-199
29135,2020,214,638,187,555,27,83
29135,2021,196,544,212,596,-16,-52
29137,2011,130,389,155,485,-25,-96
29137,2012,129,378,134,410,-5,-32
29137,2013,58,155,90,277,-32,-122
29137,2014,56,181,94,258,-38,-77
29137,2015,61,173,105,294,-44,-121
29137,2016,148,464,145,413,3,51
29137,2017,110,334,110,328,0,6
29137,2018,89,273,102,295,-13,-22
29137,2019,142,429,91,267,51,162
29137,2020,99,283,95,257,4,26
29137,2021,101,301,135,369,-34,-68
29139,2011,178,559,200,620,-22,-61
29139,2012,177,527,220,670,-43,-143
29139,2013,114,327,101,288,13,39
29139,2014,63,169,73,212,-10,-43
29139,2015,137,406,155,473,-18,-67
29139,2016,224,653,220,667,4,-14
29139,2017,142,433,144,437,-2,-4
29139,2018,140,413,150,446,-10,-33
29139,2019,185,558,186,534,-1,24
29139,2020,148,416,117,352,31,64
29139,2021,172,500,108,313,64,187
29141,2011,302,925,420,1239,-118,-314
29141,2012,316,924,313,928,3,-4
29141,2013,245,732,242,747,3,-15
29141,2014,153,447,153,478,0,-31
29141,2015,226,662,253,750,-27,-88
29141,2016,418,1254,365,1051,53,203
29141,2017,271,824,244,708,27,116
29141,2018,220,665,223,673,-3,-8
29141,2019,267,806,281,870,-14,-64
29141,2020,382,1157,251,768,131,389
29141,2021,327,950,285,844,42,106
29143,2011,321,1037,342,1094,-21,-57
29143,2012,286,918,317,995,-31,-77
29143,2013,243,769,305,979,-62,-210
29143,2014,230,745,235,727,-5,18
29143,2015,236,736,286,898,-50,-162
29143,2016,373,1156,357,1156,16,0
29143,2017,285,880,307,934,-22,-54
29143,2018,264,828,316,1001,-52,-173
29143,2019,250,795,371,1129,-121,-334
29143,2020,269,823,264,790,5,33
29143,2021,208,615,283,843,-75,-228
29145,2011,1425,4466,1468,4670,-43,-204
29145,2012,1302,4115,1366,4181,-64,-66
29145,2013,1120,3486,1249,3861,-129,-375
29145,2014,867,2723,917,2760,-50,-37
29145,2015,1089,3419,1138,3402,-49,17
29145,2016,1465,4691,1483,4564,-18,127
29145,2017,1209,3761,1164,3565,45,196
29145,2018,1136,3474,1130,3396,6,78
29145,2019,1288,4132,1250,3758,38,374
29145,2020,1340,4051,1182,3491,158,560
29145,2021,1297,3839,1215,3551,82,288
29147,2011,191,522,222,619,-31,-97
29147,2012,160,443,274,731,-114,-288
29147,2013,28,67,136,360,-108,-293
29147,2014,29,81,75,174,-46,-93
29147,2015,20,56,163,431,-143,-375
29147,2016,130,380,249,635,-119,-255
29147,2017,63,179,169,436,-106,-257
29147,2018,36,101,143,348,-107,-247
29147,2019,74,219,124,321,-50,-102
29147,2020,64,167,147,355,-83,-188
29147,2021,95,255,204,489,-109,-234
29149,2011,73,255,114,374,-41,-119
29149,2012,85,280,74,242,11,38
29149,2013,72,213,79,261,-7,-48
29149,2014,37,122,67,231,-30,-109
29149,2015,64,205,84,272,-20,-67
29149,2016,92,298,82,282,10,16
29149,2017,45,151,89,299,-44,-148
29149,2018,129,408,139,485,-10,-77
29149,2019,120,408,98,313,22,95
29149,2020,72,240,98,320,-26,-80
29149,2021,52,163,107,323,-55,-160
29151,2011,152,444,155,452,-3,-8
29151,2012,119,323,161,484,-42,-161
29151,2013,66,201,112,321,-46,-120
29151,2014,85,233,78,230,7,3
29151,2015,103,312,116,311,-13,1
29151,2016,155,445,191,540,-36,-95
29151,2017,134,403,96,274,38,129
29151,2018,108,305,102,275,6,30
29151,2019,113,350,104,322,9,28
29151,2020,134,379,165,437,-31,-58
29151,2021,89,258,132,339,-43,-81
29153,2011,83,271,111,363,-28,-92
29153,2012,90,294,136,433,-46,-139
29153,2013,62,211,86,266,-24,-55
29153,2014,50,161,34,127,16,34
29153,2015,22,66,82,257,-60,-191
29153,2016,40,124,87,265,-47,-141
29153,2017,29,84,77,249,-48,-165
29153,2018,57,194,71,198,-14,-4
29153,2019,38,113,87,302,-49,-189
29153,2020,75,247,59,194,16,53
29153,2021,37,116,62,181,-25,-65
29155,2011,201,666,238,796,-37,-130
29155,2012,171,560,197,625,-26,-65
29155,2013,141,458,106,377,35,81
29155,2014,107,362,123,385,-16,-23
29155,2015,108,373,161,554,-53,-181
29155,2016,153,510,189,643,-36,-133
29155,2017,84,287,177,612,-93,-325
29155,2018,96,306,171,533,-75,-227
29155,2019,104,344,125,432,-21,-88
29155,2020,110,348,137,441,-27,-93
29155,2021,112,353,149,468,-37,-115
29157,2011,320,978,183,517,137,461
29157,2012,184,530,242,676,-58,-146
29157,2013,132,386,123,363,9,23
29157,2014,102,300,79,232,23,68
29157,2015,136,420,143,402,-7,18
29157,2016,191,552,212,611,-21,-59
29157,2017,88,273,167,461,-79,-188
29157,2018,119,327,101,286,18,41
29157,2019,119,351,135,390,-16,-39
29157,2020,147,398,171,494,-24,-96
29157,2021,194,553,167,438,27,115
29159,2011,528,1664,588,1822,-60,-158
29159,2012,521,1590,560,1775,-39,-185
29159,2013,417,1280,498,1504,-81,-224
29159,2014,326,988,311,888,15,100
29159,2015,414,1200,482,1459,-68,-259
29159,2016,537,1615,712,2090,-175,-475
29159,2017,411,1191,511,1542,-100,-351
29159,2018,401,1136,490,1417,-89,-281
29159,2019,486,1624,563,1655,-77,-31
29159,2020,484,1408,514,1479,-30,-71
29159,2021,469,1339,548,1530,-79,-191
29161,2011,515,1504,651,1973,-136,-469
29161,2012,466,1399,609,1788,-143,-389
29161,2013,388,1172,479,1380,-91,-208
29161,2014,257,751,335,956,-78,-205
29161,2015,427,1285,466,1337,-39,-52
29161,2016,634,1812,733,2100,-99,-288
29161,2017,399,1190,551,1565,-152,-375
29161,2018,496,1403,480,1400,16,3
29161,2019,513,1586,504,1441,9,145
29161,2020,581,1703,648,1831,-67,-128
29161,2021,546,1598,603,1651,-57,-53
29163,2011,168,509,184,529,-16,-20
29163,2012,175,518,194,576,-19,-58
29163,2013,124,381,111,325,13,56
29163,2014,88,257,97,283,-9,-26
29163,2015,113,360,140,408,-27,-48
29163,2016,237,747,217,653,20,94
29163,2017,157,472,155,474,2,-2
29163,2018,123,356,156,459,-33,-103
29163,2019,196,602,156,449,40,153
29163,2020,195,566,150,442,45,124
29163,2021,203,588,195,556,8,32
29165,2011,3051,8707,3145,8729,-94,-22
29165,2012,3345,9571,3245,9062,100,509
29165,2013,2856,8199,2810,7855,46,344
29165,2014,1923,5364,1923,5301,0,63
29165,2015,3334,9552,3024,8198,310,1354
29165,2016,4835,13941,4118,11408,717,2533
29165,2017,3531,9882,3222,8880,309,1002
29165,2018,3439,9486,3111,8541,328,945
29165,2019,3689,10491,3288,9236,401,1255
29165,2020,3820,10374,3154,8569,666,1805
29165,2021,3801,10294,3301,8756,500,1538
29167,2011,571,1842,464,1419,107,423
29167,2012,431,1411,468,1486,-37,-75
29167,2013,352,1165,389,1182,-37,-17
29167,2014,272,879,285,894,-13,-15
29167,2015,413,1315,400,1276,13,39
29167,2016,563,1866,528,1572,35,294
29167,2017,460,1343,401,1216,59,127
29167,2018,419,1264,422,1308,-3,-44
29167,2019,450,1472,427,1341,23,131
29167,2020,490,1447,468,1341,22,106
29167,2021,523,1590,417,1154,106,436
29169,2011,1238,4642,1548,5624,-310,-982
29169,2012,1455,5266,1427,5211,28,55
29169,2013,810,2958,948,3309,-138,-351
29169,2014,486,1683,620,2081,-134,-398
29169,2015,957,3506,1030,3811,-73,-305
29169,2016,1505,5601,1630,6068,-125,-467
29169,2017,961,3424,915,3266,46,158
29169,2018,1047,3667,981,3416,66,251
29169,2019,933,3328,1065,3766,-132,-438
29169,2020,1098,3754,1115,3920,-17,-166
29169,2021,958,3223,994,3369,-36,-146
29171,2011,45,142,12,34,33,108
29171,2012,38,121,27,86,11,35
29173,2011,247,753,182,565,65,188
29173,2012,219,660,187,573,32,87
29173,2013,154,477,114,340,40,137
29173,2014,112,343,121,368,-9,-25
29173,2015,153,479,134,402,19,77
29173,2016,184,611,195,586,-11,25
29173,2017,129,409,187,563,-58,-154
29173,2018,142,459,157,455,-15,4
29173,2019,143,445,150,451,-7,-6
29173,2020,157,462,124,377,33,85
29173,2021,197,638,149,435,48,203
29175,2011,309,941,270,841,39,100
29175,2012,277,847,296,863,-19,-16
29175,2013,205,631,180,533,25,98
29175,2014,129,380,151,428,-22,-48
29175,2015,232,657,202,570,30,87
29175,2016,282,768,286,867,-4,-99
29175,2017,238,672,234,699,4,-27
29175,2018,184,543,224,649,-40,-106
29175,2019,234,712,223,666,11,46
29175,2020,245,705,246,691,-1,14
29175,2021,236,661,269,731,-33,-70
29177,2011,432,1383,467,1412,-35,-29
29177,2012,420,1331,467,1432,-47,-101
29177,2013,375,1155,350,1057,25,98
29177,2014,251,736,306,941,-55,-205
29177,2015,410,1244,380,1124,30,120
29177,2016,624,1951,511,1557,113,394
29177,2017,432,1348,398,1183,34,165
29177,2018,362,1137,411,1234,-49,-97
29177,2019,489,1571,375,1107,114,464
29177,2020,484,1494,444,1328,40,166
29177,2021,506,1486,390,1105,116,381
29179,2011,38,120,64,210,-26,-90
29179,2012,48,156,55,174,-7,-18
29179,2018,45,172,NA,NA,NA,NA
29179,2019,25,79,NA,NA,NA,NA
29181,2011,112,356,129,419,-17,-63
29181,2012,103,327,119,368,-16,-41
29181,2013,100,314,117,363,-17,-49
29181,2014,60,189,105,318,-45,-129
29181,2015,86,271,85,258,1,13
29181,2016,124,414,85,294,39,120
29181,2017,64,213,99,316,-35,-103
29181,2018,75,249,120,365,-45,-116
29181,2019,116,383,164,525,-48,-142
29181,2020,93,307,99,316,-6,-9
29181,2021,94,292,100,280,-6,12
29183,2011,7263,20927,6467,18413,796,2514
29183,2012,8145,23400,6493,18471,1652,4929
29183,2013,6868,19644,5559,15472,1309,4172
29183,2014,4883,13452,4106,11212,777,2240
29183,2015,7445,21309,5959,16362,1486,4947
29183,2016,10772,31106,8783,24894,1989,6212
29183,2017,7582,21361,6751,18622,831,2739
29183,2018,7634,21207,6491,17722,1143,3485
29183,2019,8295,23412,7102,19520,1193,3892
29183,2020,8175,22622,7092,19191,1083,3431
29183,2021,7842,21480,7206,19210,636,2270
29185,2011,210,682,155,481,55,201
29185,2012,104,333,105,318,-1,15
29185,2013,26,92,76,245,-50,-153
29185,2014,28,84,26,77,2,7
29185,2015,59,178,63,175,-4,3
29185,2016,106,325,56,167,50,158
29185,2017,46,137,32,89,14,48
29185,2018,52,158,38,114,14,44
29185,2019,81,230,59,170,22,60
29185,2020,108,312,84,259,24,53
29185,2021,124,359,40,97,84,262
29186,2011,280,825,413,1286,-133,-461
29186,2012,281,879,291,851,-10,28
29186,2013,258,794,252,733,6,61
29186,2014,186,554,231,665,-45,-111
29186,2015,255,780,277,815,-22,-35
29186,2016,364,1155,358,1042,6,113
29186,2017,267,766,262,767,5,-1
29186,2018,248,779,243,719,5,60
29186,2019,303,928,258,734,45,194
29186,2020,289,904,270,770,19,134
29186,2021,270,832,244,721,26,111
29187,2011,911,2764,956,2927,-45,-163
29187,2012,908,2761,920,2798,-12,-37
29187,2013,791,2361,765,2260,26,101
29187,2014,604,1849,588,1682,16,167
29187,2015,848,2468,716,2096,132,372
29187,2016,1067,3240,1017,3060,50,180
29187,2017,920,2748,760,2240,160,508
29187,2018,863,2553,744,2204,119,349
29187,2019,982,2936,837,2480,145,456
29187,2020,1202,3342,894,2637,308,705
29187,2021,970,2814,1030,2854,-60,-40
29189,2011,21201,60470,22165,62672,-964,-2202
29189,2012,22179,63477,23243,65397,-1064,-1920
29189,2013,19030,54396,20591,57805,-1561,-3409
29189,2014,13921,39065,15721,43035,-1800,-3970
29189,2015,19289,54783,22069,61490,-2780,-6707
29189,2016,26228,74702,29251,82499,-3023,-7797
29189,2017,20359,57231,21660,60036,-1301,-2805
29189,2018,19349,54226,20727,56924,-1378,-2698
29189,2019,20549,57634,22252,62226,-1703,-4592
29189,2020,19848,54062,22291,60828,-2443,-6766
29189,2021,19221,51478,22240,59581,-3019,-8103
29195,2011,237,718,237,701,0,17
29195,2012,173,559,238,688,-65,-129
29195,2013,99,320,168,505,-69,-185
29195,2014,49,151,123,370,-74,-219
29195,2015,85,263,172,488,-87,-225
29195,2016,184,527,201,594,-17,-67
29195,2017,136,397,150,450,-14,-53
29195,2018,138,386,150,399,-12,-13
29195,2019,107,346,155,488,-48,-142
29195,2020,149,435,134,385,15,50
29195,2021,128,377,180,517,-52,-140
29197,2011,29,100,46,125,-17,-25
29197,2012,33,85,34,93,-1,-8
29197,2013,41,125,32,105,9,20
29197,2014,26,79,65,221,-39,-142
29197,2015,34,103,36,106,-2,-3
29197,2016,36,111,34,106,2,5
29197,2017,38,123,31,92,7,31
29197,2018,33,103,29,87,4,16
29197,2019,22,63,32,86,-10,-23
29197,2020,37,110,32,86,5,24
29197,2021,28,80,31,90,-3,-10
29199,2011,10,31,11,24,-1,7
29199,2012,12,28,13,38,-1,-10
29199,2017,22,86,62,226,-40,-140
29201,2011,645,2050,710,2196,-65,-146
29201,2012,647,1966,593,1834,54,132
29201,2013,500,1560,594,1854,-94,-294
29201,2014,454,1372,437,1310,17,62
29201,2015,536,1612,592,1779,-56,-167
29201,2016,739,2256,782,2405,-43,-149
29201,2017,649,1935,629,1854,20,81
29201,2018,592,1783,590,1794,2,-11
29201,2019,631,1895,664,2056,-33,-161
29201,2020,542,1562,635,1798,-93,-236
29201,2021,653,1895,667,1944,-14,-49
29203,2011,63,200,66,213,-3,-13
29203,2012,49,175,64,200,-15,-25
29203,2013,35,120,38,115,-3,5
29203,2014,22,81,61,181,-39,-100
29203,2015,50,138,45,125,5,13
29203,2016,64,206,68,215,-4,-9
29203,2017,35,113,58,188,-23,-75
29203,2018,64,196,77,240,-13,-44
29203,2019,58,204,46,143,12,61
29203,2020,50,150,81,273,-31,-123
29203,2021,73,229,39,107,34,122
29205,2011,58,178,60,184,-2,-6
29205,2012,53,154,44,140,9,14
29205,2013,22,66,NA,NA,NA,NA
29205,2016,25,76,31,92,-6,-16
29205,2017,22,61,NA,NA,NA,NA
29205,2019,25,74,39,120,-14,-46
29205,2020,32,102,33,87,-1,15
29205,2021,25,65,49,137,-24,-72
29207,2011,337,1031,359,1085,-22,-54
29207,2012,340,1090,350,1112,-10,-22
29207,2013,324,1005,267,818,57,187
29207,2014,226,692,217,669,9,23
29207,2015,273,891,338,1012,-65,-121
29207,2016,435,1370,380,1187,55,183
29207,2017,337,1033,313,961,24,72
29207,2018,310,996,328,984,-18,12
29207,2019,338,1059,370,1098,-32,-39
29207,2020,314,903,358,1050,-44,-147
29207,2021,352,1034,298,852,54,182
29209,2011,626,1931,822,2502,-196,-571
29209,2012,533,1664,630,1933,-97,-269
29209,2013,483,1518,544,1668,-61,-150
29209,2014,373,1095,415,1242,-42,-147
29209,2015,480,1507,483,1450,-3,57
29209,2016,758,2349,695,2037,63,312
29209,2017,606,1901,619,1799,-13,102
29209,2018,556,1697,537,1560,19,137
29209,2019,660,2074,598,1744,62,330
29209,2020,643,1923,663,1928,-20,-5
29209,2021,641,1947,570,1637,71,310
29211,2011,71,226,85,259,-14,-33
29211,2012,30,107,47,149,-17,-42
29211,2013,21,61,20,68,1,-7
29211,2015,27,80,29,79,-2,1
29211,2016,23,77,39,122,-16,-45
29211,2017,20,55,33,92,-13,-37
29211,2019,24,69,36,103,-12,-34
29211,2020,28,84,44,130,-16,-46
29211,2021,27,84,25,75,2,9
29213,2011,880,2663,906,2625,-26,38
29213,2012,929,2739,896,2602,33,137
29213,2013,570,1702,634,1875,-64,-173
29213,2014,449,1300,541,1530,-92,-230
29213,2015,592,1724,730,2072,-138,-348
29213,2016,899,2652,884,2659,15,-7
29213,2017,594,1704,772,2273,-178,-569
29213,2018,511,1498,764,2155,-253,-657
29213,2019,624,1847,837,2374,-213,-527
29213,2020,775,2156,842,2406,-67,-250
29213,2021,689,1960,861,2412,-172,-452
29215,2011,310,1011,315,1055,-5,-44
29215,2012,229,755,261,836,-32,-81
29215,2013,205,713,220,700,-15,13
29215,2014,106,338,159,490,-53,-152
29215,2015,251,773,222,697,29,76
29215,2016,260,864,353,1119,-93,-255
29215,2017,183,575,212,675,-29,-100
29215,2018,156,507,193,554,-37,-47
29215,2019,210,683,231,791,-21,-108
29215,2020,312,954,240,748,72,206
29215,2021,205,657,229,710,-24,-53
29217,2011,225,722,201,636,24,86
29217,2012,215,669,195,576,20,93
29217,2013,160,508,135,428,25,80
29217,2014,57,171,116,388,-59,-217
29217,2015,176,529,191,568,-15,-39
29217,2016,204,643,231,720,-27,-77
29217,2017,195,612,178,557,17,55
29217,2018,144,441,139,431,5,10
29217,2019,88,265,150,476,-62,-211
29217,2020,120,344,182,546,-62,-202
29217,2021,187,564,146,416,41,148
29219,2011,758,2332,670,2009,88,323
29219,2012,787,2359,711,2118,76,241
29219,2013,700,2110,632,1850,68,260
29219,2014,502,1470,461,1314,41,156
29219,2015,820,2478,694,2073,126,405
29219,2016,1250,3777,977,2923,273,854
29219,2017,945,2841,684,2007,261,834
29219,2018,919,2695,696,2020,223,675
29219,2019,1155,3462,809,2367,346,1095
29219,2020,1099,3139,757,2190,342,949
29219,2021,1108,3179,746,2088,362,1091
29221,2011,457,1522,332,1017,125,505
29221,2012,351,1080,323,1042,28,38
29221,2013,291,922,311,935,-20,-13
29221,2014,177,520,236,725,-59,-205
29221,2015,274,878,280,850,-6,28
29221,2016,418,1382,367,1166,51,216
29221,2017,291,912,338,1056,-47,-144
29221,2018,300,922,292,872,8,50
29221,2019,332,1014,351,1002,-19,12
29221,2020,367,1101,322,937,45,164
29221,2021,314,896,334,989,-20,-93
29223,2011,153,512,139,394,14,118
29223,2012,144,472,143,460,1,12
29223,2013,66,218,96,324,-30,-106
29223,2014,56,179,80,250,-24,-71
29223,2015,64,201,76,235,-12,-34
29223,2016,132,417,99,314,33,103
29223,2017,47,153,111,361,-64,-208
29223,2018,193,618,207,686,-14,-68
29223,2019,116,360,144,425,-28,-65
29223,2020,101,311,76,230,25,81
29223,2021,80,245,105,310,-25,-65
29225,2011,644,2114,776,2421,-132,-307
29225,2012,696,2260,727,2234,-31,26
29225,2013,647,2114,642,1966,5,148
29225,2014,486,1461,441,1374,45,87
29225,2015,662,2143,606,1879,56,264
29225,2016,930,2923,838,2647,92,276
29225,2017,668,2115,619,1908,49,207
29225,2018,608,1848,568,1767,40,81
29225,2019,783,2480,618,1972,165,508
29225,2020,818,2595,744,2251,74,344
29225,2021,788,2433,627,1903,161,530
29227,2011,14,51,NA,NA,NA,NA
29229,2011,248,819,349,1114,-101,-295
29229,2012,251,802,275,934,-24,-132
29229,2013,201,666,260,878,-59,-212
29229,2014,150,506,194,598,-44,-92
29229,2015,194,631,236,777,-42,-146
29229,2016,304,1022,324,1051,-20,-29
29229,2017,223,724,252,774,-29,-50
29229,2018,218,706,281,865,-63,-159
29229,2019,254,853,254,800,0,53
29229,2020,291,922,265,828,26,94
29229,2021,278,879,305,964,-27,-85
29510,2011,10895,29339,11933,33675,-1038,-4336
29510,2012,11367,30440,12570,35493,-1203,-5053
29510,2013,10072,26673,11055,31419,-983,-4746
29510,2014,7980,21172,8562,24368,-582,-3196
29510,2015,10244,26461,12206,34537,-1962,-8076
29510,2016,12968,33151,16327,45489,-3359,-12338
29510,2017,9934,25678,12377,34356,-2443,-8678
29510,2018,9849,25437,11540,32017,-1691,-6580
29510,2019,10070,26021,12071,33563,-2001,-7542
29510,2020,9753,24398,12776,34433,-3023,-10035
29510,2021,9502,23599,12304,32488,-2802,-8889
30001,2011,73,202,86,234,-13,-32
30001,2012,88,239,85,233,3,6
30001,2016,56,145,105,267,-49,-122
30001,2017,28,73,20,54,8,19
30001,2018,20,57,24,66,-4,-9
30001,2019,48,151,52,128,-4,23
30001,2020,23,59,49,120,-26,-61
30001,2021,40,109,46,126,-6,-17
30003,2011,79,269,109,365,-30,-96
30003,2012,93,354,138,417,-45,-63
30003,2013,98,315,77,260,21,55
30003,2014,51,154,91,297,-40,-143
30003,2015,61,196,84,278,-23,-82
30003,2016,65,212,95,298,-30,-86
30003,2017,68,211,81,246,-13,-35
30003,2018,84,268,112,365,-28,-97
30003,2019,68,252,97,295,-29,-43
30003,2020,83,265,103,310,-20,-45
30003,2021,78,224,104,329,-26,-105
30005,2011,70,223,54,163,16,60
30005,2012,44,141,69,192,-25,-51
30005,2013,37,117,23,76,14,41
30005,2014,27,91,29,90,-2,1
30005,2015,35,99,33,96,2,3
30005,2016,26,83,39,121,-13,-38
30005,2017,31,96,28,78,3,18
30005,2018,25,86,31,86,-6,0
30005,2019,29,98,51,157,-22,-59
30005,2020,29,87,32,90,-3,-3
30005,2021,31,91,35,112,-4,-21
30007,2011,154,509,71,209,83,300
30007,2012,49,141,88,274,-39,-133
30007,2013,79,249,53,157,26,92
30007,2014,49,154,64,186,-15,-32
30007,2015,93,290,89,247,4,43
30007,2016,132,414,82,260,50,154
30007,2017,116,338,77,230,39,108
30007,2018,123,377,85,262,38,115
30007,2019,179,542,70,200,109,342
30007,2020,186,575,93,265,93,310
30007,2021,190,556,84,222,106,334
30009,2011,174,492,161,447,13,45
30009,2012,174,496,156,451,18,45
30009,2013,106,298,139,382,-33,-84
30009,2014,93,261,96,248,-3,13
30009,2015,134,416,150,390,-16,26
30009,2016,213,633,143,405,70,228
30009,2017,104,320,139,382,-35,-62
30009,2018,123,366,132,358,-9,8
30009,2019,136,380,113,323,23,57
30009,2020,173,477,137,381,36,96
30009,2021,185,527,111,303,74,224
30013,2011,948,2724,1078,3088,-130,-364
30013,2012,911,2610,1099,3235,-188,-625
30013,2013,574,1621,720,2080,-146,-459
30013,2014,403,1112,470,1307,-67,-195
30013,2015,688,1981,843,2377,-155,-396
30013,2016,1078,3108,1213,3606,-135,-498
30013,2017,714,1979,722,2015,-8,-36
30013,2018,729,2008,761,2176,-32,-168
30013,2019,886,2549,909,2638,-23,-89
30013,2020,873,2392,774,2130,99,262
30013,2021,768,2089,777,2038,-9,51
30015,2011,62,222,42,119,20,103
30015,2012,21,72,39,114,-18,-42
30015,2013,26,85,35,104,-9,-19
30015,2014,23,68,30,79,-7,-11
30015,2015,27,81,33,92,-6,-11
30015,2016,26,73,48,143,-22,-70
30015,2017,24,75,33,99,-9,-24
30015,2018,42,130,58,184,-16,-54
30015,2019,32,114,27,79,5,35
30015,2020,53,175,59,156,-6,19
30015,2021,54,161,43,121,11,40
30017,2011,91,278,83,246,8,32
30017,2012,80,216,93,244,-13,-28
30017,2013,36,84,57,162,-21,-78
30017,2014,20,57,40,111,-20,-54
30017,2015,40,103,70,197,-30,-94
30017,2016,31,85,70,209,-39,-124
30017,2017,24,69,54,137,-30,-68
30017,2018,23,70,48,125,-25,-55
30017,2019,34,87,52,133,-18,-46
30017,2020,31,93,50,123,-19,-30
30017,2021,35,96,30,77,5,19
30021,2011,38,111,53,153,-15,-42
30021,2012,55,166,69,183,-14,-17
30021,2013,50,129,29,90,21,39
30021,2016,49,146,74,216,-25,-70
30021,2018,20,51,26,68,-6,-17
30021,2019,21,55,30,90,-9,-35
30021,2020,27,77,22,57,5,20
30023,2011,86,245,86,251,0,-6
30023,2012,116,338,79,248,37,90
30023,2013,61,153,57,169,4,-16
30023,2014,25,69,37,105,-12,-36
30023,2015,49,133,63,165,-14,-32
30023,2016,90,276,113,314,-23,-38
30023,2017,77,204,68,190,9,14
30023,2018,57,147,51,164,6,-17
30023,2019,51,143,95,259,-44,-116
30023,2020,118,311,61,175,57,136
30023,2021,79,219,91,257,-12,-38
30025,2011,16,49,NA,NA,NA,NA
30027,2011,99,278,107,289,-8,-11
30027,2012,79,222,149,419,-70,-197
30027,2013,43,111,51,124,-8,-13
30027,2015,61,170,70,195,-9,-25
30027,2016,85,217,82,228,3,-11
30027,2017,54,143,96,240,-42,-97
30027,2018,54,141,74,199,-20,-58
30027,2019,55,153,58,150,-3,3
30027,2020,62,166,49,137,13,29
30027,2021,100,258,30,67,70,191
30029,2011,1264,3606,1119,3086,145,520
30029,2012,1395,3964,1071,2961,324,1003
30029,2013,978,2766,867,2448,111,318
30029,2014,628,1720,585,1532,43,188
30029,2015,1098,3034,789,2115,309,919
30029,2016,1817,5184,1106,3025,711,2159
30029,2017,1234,3422,1014,2774,220,648
30029,2018,1451,3831,864,2292,587,1539
30029,2019,1657,4797,977,2802,680,1995
30029,2020,1950,5610,1027,2769,923,2841
30029,2021,1719,4722,1064,2786,655,1936
30031,2011,1597,4178,1642,4327,-45,-149
30031,2012,1732,4620,1647,4287,85,333
30031,2013,1312,3432,1186,3112,126,320
30031,2014,966,2428,760,1879,206,549
30031,2015,1731,4499,1376,3483,355,1016
30031,2016,2418,6387,2247,5773,171,614
30031,2017,1699,4353,1818,4579,-119,-226
30031,2018,1733,4417,1880,4720,-147,-303
30031,2019,2032,5340,2035,5214,-3,126
30031,2020,2091,5393,2080,5383,11,10
30031,2021,2141,5326,2406,6040,-265,-714
30035,2011,74,234,97,300,-23,-66
30035,2012,162,462,137,397,25,65
30035,2013,26,74,67,198,-41,-124
30035,2015,53,161,53,173,0,-12
30035,2016,26,81,87,247,-61,-166
30035,2017,20,66,29,104,-9,-38
30035,2018,23,74,49,147,-26,-73
30035,2019,53,154,49,144,4,10
30035,2020,22,68,52,151,-30,-83
30037,2012,16,54,NA,NA,NA,NA
30039,2011,21,51,39,110,-18,-59
30039,2012,22,66,25,69,-3,-3
30039,2015,21,64,21,58,0,6
30039,2016,31,83,26,70,5,13
30039,2017,28,78,26,63,2,15
30039,2019,29,83,23,61,6,22
30039,2020,20,55,NA,NA,NA,NA
30041,2011,167,476,230,694,-63,-218
30041,2012,172,472,188,530,-16,-58
30041,2013,78,251,166,508,-88,-257
30041,2014,51,153,93,282,-42,-129
30041,2015,105,282,169,484,-64,-202
30041,2016,99,288,203,597,-104,-309
30041,2017,103,287,159,448,-56,-161
30041,2018,159,432,114,340,45,92
30041,2019,84,253,137,413,-53,-160
30041,2020,106,294,151,441,-45,-147
30041,2021,64,201,135,382,-71,-181
30043,2011,233,703,232,666,1,37
30043,2012,238,699,221,657,17,42
30043,2013,202,608,187,532,15,76
30043,2014,136,414,153,452,-17,-38
30043,2015,213,672,204,567,9,105
30043,2016,298,975,236,681,62,294
30043,2017,242,745,196,566,46,179
30043,2018,224,674,195,601,29,73
30043,2019,256,837,190,527,66,310
30043,2020,266,793,164,493,102,300
30043,2021,263,815,160,424,103,391
30045,2011,14,48,24,62,-10,-14
30045,2012,16,51,27,82,-11,-31
30047,2011,330,935,361,1040,-31,-105
30047,2012,305,904,334,969,-29,-65
30047,2013,205,601,210,620,-5,-19
30047,2014,148,404,165,468,-17,-64
30047,2015,265,758,273,773,-8,-15
30047,2016,413,1243,313,909,100,334
30047,2017,274,819,303,855,-29,-36
30047,2018,264,753,270,741,-6,12
30047,2019,403,1158,276,801,127,357
30047,2020,423,1185,249,687,174,498
30047,2021,313,878,258,711,55,167
30049,2011,1011,2732,887,2431,124,301
30049,2012,1057,2940,1005,2771,52,169
30049,2013,772,2144,757,2110,15,34
30049,2014,521,1418,523,1393,-2,25
30049,2015,774,2061,832,2278,-58,-217
30049,2016,1242,3446,1196,3339,46,107
30049,2017,950,2599,822,2245,128,354
30049,2018,858,2334,797,2128,61,206
30049,2019,1058,2831,877,2455,181,376
30049,2020,1171,3167,812,2158,359,1009
30049,2021,1142,3038,840,2238,302,800
30051,2011,13,36,13,35,0,1
30053,2011,124,343,168,479,-44,-136
30053,2012,120,356,174,496,-54,-140
30053,2013,92,266,84,225,8,41
30053,2014,50,154,59,155,-9,-1
30053,2015,66,211,114,295,-48,-84
30053,2016,160,459,118,326,42,133
30053,2017,117,339,132,384,-15,-45
30053,2018,108,316,85,236,23,80
30053,2019,118,366,124,357,-6,9
30053,2020,244,701,68,191,176,510
30053,2021,214,598,87,243,127,355
30057,2011,63,193,86,233,-23,-40
30057,2012,88,244,81,222,7,22
30057,2013,39,98,86,246,-47,-148
30057,2014,36,96,29,93,7,3
30057,2015,57,158,62,184,-5,-26
30057,2016,115,304,53,148,62,156
30057,2017,129,314,63,162,66,152
30057,2018,64,172,49,116,15,56
30057,2019,107,294,86,233,21,61
30057,2020,98,272,61,145,37,127
30057,2021,118,321,62,156,56,165
30061,2011,36,111,53,143,-17,-32
30061,2012,55,145,44,139,11,6
30061,2013,45,117,40,132,5,-15
30061,2014,29,91,35,96,-6,-5
30061,2015,32,90,55,169,-23,-79
30061,2016,73,212,58,165,15,47
30061,2017,52,156,44,120,8,36
30061,2018,65,234,31,86,34,148
30061,2019,76,224,43,132,33,92
30061,2020,78,223,39,107,39,116
30061,2021,68,193,41,118,27,75
30063,2011,2028,5265,2173,5686,-145,-421
30063,2012,2160,5773,2309,6031,-149,-258
30063,2013,1573,4165,1734,4546,-161,-381
30063,2014,1156,2942,1055,2736,101,206
30063,2015,1937,5062,1732,4496,205,566
30063,2016,2648,6962,2716,7207,-68,-245
30063,2017,1905,5025,1914,5041,-9,-16
30063,2018,1770,4587,1783,4650,-13,-63
30063,2019,2034,5373,2066,5496,-32,-123
30063,2020,2048,5213,2036,5288,12,-75
30063,2021,1865,4705,1928,4879,-63,-174
30065,2011,58,162,69,216,-11,-54
30065,2012,62,188,55,173,7,15
30065,2013,37,113,47,142,-10,-29
30065,2014,22,68,34,93,-12,-25
30065,2015,46,143,50,139,-4,4
30065,2016,69,221,73,203,-4,18
30065,2017,46,149,57,187,-11,-38
30065,2018,48,139,57,157,-9,-18
30065,2019,51,155,52,143,-1,12
30065,2020,45,143,38,98,7,45
30065,2021,56,159,53,144,3,15
30067,2011,179,447,184,496,-5,-49
30067,2012,163,440,202,535,-39,-95
30067,2013,179,467,137,346,42,121
30067,2014,109,268,126,317,-17,-49
30067,2015,193,484,164,423,29,61
30067,2016,295,760,257,641,38,119
30067,2017,200,501,181,479,19,22
30067,2018,193,473,218,554,-25,-81
30067,2019,243,636,207,556,36,80
30067,2020,262,666,199,512,63,154
30067,2021,263,633,172,427,91,206
30073,2011,58,178,79,243,-21,-65
30073,2012,18,57,54,168,-36,-111
30073,2013,21,66,NA,NA,NA,NA
30073,2016,22,63,35,100,-13,-37
30073,2019,22,67,21,77,1,-10
30073,2020,23,62,NA,NA,NA,NA
30077,2011,72,202,86,243,-14,-41
30077,2012,57,156,85,246,-28,-90
30077,2013,22,48,21,54,1,-6
30077,2015,21,57,26,68,-5,-11
30077,2016,73,180,24,84,49,96
30077,2018,25,61,NA,NA,NA,NA
30077,2019,72,203,43,118,29,85
30077,2020,92,220,47,119,45,101
30077,2021,22,52,32,79,-10,-27
30079,2011,10,40,12,44,-2,-4
30081,2011,516,1445,540,1474,-24,-29
30081,2012,555,1583,542,1551,13,32
30081,2013,327,933,334,940,-7,-7
30081,2014,201,553,260,671,-59,-118
30081,2015,461,1294,343,946,118,348
30081,2016,814,2325,503,1432,311,893
30081,2017,516,1485,437,1228,79,257
30081,2018,456,1301,421,1139,35,162
30081,2019,631,1796,421,1195,210,601
30081,2020,734,2099,349,920,385,1179
30081,2021,670,1895,395,1056,275,839
30083,2011,113,321,113,305,0,16
30083,2012,143,396,160,435,-17,-39
30083,2013,71,211,117,335,-46,-124
30083,2014,50,148,81,219,-31,-71
30083,2015,46,127,70,212,-24,-85
30083,2016,57,170,128,390,-71,-220
30083,2018,48,154,45,137,3,17
30083,2019,51,176,50,164,1,12
30083,2021,22,60,86,236,-64,-176
30085,2011,49,156,60,176,-11,-20
30085,2012,68,198,81,247,-13,-49
30085,2014,20,59,NA,NA,NA,NA
30085,2015,20,65,55,157,-35,-92
30085,2016,25,83,27,78,-2,5
30085,2018,20,70,36,96,-16,-26
30087,2011,91,284,99,319,-8,-35
30087,2012,61,193,91,296,-30,-103
30087,2013,39,115,65,206,-26,-91
30087,2014,45,125,47,131,-2,-6
30087,2015,40,123,66,204,-26,-81
30087,2016,41,132,57,175,-16,-43
30087,2017,33,107,61,173,-28,-66
30087,2018,43,139,78,245,-35,-106
30087,2019,40,124,52,177,-12,-53
30087,2020,36,98,54,165,-18,-67
30087,2021,28,86,67,185,-39,-99
30089,2011,69,184,83,242,-14,-58
30089,2012,61,179,43,131,18,48
30089,2013,25,73,41,108,-16,-35
30089,2014,28,70,21,54,7,16
30089,2015,51,141,60,187,-9,-46
30089,2016,103,315,82,242,21,73
30089,2017,29,79,40,109,-11,-30
30089,2018,45,125,47,136,-2,-11
30089,2019,102,373,83,219,19,154
30089,2020,123,364,97,278,26,86
30089,2021,106,297,56,149,50,148
30091,2012,11,36,13,32,-2,4
30093,2011,404,1126,361,1012,43,114
30093,2012,447,1288,417,1153,30,135
30093,2013,326,875,325,902,1,-27
30093,2014,182,506,225,573,-43,-67
30093,2015,297,773,368,965,-71,-192
30093,2016,413,1130,479,1345,-66,-215
30093,2017,329,853,342,900,-13,-47
30093,2018,329,917,313,815,16,102
30093,2019,407,1043,362,970,45,73
30093,2020,409,1072,388,1014,21,58
30093,2021,415,1082,308,815,107,267
30095,2011,135,402,141,377,-6,25
30095,2012,157,499,138,441,19,58
30095,2013,108,320,114,340,-6,-20
30095,2014,78,234,103,265,-25,-31
30095,2015,98,287,106,333,-8,-46
30095,2016,154,483,175,483,-21,0
30095,2017,98,282,102,294,-4,-12
30095,2018,125,352,117,347,8,5
30095,2019,120,371,114,301,6,70
30095,2020,122,360,124,334,-2,26
30095,2021,114,339,133,361,-19,-22
30097,2011,27,84,29,97,-2,-13
30097,2012,14,41,24,81,-10,-40
30097,2020,23,62,NA,NA,NA,NA
30099,2011,61,192,59,181,2,11
30099,2012,56,170,59,177,-3,-7
30099,2013,37,109,39,99,-2,10
30099,2014,34,92,33,110,1,-18
30099,2015,36,116,48,150,-12,-34
30099,2016,68,198,48,143,20,55
30099,2017,37,95,48,151,-11,-56
30099,2018,36,107,60,166,-24,-59
30099,2019,42,146,44,133,-2,13
30099,2020,44,134,38,109,6,25
30099,2021,46,147,46,125,0,22
30101,2011,36,105,54,153,-18,-48
30101,2012,40,101,74,176,-34,-75
30101,2014,20,46,20,54,0,-8
30101,2020,21,62,NA,NA,NA,NA
30101,2021,29,64,NA,NA,NA,NA
30105,2011,44,126,11,28,33,98
30105,2012,39,122,40,120,-1,2
30105,2013,40,108,24,62,16,46
30105,2016,20,52,25,63,-5,-11
30107,2011,10,32,14,32,-4,0
30107,2012,14,37,NA,NA,NA,NA
30111,2011,2377,6724,2071,5732,306,992
30111,2012,2579,7322,2224,6244,355,1078
30111,2013,1688,4851,1776,4887,-88,-36
30111,2014,1236,3282,986,2671,250,611
30111,2015,1889,5266,1705,4701,184,565
30111,2016,2433,6846,2415,6819,18,27
30111,2017,1710,4737,1532,4288,178,449
30111,2018,1609,4390,1494,4061,115,329
30111,2019,2060,5805,1504,4229,556,1576
30111,2020,2245,6123,1640,4388,605,1735
30111,2021,2053,5492,1515,3974,538,1518
31001,2011,388,1129,428,1201,-40,-72
31001,2012,354,992,420,1153,-66,-161
31001,2013,274,790,350,948,-76,-158
31001,2014,200,573,258,679,-58,-106
31001,2015,294,847,368,991,-74,-144
31001,2016,410,1182,445,1283,-35,-101
31001,2017,255,697,360,998,-105,-301
31001,2018,250,707,316,829,-66,-122
31001,2019,317,888,344,946,-27,-58
31001,2020,301,810,363,992,-62,-182
31001,2021,273,753,378,990,-105,-237
31003,2011,77,231,110,323,-33,-92
31003,2012,38,114,73,210,-35,-96
31003,2013,37,95,28,74,9,21
31003,2014,25,69,23,60,2,9
31003,2015,31,84,40,111,-9,-27
31003,2016,39,108,49,138,-10,-30
31003,2017,37,106,29,85,8,21
31003,2018,33,91,30,87,3,4
31003,2019,32,113,31,89,1,24
31003,2020,33,100,29,80,4,20
31003,2021,26,72,36,89,-10,-17
31007,2011,12,41,37,115,-25,-74
31011,2011,64,207,53,137,11,70
31011,2012,21,70,47,128,-26,-58
31011,2019,22,68,NA,NA,NA,NA
31013,2011,69,194,60,173,9,21
31013,2012,37,98,42,139,-5,-41
31013,2013,27,77,NA,NA,NA,NA
31013,2015,22,65,59,172,-37,-107
31013,2016,33,85,71,204,-38,-119
31013,2017,21,69,23,72,-2,-3
31013,2018,20,48,53,155,-33,-107
31013,2020,37,101,24,72,13,29
31013,2021,36,117,51,149,-15,-32
31019,2011,643,1804,762,2116,-119,-312
31019,2012,661,1866,647,1818,14,48
31019,2013,529,1452,612,1714,-83,-262
31019,2014,379,986,397,1103,-18,-117
31019,2015,569,1563,614,1621,-45,-58
31019,2016,705,1968,854,2454,-149,-486
31019,2017,574,1617,597,1619,-23,-2
31019,2018,525,1401,593,1642,-68,-241
31019,2019,636,1769,616,1699,20,70
31019,2020,594,1610,634,1669,-40,-59
31019,2021,589,1488,698,1784,-109,-296
31021,2011,78,231,76,199,2,32
31021,2012,70,210,94,245,-24,-35
31021,2013,24,67,22,55,2,12
31021,2015,49,148,45,133,4,15
31021,2016,93,292,82,244,11,48
31021,2017,75,209,47,125,28,84
31021,2018,90,261,59,160,31,101
31021,2019,29,105,76,214,-47,-109
31021,2020,79,227,NA,NA,NA,NA
31021,2021,65,173,58,151,7,22
31023,2011,104,308,150,441,-46,-133
31023,2012,106,329,110,297,-4,32
31023,2013,71,187,74,214,-3,-27
31023,2014,23,61,58,149,-35,-88
31023,2015,65,196,67,172,-2,24
31023,2016,91,249,80,235,11,14
31023,2017,74,211,68,192,6,19
31023,2018,69,203,73,215,-4,-12
31023,2019,83,244,73,191,10,53
31023,2020,93,261,71,192,22,69
31023,2021,93,264,99,255,-6,9
31025,2011,543,1671,495,1459,48,212
31025,2012,504,1548,525,1504,-21,44
31025,2013,480,1459,452,1320,28,139
31025,2014,322,923,373,1042,-51,-119
31025,2015,577,1794,478,1340,99,454
31025,2016,901,2847,646,1885,255,962
31025,2017,617,1855,536,1536,81,319
31025,2018,629,1889,507,1476,122,413
31025,2019,648,2186,607,1766,41,420
31025,2020,640,1927,491,1361,149,566
31025,2021,548,1652,497,1362,51,290
31027,2011,83,251,101,300,-18,-49
31027,2012,90,264,113,316,-23,-52
31027,2015,25,84,20,60,5,24
31027,2016,66,200,70,206,-4,-6
31027,2019,43,122,21,57,22,65
31031,2011,65,199,12,38,53,161
31033,2011,53,148,70,208,-17,-60
31033,2012,79,205,100,287,-21,-82
31033,2016,43,138,NA,NA,NA,NA
31033,2017,27,99,45,150,-18,-51
31033,2018,30,103,20,62,10,41
31033,2019,21,91,NA,NA,NA,NA
31033,2020,27,81,NA,NA,NA,NA
31033,2021,23,61,NA,NA,NA,NA
31035,2011,56,170,98,315,-42,-145
31035,2012,72,221,66,198,6,23
31035,2013,38,116,54,167,-16,-51
31035,2014,29,76,32,94,-3,-18
31035,2015,38,112,53,164,-15,-52
31035,2016,79,248,49,141,30,107
31035,2017,53,155,40,115,13,40
31035,2018,47,136,45,130,2,6
31035,2019,52,154,43,137,9,17
31035,2020,42,126,44,130,-2,-4
31035,2021,54,151,39,110,15,41
31037,2011,202,614,239,699,-37,-85
31037,2012,187,565,234,743,-47,-178
31037,2013,136,432,133,427,3,5
31037,2014,48,143,131,391,-83,-248
31037,2015,80,262,197,586,-117,-324
31037,2016,92,276,202,612,-110,-336
31037,2017,66,211,104,345,-38,-134
31037,2018,51,124,128,403,-77,-279
31037,2019,66,190,147,444,-81,-254
31037,2020,50,140,142,429,-92,-289
31037,2021,58,166,184,563,-126,-397
31039,2011,80,250,132,391,-52,-141
31039,2012,88,250,78,206,10,44
31039,2013,20,59,NA,NA,NA,NA
31039,2015,23,91,52,165,-29,-74
31039,2016,45,149,59,159,-14,-10
31039,2017,23,64,22,62,1,2
31039,2018,22,59,49,137,-27,-78
31039,2020,22,71,24,62,-2,9
31039,2021,20,46,53,146,-33,-100
31041,2011,115,330,133,359,-18,-29
31041,2012,87,235,74,209,13,26
31041,2013,44,126,32,83,12,43
31041,2016,83,237,82,229,1,8
31041,2017,21,61,55,148,-34,-87
31041,2018,45,127,31,86,14,41
31041,2019,23,69,41,134,-18,-65
31041,2020,42,126,29,77,13,49
31041,2021,32,77,21,50,11,27
31043,2011,364,1139,464,1443,-100,-304
31043,2012,382,1242,419,1320,-37,-78
31043,2013,266,812,399,1283,-133,-471
31043,2014,202,666,284,826,-82,-160
31043,2015,254,757,395,1204,-141,-447
31043,2016,306,948,514,1601,-208,-653
31043,2017,277,850,390,1175,-113,-325
31043,2018,286,892,350,1041,-64,-149
31043,2019,291,914,472,1419,-181,-505
31043,2020,280,785,389,1132,-109,-347
31043,2021,298,849,365,1078,-67,-229
31045,2011,25,67,84,250,-59,-183
31045,2012,17,50,57,163,-40,-113
31045,2019,23,72,20,56,3,16
31047,2011,234,697,316,946,-82,-249
31047,2012,282,861,362,1105,-80,-244
31047,2013,213,656,280,782,-67,-126
31047,2014,115,340,202,571,-87,-231
31047,2015,167,456,282,825,-115,-369
31047,2016,252,750,360,1033,-108,-283
31047,2017,131,396,235,654,-104,-258
31047,2018,161,463,212,589,-51,-126
31047,2019,152,424,290,845,-138,-421
31047,2020,150,448,256,727,-106,-279
31047,2021,154,402,238,627,-84,-225
31049,2011,18,60,NA,NA,NA,NA
31049,2012,13,34,18,49,-5,-15
31051,2011,98,309,78,250,20,59
31051,2012,77,236,74,237,3,-1
31051,2013,21,79,25,80,-4,-1
31051,2014,23,74,NA,NA,NA,NA
31051,2015,48,163,23,60,25,103
31051,2016,51,173,49,156,2,17
31051,2017,41,135,48,149,-7,-14
31051,2018,20,52,49,157,-29,-105
31051,2019,58,183,52,172,6,11
31051,2020,26,74,49,140,-23,-66
31051,2021,26,84,23,73,3,11
31053,2011,504,1456,608,1728,-104,-272
31053,2012,553,1658,580,1709,-27,-51
31053,2013,423,1269,503,1484,-80,-215
31053,2014,314,937,360,1016,-46,-79
31053,2015,463,1397,542,1563,-79,-166
31053,2016,649,1845,714,2036,-65,-191
31053,2017,417,1189,498,1422,-81,-233
31053,2018,427,1194,497,1406,-70,-212
31053,2019,502,1494,526,1488,-24,6
31053,2020,419,1150,509,1415,-90,-265
31053,2021,489,1354,520,1420,-31,-66
31055,2011,9694,27220,9754,27735,-60,-515
31055,2012,10166,28813,10289,29806,-123,-993
31055,2013,8314,23282,8771,25358,-457,-2076
31055,2014,5752,15804,5765,16174,-13,-370
31055,2015,9086,25177,9457,27276,-371,-2099
31055,2016,12660,35522,13436,39026,-776,-3504
31055,2017,9222,25413,9621,27356,-399,-1943
31055,2018,9108,25083,9615,27029,-507,-1946
31055,2019,9670,26967,10674,30906,-1004,-3939
31055,2020,9346,25104,10966,30506,-1620,-5402
31055,2021,9749,25654,10819,29694,-1070,-4040
31059,2011,52,143,74,222,-22,-79
31059,2012,41,118,47,128,-6,-10
31059,2013,23,69,21,59,2,10
31059,2015,28,85,44,113,-16,-28
31059,2016,50,150,60,166,-10,-16
31059,2017,20,62,NA,NA,NA,NA
31059,2018,22,59,53,152,-31,-93
31059,2019,46,139,38,99,8,40
31059,2020,46,123,55,157,-9,-34
31059,2021,22,56,23,60,-1,-4
31061,2011,16,40,NA,NA,NA,NA
31061,2012,10,31,10,27,0,4
31063,2011,23,78,22,63,1,15
31063,2012,26,91,28,83,-2,8
31063,2021,22,58,NA,NA,NA,NA
31065,2011,39,117,63,195,-24,-78
31065,2012,14,43,45,134,-31,-91
31067,2011,243,756,284,823,-41,-67
31067,2012,230,649,229,679,1,-30
31067,2013,203,596,187,525,16,71
31067,2014,135,384,138,374,-3,10
31067,2015,196,573,197,543,-1,30
31067,2016,303,920,274,753,29,167
31067,2017,176,516,212,604,-36,-88
31067,2018,216,640,183,528,33,112
31067,2019,247,766,221,636,26,130
31067,2020,231,632,196,534,35,98
31067,2021,205,582,195,496,10,86
31071,2011,42,131,NA,NA,NA,NA
31073,2011,33,108,33,95,0,13
31073,2012,37,122,25,94,12,28
31073,2013,26,74,27,81,-1,-7
31073,2014,21,70,20,61,1,9
31073,2015,31,99,NA,NA,NA,NA
31073,2016,28,80,20,74,8,6
31073,2019,21,72,NA,NA,NA,NA
31079,2011,848,2439,924,2631,-76,-192
31079,2012,901,2631,993,2954,-92,-323
31079,2013,733,2025,726,2117,7,-92
31079,2014,573,1636,643,1785,-70,-149
31079,2015,692,1900,860,2428,-168,-528
31079,2016,846,2388,1055,3016,-209,-628
31079,2017,611,1705,831,2369,-220,-664
31079,2018,617,1706,787,2156,-170,-450
31079,2019,632,1718,869,2431,-237,-713
31079,2020,627,1668,823,2255,-196,-587
31079,2021,597,1575,788,2137,-191,-562
31081,2011,157,480,156,431,1,49
31081,2012,155,513,128,368,27,145
31081,2013,93,294,148,405,-55,-111
31081,2014,55,168,54,146,1,22
31081,2015,73,223,94,261,-21,-38
31081,2016,158,491,155,415,3,76
31081,2017,92,271,82,225,10,46
31081,2018,72,212,98,292,-26,-80
31081,2019,107,336,95,246,12,90
31081,2020,93,299,117,310,-24,-11
31081,2021,105,296,71,187,34,109
31083,2011,23,75,NA,NA,NA,NA
31083,2012,31,92,12,35,19,57
31087,2011,21,64,30,79,-9,-15
31087,2012,27,82,28,82,-1,0
31087,2013,24,80,NA,NA,NA,NA
31087,2015,20,61,23,66,-3,-5
31087,2016,35,108,23,73,12,35
31087,2019,23,78,NA,NA,NA,NA
31087,2020,29,89,24,68,5,21
31087,2021,20,61,23,75,-3,-14
31089,2011,68,186,164,480,-96,-294
31089,2012,37,107,81,264,-44,-157
31089,2016,21,54,47,132,-26,-78
31093,2011,90,268,74,200,16,68
31093,2012,93,310,69,193,24,117
31093,2013,72,227,53,155,19,72
31093,2014,35,110,44,136,-9,-26
31093,2015,49,153,57,156,-8,-3
31093,2016,88,278,76,202,12,76
31093,2017,66,200,54,158,12,42
31093,2018,74,210,52,160,22,50
31093,2019,81,259,65,196,16,63
31093,2020,65,207,59,165,6,42
31093,2021,53,151,46,141,7,10
31095,2011,78,249,99,269,-21,-20
31095,2012,69,207,77,221,-8,-14
31095,2013,31,97,74,201,-43,-104
31095,2014,26,78,53,146,-27,-68
31095,2015,62,185,59,169,3,16
31095,2016,62,174,88,253,-26,-79
31095,2017,28,92,83,227,-55,-135
31095,2018,51,150,53,144,-2,6
31095,2019,52,152,25,76,27,76
31095,2020,57,158,58,163,-1,-5
31095,2021,23,66,55,142,-32,-76
31097,2011,50,160,36,100,14,60
31097,2012,48,147,49,137,-1,10
31097,2013,24,63,26,71,-2,-8
31097,2014,20,52,22,53,-2,-1
31097,2015,24,66,27,68,-3,-2
31097,2016,55,172,30,77,25,95
31097,2017,24,63,42,114,-18,-51
31097,2019,36,91,28,72,8,19
31097,2020,62,152,38,92,24,60
31097,2021,41,98,38,98,3,0
31099,2011,117,347,113,355,4,-8
31099,2012,81,252,98,268,-17,-16
31099,2013,83,231,70,200,13,31
31099,2014,66,200,51,147,15,53
31099,2015,95,278,89,249,6,29
31099,2016,109,337,113,303,-4,34
31099,2017,76,228,94,274,-18,-46
31099,2018,89,266,73,215,16,51
31099,2019,91,300,79,242,12,58
31099,2020,79,237,72,200,7,37
31099,2021,85,218,69,178,16,40
31101,2011,53,166,27,77,26,89
31101,2012,57,165,62,179,-5,-14
31101,2013,22,74,22,61,0,13
31101,2014,24,81,27,72,-3,9
31101,2015,25,69,30,96,-5,-27
31101,2016,32,93,46,134,-14,-41
31101,2017,25,70,25,57,0,13
31101,2018,29,84,34,93,-5,-9
31101,2019,32,86,30,95,2,-9
31101,2020,32,87,34,97,-2,-10
31101,2021,23,63,32,91,-9,-28
31105,2011,40,127,40,132,0,-5
31105,2012,40,118,31,100,9,18
31105,2020,27,75,NA,NA,NA,NA
31107,2011,64,201,45,136,19,65
31107,2012,61,164,79,220,-18,-56
31107,2015,22,78,NA,NA,NA,NA
31107,2016,44,130,28,79,16,51
31107,2018,23,63,24,69,-1,-6
31107,2020,23,64,NA,NA,NA,NA
31109,2011,3731,10080,4079,10959,-348,-879
31109,2012,4129,11157,4237,11571,-108,-414
31109,2013,3116,8501,3255,8814,-139,-313
31109,2014,2106,5476,2051,5406,55,70
31109,2015,3378,9064,3667,10070,-289,-1006
31109,2016,4642,12852,5278,14563,-636,-1711
31109,2017,3386,9135,3515,9415,-129,-280
31109,2018,3195,8574,3481,9367,-286,-793
31109,2019,3400,9089,3957,10956,-557,-1867
31109,2020,3676,9684,3951,10394,-275,-710
31109,2021,3842,9937,4083,10475,-241,-538
31111,2011,268,751,330,920,-62,-169
31111,2012,274,811,357,1063,-83,-252
31111,2013,164,474,200,564,-36,-90
31111,2014,105,277,176,465,-71,-188
31111,2015,156,428,213,583,-57,-155
31111,2016,265,742,367,1069,-102,-327
31111,2017,177,473,246,715,-69,-242
31111,2018,137,401,264,714,-127,-313
31111,2019,163,456,230,638,-67,-182
31111,2020,171,465,242,656,-71,-191
31111,2021,164,452,287,754,-123,-302
31113,2012,15,46,11,38,4,8
31119,2011,597,1672,741,2226,-144,-554
31119,2012,583,1713,677,1897,-94,-184
31119,2013,353,1025,491,1388,-138,-363
31119,2014,288,758,332,905,-44,-147
31119,2015,316,914,426,1199,-110,-285
31119,2016,502,1464,642,1837,-140,-373
31119,2017,405,1155,462,1276,-57,-121
31119,2018,370,1043,439,1226,-69,-183
31119,2019,376,1102,501,1419,-125,-317
31119,2020,363,975,523,1430,-160,-455
31119,2021,416,1183,397,1075,19,108
31121,2011,132,387,125,373,7,14
31121,2012,139,437,134,411,5,26
31121,2013,72,208,78,226,-6,-18
31121,2014,55,185,45,131,10,54
31121,2015,64,217,52,148,12,69
31121,2016,114,361,140,420,-26,-59
31121,2017,75,224,57,183,18,41
31121,2018,92,280,87,261,5,19
31121,2019,92,285,63,170,29,115
31121,2020,95,267,81,211,14,56
31121,2021,89,269,81,222,8,47
31123,2011,84,288,49,158,35,130
31123,2012,35,123,67,235,-32,-112
31123,2013,40,131,35,116,5,15
31123,2014,35,115,44,116,-9,-1
31123,2015,56,173,53,150,3,23
31123,2016,58,173,45,135,13,38
31123,2017,37,129,39,100,-2,29
31123,2018,33,103,48,154,-15,-51
31123,2019,31,97,40,109,-9,-12
31123,2020,33,96,34,95,-1,1
31123,2021,26,86,38,121,-12,-35
31125,2011,47,141,33,108,14,33
31125,2012,35,101,34,107,1,-6
31125,2013,21,63,NA,NA,NA,NA
31125,2016,23,56,21,72,2,-16
31125,2020,22,70,NA,NA,NA,NA
31127,2011,61,178,80,236,-19,-58
31127,2012,79,218,77,215,2,3
31127,2013,21,70,29,85,-8,-15
31127,2015,49,137,25,63,24,74
31127,2016,76,215,86,235,-10,-20
31127,2017,24,79,45,114,-21,-35
31127,2018,23,61,55,152,-32,-91
31127,2019,47,135,45,125,2,10
31127,2020,44,124,22,53,22,71
31127,2021,34,100,22,51,12,49
31129,2011,39,118,33,90,6,28
31129,2012,10,28,24,69,-14,-41
31131,2011,259,772,313,947,-54,-175
31131,2012,238,733,258,750,-20,-17
31131,2013,204,613,222,632,-18,-19
31131,2014,143,382,111,329,32,53
31131,2015,190,563,220,615,-30,-52
31131,2016,326,982,345,1012,-19,-30
31131,2017,214,615,266,774,-52,-159
31131,2018,195,556,207,581,-12,-25
31131,2019,259,774,203,576,56,198
31131,2020,231,642,181,502,50,140
31131,2021,221,623,170,478,51,145
31133,2011,25,71,11,25,14,46
31133,2012,10,29,NA,NA,NA,NA
31135,2012,15,40,13,40,2,0
31137,2011,111,347,111,322,0,25
31137,2012,110,320,102,278,8,42
31137,2013,50,137,53,163,-3,-26
31137,2014,45,121,40,100,5,21
31137,2015,41,129,44,118,-3,11
31137,2016,57,185,75,194,-18,-9
31137,2017,65,176,44,124,21,52
31137,2018,36,107,44,122,-8,-15
31137,2019,41,117,41,111,0,6
31137,2020,33,93,45,122,-12,-29
31137,2021,88,244,40,98,48,146
31139,2011,105,347,86,246,19,101
31139,2012,73,208,71,216,2,-8
31139,2013,63,177,52,148,11,29
31139,2014,40,113,32,83,8,30
31139,2015,51,131,57,157,-6,-26
31139,2016,91,264,65,190,26,74
31139,2017,59,190,50,146,9,44
31139,2018,53,177,45,126,8,51
31139,2019,72,218,36,99,36,119
31139,2020,62,183,58,170,4,13
31139,2021,57,185,55,162,2,23
31141,2011,543,1565,510,1456,33,109
31141,2012,482,1412,503,1476,-21,-64
31141,2013,390,1162,455,1273,-65,-111
31141,2014,309,847,298,775,11,72
31141,2015,390,1126,373,1077,17,49
31141,2016,501,1477,513,1436,-12,41
31141,2017,319,906,425,1171,-106,-265
31141,2018,318,899,408,1108,-90,-209
31141,2019,389,1106,408,1147,-19,-41
31141,2020,370,1041,433,1154,-63,-113
31141,2021,408,1146,368,994,40,152
31143,2011,79,230,91,287,-12,-57
31143,2012,33,104,54,159,-21,-55
31143,2013,43,116,28,89,15,27
31143,2014,22,70,20,48,2,22
31143,2015,42,125,29,92,13,33
31143,2016,69,229,30,92,39,137
31143,2017,35,107,48,145,-13,-38
31143,2018,29,91,27,77,2,14
31143,2019,33,132,48,136,-15,-4
31143,2020,34,96,23,72,11,24
31143,2021,32,107,26,78,6,29
31145,2011,80,231,115,321,-35,-90
31145,2012,56,168,101,295,-45,-127
31145,2015,23,66,40,112,-17,-46
31145,2016,23,73,71,208,-48,-135
31145,2017,37,107,NA,NA,NA,NA
31145,2018,21,59,NA,NA,NA,NA
31145,2019,20,57,23,78,-3,-21
31145,2020,46,120,49,141,-3,-21
31145,2021,23,75,53,143,-30,-68
31147,2011,60,172,36,105,24,67
31147,2012,46,145,65,177,-19,-32
31147,2016,26,94,20,48,6,46
31149,2011,109,354,NA,NA,NA,NA
31149,2012,10,31,NA,NA,NA,NA
31151,2011,182,549,207,600,-25,-51
31151,2012,188,534,256,740,-68,-206
31151,2013,107,309,156,445,-49,-136
31151,2014,93,286,161,460,-68,-174
31151,2015,135,407,190,535,-55,-128
31151,2016,218,688,255,710,-37,-22
31151,2017,153,462,152,446,1,16
31151,2018,120,336,225,632,-105,-296
31151,2019,133,398,210,605,-77,-207
31151,2020,143,417,177,511,-34,-94
31151,2021,120,352,158,443,-38,-91
31153,2011,4822,14420,4463,13104,359,1316
31153,2012,5251,15871,4758,14240,493,1631
31153,2013,4431,13235,4041,11683,390,1552
31153,2014,2904,8360,2771,7815,133,545
31153,2015,4837,14394,4448,12877,389,1517
31153,2016,7054,21573,6213,18479,841,3094
31153,2017,5155,15119,4481,12919,674,2200
31153,2018,4876,14298,4630,13367,246,931
31153,2019,5650,16937,4852,14470,798,2467
31153,2020,5616,16276,4821,13579,795,2697
31153,2021,5439,15458,4716,13103,723,2355
31155,2011,422,1245,368,1025,54,220
31155,2012,373,1140,370,1081,3,59
31155,2013,362,1065,366,1047,-4,18
31155,2014,253,737,264,700,-11,37
31155,2015,363,1118,365,1012,-2,106
31155,2016,538,1672,475,1376,63,296
31155,2017,452,1391,378,1043,74,348
31155,2018,426,1305,360,1003,66,302
31155,2019,528,1664,374,1036,154,628
31155,2020,472,1459,352,961,120,498
31155,2021,492,1459,362,971,130,488
31157,2011,305,885,422,1305,-117,-420
31157,2012,347,1061,402,1151,-55,-90
31157,2013,137,394,242,713,-105,-319
31157,2014,105,291,165,466,-60,-175
31157,2015,248,690,224,642,24,48
31157,2016,190,560,377,1061,-187,-501
31157,2017,179,492,173,536,6,-44
31157,2018,151,453,179,493,-28,-40
31157,2019,191,526,219,652,-28,-126
31157,2020,170,477,243,685,-73,-208
31157,2021,200,566,149,427,51,139
31159,2011,230,663,244,717,-14,-54
31159,2012,221,616,279,761,-58,-145
31159,2013,162,476,202,561,-40,-85
31159,2014,103,308,160,440,-57,-132
31159,2015,201,594,206,549,-5,45
31159,2016,341,1011,271,773,70,238
31159,2017,138,403,207,568,-69,-165
31159,2018,171,518,177,496,-6,22
31159,2019,243,762,223,617,20,145
31159,2020,228,628,243,679,-15,-51
31159,2021,172,484,203,543,-31,-59
31161,2011,14,40,28,88,-14,-48
31161,2012,10,28,27,79,-17,-51
31161,2017,22,63,NA,NA,NA,NA
31163,2011,21,70,34,104,-13,-34
31163,2016,32,103,NA,NA,NA,NA
31165,2011,28,87,18,51,10,36
31165,2012,14,34,11,37,3,-3
31167,2011,184,604,128,405,56,199
31167,2012,117,359,129,403,-12,-44
31167,2013,83,277,100,331,-17,-54
31167,2014,67,200,70,199,-3,1
31167,2015,72,227,64,211,8,16
31167,2016,114,377,96,303,18,74
31167,2017,91,275,84,258,7,17
31167,2018,92,269,75,228,17,41
31167,2019,86,253,83,269,3,-16
31167,2020,89,254,76,207,13,47
31167,2021,62,193,75,241,-13,-48
31169,2011,52,151,41,114,11,37
31169,2012,53,149,24,56,29,93
31169,2017,20,58,26,70,-6,-12
31173,2011,77,242,65,217,12,25
31173,2012,45,140,79,272,-34,-132
31173,2013,49,186,NA,NA,NA,NA
31173,2015,49,163,22,78,27,85
31173,2016,47,165,29,95,18,70
31173,2019,23,83,47,162,-24,-79
31175,2011,15,59,11,40,4,19
31175,2012,10,26,10,24,0,2
31177,2011,359,1099,378,1054,-19,45
31177,2012,380,1191,386,1089,-6,102
31177,2013,282,890,270,761,12,129
31177,2014,185,565,201,539,-16,26
31177,2015,363,1196,316,884,47,312
31177,2016,526,1714,434,1183,92,531
31177,2017,447,1413,338,919,109,494
31177,2018,375,1151,368,1070,7,81
31177,2019,477,1549,329,932,148,617
31177,2020,416,1251,368,1029,48,222
31177,2021,412,1266,307,805,105,461
31179,2011,80,253,126,337,-46,-84
31179,2012,107,306,111,305,-4,1
31179,2013,41,99,51,143,-10,-44
31179,2014,24,73,54,150,-30,-77
31179,2015,45,113,80,242,-35,-129
31179,2016,86,273,131,355,-45,-82
31179,2017,57,159,113,293,-56,-134
31179,2018,66,195,55,151,11,44
31179,2019,63,199,102,268,-39,-69
31179,2020,57,164,71,175,-14,-11
31179,2021,44,139,96,239,-52,-100
31181,2011,24,69,56,171,-32,-102
31181,2012,32,95,27,83,5,12
31181,2013,30,95,31,91,-1,4
31181,2015,32,86,28,81,4,5
31181,2016,37,110,28,73,9,37
31181,2017,28,62,35,96,-7,-34
31181,2019,25,72,26,63,-1,9
31181,2020,27,76,26,67,1,9
31181,2021,25,78,28,77,-3,1
31183,2011,11,38,NA,NA,NA,NA
31185,2011,166,473,148,401,18,72
31185,2012,135,401,201,554,-66,-153
31185,2013,87,254,96,254,-9,0
31185,2014,46,123,56,150,-10,-27
31185,2015,91,251,127,343,-36,-92
31185,2016,157,443,209,608,-52,-165
31185,2017,72,221,97,263,-25,-42
31185,2018,91,258,100,255,-9,3
31185,2019,131,361,116,337,15,24
31185,2020,179,487,142,385,37,102
31185,2021,114,296,64,157,50,139
32001,2011,360,1110,405,1320,-45,-210
32001,2012,380,1178,438,1342,-58,-164
32001,2013,251,760,264,794,-13,-34
32001,2014,192,578,234,664,-42,-86
32001,2015,341,1012,296,872,45,140
32001,2016,573,1762,401,1205,172,557
32001,2017,379,1148,255,718,124,430
32001,2018,388,1108,283,786,105,322
32001,2019,433,1287,289,821,144,466
32001,2020,446,1288,330,874,116,414
32001,2021,441,1244,289,778,152,466
32003,2011,41996,117727,35211,102300,6785,15427
32003,2012,41894,121357,36074,105321,5820,16036
32003,2013,38435,111765,31407,92631,7028,19134
32003,2014,28736,82446,20460,58405,8276,24041
32003,2015,38994,112899,28243,81828,10751,31071
32003,2016,54688,158468,38479,111711,16209,46757
32003,2017,44526,127030,30245,86965,14281,40065
32003,2018,43850,123470,30576,87234,13274,36236
32003,2019,46402,131116,35049,100400,11353,30716
32003,2020,48070,131691,39663,109805,8407,21886
32003,2021,48327,130308,39138,107908,9189,22400
32005,2011,1297,3625,1156,3224,141,401
32005,2012,1328,3790,1142,3094,186,696
32005,2013,1161,3265,1027,2840,134,425
32005,2014,848,2326,687,1825,161,501
32005,2015,1224,3377,906,2450,318,927
32005,2016,1795,5023,1279,3522,516,1501
32005,2017,1351,3675,995,2659,356,1016
32005,2018,1358,3650,942,2510,416,1140
32005,2019,1658,4522,1117,3001,541,1521
32005,2020,1583,4281,1089,2839,494,1442
32005,2021,1323,3519,1024,2714,299,805
32007,2011,937,2921,665,2013,272,908
32007,2012,958,2996,740,2310,218,686
32007,2013,552,1732,652,1994,-100,-262
32007,2014,364,1072,355,1032,9,40
32007,2015,524,1638,584,1690,-60,-52
32007,2016,720,2317,805,2446,-85,-129
32007,2017,569,1676,602,1761,-33,-85
32007,2018,501,1499,582,1719,-81,-220
32007,2019,546,1665,526,1588,20,77
32007,2020,603,1733,447,1278,156,455
32007,2021,552,1592,541,1608,11,-16
32009,2011,15,49,10,26,5,23
32011,2011,19,55,15,44,4,11
32011,2012,19,55,21,66,-2,-11
32011,2018,22,71,20,65,2,6
32011,2019,20,55,NA,NA,NA,NA
32013,2011,261,829,222,648,39,181
32013,2012,305,939,307,949,-2,-10
32013,2013,186,593,179,540,7,53
32013,2014,67,200,139,431,-72,-231
32013,2015,147,454,211,640,-64,-186
32013,2016,209,634,238,757,-29,-123
32013,2017,132,383,138,416,-6,-33
32013,2018,156,490,157,442,-1,48
32013,2019,183,516,134,437,49,79
32013,2020,202,581,176,508,26,73
32013,2021,168,455,157,449,11,6
32015,2011,40,112,56,171,-16,-59
32015,2012,66,221,71,227,-5,-6
32015,2013,30,98,52,169,-22,-71
32015,2014,21,63,40,113,-19,-50
32015,2016,53,160,44,146,9,14
32015,2017,24,77,35,109,-11,-32
32015,2018,20,53,47,167,-27,-114
32015,2019,22,81,33,93,-11,-12
32015,2020,20,70,53,167,-33,-97
32017,2011,65,200,47,148,18,52
32017,2012,47,143,43,139,4,4
32017,2013,48,151,88,276,-40,-125
32017,2014,31,106,32,105,-1,1
32017,2015,33,111,30,95,3,16
32017,2016,66,200,37,114,29,86
32017,2017,62,180,25,82,37,98
32017,2018,38,106,25,112,13,-6
32017,2019,64,181,32,88,32,93
32017,2020,65,221,27,87,38,134
32017,2021,63,182,41,115,22,67
32019,2011,1462,4393,1343,4121,119,272
32019,2012,1462,4412,1266,3874,196,538
32019,2013,1215,3635,1111,3325,104,310
32019,2014,963,2802,741,2123,222,679
32019,2015,1419,4184,1072,3134,347,1050
32019,2016,2385,7141,1414,4131,971,3010
32019,2017,1927,5547,1137,3302,790,2245
32019,2018,1929,5597,1141,3287,788,2310
32019,2019,2095,6004,1343,3790,752,2214
32019,2020,2147,5909,1322,3622,825,2287
32019,2021,2156,6081,1357,3711,799,2370
32021,2011,47,155,63,190,-16,-35
32021,2012,34,102,55,175,-21,-73
32021,2013,22,60,21,62,1,-2
32021,2016,24,69,46,126,-22,-57
32021,2019,24,67,NA,NA,NA,NA
32021,2020,27,60,NA,NA,NA,NA
32021,2021,24,65,NA,NA,NA,NA
32023,2011,839,2465,741,2307,98,158
32023,2012,881,2601,734,2268,147,333
32023,2013,653,1946,519,1524,134,422
32023,2014,475,1424,383,1162,92,262
32023,2015,670,1982,455,1301,215,681
32023,2016,1179,3458,564,1633,615,1825
32023,2017,1075,3216,461,1308,614,1908
32023,2018,984,2920,565,1598,419,1322
32023,2019,1333,3886,565,1626,768,2260
32023,2020,1391,4062,601,1648,790,2414
32023,2021,1335,3851,615,1671,720,2180
32027,2011,75,231,78,236,-3,-5
32027,2012,54,197,81,239,-27,-42
32027,2013,53,176,83,261,-30,-85
32027,2014,27,106,28,95,-1,11
32027,2015,50,162,52,164,-2,-2
32027,2016,69,217,73,244,-4,-27
32027,2017,57,173,55,169,2,4
32027,2018,67,202,68,210,-1,-8
32027,2019,70,234,66,190,4,44
32027,2020,111,284,72,205,39,79
32027,2021,69,205,50,138,19,67
32029,2011,112,310,97,284,15,26
32029,2012,128,386,110,338,18,48
32029,2013,74,203,91,249,-17,-46
32029,2014,90,242,53,135,37,107
32029,2015,93,271,83,218,10,53
32029,2016,168,476,121,336,47,140
32029,2017,139,397,101,278,38,119
32029,2018,125,352,70,205,55,147
32029,2019,158,433,74,191,84,242
32029,2020,138,391,96,249,42,142
32029,2021,131,373,97,250,34,123
32031,2011,8357,23094,7597,21269,760,1825
32031,2012,8578,24192,8059,22512,519,1680
32031,2013,7513,20970,6464,17951,1049,3019
32031,2014,5702,15551,4444,11998,1258,3553
32031,2015,7877,22174,6243,17212,1634,4962
32031,2016,11425,31705,8746,24436,2679,7269
32031,2017,9575,26244,7083,19253,2492,6991
32031,2018,9402,25356,7195,19523,2207,5833
32031,2019,10349,28302,8085,21770,2264,6532
32031,2020,10496,27665,8547,22315,1949,5350
32031,2021,10133,26152,8583,22319,1550,3833
32033,2011,103,320,121,370,-18,-50
32033,2012,91,278,110,304,-19,-26
32033,2013,48,138,92,289,-44,-151
32033,2014,36,109,45,144,-9,-35
32033,2015,46,136,81,255,-35,-119
32033,2016,68,201,107,322,-39,-121
32033,2017,75,216,63,197,12,19
32033,2018,42,131,37,119,5,12
32033,2019,85,238,29,115,56,123
32033,2020,94,248,55,151,39,97
32033,2021,61,153,82,210,-21,-57
32510,2011,1425,4116,1404,4086,21,30
32510,2012,1477,4278,1476,4159,1,119
32510,2013,1270,3612,1039,2962,231,650
32510,2014,951,2659,929,2543,22,116
32510,2015,1363,3787,1219,3406,144,381
32510,2016,2075,5803,1564,4462,511,1341
32510,2017,1559,4312,1317,3616,242,696
32510,2018,1463,4041,1296,3479,167,562
32510,2019,1680,4630,1449,3983,231,647
32510,2020,1893,4977,1405,3771,488,1206
32510,2021,1689,4529,1404,3722,285,807
33001,2011,1391,3826,1390,3722,1,104
33001,2012,1552,4240,1415,3808,137,432
33001,2013,1325,3583,1187,3203,138,380
33001,2014,959,2554,804,2129,155,425
33001,2015,1487,4081,1165,3097,322,984
33001,2016,2179,6003,1699,4577,480,1426
33001,2017,1587,4352,1363,3602,224,750
33001,2018,1582,4284,1307,3404,275,880
33001,2019,1873,5183,1315,3547,558,1636
33001,2020,1747,4703,1275,3332,472,1371
33001,2021,1664,4391,1322,3500,342,891
33003,2011,966,2595,869,2377,97,218
33003,2012,1052,2919,854,2253,198,666
33003,2013,869,2324,767,2041,102,283
33003,2014,623,1646,603,1546,20,100
33003,2015,915,2517,763,1960,152,557
33003,2016,1467,4068,890,2383,577,1685
33003,2017,1029,2794,774,2030,255,764
33003,2018,939,2556,794,2092,145,464
33003,2019,1401,3869,792,2090,609,1779
33003,2020,1439,3996,779,2009,660,1987
33003,2021,1218,3289,835,2158,383,1131
33005,2011,1081,2840,1123,2993,-42,-153
33005,2012,1091,2874,1201,3123,-110,-249
33005,2013,911,2413,873,2266,38,147
33005,2014,624,1630,582,1465,42,165
33005,2015,992,2663,882,2272,110,391
33005,2016,1397,3794,1236,3256,161,538
33005,2017,1057,2777,924,2370,133,407
33005,2018,1126,2978,859,2159,267,819
33005,2019,1315,3592,917,2383,398,1209
33005,2020,1300,3431,814,2112,486,1319
33005,2021,1253,3271,921,2369,332,902
33007,2011,317,883,437,1157,-120,-274
33007,2012,375,1019,376,1011,-1,8
33007,2013,244,672,289,766,-45,-94
33007,2014,171,446,190,493,-19,-47
33007,2015,293,794,306,812,-13,-18
33007,2016,462,1245,426,1153,36,92
33007,2017,386,1068,256,678,130,390
33007,2018,298,791,262,672,36,119
33007,2019,350,1036,330,881,20,155
33007,2020,444,1160,274,719,170,441
33007,2021,397,1037,270,715,127,322
33009,2011,1888,5016,1890,4801,-2,215
33009,2012,1841,4871,2026,5249,-185,-378
33009,2013,1512,3964,1669,4348,-157,-384
33009,2014,1032,2648,1151,2944,-119,-296
33009,2015,1745,4536,1807,4655,-62,-119
33009,2016,2360,6137,2485,6415,-125,-278
33009,2017,1862,4858,2001,5054,-139,-196
33009,2018,1707,4368,1726,4364,-19,4
33009,2019,2175,5798,1868,4780,307,1018
33009,2020,2199,5698,1772,4432,427,1266
33009,2021,1970,5042,1866,4575,104,467
33011,2011,8243,21519,8570,22963,-327,-1444
33011,2012,8811,23238,8762,23316,49,-78
33011,2013,7219,19135,7553,19995,-334,-860
33011,2014,5347,13750,5432,13857,-85,-107
33011,2015,8207,21365,8014,21182,193,183
33011,2016,11718,31098,11565,31032,153,66
33011,2017,9097,23620,8936,23367,161,253
33011,2018,8931,22919,8486,22136,445,783
33011,2019,9814,25348,9129,24248,685,1100
33011,2020,9889,25420,9116,23595,773,1825
33011,2021,9531,24247,9105,23214,426,1033
33013,2011,3298,8679,3226,8558,72,121
33013,2012,3458,9215,3278,8628,180,587
33013,2013,2908,7859,2773,7293,135,566
33013,2014,2124,5616,2036,5231,88,385
33013,2015,3292,8791,3045,7982,247,809
33013,2016,4970,13541,4088,10949,882,2592
33013,2017,3883,10444,3145,8126,738,2318
33013,2018,3606,9559,3135,8072,471,1487
33013,2019,4002,10773,3221,8589,781,2184
33013,2020,3918,10279,2976,7589,942,2690
33013,2021,3645,9378,2928,7484,717,1894
33015,2011,7552,20066,7273,18784,279,1282
33015,2012,8249,22082,7605,19791,644,2291
33015,2013,7031,18778,6625,17156,406,1622
33015,2014,5203,13497,5016,12549,187,948
33015,2015,7960,21309,7376,18925,584,2384
33015,2016,11288,30569,9678,25205,1610,5364
33015,2017,8417,22210,7694,19885,723,2325
33015,2018,8139,21305,7298,18530,841,2775
33015,2019,9051,24036,7510,19243,1541,4793
33015,2020,8927,23023,7637,19508,1290,3515
33015,2021,8192,21043,7387,18559,805,2484
33017,2011,2655,6906,2514,6613,141,293
33017,2012,2855,7491,2510,6598,345,893
33017,2013,2321,6024,2094,5458,227,566
33017,2014,1783,4497,1592,4069,191,428
33017,2015,2676,6929,2347,6125,329,804
33017,2016,3781,9847,3412,9042,369,805
33017,2017,2944,7518,2545,6652,399,866
33017,2018,2910,7403,2430,6182,480,1221
33017,2019,3072,7969,2471,6319,601,1650
33017,2020,2963,7470,2570,6541,393,929
33017,2021,2949,7255,2380,5962,569,1293
33019,2011,793,2223,686,1926,107,297
33019,2012,750,2045,632,1763,118,282
33019,2013,628,1642,526,1418,102,224
33019,2014,432,1134,379,1002,53,132
33019,2015,690,1839,597,1594,93,245
33019,2016,912,2491,818,2237,94,254
33019,2017,758,2028,636,1741,122,287
33019,2018,673,1774,604,1611,69,163
33019,2019,790,2155,666,1778,124,377
33019,2020,859,2325,620,1633,239,692
33019,2021,743,1943,604,1570,139,373
34001,2011,3873,10728,4258,12245,-385,-1517
34001,2012,3694,10357,4335,12346,-641,-1989
34001,2013,3079,8518,3786,10575,-707,-2057
34001,2014,2124,5822,2927,8056,-803,-2234
34001,2015,2816,7688,3789,10553,-973,-2865
34001,2016,4066,11369,4671,12846,-605,-1477
34001,2017,3407,9308,3567,9558,-160,-250
34001,2018,3381,9150,3235,8504,146,646
34001,2019,4048,10987,3482,9351,566,1636
34001,2020,4372,11622,3568,9216,804,2406
34001,2021,3904,10409,3893,10061,11,348
34003,2011,18309,51885,19009,51807,-700,78
34003,2012,18730,53527,19320,53139,-590,388
34003,2013,16655,47471,17567,48125,-912,-654
34003,2014,13077,37143,14208,38425,-1131,-1282
34003,2015,16935,48745,18714,51338,-1779,-2593
34003,2016,22984,66206,24626,68182,-1642,-1976
34003,2017,18512,52358,20194,54854,-1682,-2496
34003,2018,17732,49584,19998,53897,-2266,-4313
34003,2019,20436,57741,21432,58292,-996,-551
34003,2020,21084,57915,22126,60071,-1042,-2156
34003,2021,20707,56537,22637,60039,-1930,-3502
34005,2011,8266,23284,8890,24734,-624,-1450
34005,2012,9002,25599,9378,26051,-376,-452
34005,2013,7530,20996,7923,21733,-393,-737
34005,2014,5455,14910,5915,15694,-460,-784
34005,2015,8126,22811,8160,22224,-34,587
34005,2016,11653,33202,11541,32194,112,1008
34005,2017,9173,25890,8957,24089,216,1801
34005,2018,9272,26057,8690,23264,582,2793
34005,2019,9987,27833,9079,24847,908,2986
34005,2020,10886,30096,9445,24872,1441,5224
34005,2021,10608,28966,9644,25473,964,3493
34007,2011,9769,26783,10301,28684,-532,-1901
34007,2012,9305,25639,10793,30214,-1488,-4575
34007,2013,8271,22880,9484,26495,-1213,-3615
34007,2014,6400,17505,6805,18480,-405,-975
34007,2015,8696,23913,9402,26045,-706,-2132
34007,2016,12256,33986,13032,36483,-776,-2497
34007,2017,9983,27171,10041,27589,-58,-418
34007,2018,9914,26886,9887,26968,27,-82
34007,2019,10868,30057,10614,29349,254,708
34007,2020,11227,30059,10807,29146,420,913
34007,2021,10945,29114,10519,27819,426,1295
34009,2011,1710,4865,1673,4496,37,369
34009,2012,1729,4906,1837,4970,-108,-64
34009,2013,1546,4312,1337,3537,209,775
34009,2014,904,2509,1171,3053,-267,-544
34009,2015,1337,3761,1221,3195,116,566
34009,2016,2058,5789,1616,4236,442,1553
34009,2017,1477,4034,1440,3774,37,260
34009,2018,1457,3941,1345,3520,112,421
34009,2019,2095,5765,1524,3943,571,1822
34009,2020,2255,5992,1491,3862,764,2130
34009,2021,1795,4829,1732,4507,63,322
34011,2011,1538,4540,1826,5439,-288,-899
34011,2012,1516,4616,1675,5009,-159,-393
34011,2013,1154,3496,1693,5699,-539,-2203
34011,2014,1056,3400,1075,3131,-19,269
34011,2015,1084,3149,1440,4267,-356,-1118
34011,2016,1494,4209,1970,5710,-476,-1501
34011,2017,1281,3702,1461,4169,-180,-467
34011,2018,1112,3155,1459,4215,-347,-1060
34011,2019,1389,4044,1479,4148,-90,-104
34011,2020,1640,4493,1469,3998,171,495
34011,2021,1611,4420,1484,3940,127,480
34013,2011,15445,42816,18745,51565,-3300,-8749
34013,2012,15631,44092,17666,49945,-2035,-5853
34013,2013,14155,40666,16409,46474,-2254,-5808
34013,2014,11836,33386,13549,37788,-1713,-4402
34013,2015,15050,42740,16864,47749,-1814,-5009
34013,2016,20145,57525,21714,61656,-1569,-4131
34013,2017,16922,47465,18678,52584,-1756,-5119
34013,2018,17210,48143,18536,51517,-1326,-3374
34013,2019,18133,50924,20842,59049,-2709,-8125
34013,2020,18095,49617,21562,59790,-3467,-10173
34013,2021,17428,47385,20901,56721,-3473,-9336
34015,2011,4880,13857,4791,13303,89,554
34015,2012,5145,14648,5087,14017,58,631
34015,2013,4686,13386,4606,12669,80,717
34015,2014,3561,9916,3351,9005,210,911
34015,2015,4734,13491,4766,13082,-32,409
34015,2016,7066,20145,6516,18018,550,2127
34015,2017,5498,15483,5307,14454,191,1029
34015,2018,5725,15927,5164,13802,561,2125
34015,2019,6540,18743,5485,15106,1055,3637
34015,2020,6741,18702,5737,15175,1004,3527
34015,2021,6451,17703,5536,14509,915,3194
34017,2011,20325,51314,21256,58215,-931,-6901
34017,2012,19797,50602,22867,63821,-3070,-13219
34017,2013,17924,45691,20742,58135,-2818,-12444
34017,2014,15166,38235,16596,46245,-1430,-8010
34017,2015,19470,48671,22070,62496,-2600,-13825
34017,2016,26115,64492,31014,87381,-4899,-22889
34017,2017,22806,56043,25279,69275,-2473,-13232
34017,2018,23582,57818,25112,68661,-1530,-10843
34017,2019,24382,59564,29863,82563,-5481,-22999
34017,2020,25375,60748,30870,83365,-5495,-22617
34017,2021,27646,65114,28763,77463,-1117,-12349
34019,2011,2343,6452,2050,5505,293,947
34019,2012,2477,6905,2378,6340,99,565
34019,2013,2140,5957,1930,5046,210,911
34019,2014,1610,4473,1484,3777,126,696
34019,2015,2234,6293,2000,5236,234,1057
34019,2016,3447,9901,2770,7309,677,2592
34019,2017,2578,7184,2198,5647,380,1537
34019,2018,2347,6519,2059,5213,288,1306
34019,2019,3111,8715,2286,5990,825,2725
34019,2020,3255,9191,2289,5877,966,3314
34019,2021,2968,8289,2299,5807,669,2482
34021,2011,6954,19375,7440,20561,-486,-1186
34021,2012,6671,18794,7570,21397,-899,-2603
34021,2013,5476,15368,6764,18749,-1288,-3381
34021,2014,4419,12333,5167,14046,-748,-1713
34021,2015,5921,16608,7062,19338,-1141,-2730
34021,2016,8688,24927,9871,27417,-1183,-2490
34021,2017,6797,18984,7645,20840,-848,-1856
34021,2018,6856,19055,7573,20507,-717,-1452
34021,2019,7265,20194,7942,21566,-677,-1372
34021,2020,7690,21050,8103,21874,-413,-824
34021,2021,6960,18973,8528,22269,-1568,-3296
34023,2011,18146,51941,20464,57628,-2318,-5687
34023,2012,18104,51972,20431,58798,-2327,-6826
34023,2013,15747,45622,18902,54471,-3155,-8849
34023,2014,12291,35425,14641,41152,-2350,-5727
34023,2015,15838,45918,19926,57282,-4088,-11364
34023,2016,22322,64902,27629,79694,-5307,-14792
34023,2017,18527,52945,22508,63390,-3981,-10445
34023,2018,18519,52118,21628,60144,-3109,-8026
34023,2019,19964,56757,22500,63190,-2536,-6433
34023,2020,20836,57318,22451,62643,-1615,-5325
34023,2021,20008,54841,23069,62894,-3061,-8053
34025,2011,10472,28701,11149,29270,-677,-569
34025,2012,10909,30381,11708,31273,-799,-892
34025,2013,9394,26004,10300,27260,-906,-1256
34025,2014,7055,19229,8025,20589,-970,-1360
34025,2015,10021,28040,10517,27691,-496,349
34025,2016,14763,42214,14916,39923,-153,2291
34025,2017,11751,32902,12106,31797,-355,1105
34025,2018,11091,30756,11676,30275,-585,481
34025,2019,13520,37906,12346,32566,1174,5340
34025,2020,13602,37489,12999,34044,603,3445
34025,2021,12364,33803,13265,34170,-901,-367
34027,2011,9969,27519,10578,28522,-609,-1003
34027,2012,10705,29933,11309,30861,-604,-928
34027,2013,9424,26088,10296,27940,-872,-1852
34027,2014,6951,18905,7778,20335,-827,-1430
34027,2015,9847,27502,10573,28467,-726,-965
34027,2016,14005,39582,14833,40447,-828,-865
34027,2017,10880,29936,11608,30920,-728,-984
34027,2018,10683,29166,11116,29385,-433,-219
34027,2019,12601,34879,11879,31571,722,3308
34027,2020,13001,35507,12264,32514,737,2993
34027,2021,12190,33205,12518,32531,-328,674
34029,2011,8998,24367,8557,22859,441,1508
34029,2012,9727,26700,8863,23679,864,3021
34029,2013,8477,23209,7742,20605,735,2604
34029,2014,6044,16235,5813,15099,231,1136
34029,2015,8836,24248,7486,19755,1350,4493
34029,2016,13980,39057,10927,29602,3053,9455
34029,2017,10785,30061,8893,23630,1892,6431
34029,2018,10629,29456,8495,22347,2134,7109
34029,2019,13067,37154,8939,24142,4128,13012
34029,2020,13229,36213,9807,26042,3422,10171
34029,2021,11876,32165,10108,26798,1768,5367
34031,2011,8952,24408,10460,29522,-1508,-5114
34031,2012,8650,24297,10378,29467,-1728,-5170
34031,2013,7464,21010,9160,26220,-1696,-5210
34031,2014,6204,17384,7252,20507,-1048,-3123
34031,2015,7708,21773,9692,27423,-1984,-5650
34031,2016,10362,29188,12702,36437,-2340,-7249
34031,2017,8762,24377,10324,29299,-1562,-4922
34031,2018,8490,23592,10322,28865,-1832,-5273
34031,2019,9259,26005,11125,31613,-1866,-5608
34031,2020,9493,25886,11752,32386,-2259,-6500
34031,2021,9159,24728,12130,33052,-2971,-8324
34033,2011,1099,3206,1111,3147,-12,59
34033,2012,968,2912,1111,3222,-143,-310
34033,2013,808,2429,814,2401,-6,28
34033,2014,649,1914,654,1878,-5,36
34033,2015,843,2546,806,2314,37,232
34033,2016,1250,3748,1234,3538,16,210
34033,2017,993,2922,914,2594,79,328
34033,2018,1007,2924,976,2720,31,204
34033,2019,1196,3550,915,2572,281,978
34033,2020,1208,3475,1023,2784,185,691
34033,2021,1137,3185,917,2521,220,664
34035,2011,8050,23249,8124,23079,-74,170
34035,2012,8670,25254,8582,24383,88,871
34035,2013,7563,21833,8173,23065,-610,-1232
34035,2014,5701,16104,6116,16785,-415,-681
34035,2015,7688,22258,8399,23430,-711,-1172
34035,2016,11201,32402,11408,32176,-207,226
34035,2017,8711,24650,9105,25092,-394,-442
34035,2018,8383,23538,9102,24720,-719,-1182
34035,2019,9758,27486,9474,25959,284,1527
34035,2020,10136,28175,9476,25647,660,2528
34035,2021,9610,26520,9801,26101,-191,419
34037,2011,2219,5975,2600,7032,-381,-1057
34037,2012,2322,6324,2404,6504,-82,-180
34037,2013,2143,5906,2160,5772,-17,134
34037,2014,1646,4461,1648,4253,-2,208
34037,2015,2375,6611,2132,5567,243,1044
34037,2016,3664,10229,3093,8414,571,1815
34037,2017,2921,7989,2416,6335,505,1654
34037,2018,2886,7898,2291,6033,595,1865
34037,2019,3419,9583,2609,6959,810,2624
34037,2020,3872,10814,2510,6619,1362,4195
34037,2021,3513,9626,2402,6166,1111,3460
34039,2011,11878,34021,12334,34745,-456,-724
34039,2012,11882,34321,12651,35863,-769,-1542
34039,2013,10552,30485,11386,32102,-834,-1617
34039,2014,8728,24942,9618,26946,-890,-2004
34039,2015,11034,32161,11945,33563,-911,-1402
34039,2016,14602,42379,16108,45661,-1506,-3282
34039,2017,12133,34725,13261,37245,-1128,-2520
34039,2018,12062,34430,13126,36451,-1064,-2021
34039,2019,13277,38212,14245,40322,-968,-2110
34039,2020,13249,37303,14968,41715,-1719,-4412
34039,2021,12993,35962,15171,41652,-2178,-5690
34041,2011,2127,5998,2100,5794,27,204
34041,2012,2127,5881,2030,5551,97,330
34041,2013,1984,5485,1658,4486,326,999
34041,2014,1559,4266,1316,3486,243,780
34041,2015,2040,5632,1757,4818,283,814
34041,2016,2969,8344,2559,7082,410,1262
34041,2017,2441,6710,1951,5276,490,1434
34041,2018,2307,6383,1969,5249,338,1134
34041,2019,2722,7605,1967,5373,755,2232
34041,2020,2877,7861,1892,5016,985,2845
34041,2021,2622,7102,1952,5136,670,1966
35001,2011,10917,31185,12017,35003,-1100,-3818
35001,2012,10979,31244,12312,35996,-1333,-4752
35001,2013,9111,25907,10204,30039,-1093,-4132
35001,2014,6667,18632,7300,20781,-633,-2149
35001,2015,9359,26364,9964,28796,-605,-2432
35001,2016,12497,35118,13706,40034,-1209,-4916
35001,2017,9817,27164,10482,29534,-665,-2370
35001,2018,9753,26778,9775,27625,-22,-847
35001,2019,10624,29201,10826,30506,-202,-1305
35001,2020,10563,27931,11495,31498,-932,-3567
35001,2021,10519,27275,11209,30247,-690,-2972
35005,2011,662,2091,676,2088,-14,3
35005,2012,635,2054,665,2005,-30,49
35005,2013,424,1385,505,1554,-81,-169
35005,2014,328,1054,375,1163,-47,-109
35005,2015,361,1167,426,1281,-65,-114
35005,2016,384,1236,627,1987,-243,-751
35005,2017,360,1100,429,1263,-69,-163
35005,2018,360,1160,473,1405,-113,-245
35005,2019,452,1415,474,1443,-22,-28
35005,2020,341,973,526,1555,-185,-582
35005,2021,345,984,464,1298,-119,-314
35006,2011,290,907,408,1324,-118,-417
35006,2012,287,932,316,1011,-29,-79
35006,2013,260,821,309,992,-49,-171
35006,2014,237,789,213,678,24,111
35006,2015,245,786,247,776,-2,10
35006,2016,278,888,287,888,-9,0
35006,2017,222,681,264,835,-42,-154
35006,2018,254,838,244,770,10,68
35006,2019,240,853,283,842,-43,11
35006,2020,334,987,267,757,67,230
35006,2021,239,772,258,696,-19,76
35007,2011,58,161,119,351,-61,-190
35007,2012,37,102,84,243,-47,-141
35007,2014,20,59,35,86,-15,-27
35007,2015,24,64,53,160,-29,-96
35007,2016,36,99,67,195,-31,-96
35007,2017,27,70,46,125,-19,-55
35007,2018,28,71,32,84,-4,-13
35007,2019,31,80,28,71,3,9
35007,2020,50,123,40,102,10,21
35007,2021,30,76,32,84,-2,-8
35009,2011,703,2256,955,3236,-252,-980
35009,2012,766,2583,969,3221,-203,-638
35009,2013,604,1953,681,2227,-77,-274
35009,2014,296,910,477,1501,-181,-591
35009,2015,466,1460,750,2421,-284,-961
35009,2016,671,2186,1006,3308,-335,-1122
35009,2017,483,1476,602,1928,-119,-452
35009,2018,448,1394,594,1879,-146,-485
35009,2019,592,1836,598,1939,-6,-103
35009,2020,500,1517,758,2308,-258,-791
35009,2021,593,1732,658,1909,-65,-177
35011,2012,10,25,NA,NA,NA,NA
35013,2011,2884,8937,3411,10503,-527,-1566
35013,2012,2860,8948,3454,10952,-594,-2004
35013,2013,2357,7389,2889,8928,-532,-1539
35013,2014,1950,6037,2464,7519,-514,-1482
35013,2015,2432,7607,2673,8065,-241,-458
35013,2016,3187,9763,3208,9540,-21,223
35013,2017,2614,7957,2663,8042,-49,-85
35013,2018,2662,8106,2596,7645,66,461
35013,2019,2826,8460,2514,7584,312,876
35013,2020,2884,8292,2656,7449,228,843
35013,2021,3018,8543,2782,7626,236,917
35015,2011,634,2050,570,1775,64,275
35015,2012,674,2196,567,1712,107,484
35015,2013,566,1877,439,1407,127,470
35015,2014,408,1299,437,1408,-29,-109
35015,2015,447,1441,533,1660,-86,-219
35015,2016,557,1812,709,2242,-152,-430
35015,2017,562,1751,514,1627,48,124
35015,2018,567,1787,542,1670,25,117
35015,2019,563,1777,678,2147,-115,-370
35015,2020,449,1396,669,1977,-220,-581
35015,2021,454,1323,629,1863,-175,-540
35017,2011,278,807,287,833,-9,-26
35017,2012,272,782,311,890,-39,-108
35017,2013,175,490,249,700,-74,-210
35017,2014,76,224,205,581,-129,-357
35017,2015,157,421,217,622,-60,-201
35017,2016,203,571,262,777,-59,-206
35017,2017,163,442,211,598,-48,-156
35017,2018,174,470,200,545,-26,-75
35017,2019,202,608,210,587,-8,21
35017,2020,165,435,215,639,-50,-204
35017,2021,186,483,212,564,-26,-81
35019,2011,30,92,43,121,-13,-29
35019,2012,29,83,53,157,-24,-74
35019,2013,23,69,30,94,-7,-25
35019,2016,20,54,44,120,-24,-66
35019,2019,21,54,21,51,0,3
35019,2020,33,71,NA,NA,NA,NA
35023,2011,25,68,69,219,-44,-151
35023,2012,12,39,67,205,-55,-166
35025,2011,779,2602,610,2036,169,566
35025,2012,902,3064,701,2320,201,744
35025,2013,727,2442,648,2180,79,262
35025,2014,547,1788,464,1496,83,292
35025,2015,446,1440,793,2571,-347,-1131
35025,2016,500,1651,784,2535,-284,-884
35025,2017,510,1611,536,1680,-26,-69
35025,2018,532,1685,495,1619,37,66
35025,2019,503,1637,688,2139,-185,-502
35025,2020,454,1299,778,2397,-324,-1098
35025,2021,359,1037,639,1866,-280,-829
35027,2011,228,672,281,810,-53,-138
35027,2012,285,820,277,810,8,10
35027,2013,158,445,232,688,-74,-243
35027,2014,139,403,160,476,-21,-73
35027,2015,185,550,185,544,0,6
35027,2016,263,788,206,573,57,215
35027,2017,212,588,190,571,22,17
35027,2018,183,506,172,510,11,-4
35027,2019,246,733,202,560,44,173
35027,2020,232,640,218,586,14,54
35027,2021,239,693,234,652,5,41
35028,2011,184,540,250,679,-66,-139
35028,2012,208,610,250,686,-42,-76
35028,2013,145,429,175,494,-30,-65
35028,2014,95,259,118,312,-23,-53
35028,2015,172,541,128,343,44,198
35028,2016,246,720,270,749,-24,-29
35028,2017,205,593,252,707,-47,-114
35028,2018,187,519,234,671,-47,-152
35028,2019,166,487,292,788,-126,-301
35028,2020,194,501,272,772,-78,-271
35028,2021,175,466,277,737,-102,-271
35029,2011,208,691,279,843,-71,-152
35029,2012,197,624,285,948,-88,-324
35029,2013,151,502,194,607,-43,-105
35029,2014,153,465,165,513,-12,-48
35029,2015,167,529,196,633,-29,-104
35029,2016,147,427,278,869,-131,-442
35029,2017,144,424,194,588,-50,-164
35029,2018,167,571,202,604,-35,-33
35029,2019,149,586,216,743,-67,-157
35029,2020,188,604,173,554,15,50
35029,2021,196,592,182,615,14,-23
35031,2011,1645,5637,1966,6793,-321,-1156
35031,2012,1892,6842,1886,6429,6,413
35031,2013,1922,6879,1779,6202,143,677
35031,2014,2373,8855,1571,5241,802,3614
35031,2015,1199,4009,1792,5957,-593,-1948
35031,2016,1083,3648,1749,5803,-666,-2155
35031,2017,937,3042,1318,4302,-381,-1260
35031,2018,841,2714,1540,5319,-699,-2605
35031,2019,894,3040,1165,3876,-271,-836
35031,2020,761,2253,1193,3819,-432,-1566
35031,2021,613,1753,1921,6350,-1308,-4597
35033,2011,46,129,47,150,-1,-21
35033,2012,41,120,43,123,-2,-3
35033,2013,38,121,27,83,11,38
35033,2014,26,86,29,95,-3,-9
35033,2015,30,91,35,107,-5,-16
35033,2016,28,81,56,163,-28,-82
35033,2017,34,106,29,82,5,24
35033,2018,32,101,28,93,4,8
35033,2019,33,91,31,94,2,-3
35033,2020,23,75,NA,NA,NA,NA
35035,2011,1084,3643,1053,3361,31,282
35035,2012,987,3158,1209,3894,-222,-736
35035,2013,698,2332,1040,3412,-342,-1080
35035,2014,591,1999,712,2219,-121,-220
35035,2015,718,2363,763,2413,-45,-50
35035,2016,948,3037,1077,3420,-129,-383
35035,2017,803,2644,770,2418,33,226
35035,2018,795,2480,743,2369,52,111
35035,2019,872,2758,809,2501,63,257
35035,2020,941,2839,787,2384,154,455
35035,2021,876,2675,787,2325,89,350
35037,2011,55,172,78,229,-23,-57
35037,2012,51,144,89,271,-38,-127
35037,2013,21,63,23,73,-2,-10
35037,2015,20,67,44,125,-24,-58
35037,2016,51,149,21,60,30,89
35037,2021,22,75,24,74,-2,1
35039,2011,472,1433,761,2340,-289,-907
35039,2012,452,1326,540,1607,-88,-281
35039,2013,378,1153,593,1718,-215,-565
35039,2014,400,1197,457,1415,-57,-218
35039,2015,504,1630,450,1326,54,304
35039,2016,459,1324,487,1430,-28,-106
35039,2017,412,1219,463,1352,-51,-133
35039,2018,398,1170,433,1238,-35,-68
35039,2019,403,1166,451,1258,-48,-92
35039,2020,435,1207,426,1155,9,52
35039,2021,414,1140,459,1249,-45,-109
35041,2011,215,698,364,1097,-149,-399
35041,2012,238,744,354,1157,-116,-413
35041,2013,201,608,262,798,-61,-190
35041,2014,115,329,171,516,-56,-187
35041,2015,170,501,224,642,-54,-141
35041,2016,218,615,299,872,-81,-257
35041,2017,149,454,207,571,-58,-117
35041,2018,131,389,199,597,-68,-208
35041,2019,163,446,217,638,-54,-192
35041,2020,147,437,201,571,-54,-134
35041,2021,148,397,204,583,-56,-186
35043,2011,3359,10152,3213,9601,146,551
35043,2012,3677,11142,3326,9968,351,1174
35043,2013,3165,9697,2755,8165,410,1532
35043,2014,2355,7052,1970,5697,385,1355
35043,2015,3416,10451,2621,7572,795,2879
35043,2016,4818,14765,3443,10223,1375,4542
35043,2017,3471,10328,2788,8089,683,2239
35043,2018,3496,10455,2808,8106,688,2349
35043,2019,3896,11482,2832,8181,1064,3301
35043,2020,4076,11770,2932,8311,1144,3459
35043,2021,3875,10992,2765,7486,1110,3506
35045,2011,2244,7658,2464,8125,-220,-467
35045,2012,2068,6913,2857,9528,-789,-2615
35045,2013,1607,5351,2464,8420,-857,-3069
35045,2014,1218,3956,2675,9688,-1457,-5732
35045,2015,1228,3901,2482,8886,-1254,-4985
35045,2016,1377,4421,1843,5922,-466,-1501
35045,2017,1082,3443,1531,4938,-449,-1495
35045,2018,1114,3700,1443,4671,-329,-971
35045,2019,1183,3795,1192,3858,-9,-63
35045,2020,1200,3613,976,2832,224,781
35045,2021,1786,5639,860,2336,926,3303
35047,2011,286,823,394,1132,-108,-309
35047,2012,259,758,369,1084,-110,-326
35047,2013,176,523,288,821,-112,-298
35047,2014,157,457,277,768,-120,-311
35047,2015,219,602,283,791,-64,-189
35047,2016,259,773,346,970,-87,-197
35047,2017,215,589,296,831,-81,-242
35047,2018,186,521,273,757,-87,-236
35047,2019,214,590,250,684,-36,-94
35047,2020,190,492,221,594,-31,-102
35047,2021,183,467,226,590,-43,-123
35049,2011,2963,8156,2732,7605,231,551
35049,2012,2856,7831,2730,7433,126,398
35049,2013,2142,5852,2200,6018,-58,-166
35049,2014,1598,4339,1729,4675,-131,-336
35049,2015,2197,5923,2178,5910,19,13
35049,2016,3141,8443,2891,8034,250,409
35049,2017,2500,6666,2193,5915,307,751
35049,2018,2539,6725,2192,5981,347,744
35049,2019,2798,7344,2432,6590,366,754
35049,2020,2818,7307,2474,6506,344,801
35049,2021,2627,6793,2562,6562,65,231
35051,2011,104,300,100,288,4,12
35051,2012,110,318,146,412,-36,-94
35051,2013,54,181,80,230,-26,-49
35051,2014,65,177,74,223,-9,-46
35051,2015,75,232,51,138,24,94
35051,2016,64,190,101,294,-37,-104
35051,2017,84,253,70,210,14,43
35051,2018,75,220,91,263,-16,-43
35051,2019,86,234,54,145,32,89
35051,2020,85,231,52,142,33,89
35051,2021,83,215,54,142,29,73
35053,2011,150,465,208,646,-58,-181
35053,2012,162,498,195,573,-33,-75
35053,2013,94,317,151,473,-57,-156
35053,2014,87,280,128,393,-41,-113
35053,2015,97,301,159,480,-62,-179
35053,2016,129,409,159,448,-30,-39
35053,2017,104,293,163,464,-59,-171
35053,2018,109,301,153,437,-44,-136
35053,2019,107,299,176,494,-69,-195
35053,2020,114,297,157,445,-43,-148
35053,2021,106,296,141,411,-35,-115
35055,2011,279,743,295,785,-16,-42
35055,2012,274,741,318,891,-44,-150
35055,2013,177,461,240,651,-63,-190
35055,2014,144,386,192,541,-48,-155
35055,2015,207,548,232,605,-25,-57
35055,2016,276,706,261,675,15,31
35055,2017,186,475,222,589,-36,-114
35055,2018,152,408,259,653,-107,-245
35055,2019,229,610,225,609,4,1
35055,2020,274,696,263,648,11,48
35055,2021,241,602,256,658,-15,-56
35057,2011,244,767,277,829,-33,-62
35057,2012,226,726,285,873,-59,-147
35057,2013,187,586,192,603,-5,-17
35057,2014,154,506,191,576,-37,-70
35057,2015,179,558,190,550,-11,8
35057,2016,211,677,214,665,-3,12
35057,2017,224,678,160,461,64,217
35057,2018,199,581,186,553,13,28
35057,2019,253,808,181,523,72,285
35057,2020,324,931,237,712,87,219
35057,2021,307,912,178,482,129,430
35059,2012,17,64,34,107,-17,-43
35061,2011,1107,3504,1127,3464,-20,40
35061,2012,1101,3427,1102,3417,-1,10
35061,2013,882,2803,932,2816,-50,-13
35061,2014,735,2291,731,2171,4,120
35061,2015,879,2740,904,2644,-25,96
35061,2016,1158,3602,998,2963,160,639
35061,2017,1033,3195,851,2520,182,675
35061,2018,979,3022,841,2414,138,608
35061,2019,1175,3494,948,2749,227,745
35061,2020,1229,3619,978,2660,251,959
35061,2021,1285,3684,902,2472,383,1212
36001,2011,6690,17631,7081,18524,-391,-893
36001,2012,6814,17925,7349,19351,-535,-1426
36001,2013,5796,15403,6234,16219,-438,-816
36001,2014,4477,11504,4516,11682,-39,-178
36001,2015,6117,15829,6612,17245,-495,-1416
36001,2016,8147,21341,9419,24616,-1272,-3275
36001,2017,6282,16302,7296,18887,-1014,-2585
36001,2018,6276,16195,7002,18031,-726,-1836
36001,2019,6965,18362,7250,18979,-285,-617
36001,2020,7006,17865,7234,18430,-228,-565
36001,2021,7058,17806,7366,18528,-308,-722
36003,2011,467,1355,484,1358,-17,-3
36003,2012,463,1349,494,1438,-31,-89
36003,2013,372,1081,374,1021,-2,60
36003,2014,224,637,329,889,-105,-252
36003,2015,399,1125,422,1156,-23,-31
36003,2016,499,1433,569,1621,-70,-188
36003,2017,382,1090,388,1061,-6,29
36003,2018,339,982,416,1141,-77,-159
36003,2019,438,1255,413,1167,25,88
36003,2020,429,1224,417,1128,12,96
36003,2021,439,1222,421,1122,18,100
36005,2011,31180,86956,34005,97585,-2825,-10629
36005,2012,27497,80106,31942,94026,-4445,-13920
36005,2013,23915,69791,28955,85288,-5040,-15497
36005,2014,21914,64111,25086,73638,-3172,-9527
36005,2015,23032,66413,29472,86333,-6440,-19920
36005,2016,25222,71600,37384,109572,-12162,-37972
36005,2017,22226,62823,32896,95205,-10670,-32382
36005,2018,21441,60072,32217,92732,-10776,-32660
36005,2019,20728,58573,35254,102186,-14526,-43613
36005,2020,19817,53642,39557,110201,-19740,-56559
36005,2021,18145,48184,40630,112732,-22485,-64548
36007,2011,1972,5423,2683,7209,-711,-1786
36007,2012,1931,5368,2329,6209,-398,-841
36007,2013,1496,4205,1663,4507,-167,-302
36007,2014,1066,2909,1179,3166,-113,-257
36007,2015,1509,4061,1729,4634,-220,-573
36007,2016,1907,5295,2516,6749,-609,-1454
36007,2017,1524,4089,1722,4555,-198,-466
36007,2018,1455,3913,1667,4374,-212,-461
36007,2019,1723,4693,1745,4647,-22,46
36007,2020,1687,4534,1853,4833,-166,-299
36007,2021,1666,4477,1991,5044,-325,-567
36009,2011,875,2489,955,2688,-80,-199
36009,2012,942,2680,944,2667,-2,13
36009,2013,715,1990,857,2416,-142,-426
36009,2014,571,1514,658,1774,-87,-260
36009,2015,815,2387,838,2285,-23,102
36009,2016,1091,3138,1085,3009,6,129
36009,2017,783,2205,841,2361,-58,-156
36009,2018,767,2116,846,2287,-79,-171
36009,2019,872,2519,854,2392,18,127
36009,2020,859,2351,820,2170,39,181
36009,2021,869,2293,801,2188,68,105
36011,2011,1244,3677,910,2537,334,1140
36011,2012,911,2505,860,2385,51,120
36011,2013,707,1978,786,2228,-79,-250
36011,2014,576,1627,603,1556,-27,71
36011,2015,756,2136,825,2220,-69,-84
36011,2016,1073,2955,1066,2973,7,-18
36011,2017,785,2162,771,2112,14,50
36011,2018,800,2230,858,2326,-58,-96
36011,2019,811,2242,799,2205,12,37
36011,2020,861,2309,763,2046,98,263
36011,2021,764,2040,763,1989,1,51
36013,2011,724,2001,917,2513,-193,-512
36013,2012,736,2107,952,2584,-216,-477
36013,2013,632,1770,773,2116,-141,-346
36013,2014,471,1258,559,1450,-88,-192
36013,2015,647,1761,735,1961,-88,-200
36013,2016,851,2281,995,2615,-144,-334
36013,2017,659,1858,781,2078,-122,-220
36013,2018,635,1726,690,1798,-55,-72
36013,2019,680,1896,744,2028,-64,-132
36013,2020,744,1985,717,1905,27,80
36013,2021,741,1953,804,2067,-63,-114
36015,2011,813,2297,825,2289,-12,8
36015,2012,769,2128,911,2568,-142,-440
36015,2013,665,1866,662,1864,3,2
36015,2014,508,1401,467,1269,41,132
36015,2015,712,1960,684,1930,28,30
36015,2016,902,2547,897,2487,5,60
36015,2017,729,1985,699,1938,30,47
36015,2018,713,1977,702,1984,11,-7
36015,2019,683,1868,746,2076,-63,-208
36015,2020,730,1953,766,2061,-36,-108
36015,2021,720,1939,749,1941,-29,-2
36017,2011,817,2377,861,2589,-44,-212
36017,2012,623,1764,710,1965,-87,-201
36017,2013,516,1448,543,1519,-27,-71
36017,2014,388,1135,452,1232,-64,-97
36017,2015,503,1398,546,1562,-43,-164
36017,2016,672,1879,705,1962,-33,-83
36017,2017,526,1506,556,1504,-30,2
36017,2018,518,1499,586,1590,-68,-91
36017,2019,573,1610,587,1645,-14,-35
36017,2020,542,1538,563,1535,-21,3
36017,2021,572,1524,523,1403,49,121
36019,2011,483,1305,641,1681,-158,-376
36019,2012,548,1452,569,1474,-21,-22
36019,2013,381,1006,413,1082,-32,-76
36019,2014,263,697,210,543,53,154
36019,2015,381,1015,430,1103,-49,-88
36019,2016,577,1521,523,1409,54,112
36019,2017,477,1237,364,973,113,264
36019,2018,372,1017,399,1025,-27,-8
36019,2019,423,1095,406,1039,17,56
36019,2020,420,1070,404,1024,16,46
36019,2021,408,1051,376,925,32,126
36021,2011,973,2682,752,2026,221,656
36021,2012,862,2322,862,2298,0,24
36021,2013,888,2308,804,2123,84,185
36021,2014,641,1706,627,1631,14,75
36021,2015,861,2262,834,2173,27,89
36021,2016,1209,3165,1003,2684,206,481
36021,2017,895,2282,893,2339,2,-57
36021,2018,951,2518,754,1951,197,567
36021,2019,1292,3495,825,2154,467,1341
36021,2020,1289,3338,912,2373,377,965
36021,2021,1053,2718,968,2474,85,244
36023,2011,617,1718,590,1652,27,66
36023,2012,539,1475,599,1650,-60,-175
36023,2013,453,1299,523,1463,-70,-164
36023,2014,366,954,335,902,31,52
36023,2015,520,1428,515,1393,5,35
36023,2016,735,2008,722,1969,13,39
36023,2017,593,1597,548,1478,45,119
36023,2018,540,1403,540,1481,0,-78
36023,2019,567,1555,529,1411,38,144
36023,2020,468,1259,545,1428,-77,-169
36023,2021,478,1231,519,1353,-41,-122
36025,2011,1116,3334,612,1771,504,1563
36025,2012,602,1691,609,1692,-7,-1
36025,2013,496,1398,455,1235,41,163
36025,2014,350,947,381,1032,-31,-85
36025,2015,511,1401,437,1235,74,166
36025,2016,741,2005,671,1895,70,110
36025,2017,586,1638,462,1296,124,342
36025,2018,518,1422,443,1255,75,167
36025,2019,761,2118,427,1205,334,913
36025,2020,787,2117,495,1366,292,751
36025,2021,700,1859,511,1345,189,514
36027,2011,4059,11187,4683,12602,-624,-1415
36027,2012,4276,11821,4714,12716,-438,-895
36027,2013,3671,10133,4017,10687,-346,-554
36027,2014,2959,8079,2939,7725,20,354
36027,2015,4072,11202,4080,10671,-8,531
36027,2016,6176,17105,5370,14220,806,2885
36027,2017,4988,13896,4374,11267,614,2629
36027,2018,4641,12636,4270,10932,371,1704
36027,2019,5667,15546,4512,11754,1155,3792
36027,2020,5919,16015,4749,12314,1170,3701
36027,2021,5529,14695,5184,13183,345,1512
36029,2011,7917,21143,9127,24099,-1210,-2956
36029,2012,8316,22476,9446,24998,-1130,-2522
36029,2013,6589,17544,7787,20492,-1198,-2948
36029,2014,4583,11855,5674,14559,-1091,-2704
36029,2015,6636,17524,8431,22401,-1795,-4877
36029,2016,10116,27105,11455,30726,-1339,-3621
36029,2017,7350,19670,8776,23026,-1426,-3356
36029,2018,7214,19251,8723,22580,-1509,-3329
36029,2019,7960,21550,9385,24857,-1425,-3307
36029,2020,8183,21828,9671,25274,-1488,-3446
36029,2021,8544,22547,10756,27582,-2212,-5035
36031,2011,590,1643,500,1389,90,254
36031,2012,483,1298,503,1357,-20,-59
36031,2013,411,1122,411,1110,0,12
36031,2014,265,709,305,837,-40,-128
36031,2015,370,1002,425,1164,-55,-162
36031,2016,561,1566,540,1460,21,106
36031,2017,421,1154,463,1242,-42,-88
36031,2018,354,922,394,1083,-40,-161
36031,2019,508,1357,481,1247,27,110
36031,2020,430,1116,404,1085,26,31
36031,2021,372,944,467,1202,-95,-258
36033,2011,475,1312,545,1566,-70,-254
36033,2012,399,1125,477,1285,-78,-160
36033,2013,337,956,341,910,-4,46
36033,2014,229,636,262,708,-33,-72
36033,2015,305,854,339,940,-34,-86
36033,2016,416,1156,428,1187,-12,-31
36033,2017,347,942,370,986,-23,-44
36033,2018,305,828,371,1001,-66,-173
36033,2019,352,938,339,973,13,-35
36033,2020,341,896,365,966,-24,-70
36033,2021,314,836,348,909,-34,-73
36035,2011,885,2612,877,2573,8,39
36035,2012,667,1900,684,1926,-17,-26
36035,2013,598,1730,575,1559,23,171
36035,2014,501,1405,452,1273,49,132
36035,2015,658,1889,535,1512,123,377
36035,2016,892,2525,788,2158,104,367
36035,2017,771,2148,630,1802,141,346
36035,2018,646,1838,694,1828,-48,10
36035,2019,727,2073,686,1944,41,129
36035,2020,764,2092,615,1690,149,402
36035,2021,764,2072,683,1914,81,158
36037,2011,714,1951,806,2211,-92,-260
36037,2012,704,1897,854,2335,-150,-438
36037,2013,724,1963,703,1864,21,99
36037,2014,519,1380,583,1539,-64,-159
36037,2015,752,2088,806,2088,-54,0
36037,2016,1043,2867,1034,2730,9,137
36037,2017,839,2298,845,2206,-6,92
36037,2018,771,1987,801,2118,-30,-131
36037,2019,826,2226,813,2115,13,111
36037,2020,829,2175,768,1984,61,191
36037,2021,827,2203,750,1923,77,280
36039,2011,816,2266,779,2138,37,128
36039,2012,736,2021,643,1764,93,257
36039,2013,647,1720,563,1527,84,193
36039,2014,531,1428,443,1149,88,279
36039,2015,706,1885,528,1433,178,452
36039,2016,1024,2806,744,1989,280,817
36039,2017,787,2131,644,1691,143,440
36039,2018,756,1990,632,1673,124,317
36039,2019,990,2708,653,1828,337,880
36039,2020,1147,3018,710,1866,437,1152
36039,2021,819,2167,807,2121,12,46
36041,2011,77,235,14,37,63,198
36041,2012,42,124,28,85,14,39
36041,2016,20,52,NA,NA,NA,NA
36043,2011,896,2656,886,2509,10,147
36043,2012,718,2094,783,2110,-65,-16
36043,2013,604,1734,712,1946,-108,-212
36043,2014,436,1250,494,1315,-58,-65
36043,2015,694,2029,677,1834,17,195
36043,2016,833,2373,916,2528,-83,-155
36043,2017,706,1936,755,2033,-49,-97
36043,2018,644,1787,755,2094,-111,-307
36043,2019,724,2211,694,1933,30,278
36043,2020,708,1984,705,1858,3,126
36043,2021,685,1924,682,1857,3,67
36045,2011,2798,9345,3262,11181,-464,-1836
36045,2012,2587,8573,3270,11158,-683,-2585
36045,2013,1460,4998,1942,6596,-482,-1598
36045,2014,1116,3544,1443,4736,-327,-1192
36045,2015,1686,5702,2377,8367,-691,-2665
36045,2016,2781,9721,3303,11760,-522,-2039
36045,2017,1765,5800,2068,7008,-303,-1208
36045,2018,1498,4826,1912,6362,-414,-1536
36045,2019,1629,5452,2066,7050,-437,-1598
36045,2020,1715,5396,1920,6247,-205,-851
36045,2021,1723,5496,1907,6079,-184,-583
36047,2011,55297,140626,58445,160646,-3148,-20020
36047,2012,54370,139200,60442,167927,-6072,-28727
36047,2013,49972,126740,57612,160231,-7640,-33491
36047,2014,43839,110754,49710,138590,-5871,-27836
36047,2015,52327,128584,63876,176732,-11549,-48148
36047,2016,64158,156082,83690,232019,-19532,-75937
36047,2017,55988,136566,70713,193518,-14725,-56952
36047,2018,56595,136830,69169,187693,-12574,-50863
36047,2019,55812,135306,84069,229781,-28257,-94475
36047,2020,54098,128393,88565,234026,-34467,-105633
36047,2021,58213,135916,80424,214657,-22211,-78741
36049,2011,1013,3189,298,905,715,2284
36049,2012,272,804,320,908,-48,-104
36049,2013,243,718,205,610,38,108
36049,2014,201,596,220,656,-19,-60
36049,2015,237,708,263,768,-26,-60
36049,2016,331,931,330,953,1,-22
36049,2017,214,634,249,708,-35,-74
36049,2018,227,655,258,737,-31,-82
36049,2019,240,756,226,632,14,124
36049,2020,257,731,227,621,30,110
36049,2021,247,657,278,762,-31,-105
36051,2011,811,2345,921,2522,-110,-177
36051,2012,889,2530,913,2476,-24,54
36051,2013,863,2382,828,2272,35,110
36051,2014,602,1659,668,1751,-66,-92
36051,2015,874,2342,898,2372,-24,-30
36051,2016,1176,3289,1187,3213,-11,76
36051,2017,832,2334,915,2452,-83,-118
36051,2018,876,2365,876,2298,0,67
36051,2019,888,2472,948,2556,-60,-84
36051,2020,952,2576,884,2302,68,274
36051,2021,855,2250,862,2204,-7,46
36053,2011,1321,3864,1146,3184,175,680
36053,2012,1173,3327,1155,3245,18,82
36053,2013,1002,2836,909,2586,93,250
36053,2014,694,1900,689,1829,5,71
36053,2015,987,2748,1015,2763,-28,-15
36053,2016,1500,4223,1482,4070,18,153
36053,2017,1089,3016,1094,2918,-5,98
36053,2018,946,2578,1071,2914,-125,-336
36053,2019,1137,3191,993,2817,144,374
36053,2020,1113,3037,962,2545,151,492
36053,2021,1030,2737,978,2552,52,185
36055,2011,8138,21379,9581,25465,-1443,-4086
36055,2012,8327,22184,9669,25898,-1342,-3714
36055,2013,6066,15699,8049,21353,-1983,-5654
36055,2014,4401,11132,5331,13697,-930,-2565
36055,2015,6490,16746,8719,23089,-2229,-6343
36055,2016,9485,24833,12643,33632,-3158,-8799
36055,2017,7318,18917,8582,22421,-1264,-3504
36055,2018,7136,18349,8917,22884,-1781,-4535
36055,2019,7675,19891,9277,24353,-1602,-4462
36055,2020,7971,20124,9674,25238,-1703,-5114
36055,2021,7640,19133,10177,25759,-2537,-6626
36057,2011,872,2622,1097,3184,-225,-562
36057,2012,760,2205,782,2209,-22,-4
36057,2013,673,1904,733,2075,-60,-171
36057,2014,531,1483,571,1631,-40,-148
36057,2015,614,1762,805,2272,-191,-510
36057,2016,922,2632,1001,2870,-79,-238
36057,2017,721,2084,754,2115,-33,-31
36057,2018,719,1989,825,2346,-106,-357
36057,2019,834,2450,803,2245,31,205
36057,2020,787,2132,829,2191,-42,-59
36057,2021,783,2187,817,2197,-34,-10
36059,2011,21764,61510,23493,62699,-1729,-1189
36059,2012,22235,64076,24954,67450,-2719,-3374
36059,2013,20509,59286,23275,63051,-2766,-3765
36059,2014,16570,47665,18641,49657,-2071,-1992
36059,2015,20598,59970,23932,64240,-3334,-4270
36059,2016,27279,80070,32353,88190,-5074,-8120
36059,2017,23441,67931,27116,73222,-3675,-5291
36059,2018,23202,66624,26829,71497,-3627,-4873
36059,2019,24788,71725,28049,76826,-3261,-5101
36059,2020,25673,72396,29601,79273,-3928,-6877
36059,2021,25677,72688,32068,84457,-6391,-11769
36061,2011,67109,161057,74018,188398,-6909,-27341
36061,2012,64323,155151,75198,194785,-10875,-39634
36061,2013,61075,147106,70875,182254,-9800,-35148
36061,2014,51842,123989,54199,139377,-2357,-15388
36061,2015,60014,141475,72298,184214,-12284,-42739
36061,2016,72364,170232,95022,238753,-22658,-68521
36061,2017,64317,150880,74798,186407,-10481,-35527
36061,2018,64420,149775,72923,180258,-8503,-30483
36061,2019,56957,133529,101982,255254,-45025,-121725
36061,2020,61569,141912,98300,240461,-36731,-98549
36061,2021,73446,165439,74465,182750,-1019,-17311
36063,2011,2266,6182,2433,6546,-167,-364
36063,2012,2434,6576,2597,6945,-163,-369
36063,2013,2076,5677,2229,5851,-153,-174
36063,2014,1550,4102,1551,3997,-1,105
36063,2015,2190,5959,2382,6201,-192,-242
36063,2016,3079,8418,3197,8344,-118,74
36063,2017,2354,6314,2424,6319,-70,-5
36063,2018,2225,5911,2279,5926,-54,-15
36063,2019,2502,6801,2439,6404,63,397
36063,2020,2515,6697,2297,5786,218,911
36063,2021,2653,6940,2435,6166,218,774
36065,2011,2107,5851,2811,7771,-704,-1920
36065,2012,2035,5561,2327,6319,-292,-758
36065,2013,1592,4387,1710,4666,-118,-279
36065,2014,1115,3052,1253,3341,-138,-289
36065,2015,1676,4605,1993,5337,-317,-732
36065,2016,2424,6640,2615,7036,-191,-396
36065,2017,1773,4745,2118,5647,-345,-902
36065,2018,1702,4726,1893,5064,-191,-338
36065,2019,1852,5136,1949,5529,-97,-393
36065,2020,2002,5259,2141,5714,-139,-455
36065,2021,1987,5238,2187,5662,-200,-424
36067,2011,5500,14740,6403,17047,-903,-2307
36067,2012,5477,14665,6636,17762,-1159,-3097
36067,2013,4268,11393,4976,13287,-708,-1894
36067,2014,3023,7775,3451,8972,-428,-1197
36067,2015,4365,11320,5712,15224,-1347,-3904
36067,2016,6298,16611,8388,22293,-2090,-5682
36067,2017,4829,12553,5845,15128,-1016,-2575
36067,2018,4725,12320,5711,14624,-986,-2304
36067,2019,5176,13416,6110,15961,-934,-2545
36067,2020,5192,13124,6520,16836,-1328,-3712
36067,2021,4817,12125,6411,16069,-1594,-3944
36069,2011,1935,5441,1796,4785,139,656
36069,2012,2070,5784,1845,5001,225,783
36069,2013,1816,4994,1600,4309,216,685
36069,2014,1212,3216,1207,3165,5,51
36069,2015,1932,5319,1683,4455,249,864
36069,2016,2632,7308,2300,6105,332,1203
36069,2017,1850,5009,1787,4688,63,321
36069,2018,1952,5228,1708,4468,244,760
36069,2019,2114,5771,1805,4865,309,906
36069,2020,1999,5318,1721,4475,278,843
36069,2021,1964,5202,1781,4595,183,607
36071,2011,5618,16092,6577,18499,-959,-2407
36071,2012,5899,17090,7172,19824,-1273,-2734
36071,2013,5163,14998,5682,15661,-519,-663
36071,2014,3988,11583,4120,11232,-132,351
36071,2015,5500,16260,6037,16627,-537,-367
36071,2016,8203,24648,8715,24411,-512,237
36071,2017,6551,19334,6644,18447,-93,887
36071,2018,6275,18499,6179,16932,96,1567
36071,2019,7031,21090,6967,19778,64,1312
36071,2020,7702,22088,7206,19818,496,2270
36071,2021,7306,20907,7695,20481,-389,426
36073,2011,516,1487,540,1536,-24,-49
36073,2012,516,1445,633,1781,-117,-336
36073,2013,466,1364,587,1586,-121,-222
36073,2014,353,985,408,1058,-55,-73
36073,2015,561,1535,575,1537,-14,-2
36073,2016,710,1982,768,2099,-58,-117
36073,2017,562,1586,584,1591,-22,-5
36073,2018,520,1440,516,1377,4,63
36073,2019,547,1488,558,1464,-11,24
36073,2020,595,1576,519,1332,76,244
36073,2021,561,1425,528,1342,33,83
36075,2011,1304,3688,1598,4411,-294,-723
36075,2012,1405,3984,1456,4045,-51,-61
36075,2013,1132,3187,1262,3433,-130,-246
36075,2014,899,2434,1003,2654,-104,-220
36075,2015,1196,3276,1346,3579,-150,-303
36075,2016,1747,4871,1744,4705,3,166
36075,2017,1321,3646,1319,3546,2,100
36075,2018,1197,3245,1299,3472,-102,-227
36075,2019,1310,3665,1320,3513,-10,152
36075,2020,1436,3944,1230,3196,206,748
36075,2021,1352,3633,1136,3035,216,598
36077,2011,988,2860,1115,3226,-127,-366
36077,2012,738,2061,746,2055,-8,6
36077,2013,550,1547,569,1589,-19,-42
36077,2014,468,1277,436,1173,32,104
36077,2015,656,1818,612,1632,44,186
36077,2016,934,2606,883,2421,51,185
36077,2017,680,1845,702,1949,-22,-104
36077,2018,626,1792,570,1571,56,221
36077,2019,656,1790,615,1770,41,20
36077,2020,749,2052,594,1593,155,459
36077,2021,750,1999,708,1869,42,130
36079,2011,1799,5056,1751,4807,48,249
36079,2012,1946,5437,1932,5136,14,301
36079,2013,1866,5242,1726,4650,140,592
36079,2014,1539,4275,1442,3906,97,369
36079,2015,1948,5554,1814,4874,134,680
36079,2016,2943,8519,2514,6734,429,1785
36079,2017,2250,6346,2060,5633,190,713
36079,2018,2129,5918,2009,5421,120,497
36079,2019,2592,7160,2046,5516,546,1644
36079,2020,2718,7521,2114,5606,604,1915
36079,2021,2518,7023,2135,5547,383,1476
36081,2011,44630,119645,51521,142862,-6891,-23217
36081,2012,44839,120743,51182,144853,-6343,-24110
36081,2013,41697,111964,48575,137813,-6878,-25849
36081,2014,35248,94873,42164,118916,-6916,-24043
36081,2015,40899,107955,51889,146535,-10990,-38580
36081,2016,48954,127849,67924,192242,-18970,-64393
36081,2017,43128,112722,58886,165870,-15758,-53148
36081,2018,43220,111408,57447,160314,-14227,-48906
36081,2019,42260,109465,63862,179631,-21602,-70166
36081,2020,40479,101284,69617,189803,-29138,-88519
36081,2021,43245,107063,67691,185598,-24446,-78535
36083,2011,3238,8633,3707,9977,-469,-1344
36083,2012,3361,8965,3403,9005,-42,-40
36083,2013,2976,7976,2905,7815,71,161
36083,2014,2321,6137,2291,6058,30,79
36083,2015,3249,8509,3081,8248,168,261
36083,2016,4544,11876,4280,11294,264,582
36083,2017,3567,9215,3312,8747,255,468
36083,2018,3349,8753,3390,8888,-41,-135
36083,2019,3511,9182,3576,9398,-65,-216
36083,2020,3678,9366,3591,9187,87,179
36083,2021,3604,9047,3505,8855,99,192
36085,2011,6086,17789,6790,19134,-704,-1345
36085,2012,6255,18273,6947,19788,-692,-1515
36085,2013,5467,16242,6187,17754,-720,-1512
36085,2014,4793,14435,4973,13892,-180,543
36085,2015,6151,18716,6307,17880,-156,836
36085,2016,8288,25332,9188,26906,-900,-1574
36085,2017,7193,21914,8095,23153,-902,-1239
36085,2018,6963,20970,7610,21339,-647,-369
36085,2019,7247,22048,8273,23883,-1026,-1835
36085,2020,7425,21772,9319,26130,-1894,-4358
36085,2021,8140,24149,9593,26570,-1453,-2421
36087,2011,3763,10897,4774,12904,-1011,-2007
36087,2012,3780,11048,4446,12261,-666,-1213
36087,2013,3358,10113,3882,10747,-524,-634
36087,2014,2657,7964,3000,8168,-343,-204
36087,2015,3329,10343,4257,11866,-928,-1523
36087,2016,4574,14646,5883,16501,-1309,-1855
36087,2017,3730,11483,4593,12773,-863,-1290
36087,2018,3426,10334,4500,12289,-1074,-1955
36087,2019,4121,13375,4847,13897,-726,-522
36087,2020,4587,13686,5348,14795,-761,-1109
36087,2021,4154,12479,5577,15083,-1423,-2604
36089,2011,545,1650,878,2566,-333,-916
36089,2012,558,1602,647,1810,-89,-208
36089,2013,362,989,463,1293,-101,-304
36089,2014,253,716,356,1018,-103,-302
36089,2015,392,1158,482,1343,-90,-185
36089,2016,573,1614,648,1783,-75,-169
36089,2017,390,1100,511,1357,-121,-257
36089,2018,367,1015,470,1282,-103,-267
36089,2019,372,1118,463,1242,-91,-124
36089,2020,442,1180,436,1153,6,27
36089,2021,481,1293,434,1162,47,131
36091,2011,5534,15064,4905,13330,629,1734
36091,2012,5538,14882,4909,13257,629,1625
36091,2013,4716,12565,4011,10495,705,2070
36091,2014,3515,9113,2911,7513,604,1600
36091,2015,5170,13764,4645,12098,525,1666
36091,2016,7411,19953,6026,15943,1385,4010
36091,2017,5273,13897,4639,12149,634,1748
36091,2018,5178,13577,4547,11841,631,1736
36091,2019,5556,14685,4357,11417,1199,3268
36091,2020,5481,14294,4267,10911,1214,3383
36091,2021,5189,13405,4517,11328,672,2077
36093,2011,2881,7829,2988,8314,-107,-485
36093,2012,2957,8199,2985,8094,-28,105
36093,2013,2426,6576,2485,6860,-59,-284
36093,2014,1815,4893,1753,4643,62,250
36093,2015,2666,7216,2588,6977,78,239
36093,2016,3867,10619,3773,10205,94,414
36093,2017,3219,8695,2878,7639,341,1056
36093,2018,3064,8148,2749,7312,315,836
36093,2019,3184,8488,2917,7839,267,649
36093,2020,3349,8776,3189,8499,160,277
36093,2021,3300,8645,2881,7459,419,1186
36095,2011,549,1626,415,1173,134,453
36095,2012,364,1051,358,1030,6,21
36095,2013,230,637,305,855,-75,-218
36095,2014,226,624,180,463,46,161
36095,2015,335,923,309,832,26,91
36095,2016,506,1378,449,1208,57,170
36095,2017,329,909,374,1008,-45,-99
36095,2018,324,880,328,876,-4,4
36095,2019,444,1276,313,834,131,442
36095,2020,433,1186,313,864,120,322
36095,2021,456,1233,312,830,144,403
36097,2011,297,812,314,884,-17,-72
36097,2012,315,901,297,845,18,56
36097,2013,274,808,281,783,-7,25
36097,2014,189,505,217,594,-28,-89
36097,2015,297,821,273,787,24,34
36097,2016,393,1094,355,982,38,112
36097,2017,324,917,271,741,53,176
36097,2018,241,685,255,731,-14,-46
36097,2019,324,917,284,780,40,137
36097,2020,264,762,271,732,-7,30
36097,2021,299,800,252,698,47,102
36099,2011,456,1262,494,1341,-38,-79
36099,2012,470,1289,526,1458,-56,-169
36099,2013,376,1042,391,1059,-15,-17
36099,2014,301,843,340,888,-39,-45
36099,2015,441,1200,429,1191,12,9
36099,2016,573,1510,559,1525,14,-15
36099,2017,425,1169,483,1311,-58,-142
36099,2018,461,1272,416,1098,45,174
36099,2019,428,1201,489,1399,-61,-198
36099,2020,444,1234,368,957,76,277
36099,2021,384,1067,449,1171,-65,-104
36101,2011,1016,2759,1090,3046,-74,-287
36101,2012,1018,2919,1098,2964,-80,-45
36101,2013,781,2171,867,2444,-86,-273
36101,2014,567,1596,661,1770,-94,-174
36101,2015,868,2389,922,2572,-54,-183
36101,2016,1129,3181,1224,3407,-95,-226
36101,2017,844,2320,1004,2800,-160,-480
36101,2018,848,2389,963,2650,-115,-261
36101,2019,911,2649,942,2636,-31,13
36101,2020,1022,2746,915,2480,107,266
36101,2021,974,2619,937,2472,37,147
36103,2011,19376,51416,22538,58823,-3162,-7407
36103,2012,18993,51883,20975,56823,-1982,-4940
36103,2013,16007,43945,18867,50964,-2860,-7019
36103,2014,12589,34422,15022,39456,-2433,-5034
36103,2015,15630,42777,19715,52788,-4085,-10011
36103,2016,22087,61040,26733,72204,-4646,-11164
36103,2017,19034,52229,21724,57661,-2690,-5432
36103,2018,18693,50575,21434,56487,-2741,-5912
36103,2019,22519,62876,22328,59315,191,3561
36103,2020,24616,66976,24519,64616,97,2360
36103,2021,22544,60921,26916,70174,-4372,-9253
36105,2011,1207,3633,1196,3365,11,268
36105,2012,1199,3612,1175,3315,24,297
36105,2013,998,2833,945,2879,53,-46
36105,2014,659,1946,662,1892,-3,54
36105,2015,1099,3540,912,2545,187,995
36105,2016,1563,4840,1151,3612,412,1228
36105,2017,1261,3855,930,2937,331,918
36105,2018,1212,3681,950,2855,262,826
36105,2019,1704,5414,997,3268,707,2146
36105,2020,1830,5452,1026,3080,804,2372
36105,2021,1643,4754,1094,3213,549,1541
36107,2011,764,2182,823,2368,-59,-186
36107,2012,839,2428,776,2207,63,221
36107,2013,712,2065,667,1854,45,211
36107,2014,462,1273,560,1557,-98,-284
36107,2015,650,1873,689,1836,-39,37
36107,2016,950,2715,921,2604,29,111
36107,2017,751,2111,735,1994,16,117
36107,2018,756,2134,702,1923,54,211
36107,2019,792,2270,713,1986,79,284
36107,2020,674,1864,644,1779,30,85
36107,2021,718,1949,657,1756,61,193
36109,2011,1531,3941,2145,5589,-614,-1648
36109,2012,1577,4072,1923,4819,-346,-747
36109,2013,1100,2750,1372,3503,-272,-753
36109,2014,715,1819,895,2290,-180,-471
36109,2015,1195,3062,1496,3783,-301,-721
36109,2016,1580,4043,2344,5880,-764,-1837
36109,2017,1219,3090,1644,4077,-425,-987
36109,2018,1233,3046,1626,3920,-393,-874
36109,2019,1347,3402,1758,4293,-411,-891
36109,2020,1324,3201,1655,4079,-331,-878
36109,2021,1163,2865,1993,4731,-830,-1866
36111,2011,2725,7352,2846,7662,-121,-310
36111,2012,2702,7227,2861,7622,-159,-395
36111,2013,2396,6378,2258,6000,138,378
36111,2014,1911,5173,1674,4416,237,757
36111,2015,2618,7054,2507,6574,111,480
36111,2016,3611,9690,3066,8139,545,1551
36111,2017,2946,7832,2492,6570,454,1262
36111,2018,2645,6972,2379,6293,266,679
36111,2019,3584,9796,2545,6789,1039,3007
36111,2020,3840,10115,2685,7043,1155,3072
36111,2021,3287,8424,2931,7519,356,905
36113,2011,1289,3537,1274,3454,15,83
36113,2012,1297,3544,1304,3498,-7,46
36113,2013,1122,3073,1109,3037,13,36
36113,2014,840,2260,883,2369,-43,-109
36113,2015,1234,3280,1097,2929,137,351
36113,2016,1722,4566,1530,4079,192,487
36113,2017,1242,3349,1202,3133,40,216
36113,2018,1111,2986,1223,3192,-112,-206
36113,2019,1254,3367,1152,3072,102,295
36113,2020,1327,3496,1136,2930,191,566
36113,2021,1141,2954,1086,2803,55,151
36115,2011,1370,3906,1132,3128,238,778
36115,2012,1083,3004,1063,2958,20,46
36115,2013,1031,2873,1045,2893,-14,-20
36115,2014,745,2043,799,2106,-54,-63
36115,2015,1013,2809,1122,2984,-109,-175
36115,2016,1399,3797,1411,3820,-12,-23
36115,2017,1111,2909,1023,2777,88,132
36115,2018,1068,2871,1031,2764,37,107
36115,2019,1040,2818,1049,2853,-9,-35
36115,2020,1071,2825,1005,2636,66,189
36115,2021,1025,2735,955,2497,70,238
36117,2011,1483,4131,1430,3998,53,133
36117,2012,1454,3939,1517,4220,-63,-281
36117,2013,1235,3446,1259,3422,-24,24
36117,2014,903,2447,969,2564,-66,-117
36117,2015,1315,3663,1294,3427,21,236
36117,2016,1926,5429,1791,4881,135,548
36117,2017,1400,3810,1411,3712,-11,98
36117,2018,1387,3732,1386,3756,1,-24
36117,2019,1522,4185,1336,3593,186,592
36117,2020,1417,3862,1314,3425,103,437
36117,2021,1548,4063,1209,3200,339,863
36119,2011,18089,50669,19661,53210,-1572,-2541
36119,2012,18649,52960,19074,53208,-425,-248
36119,2013,16310,46001,18102,50254,-1792,-4253
36119,2014,12703,35998,14730,39828,-2027,-3830
36119,2015,16493,47237,18469,50950,-1976,-3713
36119,2016,21909,62474,24589,68994,-2680,-6520
36119,2017,18105,50481,19700,54149,-1595,-3668
36119,2018,17701,48833,19427,52490,-1726,-3657
36119,2019,20370,57462,21496,59595,-1126,-2133
36119,2020,20666,56043,23572,64467,-2906,-8424
36119,2021,19615,53032,24006,63709,-4391,-10677
36121,2011,583,1676,647,1814,-64,-138
36121,2012,597,1709,636,1747,-39,-38
36121,2013,490,1402,584,1599,-94,-197
36121,2014,389,1071,392,999,-3,72
36121,2015,568,1558,541,1430,27,128
36121,2016,783,2209,729,1993,54,216
36121,2017,572,1573,586,1601,-14,-28
36121,2018,543,1425,576,1528,-33,-103
36121,2019,626,1701,617,1636,9,65
36121,2020,698,1860,570,1495,128,365
36121,2021,573,1505,597,1484,-24,21
36123,2011,296,882,357,977,-61,-95
36123,2012,318,905,358,987,-40,-82
36123,2013,240,707,286,805,-46,-98
36123,2014,212,574,238,650,-26,-76
36123,2015,265,762,290,788,-25,-26
36123,2016,370,1014,434,1193,-64,-179
36123,2017,277,775,334,893,-57,-118
36123,2018,236,652,303,843,-67,-191
36123,2019,298,867,257,737,41,130
36123,2020,283,783,316,839,-33,-56
36123,2021,259,678,298,794,-39,-116
37001,2011,2117,6345,2161,6524,-44,-179
37001,2012,2324,6949,2184,6418,140,531
37001,2013,2054,6196,1845,5355,209,841
37001,2014,1665,4991,1489,4256,176,735
37001,2015,2272,6792,2027,5843,245,949
37001,2016,3569,10657,2705,7865,864,2792
37001,2017,3024,8892,2227,6415,797,2477
37001,2018,3070,8968,2322,6682,748,2286
37001,2019,3260,9573,2768,8055,492,1518
37001,2020,3371,9697,2730,7732,641,1965
37001,2021,3437,9699,2765,7700,672,1999
37003,2011,439,1311,487,1503,-48,-192
37003,2012,500,1530,479,1496,21,34
37003,2013,421,1263,442,1333,-21,-70
37003,2014,355,1080,344,1044,11,36
37003,2015,431,1322,427,1274,4,48
37003,2016,590,1814,592,1788,-2,26
37003,2017,518,1589,429,1286,89,303
37003,2018,468,1439,446,1344,22,95
37003,2019,562,1702,534,1633,28,69
37003,2020,555,1577,484,1403,71,174
37003,2021,526,1534,461,1280,65,254
37005,2011,46,172,75,238,-29,-66
37005,2012,74,263,36,123,38,140
37005,2014,25,93,NA,NA,NA,NA
37005,2016,43,122,42,122,1,0
37005,2018,49,145,20,67,29,78
37005,2019,65,216,NA,NA,NA,NA
37005,2020,20,56,NA,NA,NA,NA
37005,2021,36,109,NA,NA,NA,NA
37007,2011,207,715,247,793,-40,-78
37007,2012,197,645,277,915,-80,-270
37007,2013,209,643,223,743,-14,-100
37007,2014,166,520,214,681,-48,-161
37007,2015,229,738,249,803,-20,-65
37007,2016,294,954,270,882,24,72
37007,2017,221,720,264,861,-43,-141
37007,2018,239,783,240,752,-1,31
37007,2019,278,904,269,841,9,63
37007,2020,292,887,255,751,37,136
37007,2021,276,859,247,721,29,138
37009,2011,168,502,162,469,6,33
37009,2012,187,566,211,626,-24,-60
37009,2013,102,317,106,319,-4,-2
37009,2014,77,245,108,321,-31,-76
37009,2015,133,408,99,315,34,93
37009,2016,252,749,138,390,114,359
37009,2017,155,449,140,391,15,58
37009,2018,170,490,149,429,21,61
37009,2019,209,600,143,422,66,178
37009,2020,247,692,103,296,144,396
37009,2021,185,514,148,432,37,82
37011,2011,227,704,174,520,53,184
37011,2012,173,567,159,474,14,93
37011,2013,85,260,84,257,1,3
37011,2014,70,204,113,344,-43,-140
37011,2015,98,273,88,267,10,6
37011,2016,199,589,175,538,24,51
37011,2017,141,422,144,459,-3,-37
37011,2018,143,403,163,478,-20,-75
37011,2019,153,431,188,510,-35,-79
37011,2020,140,394,127,355,13,39
37011,2021,99,262,127,369,-28,-107
37013,2011,487,1606,596,1863,-109,-257
37013,2012,560,1750,533,1700,27,50
37013,2013,461,1434,442,1338,19,96
37013,2014,359,1112,358,1061,1,51
37013,2015,411,1236,422,1293,-11,-57
37013,2016,518,1618,527,1596,-9,22
37013,2017,425,1265,448,1361,-23,-96
37013,2018,494,1478,498,1530,-4,-52
37013,2019,484,1489,488,1466,-4,23
37013,2020,477,1414,513,1494,-36,-80
37013,2021,444,1308,453,1293,-9,15
37015,2011,199,616,245,786,-46,-170
37015,2012,169,542,226,725,-57,-183
37015,2013,171,535,216,709,-45,-174
37015,2014,116,385,139,431,-23,-46
37015,2015,153,469,198,618,-45,-149
37015,2016,167,553,208,622,-41,-69
37015,2017,132,408,178,555,-46,-147
37015,2018,92,288,160,465,-68,-177
37015,2019,110,345,167,519,-57,-174
37015,2020,147,447,178,535,-31,-88
37015,2021,151,455,149,441,2,14
37017,2011,411,1379,474,1565,-63,-186
37017,2012,481,1765,407,1392,74,373
37017,2013,324,1085,342,1147,-18,-62
37017,2014,264,878,246,804,18,74
37017,2015,256,831,317,1068,-61,-237
37017,2016,368,1173,404,1292,-36,-119
37017,2017,272,866,313,947,-41,-81
37017,2018,290,871,324,1035,-34,-164
37017,2019,383,1192,365,1171,18,21
37017,2020,357,1096,318,946,39,150
37017,2021,334,1001,345,1026,-11,-25
37019,2011,2402,7133,1823,5391,579,1742
37019,2012,2931,8631,1724,5156,1207,3475
37019,2013,2063,6083,1307,3871,756,2212
37019,2014,1345,3883,1073,3045,272,838
37019,2015,2353,6737,1405,4007,948,2730
37019,2016,4833,13794,1919,5621,2914,8173
37019,2017,3249,9234,1545,4334,1704,4900
37019,2018,3327,9401,1571,4331,1756,5070
37019,2019,4265,12153,1845,5197,2420,6956
37019,2020,4702,13063,1926,5230,2776,7833
37019,2021,4872,13331,1996,5332,2876,7999
37021,2011,5359,14587,4426,12194,933,2393
37021,2012,5711,15403,4471,12487,1240,2916
37021,2013,4404,11827,3968,11129,436,698
37021,2014,3016,7885,2934,7890,82,-5
37021,2015,5169,13516,4379,12019,790,1497
37021,2016,7069,18956,6569,17806,500,1150
37021,2017,5277,13674,4890,13043,387,631
37021,2018,5367,13946,4756,12654,611,1292
37021,2019,6309,16476,5497,14644,812,1832
37021,2020,6620,16760,5856,15414,764,1346
37021,2021,6676,16928,5776,15004,900,1924
37023,2011,1078,3638,1391,4621,-313,-983
37023,2012,1056,3250,1346,4634,-290,-1384
37023,2013,850,2578,940,2865,-90,-287
37023,2014,747,2205,686,2005,61,200
37023,2015,1061,3245,1083,3140,-22,105
37023,2016,1394,4192,1316,3943,78,249
37023,2017,1099,3227,1075,3168,24,59
37023,2018,1048,3009,1113,3242,-65,-233
37023,2019,1213,3579,1105,3261,108,318
37023,2020,1267,3614,1192,3431,75,183
37023,2021,1173,3379,1126,3139,47,240
37025,2011,4230,12913,3396,10202,834,2711
37025,2012,4628,14487,3707,11211,921,3276
37025,2013,3848,12092,3216,9707,632,2385
37025,2014,3022,9472,2509,7435,513,2037
37025,2015,4672,14414,3752,11271,920,3143
37025,2016,6951,21569,5271,15905,1680,5664
37025,2017,5472,16699,4409,13074,1063,3625
37025,2018,5630,17157,4612,13608,1018,3549
37025,2019,6293,19466,5172,15468,1121,3998
37025,2020,6545,19468,5706,16493,839,2975
37025,2021,6475,18875,5594,15952,881,2923
37027,2011,870,2736,782,2416,88,320
37027,2012,852,2592,905,2748,-53,-156
37027,2013,712,2110,754,2295,-42,-185
37027,2014,575,1704,581,1708,-6,-4
37027,2015,753,2226,787,2329,-34,-103
37027,2016,1130,3360,1027,2993,103,367
37027,2017,869,2562,922,2692,-53,-130
37027,2018,897,2608,853,2477,44,131
37027,2019,1010,2996,934,2728,76,268
37027,2020,1033,2952,992,2774,41,178
37027,2021,1016,2875,897,2527,119,348
37029,2011,156,511,194,586,-38,-75
37029,2012,237,740,181,570,56,170
37029,2013,176,566,119,353,57,213
37029,2014,110,338,94,264,16,74
37029,2015,181,589,134,402,47,187
37029,2016,272,910,176,552,96,358
37029,2017,193,630,150,481,43,149
37029,2018,233,746,152,475,81,271
37029,2019,230,778,140,446,90,332
37029,2020,279,894,167,496,112,398
37029,2021,230,722,172,503,58,219
37031,2011,1129,3375,870,2487,259,888
37031,2012,1159,3515,1022,2928,137,587
37031,2013,757,2221,834,2324,-77,-103
37031,2014,615,1733,537,1495,78,238
37031,2015,860,2446,851,2370,9,76
37031,2016,1425,4221,1072,3078,353,1143
37031,2017,982,2843,786,2203,196,640
37031,2018,912,2609,872,2424,40,185
37031,2019,1210,3587,863,2438,347,1149
37031,2020,1372,3924,867,2388,505,1536
37031,2021,1154,3253,881,2394,273,859
37033,2011,382,1211,426,1336,-44,-125
37033,2012,420,1339,395,1224,25,115
37033,2013,269,830,345,1086,-76,-256
37033,2014,234,742,299,932,-65,-190
37033,2015,296,948,351,1090,-55,-142
37033,2016,406,1229,395,1209,11,20
37033,2017,375,1146,316,964,59,182
37033,2018,305,905,303,914,2,-9
37033,2019,422,1311,340,1060,82,251
37033,2020,315,956,319,959,-4,-3
37033,2021,409,1252,302,880,107,372
37035,2011,2605,8084,2534,7765,71,319
37035,2012,2490,7909,2531,7396,-41,513
37035,2013,2026,6104,2019,5887,7,217
37035,2014,1625,4716,1672,4767,-47,-51
37035,2015,2128,6183,2202,6411,-74,-228
37035,2016,3155,9424,3022,8829,133,595
37035,2017,2506,7369,2514,7213,-8,156
37035,2018,2581,7513,2418,6962,163,551
37035,2019,2625,7746,2715,7799,-90,-53
37035,2020,2967,8428,2620,7334,347,1094
37035,2021,2974,8236,2560,7126,414,1110
37037,2011,1539,4767,1334,4133,205,634
37037,2012,1474,4573,1236,3629,238,944
37037,2013,1454,4554,1300,3850,154,704
37037,2014,1048,3281,889,2558,159,723
37037,2015,1431,4441,1115,3252,316,1189
37037,2016,2210,6832,1570,4509,640,2323
37037,2017,1707,5087,1280,3713,427,1374
37037,2018,1560,4695,1292,3711,268,984
37037,2019,1712,5205,1362,3930,350,1275
37037,2020,1737,5248,1316,3749,421,1499
37037,2021,1666,4874,1376,3777,290,1097
37039,2011,227,730,179,546,48,184
37039,2012,180,575,179,552,1,23
37039,2013,94,291,85,252,9,39
37039,2014,40,123,42,126,-2,-3
37039,2015,65,196,99,297,-34,-101
37039,2016,154,456,139,433,15,23
37039,2017,168,488,90,264,78,224
37039,2018,78,228,108,318,-30,-90
37039,2019,139,393,105,336,34,57
37039,2020,189,551,129,367,60,184
37039,2021,213,575,92,266,121,309
37041,2011,177,531,118,374,59,157
37041,2012,139,427,130,405,9,22
37041,2013,56,164,89,274,-33,-110
37041,2014,27,81,60,188,-33,-107
37041,2015,77,234,60,175,17,59
37041,2016,82,245,149,457,-67,-212
37041,2017,56,182,102,305,-46,-123
37041,2018,57,194,89,274,-32,-80
37041,2019,85,239,72,232,13,7
37041,2020,80,250,124,358,-44,-108
37041,2021,65,180,132,390,-67,-210
37043,2011,107,332,133,433,-26,-101
37043,2012,95,289,84,264,11,25
37043,2013,81,253,81,248,0,5
37043,2014,42,126,40,123,2,3
37043,2015,76,233,76,225,0,8
37043,2016,127,401,114,345,13,56
37043,2017,87,261,109,315,-22,-54
37043,2018,101,301,91,284,10,17
37043,2019,100,292,87,231,13,61
37043,2020,143,400,98,310,45,90
37043,2021,77,212,142,387,-65,-175
37045,2011,1144,3652,1165,3662,-21,-10
37045,2012,1067,3414,1161,3695,-94,-281
37045,2013,979,3157,925,2888,54,269
37045,2014,810,2538,895,2759,-85,-221
37045,2015,1032,3194,1082,3227,-50,-33
37045,2016,1591,5039,1455,4326,136,713
37045,2017,1316,4083,1130,3379,186,704
37045,2018,1300,3993,1054,3133,246,860
37045,2019,1501,4723,1266,3756,235,967
37045,2020,1475,4474,1319,3854,156,620
37045,2021,1561,4610,1308,3779,253,831
37047,2011,484,1551,591,1844,-107,-293
37047,2012,502,1669,523,1673,-21,-4
37047,2013,408,1377,479,1484,-71,-107
37047,2014,361,1129,408,1272,-47,-143
37047,2015,435,1335,461,1393,-26,-58
37047,2016,508,1570,597,1806,-89,-236
37047,2017,432,1318,490,1526,-58,-208
37047,2018,395,1213,454,1341,-59,-128
37047,2019,476,1414,497,1508,-21,-94
37047,2020,458,1349,497,1429,-39,-80
37047,2021,536,1547,450,1295,86,252
37049,2011,1850,5757,2285,7208,-435,-1451
37049,2012,1894,5937,2314,7328,-420,-1391
37049,2013,1349,4186,1651,5234,-302,-1048
37049,2014,889,2604,1150,3379,-261,-775
37049,2015,1474,4568,1664,5261,-190,-693
37049,2016,2046,6356,2187,6872,-141,-516
37049,2017,1348,4001,1590,4875,-242,-874
37049,2018,1267,3779,1483,4416,-216,-637
37049,2019,1589,4828,1643,5155,-54,-327
37049,2020,1618,4694,1650,4887,-32,-193
37049,2021,1628,4747,1447,4193,181,554
37051,2011,10479,33195,11420,36819,-941,-3624
37051,2012,10770,34099,11573,37967,-803,-3868
37051,2013,8068,25773,9627,31349,-1559,-5576
37051,2014,5707,17617,6712,20713,-1005,-3096
37051,2015,8166,26129,9169,29585,-1003,-3456
37051,2016,10608,34705,13224,43527,-2616,-8822
37051,2017,8567,26949,9071,28852,-504,-1903
37051,2018,8059,25164,9002,28263,-943,-3099
37051,2019,8702,27578,9571,30704,-869,-3126
37051,2020,8895,26960,9757,30408,-862,-3448
37051,2021,8969,26996,9474,28483,-505,-1487
37053,2011,475,1423,418,1257,57,166
37053,2012,571,1741,359,1087,212,654
37053,2013,442,1374,348,1002,94,372
37053,2014,313,919,290,783,23,136
37053,2015,539,1671,381,1104,158,567
37053,2016,772,2432,452,1305,320,1127
37053,2017,621,1901,400,1162,221,739
37053,2018,648,2008,368,1046,280,962
37053,2019,817,2644,409,1196,408,1448
37053,2020,763,2357,443,1283,320,1074
37053,2021,705,2160,433,1255,272,905
37055,2011,363,989,345,911,18,78
37055,2012,337,913,347,968,-10,-55
37055,2013,254,671,260,681,-6,-10
37055,2014,166,444,113,298,53,146
37055,2015,231,641,285,793,-54,-152
37055,2016,464,1330,357,978,107,352
37055,2017,280,780,288,804,-8,-24
37055,2018,268,736,224,596,44,140
37055,2019,319,887,230,656,89,231
37055,2020,352,976,327,860,25,116
37055,2021,294,809,338,900,-44,-91
37057,2011,2692,8230,2592,7938,100,292
37057,2012,2703,8333,2462,7379,241,954
37057,2013,2357,7107,2190,6523,167,584
37057,2014,1756,5357,1769,5148,-13,209
37057,2015,2425,7296,2317,6777,108,519
37057,2016,3411,10305,3125,9222,286,1083
37057,2017,2964,8909,2460,7236,504,1673
37057,2018,2979,8700,2512,7269,467,1431
37057,2019,3307,9922,2805,8253,502,1669
37057,2020,3473,10240,2851,8205,622,2035
37057,2021,3431,9799,2747,7742,684,2057
37059,2011,608,1862,516,1552,92,310
37059,2012,578,1764,630,1879,-52,-115
37059,2013,582,1736,551,1616,31,120
37059,2014,456,1387,404,1200,52,187
37059,2015,643,1999,601,1734,42,265
37059,2016,911,2897,701,1981,210,916
37059,2017,698,2105,636,1832,62,273
37059,2018,717,2162,633,1783,84,379
37059,2019,882,2643,654,1902,228,741
37059,2020,874,2534,632,1795,242,739
37059,2021,771,2260,634,1764,137,496
37061,2011,1054,3986,1142,4386,-88,-400
37061,2012,892,3304,2588,11046,-1696,-7742
37061,2013,785,2793,955,3501,-170,-708
37061,2014,595,2056,800,2860,-205,-804
37061,2015,639,2111,658,2154,-19,-43
37061,2016,733,2371,811,2703,-78,-332
37061,2017,568,1856,650,2117,-82,-261
37061,2018,551,1778,674,2158,-123,-380
37061,2019,596,1903,637,1971,-41,-68
37061,2020,652,1932,648,1946,4,-14
37061,2021,637,1946,539,1617,98,329
37063,2011,9683,26777,8713,25491,970,1286
37063,2012,9926,27792,9138,26750,788,1042
37063,2013,8265,22582,7716,22258,549,324
37063,2014,5682,15345,5409,15522,273,-177
37063,2015,9597,25146,8722,24555,875,591
37063,2016,13504,35080,13328,36996,176,-1916
37063,2017,10344,26621,9781,26720,563,-99
37063,2018,10168,26091,9807,26380,361,-289
37063,2019,11088,28405,11240,30417,-152,-2012
37063,2020,11194,27852,11749,30902,-555,-3050
37063,2021,11338,27745,11758,30613,-420,-2868
37065,2011,1122,3723,1203,3922,-81,-199
37065,2012,1057,3445,1258,4097,-201,-652
37065,2013,899,2940,1073,3518,-174,-578
37065,2014,745,2369,841,2660,-96,-291
37065,2015,804,2579,999,3106,-195,-527
37065,2016,954,3091,1203,3704,-249,-613
37065,2017,809,2594,989,3178,-180,-584
37065,2018,798,2535,946,2980,-148,-445
37065,2019,841,2648,958,2980,-117,-332
37065,2020,812,2514,861,2573,-49,-59
37065,2021,846,2575,787,2363,59,212
37067,2011,6294,17955,5983,17263,311,692
37067,2012,6414,18429,6562,18570,-148,-141
37067,2013,4981,14164,5258,14727,-277,-563
37067,2014,3850,10758,3814,10720,36,38
37067,2015,5949,16759,5735,16177,214,582
37067,2016,8616,24296,7830,22382,786,1914
37067,2017,6518,18270,6285,17676,233,594
37067,2018,6156,17075,6196,17230,-40,-155
37067,2019,6823,19137,6801,19303,22,-166
37067,2020,7254,19841,7132,19791,122,50
37067,2021,7357,19941,7023,18901,334,1040
37069,2011,1238,4020,1062,3487,176,533
37069,2012,1295,4241,1009,3117,286,1124
37069,2013,1173,3787,1036,3306,137,481
37069,2014,938,3036,785,2361,153,675
37069,2015,1311,4105,961,2990,350,1115
37069,2016,1942,6166,1307,4100,635,2066
37069,2017,1632,5143,1075,3272,557,1871
37069,2018,1700,5347,1091,3351,609,1996
37069,2019,1937,6121,1243,3868,694,2253
37069,2020,2085,6402,1212,3619,873,2783
37069,2021,2121,6323,1296,3771,825,2552
37071,2011,3047,9222,2862,8741,185,481
37071,2012,3335,10032,2894,8790,441,1242
37071,2013,2949,8946,2640,7971,309,975
37071,2014,2412,7095,2165,6385,247,710
37071,2015,3599,10602,2810,8272,789,2330
37071,2016,5344,15643,4071,12181,1273,3462
37071,2017,4271,12378,3711,10982,560,1396
37071,2018,4199,12372,3710,10933,489,1439
37071,2019,4922,14446,4051,12079,871,2367
37071,2020,5495,15743,4347,12409,1148,3334
37071,2021,5352,15170,4271,12160,1081,3010
37073,2011,107,347,154,478,-47,-131
37073,2012,98,339,144,419,-46,-80
37073,2013,36,113,44,160,-8,-47
37073,2014,31,103,55,175,-24,-72
37073,2015,60,183,58,167,2,16
37073,2016,76,257,56,184,20,73
37073,2017,39,125,26,85,13,40
37073,2018,47,136,81,231,-34,-95
37073,2019,59,183,24,73,35,110
37073,2020,61,185,55,167,6,18
37073,2021,83,249,38,110,45,139
37075,2011,50,151,25,83,25,68
37075,2012,28,85,37,122,-9,-37
37075,2017,20,49,20,56,0,-7
37075,2019,21,61,20,60,1,1
37075,2020,20,63,NA,NA,NA,NA
37077,2011,962,3144,891,2789,71,355
37077,2012,953,3047,876,2718,77,329
37077,2013,902,2909,787,2476,115,433
37077,2014,743,2381,652,1924,91,457
37077,2015,1003,3113,840,2545,163,568
37077,2016,1436,4428,1061,3190,375,1238
37077,2017,1117,3429,964,2849,153,580
37077,2018,1084,3220,939,2794,145,426
37077,2019,1320,4125,1058,3153,262,972
37077,2020,1239,3715,985,2890,254,825
37077,2021,1196,3585,923,2703,273,882
37079,2011,278,943,384,1295,-106,-352
37079,2012,320,1095,311,1036,9,59
37079,2013,294,991,307,1096,-13,-105
37079,2014,269,898,285,1000,-16,-102
37079,2015,302,993,319,1052,-17,-59
37079,2016,319,1043,346,1098,-27,-55
37079,2017,324,1089,255,794,69,295
37079,2018,262,827,269,867,-7,-40
37079,2019,263,821,288,915,-25,-94
37079,2020,323,987,270,823,53,164
37079,2021,264,801,295,859,-31,-58
37081,2011,9650,28078,9749,27909,-99,169
37081,2012,9994,29224,10240,29555,-246,-331
37081,2013,8071,23424,9099,25857,-1028,-2433
37081,2014,6345,17898,6569,18477,-224,-579
37081,2015,8571,24144,9355,26125,-784,-1981
37081,2016,12537,36092,13047,36735,-510,-643
37081,2017,10163,28835,9934,27589,229,1246
37081,2018,9423,26520,10161,28261,-738,-1741
37081,2019,10186,28805,10557,29791,-371,-986
37081,2020,10107,27930,11142,30348,-1035,-2418
37081,2021,10784,29347,11126,29862,-342,-515
37083,2011,546,1685,590,1856,-44,-171
37083,2012,582,1856,639,2049,-57,-193
37083,2013,422,1310,533,1695,-111,-385
37083,2014,302,966,448,1391,-146,-425
37083,2015,387,1196,522,1549,-135,-353
37083,2016,463,1444,632,1912,-169,-468
37083,2017,419,1310,521,1617,-102,-307
37083,2018,414,1307,466,1427,-52,-120
37083,2019,368,1163,503,1524,-135,-361
37083,2020,404,1139,490,1416,-86,-277
37083,2021,375,1129,533,1543,-158,-414
37085,2011,3309,11613,3065,10537,244,1076
37085,2012,3457,12272,3120,10868,337,1404
37085,2013,2973,10283,2743,9405,230,878
37085,2014,2261,7424,2001,6522,260,902
37085,2015,3473,11984,2923,9901,550,2083
37085,2016,4772,16335,4062,14302,710,2033
37085,2017,3650,12115,2844,9421,806,2694
37085,2018,3252,10456,2904,9628,348,828
37085,2019,3643,12071,3314,11041,329,1030
37085,2020,4247,13740,3357,10772,890,2968
37085,2021,4085,12930,3190,9999,895,2931
37087,2011,647,1815,551,1516,96,299
37087,2012,597,1705,545,1499,52,206
37087,2013,450,1296,394,1087,56,209
37087,2014,368,1007,334,878,34,129
37087,2015,520,1412,436,1227,84,185
37087,2016,1056,2921,656,1826,400,1095
37087,2017,713,1979,455,1239,258,740
37087,2018,598,1600,525,1437,73,163
37087,2019,817,2207,503,1365,314,842
37087,2020,834,2180,541,1438,293,742
37087,2021,700,1870,540,1447,160,423
37089,2011,1942,5714,1559,4670,383,1044
37089,2012,2210,6409,1523,4508,687,1901
37089,2013,1681,4915,1204,3563,477,1352
37089,2014,1225,3495,1035,2969,190,526
37089,2015,1859,5379,1369,3818,490,1561
37089,2016,2808,8010,1924,5537,884,2473
37089,2017,2045,5660,1566,4420,479,1240
37089,2018,1887,5287,1571,4440,316,847
37089,2019,2281,6361,1686,4710,595,1651
37089,2020,2193,6022,1642,4524,551,1498
37089,2021,2100,5749,1747,4820,353,929
37091,2011,216,718,244,749,-28,-31
37091,2012,211,685,247,748,-36,-63
37091,2013,138,476,162,506,-24,-30
37091,2014,135,433,190,615,-55,-182
37091,2015,165,515,166,512,-1,3
37091,2016,200,625,190,574,10,51
37091,2017,104,348,163,502,-59,-154
37091,2018,129,399,158,477,-29,-78
37091,2019,145,464,146,453,-1,11
37091,2020,107,315,163,510,-56,-195
37091,2021,117,358,181,535,-64,-177
37093,2011,1558,5167,1414,4902,144,265
37093,2012,1533,5252,1338,4651,195,601
37093,2013,1367,4593,1188,3956,179,637
37093,2014,949,3097,782,2541,167,556
37093,2015,1397,4696,1200,4099,197,597
37093,2016,1813,6193,1623,5662,190,531
37093,2017,1387,4638,1226,4057,161,581
37093,2018,1366,4440,1150,3805,216,635
37093,2019,1599,5327,1317,4484,282,843
37093,2020,1587,5073,1303,4259,284,814
37093,2021,1505,4630,1242,3897,263,733
37095,2011,71,224,35,114,36,110
37095,2012,26,91,37,126,-11,-35
37095,2014,22,79,NA,NA,NA,NA
37095,2015,22,70,NA,NA,NA,NA
37095,2016,29,95,23,65,6,30
37095,2019,23,89,30,90,-7,-1
37095,2020,21,62,NA,NA,NA,NA
37097,2011,2642,8047,2309,6852,333,1195
37097,2012,2974,8962,2552,7566,422,1396
37097,2013,2275,6887,2160,6281,115,606
37097,2014,1598,4699,1713,4783,-115,-84
37097,2015,2545,7684,2487,7146,58,538
37097,2016,4110,12420,3567,10363,543,2057
37097,2017,3057,9155,2678,7692,379,1463
37097,2018,3127,9254,2612,7411,515,1843
37097,2019,3798,11417,2954,8653,844,2764
37097,2020,4084,11809,3231,9115,853,2694
37097,2021,3948,11144,3329,9249,619,1895
37099,2011,618,1799,481,1311,137,488
37099,2012,480,1395,440,1225,40,170
37099,2013,348,929,415,1176,-67,-247
37099,2014,309,843,338,961,-29,-118
37099,2015,370,1055,477,1293,-107,-238
37099,2016,514,1413,667,1821,-153,-408
37099,2017,336,919,451,1256,-115,-337
37099,2018,359,1062,409,1106,-50,-44
37099,2019,441,1199,470,1318,-29,-119
37099,2020,428,1174,486,1298,-58,-124
37099,2021,497,1363,453,1225,44,138
37101,2011,3293,10575,2771,8823,522,1752
37101,2012,3693,11955,2909,9254,784,2701
37101,2013,3191,10163,2614,8207,577,1956
37101,2014,2551,8127,1926,5716,625,2411
37101,2015,3793,11943,2653,8092,1140,3851
37101,2016,5988,18696,3854,11724,2134,6972
37101,2017,4705,14509,3254,9724,1451,4785
37101,2018,4836,14797,3220,9538,1616,5259
37101,2019,5842,18019,3740,11333,2102,6686
37101,2020,6614,19771,4140,12287,2474,7484
37101,2021,6133,18034,4232,12341,1901,5693
37103,2011,330,1030,214,710,116,320
37103,2012,230,772,215,686,15,86
37103,2013,191,583,209,697,-18,-114
37103,2014,148,495,148,460,0,35
37103,2015,198,608,200,619,-2,-11
37103,2016,248,785,210,669,38,116
37103,2017,199,642,175,544,24,98
37103,2018,150,479,183,564,-33,-85
37103,2019,176,570,196,595,-20,-25
37103,2020,186,567,145,428,41,139
37103,2021,163,488,149,435,14,53
37105,2011,1862,7524,885,2776,977,4748
37105,2012,1410,5188,1418,5328,-8,-140
37105,2013,833,2752,1085,4045,-252,-1293
37105,2014,713,2320,847,2838,-134,-518
37105,2015,896,2687,1122,3986,-226,-1299
37105,2016,1250,3826,1111,3494,139,332
37105,2017,1063,3325,953,2897,110,428
37105,2018,1081,3319,982,2915,99,404
37105,2019,1203,3642,1128,3501,75,141
37105,2020,1275,3669,1105,3258,170,411
37105,2021,1316,3755,971,2816,345,939
37107,2011,681,2216,814,2529,-133,-313
37107,2012,760,2478,831,2707,-71,-229
37107,2013,720,2427,768,2459,-48,-32
37107,2014,765,2755,613,1964,152,791
37107,2015,616,2038,898,2959,-282,-921
37107,2016,724,2327,1053,3315,-329,-988
37107,2017,574,1848,907,3136,-333,-1288
37107,2018,721,2324,696,2078,25,246
37107,2019,687,2162,792,2393,-105,-231
37107,2020,740,2209,808,2407,-68,-198
37107,2021,726,2159,681,1997,45,162
37109,2011,1500,4817,1294,3985,206,832
37109,2012,1328,4100,1261,3965,67,135
37109,2013,1316,4163,1208,3633,108,530
37109,2014,1055,3170,950,2797,105,373
37109,2015,1404,4387,1229,3627,175,760
37109,2016,2216,6903,1726,5174,490,1729
37109,2017,1864,5791,1353,3997,511,1794
37109,2018,1836,5604,1439,4277,397,1327
37109,2019,2064,6388,1515,4598,549,1790
37109,2020,2388,7080,1601,4636,787,2444
37109,2021,2283,6676,1542,4402,741,2274
37111,2011,358,1134,360,1157,-2,-23
37111,2012,397,1190,447,1480,-50,-290
37111,2013,290,859,305,954,-15,-95
37111,2014,264,759,248,700,16,59
37111,2015,346,1032,333,1003,13,29
37111,2016,542,1627,470,1343,72,284
37111,2017,401,1180,329,975,72,205
37111,2018,425,1209,393,1086,32,123
37111,2019,457,1330,381,1096,76,234
37111,2020,518,1465,443,1261,75,204
37111,2021,522,1472,355,998,167,474
37113,2011,317,954,297,889,20,65
37113,2012,318,960,210,605,108,355
37113,2013,172,505,92,275,80,230
37113,2014,80,255,105,304,-25,-49
37113,2015,110,331,132,372,-22,-41
37113,2016,246,752,160,444,86,308
37113,2017,190,550,158,452,32,98
37113,2018,133,362,124,353,9,9
37113,2019,303,837,183,534,120,303
37113,2020,320,849,175,486,145,363
37113,2021,240,678,139,361,101,317
37115,2011,303,880,379,1130,-76,-250
37115,2012,258,802,298,859,-40,-57
37115,2013,276,824,210,634,66,190
37115,2014,178,529,184,518,-6,11
37115,2015,322,946,236,643,86,303
37115,2016,437,1272,362,1033,75,239
37115,2017,309,900,270,792,39,108
37115,2018,327,902,265,762,62,140
37115,2019,335,925,294,823,41,102
37115,2020,380,1051,257,703,123,348
37115,2021,306,847,223,604,83,243
37117,2011,289,958,287,906,2,52
37117,2012,258,818,305,963,-47,-145
37117,2013,228,712,246,744,-18,-32
37117,2014,165,520,193,579,-28,-59
37117,2015,224,691,235,694,-11,-3
37117,2016,235,732,322,1000,-87,-268
37117,2017,185,553,224,669,-39,-116
37117,2018,205,617,203,626,2,-9
37117,2019,227,680,203,608,24,72
37117,2020,178,537,285,851,-107,-314
37117,2021,212,629,237,706,-25,-77
37119,2011,27544,78287,23441,67670,4103,10617
37119,2012,29127,83034,25727,75540,3400,7494
37119,2013,26504,75000,23684,69523,2820,5477
37119,2014,19928,54821,17544,50321,2384,4500
37119,2015,29242,81003,25793,74868,3449,6135
37119,2016,40239,112076,38110,110916,2129,1160
37119,2017,31094,85311,29807,85364,1287,-53
37119,2018,31274,85314,29597,84218,1677,1096
37119,2019,32701,89365,32773,93973,-72,-4608
37119,2020,34584,91750,34423,96152,161,-4402
37119,2021,37143,96691,35032,96016,2111,675
37121,2011,165,497,146,456,19,41
37121,2012,142,447,144,439,-2,8
37121,2013,76,249,121,407,-45,-158
37121,2014,100,322,73,196,27,126
37121,2015,88,277,110,348,-22,-71
37121,2016,181,547,132,398,49,149
37121,2017,116,340,91,267,25,73
37121,2018,135,413,122,361,13,52
37121,2019,155,501,112,359,43,142
37121,2020,141,407,135,412,6,-5
37121,2021,142,417,110,311,32,106
37123,2011,396,1321,360,1171,36,150
37123,2012,341,1140,389,1331,-48,-191
37123,2013,279,901,307,1009,-28,-108
37123,2014,297,982,272,871,25,111
37123,2015,277,863,371,1254,-94,-391
37123,2016,366,1125,326,1012,40,113
37123,2017,316,974,309,942,7,32
37123,2018,298,903,267,804,31,99
37123,2019,348,1061,332,1035,16,26
37123,2020,369,1091,345,1037,24,54
37123,2021,406,1166,289,863,117,303
37125,2011,1281,4020,1138,3426,143,594
37125,2012,1418,4533,1108,3269,310,1264
37125,2013,1103,3446,914,2708,189,738
37125,2014,766,2243,742,2130,24,113
37125,2015,1278,3982,1043,3050,235,932
37125,2016,2072,6674,1412,4242,660,2432
37125,2017,1435,4543,1104,3221,331,1322
37125,2018,1591,4920,1204,3510,387,1410
37125,2019,1783,5723,1270,3860,513,1863
37125,2020,1882,5788,1338,3918,544,1870
37125,2021,1670,4964,1298,3693,372,1271
37127,2011,1809,5844,2154,6910,-345,-1066
37127,2012,1782,5804,1923,6031,-141,-227
37127,2013,1609,5247,1719,5435,-110,-188
37127,2014,1277,3956,1431,4469,-154,-513
37127,2015,1638,5143,1609,4875,29,268
37127,2016,2023,6320,2045,6309,-22,11
37127,2017,1727,5477,1666,5137,61,340
37127,2018,1682,5258,1548,4738,134,520
37127,2019,1763,5519,1664,5107,99,412
37127,2020,1893,5632,1722,5076,171,556
37127,2021,1846,5417,1677,4758,169,659
37129,2011,5146,14505,4544,12891,602,1614
37129,2012,5421,15301,4889,13971,532,1330
37129,2013,3983,11259,3970,11258,13,1
37129,2014,2855,7787,2752,7780,103,7
37129,2015,4248,11556,4054,11051,194,505
37129,2016,6395,17763,5818,16070,577,1693
37129,2017,4432,11883,4367,11751,65,132
37129,2018,4097,11061,4265,11473,-168,-412
37129,2019,4767,12816,4520,12280,247,536
37129,2020,5740,15057,4755,12517,985,2540
37129,2021,5653,14407,5002,12968,651,1439
37131,2011,205,658,262,852,-57,-194
37131,2012,197,657,267,874,-70,-217
37131,2013,197,659,219,685,-22,-26
37131,2014,150,495,160,499,-10,-4
37131,2015,156,502,227,709,-71,-207
37131,2016,197,626,220,711,-23,-85
37131,2017,172,543,183,612,-11,-69
37131,2018,185,581,174,586,11,-5
37131,2019,185,609,205,643,-20,-34
37131,2020,134,410,176,506,-42,-96
37131,2021,152,466,194,592,-42,-126
37133,2011,6832,21365,7264,23365,-432,-2000
37133,2012,6659,21269,7941,25687,-1282,-4418
37133,2013,4446,14259,5086,16823,-640,-2564
37133,2014,3298,9916,2975,9063,323,853
37133,2015,4602,14979,5357,17842,-755,-2863
37133,2016,6929,22888,7570,25821,-641,-2933
37133,2017,5170,16183,5119,16455,51,-272
37133,2018,4587,14240,5010,15976,-423,-1736
37133,2019,5297,17031,5127,17004,170,27
37133,2020,5419,16849,5141,16001,278,848
37133,2021,5439,16536,4922,15038,517,1498
37135,2011,3744,10761,4090,11368,-346,-607
37135,2012,4038,11645,4362,12068,-324,-423
37135,2013,3257,9332,3763,10288,-506,-956
37135,2014,2148,6122,2508,6844,-360,-722
37135,2015,3270,9240,3950,10612,-680,-1372
37135,2016,5052,14398,5618,15094,-566,-696
37135,2017,3690,10233,4192,11246,-502,-1013
37135,2018,3399,9325,3961,10529,-562,-1204
37135,2019,3831,10599,4253,11388,-422,-789
37135,2020,3834,10319,4241,11125,-407,-806
37135,2021,3650,9801,4243,10868,-593,-1067
37137,2011,109,296,141,435,-32,-139
37137,2012,117,362,168,498,-51,-136
37137,2013,102,304,81,232,21,72
37137,2014,81,248,96,280,-15,-32
37137,2015,97,314,117,358,-20,-44
37137,2016,137,412,148,454,-11,-42
37137,2017,127,388,92,276,35,112
37137,2018,115,331,89,261,26,70
37137,2019,120,351,99,321,21,30
37137,2020,144,406,126,351,18,55
37137,2021,120,352,143,405,-23,-53
37139,2011,579,1784,631,1950,-52,-166
37139,2012,545,1660,574,1771,-29,-111
37139,2013,479,1475,479,1435,0,40
37139,2014,353,1046,334,979,19,67
37139,2015,497,1496,463,1385,34,111
37139,2016,652,2025,637,1937,15,88
37139,2017,512,1548,493,1553,19,-5
37139,2018,539,1588,471,1424,68,164
37139,2019,613,1848,451,1369,162,479
37139,2020,691,2005,560,1685,131,320
37139,2021,620,1805,475,1380,145,425
37141,2011,1196,3930,1099,3481,97,449
37141,2012,1537,5322,1169,3794,368,1528
37141,2013,1108,3541,969,3136,139,405
37141,2014,947,3014,678,2039,269,975
37141,2015,1169,3642,915,2693,254,949
37141,2016,1839,5855,1154,3455,685,2400
37141,2017,1222,3707,972,2823,250,884
37141,2018,1181,3641,1021,3018,160,623
37141,2019,1519,4713,1103,3228,416,1485
37141,2020,1646,5013,1160,3304,486,1709
37141,2021,1558,4648,981,2753,577,1895
37143,2011,204,643,180,549,24,94
37143,2012,208,695,182,551,26,144
37143,2013,126,373,133,419,-7,-46
37143,2014,121,362,107,323,14,39
37143,2015,154,455,143,445,11,10
37143,2016,239,735,159,499,80,236
37143,2017,162,524,154,465,8,59
37143,2018,152,477,121,391,31,86
37143,2019,115,348,160,467,-45,-119
37143,2020,226,683,139,410,87,273
37143,2021,204,621,122,342,82,279
37145,2011,409,1278,403,1215,6,63
37145,2012,422,1274,409,1212,13,62
37145,2013,384,1170,312,922,72,248
37145,2014,292,878,252,722,40,156
37145,2015,370,1136,348,1024,22,112
37145,2016,597,1806,465,1398,132,408
37145,2017,450,1374,346,1037,104,337
37145,2018,451,1307,364,1052,87,255
37145,2019,563,1694,396,1203,167,491
37145,2020,538,1573,449,1296,89,277
37145,2021,577,1696,414,1149,163,547
37147,2011,2691,7801,2850,8235,-159,-434
37147,2012,2682,7962,3052,8701,-370,-739
37147,2013,2123,6141,2525,7237,-402,-1096
37147,2014,1734,4941,1866,5310,-132,-369
37147,2015,2286,6584,2526,7158,-240,-574
37147,2016,2876,8347,3356,9523,-480,-1176
37147,2017,2327,6774,2491,7049,-164,-275
37147,2018,2240,6413,2578,7255,-338,-842
37147,2019,2371,6733,2593,7316,-222,-583
37147,2020,2605,7236,2896,7814,-291,-578
37147,2021,2672,7256,2764,7391,-92,-135
37149,2011,381,1215,308,903,73,312
37149,2012,280,845,259,744,21,101
37149,2013,235,716,354,1043,-119,-327
37149,2014,143,433,209,597,-66,-164
37149,2015,239,671,290,859,-51,-188
37149,2016,386,1112,293,865,93,247
37149,2017,293,814,316,883,-23,-69
37149,2018,300,853,291,821,9,32
37149,2019,375,1090,320,928,55,162
37149,2020,349,994,293,839,56,155
37149,2021,325,927,315,883,10,44
37151,2011,2023,6408,1924,5970,99,438
37151,2012,1881,5802,1892,5923,-11,-121
37151,2013,1742,5340,1831,5524,-89,-184
37151,2014,1386,4242,1372,4089,14,153
37151,2015,1693,5249,1745,5133,-52,116
37151,2016,2309,6952,2335,6943,-26,9
37151,2017,1902,5693,1911,5630,-9,63
37151,2018,1954,5888,1743,5095,211,793
37151,2019,2105,6363,1888,5687,217,676
37151,2020,2222,6612,1874,5375,348,1237
37151,2021,2260,6621,1809,5034,451,1587
37153,2011,454,1469,514,1626,-60,-157
37153,2012,427,1350,450,1499,-23,-149
37153,2013,196,662,338,1089,-142,-427
37153,2014,170,528,316,997,-146,-469
37153,2015,269,903,347,1079,-78,-176
37153,2016,358,1147,436,1370,-78,-223
37153,2017,275,826,352,1079,-77,-253
37153,2018,330,1029,326,961,4,68
37153,2019,354,1146,374,1119,-20,27
37153,2020,325,952,376,1063,-51,-111
37153,2021,354,1025,383,1111,-29,-86
37155,2011,1449,4820,1410,4667,39,153
37155,2012,1171,4022,1300,4369,-129,-347
37155,2013,883,2914,1030,3444,-147,-530
37155,2014,747,2505,946,3017,-199,-512
37155,2015,769,2523,1146,3671,-377,-1148
37155,2016,985,3208,1413,4533,-428,-1325
37155,2017,799,2500,1149,3715,-350,-1215
37155,2018,739,2377,1149,3652,-410,-1275
37155,2019,916,3016,1089,3442,-173,-426
37155,2020,1033,3175,1106,3323,-73,-148
37155,2021,1035,3112,1058,3169,-23,-57
37157,2011,899,2696,997,3060,-98,-364
37157,2012,1018,3102,1086,3238,-68,-136
37157,2013,878,2687,908,2685,-30,2
37157,2014,673,2070,715,2118,-42,-48
37157,2015,924,2768,980,2873,-56,-105
37157,2016,1256,3803,1260,3703,-4,100
37157,2017,1068,3174,968,2837,100,337
37157,2018,1033,3105,993,2908,40,197
37157,2019,1202,3649,1046,3089,156,560
37157,2020,1313,3874,1060,2997,253,877
37157,2021,1351,3920,971,2813,380,1107
37159,2011,1990,6003,1821,5547,169,456
37159,2012,1991,6327,1992,6308,-1,19
37159,2013,1716,5297,1745,5381,-29,-84
37159,2014,1260,3912,1416,4229,-156,-317
37159,2015,2006,6146,1828,5523,178,623
37159,2016,2832,8611,2390,7134,442,1477
37159,2017,2219,6621,2058,6130,161,491
37159,2018,2436,7176,2040,6044,396,1132
37159,2019,2568,7741,2178,6496,390,1245
37159,2020,2903,8346,2297,6632,606,1714
37159,2021,2893,8232,2223,6251,670,1981
37161,2011,470,1417,692,2259,-222,-842
37161,2012,452,1430,501,1509,-49,-79
37161,2013,421,1273,484,1473,-63,-200
37161,2014,383,1131,334,955,49,176
37161,2015,425,1317,530,1587,-105,-270
37161,2016,687,2100,666,1989,21,111
37161,2017,568,1649,474,1387,94,262
37161,2018,568,1674,505,1471,63,203
37161,2019,659,1906,591,1791,68,115
37161,2020,754,2192,671,1958,83,234
37161,2021,772,2217,612,1748,160,469
37163,2011,1077,4232,1015,3708,62,524
37163,2012,1499,6169,1133,4240,366,1929
37163,2013,789,2909,1191,4429,-402,-1520
37163,2014,590,2025,893,3062,-303,-1037
37163,2015,658,2190,778,2519,-120,-329
37163,2016,767,2514,842,2657,-75,-143
37163,2017,675,2244,682,2192,-7,52
37163,2018,615,1982,635,1960,-20,22
37163,2019,728,2258,699,2235,29,23
37163,2020,740,2264,707,2101,33,163
37163,2021,675,2061,675,2005,0,56
37165,2011,395,1266,739,2394,-344,-1128
37165,2012,388,1274,462,1471,-74,-197
37165,2013,301,996,421,1335,-120,-339
37165,2014,271,873,336,1024,-65,-151
37165,2015,317,1011,371,1164,-54,-153
37165,2016,402,1294,458,1464,-56,-170
37165,2017,339,1067,367,1172,-28,-105
37165,2018,353,1142,394,1254,-41,-112
37165,2019,363,1226,418,1336,-55,-110
37165,2020,407,1249,448,1315,-41,-66
37165,2021,369,1114,371,1053,-2,61
37167,2011,571,1749,633,1923,-62,-174
37167,2012,622,1955,584,1776,38,179
37167,2013,495,1568,566,1645,-71,-77
37167,2014,451,1341,429,1293,22,48
37167,2015,575,1761,509,1468,66,293
37167,2016,1067,3246,754,2228,313,1018
37167,2017,789,2409,627,1878,162,531
37167,2018,791,2394,569,1641,222,753
37167,2019,1020,3171,600,1838,420,1333
37167,2020,1079,3255,713,2068,366,1187
37167,2021,1088,3337,736,2107,352,1230
37169,2011,683,2074,705,2110,-22,-36
37169,2012,696,2136,697,2084,-1,52
37169,2013,657,1973,618,1860,39,113
37169,2014,563,1700,562,1645,1,55
37169,2015,598,1813,681,1954,-83,-141
37169,2016,912,2739,850,2499,62,240
37169,2017,729,2180,753,2183,-24,-3
37169,2018,721,2081,616,1774,105,307
37169,2019,793,2367,740,2176,53,191
37169,2020,833,2467,693,1997,140,470
37169,2021,806,2373,603,1642,203,731
37171,2011,694,2228,873,2831,-179,-603
37171,2012,701,2139,901,2955,-200,-816
37171,2013,648,1942,685,2101,-37,-159
37171,2014,433,1302,583,1772,-150,-470
37171,2015,603,1824,679,1990,-76,-166
37171,2016,798,2381,880,2592,-82,-211
37171,2017,664,1985,663,1975,1,10
37171,2018,646,1895,730,2173,-84,-278
37171,2019,741,2272,710,2075,31,197
37171,2020,786,2279,844,2388,-58,-109
37171,2021,784,2278,695,1951,89,327
37173,2011,201,592,383,1163,-182,-571
37173,2012,194,592,248,736,-54,-144
37173,2013,158,458,171,479,-13,-21
37173,2014,152,444,141,402,11,42
37173,2015,141,411,166,474,-25,-63
37173,2016,241,682,197,573,44,109
37173,2017,146,427,209,560,-63,-133
37173,2018,169,458,129,396,40,62
37173,2019,152,455,232,639,-80,-184
37173,2020,137,393,181,509,-44,-116
37173,2021,128,356,183,533,-55,-177
37175,2011,338,1004,276,814,62,190
37175,2012,274,843,299,841,-25,2
37175,2013,205,578,254,705,-49,-127
37175,2014,178,506,185,522,-7,-16
37175,2015,235,641,230,649,5,-8
37175,2016,421,1218,265,754,156,464
37175,2017,285,831,262,685,23,146
37175,2018,310,900,349,992,-39,-92
37175,2019,289,800,286,780,3,20
37175,2020,324,898,373,999,-49,-101
37175,2021,307,837,291,767,16,70
37177,2011,22,78,NA,NA,NA,NA
37177,2012,10,36,15,52,-5,-16
37177,2016,26,79,NA,NA,NA,NA
37177,2021,22,58,NA,NA,NA,NA
37179,2011,3420,11088,2942,9138,478,1950
37179,2012,4172,13806,3136,9665,1036,4141
37179,2013,3417,11310,2845,8750,572,2560
37179,2014,2322,7473,2307,6773,15,700
37179,2015,3663,11969,3172,9582,491,2387
37179,2016,5654,18899,4494,13831,1160,5068
37179,2017,4227,13796,3537,10466,690,3330
37179,2018,4199,13450,3661,10869,538,2581
37179,2019,4996,16383,4027,12151,969,4232
37179,2020,5176,16589,4177,12281,999,4308
37179,2021,5357,16746,4130,11773,1227,4973
37181,2011,550,1790,576,1915,-26,-125
37181,2012,497,1577,629,2110,-132,-533
37181,2013,559,1896,587,1874,-28,22
37181,2014,452,1477,482,1538,-30,-61
37181,2015,491,1537,480,1495,11,42
37181,2016,571,1777,661,2006,-90,-229
37181,2017,563,1722,541,1653,22,69
37181,2018,499,1610,601,1803,-102,-193
37181,2019,615,1938,630,1983,-15,-45
37181,2020,564,1704,613,1852,-49,-148
37181,2021,636,1953,620,1835,16,118
37183,2011,24319,71189,21722,64756,2597,6433
37183,2012,26526,77571,22338,65686,4188,11885
37183,2013,23685,69091,19920,57345,3765,11746
37183,2014,16403,45923,14258,40319,2145,5604
37183,2015,26792,78048,22212,63125,4580,14923
37183,2016,37150,108536,32847,93390,4303,15146
37183,2017,27931,79153,25280,70767,2651,8386
37183,2018,27888,78564,25090,69930,2798,8634
37183,2019,30959,87865,27478,77513,3481,10352
37183,2020,33633,93699,29818,82145,3815,11554
37183,2021,33584,91685,30974,83368,2610,8317
37185,2011,243,814,343,1085,-100,-271
37185,2012,273,900,286,893,-13,7
37185,2013,268,826,260,812,8,14
37185,2014,188,585,253,791,-65,-206
37185,2015,213,671,235,742,-22,-71
37185,2016,295,903,266,809,29,94
37185,2017,227,726,258,789,-31,-63
37185,2018,238,734,191,600,47,134
37185,2019,275,879,260,801,15,78
37185,2020,316,962,255,757,61,205
37185,2021,273,809,225,677,48,132
37187,2011,83,251,136,442,-53,-191
37187,2012,81,254,87,282,-6,-28
37187,2013,34,103,87,298,-53,-195
37187,2015,66,186,88,291,-22,-105
37187,2016,66,199,100,288,-34,-89
37187,2017,21,65,100,309,-79,-244
37187,2018,43,137,86,262,-43,-125
37187,2019,46,152,90,255,-44,-103
37187,2020,47,135,47,144,0,-9
37187,2021,42,117,75,229,-33,-112
37189,2011,587,1606,776,2087,-189,-481
37189,2012,620,1682,767,1991,-147,-309
37189,2013,460,1241,661,1733,-201,-492
37189,2014,366,973,474,1213,-108,-240
37189,2015,508,1386,651,1703,-143,-317
37189,2016,783,2099,923,2371,-140,-272
37189,2017,517,1375,744,1888,-227,-513
37189,2018,563,1495,755,1864,-192,-369
37189,2019,629,1657,827,2141,-198,-484
37189,2020,599,1617,802,2024,-203,-407
37189,2021,560,1450,823,2008,-263,-558
37191,2011,1692,5347,1631,5218,61,129
37191,2012,1600,5104,1783,5586,-183,-482
37191,2013,1095,3505,1327,4155,-232,-650
37191,2014,877,2713,1011,3082,-134,-369
37191,2015,1243,3876,1324,3992,-81,-116
37191,2016,1450,4476,1835,5669,-385,-1193
37191,2017,1180,3725,1409,4262,-229,-537
37191,2018,1251,3728,1346,4082,-95,-354
37191,2019,1453,4443,1344,4051,109,392
37191,2020,1516,4482,1530,4502,-14,-20
37191,2021,1528,4484,1440,4041,88,443
37193,2011,562,1765,558,1751,4,14
37193,2012,514,1638,500,1552,14,86
37193,2013,405,1134,374,1104,31,30
37193,2014,319,967,338,980,-19,-13
37193,2015,503,1533,461,1376,42,157
37193,2016,626,1790,635,1884,-9,-94
37193,2017,426,1236,498,1428,-72,-192
37193,2018,457,1326,494,1429,-37,-103
37193,2019,539,1622,541,1596,-2,26
37193,2020,587,1689,499,1426,88,263
37193,2021,552,1593,534,1477,18,116
37195,2011,1043,3299,1018,3250,25,49
37195,2012,1013,3238,1140,3613,-127,-375
37195,2013,813,2579,825,2593,-12,-14
37195,2014,716,2251,817,2575,-101,-324
37195,2015,848,2704,886,2698,-38,6
37195,2016,1158,3583,1157,3485,1,98
37195,2017,990,3066,963,2917,27,149
37195,2018,888,2719,976,2924,-88,-205
37195,2019,980,3002,1046,3154,-66,-152
37195,2020,1076,3139,1115,3247,-39,-108
37195,2021,1157,3373,1131,3154,26,219
37197,2011,502,1591,531,1694,-29,-103
37197,2012,506,1632,549,1730,-43,-98
37197,2013,413,1279,438,1279,-25,0
37197,2014,383,1143,354,1059,29,84
37197,2015,500,1509,416,1267,84,242
37197,2016,650,2003,637,1912,13,91
37197,2017,489,1475,502,1473,-13,2
37197,2018,484,1416,456,1330,28,86
37197,2019,626,1892,519,1517,107,375
37197,2020,570,1670,523,1524,47,146
37197,2021,610,1759,490,1446,120,313
37199,2011,159,518,173,541,-14,-23
37199,2012,168,578,160,486,8,92
37199,2013,150,501,104,316,46,185
37199,2014,90,253,94,275,-4,-22
37199,2015,160,511,166,500,-6,11
37199,2016,193,556,188,565,5,-9
37199,2017,179,544,116,339,63,205
37199,2018,183,524,131,371,52,153
37199,2019,189,573,126,401,63,172
37199,2020,177,526,148,406,29,120
37199,2021,168,474,134,380,34,94
38003,2011,91,241,110,279,-19,-38
38003,2012,76,214,109,286,-33,-72
38003,2013,76,201,88,245,-12,-44
38003,2014,58,158,67,163,-9,-5
38003,2015,72,183,121,317,-49,-134
38003,2016,97,253,182,475,-85,-222
38003,2017,81,213,115,319,-34,-106
38003,2018,78,237,95,231,-17,6
38003,2019,74,196,98,270,-24,-74
38003,2020,91,232,105,264,-14,-32
38003,2021,63,166,120,308,-57,-142
38005,2011,41,132,53,161,-12,-29
38005,2012,49,157,61,186,-12,-29
38005,2013,36,138,39,137,-3,1
38005,2014,23,63,38,121,-15,-58
38005,2015,36,119,44,133,-8,-14
38005,2016,53,194,58,174,-5,20
38005,2017,29,85,61,203,-32,-118
38005,2018,46,150,51,163,-5,-13
38005,2019,42,135,44,175,-2,-40
38005,2020,38,105,48,149,-10,-44
38005,2021,40,123,37,114,3,9
38007,2011,18,50,16,49,2,1
38007,2012,15,52,24,66,-9,-14
38007,2014,20,69,NA,NA,NA,NA
38009,2011,68,199,66,165,2,34
38009,2012,52,156,98,257,-46,-101
38009,2013,31,91,48,135,-17,-44
38009,2014,28,76,40,111,-12,-35
38009,2015,41,119,38,103,3,16
38009,2016,44,138,39,105,5,33
38009,2017,30,80,31,82,-1,-2
38009,2018,37,102,30,79,7,23
38009,2019,46,127,39,104,7,23
38009,2020,28,82,41,123,-13,-41
38009,2021,33,94,38,109,-5,-15
38011,2012,11,29,12,35,-1,-6
38013,2011,17,59,25,63,-8,-4
38013,2012,19,55,13,47,6,8
38013,2015,23,79,25,69,-2,10
38015,2011,1863,5174,1420,3757,443,1417
38015,2012,1843,5005,1561,4135,282,870
38015,2013,1433,3944,1242,3318,191,626
38015,2014,1090,2883,874,2260,216,623
38015,2015,1524,4143,1486,4012,38,131
38015,2016,1900,5172,2104,5687,-204,-515
38015,2017,1376,3751,1394,3751,-18,0
38015,2018,1207,3220,1240,3295,-33,-75
38015,2019,1384,3905,1404,3792,-20,113
38015,2020,1495,4007,1421,3746,74,261
38015,2021,1413,3735,1371,3494,42,241
38017,2011,3695,9567,3013,7840,682,1727
38017,2012,3996,10327,3413,9069,583,1258
38017,2013,3077,8093,2820,7524,257,569
38017,2014,2495,6319,1920,5033,575,1286
38017,2015,3521,9073,3424,9305,97,-232
38017,2016,4576,12053,4877,13198,-301,-1145
38017,2017,3151,8183,3340,8878,-189,-695
38017,2018,3127,8111,2999,7934,128,177
38017,2019,3278,8522,3405,9211,-127,-689
38017,2020,3569,9180,3378,8866,191,314
38017,2021,3793,9574,3272,8498,521,1076
38019,2011,14,35,23,55,-9,-20
38021,2011,11,32,33,88,-22,-56
38021,2012,23,64,27,80,-4,-16
38023,2011,13,39,11,40,2,-1
38023,2012,22,67,12,32,10,35
38023,2015,20,49,NA,NA,NA,NA
38025,2011,27,92,53,163,-26,-71
38025,2012,66,187,67,180,-1,7
38025,2013,32,105,47,132,-15,-27
38025,2014,45,131,39,107,6,24
38025,2015,61,179,47,160,14,19
38025,2016,51,141,78,219,-27,-78
38025,2017,54,149,64,188,-10,-39
38025,2018,38,120,65,184,-27,-64
38025,2019,52,171,40,111,12,60
38025,2020,28,96,29,92,-1,4
38025,2021,31,80,50,141,-19,-61
38029,2011,17,52,25,56,-8,-4
38029,2012,10,23,44,109,-34,-86
38029,2015,20,62,23,53,-3,9
38029,2016,31,81,22,59,9,22
38029,2019,22,75,24,57,-2,18
38029,2021,23,56,29,83,-6,-27
38031,2011,13,35,13,34,0,1
38035,2011,1091,2928,1325,3432,-234,-504
38035,2012,1202,3167,1263,3428,-61,-261
38035,2013,831,2235,929,2563,-98,-328
38035,2014,642,1668,621,1623,21,45
38035,2015,924,2388,1191,3212,-267,-824
38035,2016,1201,3211,1833,5028,-632,-1817
38035,2017,880,2338,1252,3305,-372,-967
38035,2018,842,2205,1132,2967,-290,-762
38035,2019,747,1903,1158,3109,-411,-1206
38035,2020,806,2095,1191,3125,-385,-1030
38035,2021,954,2483,1107,2824,-153,-341
38037,2011,13,41,22,64,-9,-23
38037,2012,12,40,25,64,-13,-24
38041,2011,22,64,23,71,-1,-7
38041,2012,24,68,16,47,8,21
38041,2013,27,89,37,112,-10,-23
38041,2014,24,76,27,80,-3,-4
38041,2021,29,96,NA,NA,NA,NA
38043,2011,25,66,20,53,5,13
38043,2012,20,54,15,41,5,13
38043,2013,22,73,24,72,-2,1
38043,2015,26,69,31,85,-5,-16
38043,2016,32,93,29,77,3,16
38043,2017,29,83,NA,NA,NA,NA
38045,2011,32,94,38,96,-6,-2
38045,2012,29,78,53,141,-24,-63
38047,2011,12,37,10,26,2,11
38047,2012,10,28,11,24,-1,4
38049,2011,91,284,63,170,28,114
38049,2012,107,312,72,194,35,118
38049,2013,69,208,53,144,16,64
38049,2014,43,126,44,119,-1,7
38049,2015,78,209,60,153,18,56
38049,2016,68,185,75,201,-7,-16
38049,2017,39,107,50,144,-11,-37
38049,2018,37,114,39,97,-2,17
38049,2019,46,120,49,142,-3,-22
38049,2020,46,129,42,125,4,4
38049,2021,45,120,60,160,-15,-40
38053,2011,83,268,54,153,29,115
38053,2012,125,354,77,227,48,127
38053,2013,80,238,42,125,38,113
38053,2014,103,311,83,210,20,101
38053,2015,67,185,114,320,-47,-135
38053,2016,157,458,88,255,69,203
38053,2017,156,465,89,308,67,157
38053,2018,125,355,146,439,-21,-84
38053,2019,95,304,155,466,-60,-162
38053,2020,128,393,118,344,10,49
38053,2021,97,283,132,401,-35,-118
38055,2011,157,451,134,366,23,85
38055,2012,154,457,151,433,3,24
38055,2013,154,424,136,371,18,53
38055,2014,83,235,101,278,-18,-43
38055,2015,103,312,99,272,4,40
38055,2016,143,401,132,360,11,41
38055,2017,75,212,92,261,-17,-49
38055,2018,85,238,92,264,-7,-26
38055,2019,103,302,81,255,22,47
38055,2020,100,266,79,201,21,65
38055,2021,103,286,120,307,-17,-21
38057,2011,64,191,83,247,-19,-56
38057,2012,78,228,116,335,-38,-107
38057,2013,31,105,77,206,-46,-101
38057,2014,29,71,61,164,-32,-93
38057,2015,36,91,86,227,-50,-136
38057,2016,59,153,110,319,-51,-166
38057,2017,61,160,53,142,8,18
38057,2018,27,77,46,133,-19,-56
38057,2019,32,95,61,178,-29,-83
38057,2020,53,138,64,158,-11,-20
38057,2021,33,98,49,123,-16,-25
38059,2011,860,2341,724,2006,136,335
38059,2012,974,2637,727,2037,247,600
38059,2013,719,1914,655,1808,64,106
38059,2014,548,1454,506,1380,42,74
38059,2015,865,2293,732,2036,133,257
38059,2016,1047,2815,999,2739,48,76
38059,2017,756,2077,798,2193,-42,-116
38059,2018,678,1808,645,1703,33,105
38059,2019,802,2237,734,2057,68,180
38059,2020,868,2326,827,2253,41,73
38059,2021,806,2080,700,1842,106,238
38061,2011,115,352,133,393,-18,-41
38061,2012,92,267,179,525,-87,-258
38061,2013,74,215,134,388,-60,-173
38061,2014,54,146,151,447,-97,-301
38061,2015,113,334,125,362,-12,-28
38061,2016,113,328,112,333,1,-5
38061,2017,60,168,90,265,-30,-97
38061,2018,67,182,77,210,-10,-28
38061,2019,55,154,129,383,-74,-229
38061,2020,77,205,140,422,-63,-217
38061,2021,60,172,154,450,-94,-278
38063,2011,27,72,30,77,-3,-5
38063,2012,14,36,38,99,-24,-63
38065,2012,31,94,10,34,21,60
38067,2011,57,143,103,290,-46,-147
38067,2012,54,141,72,197,-18,-56
38067,2013,22,55,70,179,-48,-124
38067,2014,21,62,42,118,-21,-56
38067,2015,48,123,31,75,17,48
38067,2016,49,134,81,221,-32,-87
38067,2017,29,75,49,130,-20,-55
38067,2019,36,109,49,118,-13,-9
38067,2020,25,60,77,203,-52,-143
38067,2021,24,57,78,220,-54,-163
38069,2011,14,41,23,62,-9,-21
38069,2012,21,55,22,53,-1,2
38071,2011,115,324,183,515,-68,-191
38071,2012,106,302,137,381,-31,-79
38071,2013,87,259,115,347,-28,-88
38071,2014,38,121,94,240,-56,-119
38071,2015,91,250,114,318,-23,-68
38071,2016,138,386,172,503,-34,-117
38071,2017,89,275,83,239,6,36
38071,2018,71,216,115,333,-44,-117
38071,2019,65,225,118,341,-53,-116
38071,2020,95,277,135,361,-40,-84
38071,2021,86,246,119,316,-33,-70
38073,2011,45,126,48,131,-3,-5
38073,2012,48,129,82,211,-34,-82
38073,2013,33,99,59,152,-26,-53
38073,2014,23,59,25,72,-2,-13
38073,2015,37,102,35,90,2,12
38073,2016,48,138,78,197,-30,-59
38073,2017,32,83,34,95,-2,-12
38073,2018,27,70,33,78,-6,-8
38073,2019,36,85,71,173,-35,-88
38073,2020,28,74,35,89,-7,-15
38073,2021,32,96,49,140,-17,-44
38075,2011,52,150,41,122,11,28
38075,2012,65,190,49,150,16,40
38075,2013,34,102,30,88,4,14
38075,2014,44,118,44,129,0,-11
38075,2015,33,94,37,120,-4,-26
38075,2016,36,104,33,102,3,2
38075,2017,31,94,34,93,-3,1
38075,2018,20,64,25,70,-5,-6
38075,2019,43,138,28,78,15,60
38075,2020,32,88,40,106,-8,-18
38075,2021,37,108,34,95,3,13
38077,2011,200,583,209,571,-9,12
38077,2012,246,716,246,663,0,53
38077,2013,141,385,217,582,-76,-197
38077,2014,121,321,122,319,-1,2
38077,2015,178,517,190,485,-12,32
38077,2016,223,595,241,692,-18,-97
38077,2017,183,512,175,464,8,48
38077,2018,184,480,187,510,-3,-30
38077,2019,186,534,212,554,-26,-20
38077,2020,172,454,232,611,-60,-157
38077,2021,213,558,175,465,38,93
38079,2011,119,364,99,292,20,72
38079,2012,81,271,88,251,-7,20
38079,2013,47,152,53,152,-6,0
38079,2015,23,72,83,228,-60,-156
38079,2016,48,149,57,185,-9,-36
38079,2019,21,50,49,152,-28,-102
38079,2020,24,67,91,266,-67,-199
38079,2021,20,49,83,227,-63,-178
38081,2011,49,144,46,136,3,8
38081,2012,46,123,60,180,-14,-57
38081,2013,23,65,NA,NA,NA,NA
38081,2015,23,62,27,68,-4,-6
38081,2016,46,113,36,96,10,17
38081,2017,24,70,28,66,-4,4
38081,2019,42,107,22,61,20,46
38081,2021,28,70,28,68,0,2
38085,2011,24,83,21,67,3,16
38085,2012,34,114,30,110,4,4
38085,2013,20,69,NA,NA,NA,NA
38085,2015,24,78,NA,NA,NA,NA
38085,2016,20,61,27,85,-7,-24
38089,2011,476,1380,427,1164,49,216
38089,2012,576,1685,472,1314,104,371
38089,2013,332,952,365,1056,-33,-104
38089,2014,307,896,325,908,-18,-12
38089,2015,301,898,468,1291,-167,-393
38089,2016,315,870,457,1236,-142,-366
38089,2017,244,749,289,822,-45,-73
38089,2018,280,796,228,621,52,175
38089,2019,236,669,294,875,-58,-206
38089,2020,184,529,298,850,-114,-321
38089,2021,190,515,299,812,-109,-297
38091,2011,16,44,33,84,-17,-40
38091,2012,13,38,28,68,-15,-30
38093,2011,237,613,270,729,-33,-116
38093,2012,175,470,199,514,-24,-44
38093,2013,88,235,174,459,-86,-224
38093,2014,80,193,118,278,-38,-85
38093,2015,120,311,145,378,-25,-67
38093,2016,182,488,241,642,-59,-154
38093,2017,109,305,151,406,-42,-101
38093,2018,94,248,155,402,-61,-154
38093,2019,126,346,126,315,0,31
38093,2020,113,271,143,355,-30,-84
38093,2021,126,316,148,374,-22,-58
38095,2011,20,62,NA,NA,NA,NA
38097,2011,120,339,90,263,30,76
38097,2012,113,294,148,410,-35,-116
38097,2013,96,283,108,267,-12,16
38097,2014,86,220,72,184,14,36
38097,2015,117,353,93,236,24,117
38097,2016,145,415,127,351,18,64
38097,2017,87,241,88,244,-1,-3
38097,2018,103,288,81,215,22,73
38097,2019,118,350,113,318,5,32
38097,2020,96,268,104,281,-8,-13
38097,2021,95,276,123,338,-28,-62
38099,2011,146,411,101,269,45,142
38099,2012,90,251,134,355,-44,-104
38099,2013,93,247,106,256,-13,-9
38099,2014,64,164,91,230,-27,-66
38099,2015,41,121,115,307,-74,-186
38099,2016,92,273,140,366,-48,-93
38099,2017,51,134,100,258,-49,-124
38099,2018,73,197,95,243,-22,-46
38099,2019,92,271,97,239,-5,32
38099,2020,89,238,83,231,6,7
38099,2021,71,179,114,297,-43,-118
38101,2011,1164,3336,1225,3597,-61,-261
38101,2012,1385,3979,1325,3830,60,149
38101,2013,749,2119,959,2844,-210,-725
38101,2014,606,1663,691,1894,-85,-231
38101,2015,814,2320,1107,3176,-293,-856
38101,2016,973,2906,1544,4665,-571,-1759
38101,2017,677,1970,816,2347,-139,-377
38101,2018,588,1671,773,2238,-185,-567
38101,2019,757,2176,955,2825,-198,-649
38101,2020,699,1983,894,2591,-195,-608
38101,2021,673,1827,845,2381,-172,-554
38103,2011,31,89,16,36,15,53
38103,2012,11,26,26,61,-15,-35
38105,2011,762,2178,433,1275,329,903
38105,2012,1018,2932,677,1913,341,1019
38105,2013,672,1914,527,1504,145,410
38105,2014,625,1770,579,1602,46,168
38105,2015,394,1098,849,2398,-455,-1300
38105,2016,543,1549,805,2320,-262,-771
38105,2017,595,1738,363,1078,232,660
38105,2018,552,1598,380,1112,172,486
38105,2019,340,1032,557,1655,-217,-623
38105,2020,276,794,529,1492,-253,-698
38105,2021,315,893,324,894,-9,-1
39001,2011,387,1264,281,893,106,371
39001,2012,243,753,301,982,-58,-229
39001,2013,262,857,213,635,49,222
39001,2014,148,456,153,438,-5,18
39001,2015,232,718,213,667,19,51
39001,2016,280,901,330,997,-50,-96
39001,2017,237,736,276,830,-39,-94
39001,2018,208,655,228,709,-20,-54
39001,2019,274,824,254,792,20,32
39001,2020,294,891,247,713,47,178
39001,2021,254,740,291,774,-37,-34
39003,2011,1023,2980,1233,3527,-210,-547
39003,2012,1114,3322,1189,3367,-75,-45
39003,2013,867,2547,1023,2988,-156,-441
39003,2014,631,1805,837,2252,-206,-447
39003,2015,990,2823,1145,3225,-155,-402
39003,2016,1253,3720,1478,4223,-225,-503
39003,2017,972,2819,1203,3360,-231,-541
39003,2018,977,2758,1080,2980,-103,-222
39003,2019,1066,3070,1165,3228,-99,-158
39003,2020,1080,3003,1190,3181,-110,-178
39003,2021,982,2688,1099,2930,-117,-242
39005,2011,686,2019,712,2006,-26,13
39005,2012,751,2212,762,2152,-11,60
39005,2013,746,2195,688,1930,58,265
39005,2014,477,1357,516,1446,-39,-89
39005,2015,741,2095,761,2076,-20,19
39005,2016,1089,3163,978,2711,111,452
39005,2017,739,2112,781,2112,-42,0
39005,2018,774,2153,791,2206,-17,-53
39005,2019,802,2307,824,2311,-22,-4
39005,2020,800,2230,829,2314,-29,-84
39005,2021,908,2489,744,1988,164,501
39007,2011,861,2456,1027,2939,-166,-483
39007,2012,934,2697,1037,2967,-103,-270
39007,2013,827,2382,916,2601,-89,-219
39007,2014,538,1537,685,1866,-147,-329
39007,2015,925,2609,926,2541,-1,68
39007,2016,1219,3480,1214,3430,5,50
39007,2017,938,2642,1005,2821,-67,-179
39007,2018,853,2387,948,2592,-95,-205
39007,2019,1033,2895,1008,2793,25,102
39007,2020,1116,3023,986,2606,130,417
39007,2021,996,2703,1027,2744,-31,-41
39009,2011,607,1725,830,2321,-223,-596
39009,2012,646,1793,747,2017,-101,-224
39009,2013,445,1283,657,1761,-212,-478
39009,2014,350,938,410,1099,-60,-161
39009,2015,550,1538,719,1883,-169,-345
39009,2016,607,1686,858,2351,-251,-665
39009,2017,427,1201,672,1737,-245,-536
39009,2018,490,1334,553,1394,-63,-60
39009,2019,605,1676,770,2058,-165,-382
39009,2020,571,1569,746,1933,-175,-364
39009,2021,645,1685,790,1990,-145,-305
39011,2011,655,1904,676,2001,-21,-97
39011,2012,688,2008,683,2012,5,-4
39011,2013,656,1967,635,1812,21,155
39011,2014,447,1235,430,1236,17,-1
39011,2015,640,1863,664,1855,-24,8
39011,2016,936,2688,942,2718,-6,-30
39011,2017,675,1908,656,1840,19,68
39011,2018,629,1790,657,1820,-28,-30
39011,2019,740,2165,722,2082,18,83
39011,2020,660,1812,757,2082,-97,-270
39011,2021,698,1893,647,1741,51,152
39013,2011,645,1893,717,2073,-72,-180
39013,2012,612,1796,641,1822,-29,-26
39013,2013,545,1573,544,1570,1,3
39013,2014,435,1258,417,1211,18,47
39013,2015,536,1499,559,1621,-23,-122
39013,2016,747,2151,724,2051,23,100
39013,2017,541,1531,565,1584,-24,-53
39013,2018,522,1515,578,1703,-56,-188
39013,2019,594,1705,607,1749,-13,-44
39013,2020,717,1949,588,1558,129,391
39013,2021,677,1825,563,1501,114,324
39015,2011,861,2664,964,2919,-103,-255
39015,2012,857,2672,828,2459,29,213
39015,2013,785,2332,882,2606,-97,-274
39015,2014,586,1762,595,1723,-9,39
39015,2015,800,2492,864,2532,-64,-40
39015,2016,1121,3411,1032,3140,89,271
39015,2017,856,2561,862,2467,-6,94
39015,2018,872,2612,845,2492,27,120
39015,2019,941,2943,870,2665,71,278
39015,2020,906,2679,803,2320,103,359
39015,2021,864,2524,798,2231,66,293
39017,2011,6693,19877,7137,21171,-444,-1294
39017,2012,7292,21615,7509,22001,-217,-386
39017,2013,6326,18831,6281,18035,45,796
39017,2014,4567,13322,4753,13412,-186,-90
39017,2015,6790,19700,6793,19017,-3,683
39017,2016,9269,27260,9341,26757,-72,503
39017,2017,6990,19883,7047,19873,-57,10
39017,2018,6442,18397,6761,18764,-319,-367
39017,2019,7189,21100,7460,21088,-271,12
39017,2020,7089,20005,7582,20776,-493,-771
39017,2021,7006,19331,7345,19874,-339,-543
39019,2011,471,1419,564,1656,-93,-237
39019,2012,435,1257,550,1650,-115,-393
39019,2013,407,1150,465,1380,-58,-230
39019,2014,288,839,355,988,-67,-149
39019,2015,446,1314,468,1370,-22,-56
39019,2016,590,1822,620,1740,-30,82
39019,2017,473,1405,437,1192,36,213
39019,2018,460,1331,453,1295,7,36
39019,2019,531,1639,421,1202,110,437
39019,2020,497,1460,472,1333,25,127
39019,2021,465,1331,411,1096,54,235
39021,2011,625,1888,671,1979,-46,-91
39021,2012,697,2072,723,2159,-26,-87
39021,2013,600,1746,706,2058,-106,-312
39021,2014,491,1434,443,1240,48,194
39021,2015,718,2125,744,2046,-26,79
39021,2016,1014,3011,858,2468,156,543
39021,2017,684,1959,764,2225,-80,-266
39021,2018,712,2118,690,1932,22,186
39021,2019,803,2378,761,2190,42,188
39021,2020,790,2264,739,1980,51,284
39021,2021,784,2233,686,1912,98,321
39023,2011,1588,4789,1663,4831,-75,-42
39023,2012,1667,5074,1675,4936,-8,138
39023,2013,1414,4229,1584,4579,-170,-350
39023,2014,1078,3327,1217,3344,-139,-17
39023,2015,1432,4122,1657,4623,-225,-501
39023,2016,2134,6211,2165,6016,-31,195
39023,2017,1708,4848,1609,4612,99,236
39023,2018,1604,4497,1550,4381,54,116
39023,2019,1781,5240,1699,4741,82,499
39023,2020,1760,4805,1677,4570,83,235
39023,2021,1826,5010,1863,5020,-37,-10
39025,2011,4026,11539,3902,11277,124,262
39025,2012,4371,12580,3892,11215,479,1365
39025,2013,3816,10836,3611,10326,205,510
39025,2014,2831,7834,2690,7461,141,373
39025,2015,4237,12006,3828,10644,409,1362
39025,2016,5688,16231,5347,15141,341,1090
39025,2017,4301,11896,3838,10633,463,1263
39025,2018,4136,11420,3933,10754,203,666
39025,2019,4557,12937,4052,11486,505,1451
39025,2020,4425,12169,3833,10332,592,1837
39025,2021,4378,11673,3931,10478,447,1195
39027,2011,780,2396,794,2396,-14,0
39027,2012,805,2484,752,2268,53,216
39027,2013,740,2279,784,2399,-44,-120
39027,2014,573,1743,602,1753,-29,-10
39027,2015,800,2406,799,2384,1,22
39027,2016,1073,3173,959,2826,114,347
39027,2017,759,2250,771,2267,-12,-17
39027,2018,724,2112,757,2187,-33,-75
39027,2019,846,2539,802,2405,44,134
39027,2020,859,2399,814,2316,45,83
39027,2021,860,2379,746,2064,114,315
39029,2011,1025,2964,1175,3385,-150,-421
39029,2012,1054,3101,1131,3280,-77,-179
39029,2013,921,2656,1068,3083,-147,-427
39029,2014,671,1885,819,2263,-148,-378
39029,2015,889,2520,1161,3159,-272,-639
39029,2016,1334,3825,1409,3991,-75,-166
39029,2017,956,2806,1115,3067,-159,-261
39029,2018,992,2782,1085,2977,-93,-195
39029,2019,1172,3303,1086,3023,86,280
39029,2020,1158,3171,1114,3036,44,135
39029,2021,1125,3004,1177,3139,-52,-135
39031,2011,382,1182,393,1170,-11,12
39031,2012,395,1190,407,1236,-12,-46
39031,2013,352,1051,376,1079,-24,-28
39031,2014,246,773,284,819,-38,-46
39031,2015,412,1234,356,1044,56,190
39031,2016,486,1474,492,1493,-6,-19
39031,2017,324,1049,376,1059,-52,-10
39031,2018,358,1096,389,1120,-31,-24
39031,2019,436,1428,404,1236,32,192
39031,2020,407,1189,401,1170,6,19
39031,2021,414,1191,332,963,82,228
39033,2011,605,1782,650,1883,-45,-101
39033,2012,631,1860,683,2042,-52,-182
39033,2013,778,2277,586,1692,192,585
39033,2014,441,1301,404,1128,37,173
39033,2015,603,1710,659,1879,-56,-169
39033,2016,806,2365,875,2585,-69,-220
39033,2017,603,1700,670,1910,-67,-210
39033,2018,645,1816,604,1715,41,101
39033,2019,685,1973,587,1705,98,268
39033,2020,680,1928,688,1920,-8,8
39033,2021,721,1985,649,1762,72,223
39035,2011,16279,42986,19189,51997,-2910,-9011
39035,2012,17292,46093,19914,54538,-2622,-8445
39035,2013,14499,37853,17208,46685,-2709,-8832
39035,2014,10631,27146,12520,33455,-1889,-6309
39035,2015,15451,39954,19043,51498,-3592,-11544
39035,2016,21454,56323,26777,73450,-5323,-17127
39035,2017,16327,42206,19590,52488,-3263,-10282
39035,2018,15818,40680,19397,51621,-3579,-10941
39035,2019,17280,44966,20942,57130,-3662,-12164
39035,2020,16630,42013,22051,57599,-5421,-15586
39035,2021,18013,44901,21730,55992,-3717,-11091
39037,2011,510,1493,579,1692,-69,-199
39037,2012,562,1681,634,1811,-72,-130
39037,2013,462,1377,487,1438,-25,-61
39037,2014,344,1003,376,1073,-32,-70
39037,2015,512,1504,600,1717,-88,-213
39037,2016,682,2033,840,2372,-158,-339
39037,2017,535,1615,574,1672,-39,-57
39037,2018,484,1376,548,1538,-64,-162
39037,2019,593,1790,551,1576,42,214
39037,2020,556,1620,533,1462,23,158
39037,2021,572,1549,534,1433,38,116
39039,2011,540,1669,528,1492,12,177
39039,2012,452,1297,595,1726,-143,-429
39039,2013,489,1413,407,1179,82,234
39039,2014,325,897,333,949,-8,-52
39039,2015,452,1310,548,1527,-96,-217
39039,2016,730,2086,637,1781,93,305
39039,2017,548,1538,548,1540,0,-2
39039,2018,478,1321,529,1461,-51,-140
39039,2019,552,1599,493,1363,59,236
39039,2020,518,1476,527,1384,-9,92
39039,2021,531,1470,475,1271,56,199
39041,2011,4641,13823,4022,11368,619,2455
39041,2012,5500,16273,4263,12103,1237,4170
39041,2013,4561,13447,3761,10475,800,2972
39041,2014,3059,8847,2616,6929,443,1918
39041,2015,4863,14595,3915,10527,948,4068
39041,2016,7622,23141,5745,15947,1877,7194
39041,2017,5423,15781,4110,11254,1313,4527
39041,2018,5351,15507,4223,11484,1128,4023
39041,2019,6063,18222,4536,12495,1527,5727
39041,2020,6322,18227,4331,11634,1991,6593
39041,2021,6189,17657,4754,12437,1435,5220
39043,2011,1213,3367,1257,3496,-44,-129
39043,2012,1261,3432,1312,3711,-51,-279
39043,2013,1046,2926,1083,2967,-37,-41
39043,2014,799,2148,812,2182,-13,-34
39043,2015,1129,3106,1175,3195,-46,-89
39043,2016,1555,4395,1520,4202,35,193
39043,2017,1237,3391,1224,3319,13,72
39043,2018,1143,3135,1146,3091,-3,44
39043,2019,1274,3547,1263,3449,11,98
39043,2020,1269,3462,1244,3328,25,134
39043,2021,1180,3140,1179,3113,1,27
39045,2011,2994,8883,3088,9034,-94,-151
39045,2012,3317,9882,2899,8213,418,1669
39045,2013,2920,8718,2671,7621,249,1097
39045,2014,2034,5897,1991,5496,43,401
39045,2015,3357,10146,2993,8351,364,1795
39045,2016,4895,14964,4129,11686,766,3278
39045,2017,3568,10685,2990,8434,578,2251
39045,2018,3684,10852,3141,8797,543,2055
39045,2019,3930,12031,3212,9221,718,2810
39045,2020,4074,11865,3503,9603,571,2262
39045,2021,3970,11521,3516,9582,454,1939
39047,2011,482,1443,463,1419,19,24
39047,2012,476,1486,452,1345,24,141
39047,2013,405,1244,416,1278,-11,-34
39047,2014,334,1024,311,893,23,131
39047,2015,418,1211,392,1119,26,92
39047,2016,555,1658,582,1681,-27,-23
39047,2017,448,1353,413,1171,35,182
39047,2018,437,1246,432,1207,5,39
39047,2019,498,1562,429,1296,69,266
39047,2020,463,1325,444,1245,19,80
39047,2021,443,1255,438,1256,5,-1
39049,2011,24697,67395,24961,69755,-264,-2360
39049,2012,25653,69608,26358,74467,-705,-4859
39049,2013,23112,62486,23395,65598,-283,-3112
39049,2014,17230,45077,15654,43374,1576,1703
39049,2015,24844,65818,25485,71768,-641,-5950
39049,2016,33855,91688,37195,105147,-3340,-13459
39049,2017,25270,67129,27362,75757,-2092,-8628
39049,2018,24758,65149,26690,73618,-1932,-8469
39049,2019,24994,66219,29900,84348,-4906,-18129
39049,2020,24787,63244,31162,84949,-6375,-21705
39049,2021,26278,66300,31998,85845,-5720,-19545
39051,2011,635,1851,704,1990,-69,-139
39051,2012,674,2064,668,1923,6,141
39051,2013,639,1905,622,1815,17,90
39051,2014,441,1286,458,1281,-17,5
39051,2015,654,1928,633,1837,21,91
39051,2016,880,2611,822,2351,58,260
39051,2017,658,1897,654,1830,4,67
39051,2018,633,1796,667,1834,-34,-38
39051,2019,637,1909,705,2025,-68,-116
39051,2020,674,1892,643,1836,31,56
39051,2021,642,1795,740,1973,-98,-178
39053,2011,169,521,217,641,-48,-120
39053,2012,173,519,175,517,-2,2
39053,2013,120,406,186,563,-66,-157
39053,2014,99,318,141,478,-42,-160
39053,2015,140,427,171,534,-31,-107
39053,2016,195,623,204,635,-9,-12
39053,2017,141,457,174,540,-33,-83
39053,2018,174,525,155,440,19,85
39053,2019,168,524,170,519,-2,5
39053,2020,176,541,175,492,1,49
39053,2021,160,443,167,470,-7,-27
39055,2011,1591,4666,1453,3943,138,723
39055,2012,1639,4914,1641,4499,-2,415
39055,2013,1468,4311,1427,3940,41,371
39055,2014,1061,2970,1148,3057,-87,-87
39055,2015,1535,4540,1515,4031,20,509
39055,2016,2263,6638,2068,5712,195,926
39055,2017,1623,4645,1587,4270,36,375
39055,2018,1518,4428,1669,4410,-151,18
39055,2019,1741,5179,1688,4753,53,426
39055,2020,1685,4850,1526,4082,159,768
39055,2021,1539,4238,1580,4119,-41,119
39057,2011,3503,9934,4057,11347,-554,-1413
39057,2012,3656,10449,4417,12284,-761,-1835
39057,2013,3095,8765,3710,10240,-615,-1475
39057,2014,2095,5632,2497,6711,-402,-1079
39057,2015,3462,9652,3787,10286,-325,-634
39057,2016,5035,14657,5344,14713,-309,-56
39057,2017,3664,10423,3930,10550,-266,-127
39057,2018,3529,9795,3819,10260,-290,-465
39057,2019,3952,11205,4120,11498,-168,-293
39057,2020,3887,10616,4035,10831,-148,-215
39057,2021,4089,10921,3913,10420,176,501
39059,2011,359,1066,416,1256,-57,-190
39059,2012,374,1123,455,1328,-81,-205
39059,2013,292,802,362,1094,-70,-292
39059,2014,205,593,259,744,-54,-151
39059,2015,333,945,368,1047,-35,-102
39059,2016,488,1434,503,1467,-15,-33
39059,2017,342,958,317,923,25,35
39059,2018,346,1022,344,1020,2,2
39059,2019,406,1194,342,972,64,222
39059,2020,353,1010,337,950,16,60
39059,2021,339,958,410,1135,-71,-177
39061,2011,13535,37706,15508,42938,-1973,-5232
39061,2012,13832,38631,16131,45047,-2299,-6416
39061,2013,12445,34016,13993,38970,-1548,-4954
39061,2014,8845,23879,10013,27277,-1168,-3398
39061,2015,13021,35002,15010,41294,-1989,-6292
39061,2016,17921,48387,20883,58045,-2962,-9658
39061,2017,13680,36460,15950,42935,-2270,-6475
39061,2018,12937,33967,14894,40095,-1957,-6128
39061,2019,13643,36287,16640,45722,-2997,-9435
39061,2020,13537,34651,17151,45523,-3614,-10872
39061,2021,14302,36204,16695,43761,-2393,-7557
39063,2011,1042,2947,1025,2807,17,140
39063,2012,1113,3051,1156,3269,-43,-218
39063,2013,848,2376,819,2274,29,102
39063,2014,768,2124,647,1792,121,332
39063,2015,999,2757,1016,2838,-17,-81
39063,2016,1296,3629,1282,3669,14,-40
39063,2017,1043,2900,981,2718,62,182
39063,2018,915,2491,1037,2812,-122,-321
39063,2019,1068,3028,1038,2969,30,59
39063,2020,1118,2950,1089,2949,29,1
39063,2021,1021,2744,1078,2871,-57,-127
39065,2011,331,992,414,1189,-83,-197
39065,2012,400,1181,367,1071,33,110
39065,2013,353,1064,364,1027,-11,37
39065,2014,237,712,328,927,-91,-215
39065,2015,390,1168,399,1122,-9,46
39065,2016,442,1299,533,1524,-91,-225
39065,2017,361,1054,389,1128,-28,-74
39065,2018,363,1079,382,1088,-19,-9
39065,2019,412,1230,397,1145,15,85
39065,2020,386,1072,407,1167,-21,-95
39065,2021,334,953,416,1165,-82,-212
39067,2011,198,602,215,647,-17,-45
39067,2012,167,533,211,633,-44,-100
39067,2013,153,449,173,535,-20,-86
39067,2014,119,345,122,373,-3,-28
39067,2015,169,492,196,594,-27,-102
39067,2016,232,732,239,713,-7,19
39067,2017,157,438,199,564,-42,-126
39067,2018,153,477,181,544,-28,-67
39067,2019,134,415,161,534,-27,-119
39067,2020,184,542,159,438,25,104
39067,2021,141,397,191,563,-50,-166
39069,2011,373,1071,414,1256,-41,-185
39069,2012,386,1113,454,1271,-68,-158
39069,2013,384,1079,459,1302,-75,-223
39069,2014,239,653,245,687,-6,-34
39069,2015,377,1050,403,1133,-26,-83
39069,2016,516,1507,573,1614,-57,-107
39069,2017,359,1008,467,1289,-108,-281
39069,2018,389,1136,333,910,56,226
39069,2019,388,1113,418,1197,-30,-84
39069,2020,437,1234,367,1009,70,225
39069,2021,399,1063,422,1153,-23,-90
39071,2011,709,2255,699,2194,10,61
39071,2012,653,2077,700,2133,-47,-56
39071,2013,620,1895,672,2128,-52,-233
39071,2014,420,1318,486,1453,-66,-135
39071,2015,677,2030,668,1976,9,54
39071,2016,837,2499,871,2657,-34,-158
39071,2017,668,2001,701,2076,-33,-75
39071,2018,708,2123,619,1815,89,308
39071,2019,738,2313,659,1961,79,352
39071,2020,733,2133,715,2035,18,98
39071,2021,712,2046,658,1829,54,217
39073,2011,480,1463,466,1354,14,109
39073,2012,440,1325,469,1406,-29,-81
39073,2013,375,1090,402,1179,-27,-89
39073,2014,282,810,342,973,-60,-163
39073,2015,411,1195,410,1178,1,17
39073,2016,635,1914,572,1719,63,195
39073,2017,456,1362,403,1203,53,159
39073,2018,453,1353,448,1246,5,107
39073,2019,544,1666,444,1257,100,409
39073,2020,516,1487,439,1238,77,249
39073,2021,432,1226,485,1311,-53,-85
39075,2011,401,1239,451,1442,-50,-203
39075,2012,440,1373,443,1399,-3,-26
39075,2013,382,1153,426,1313,-44,-160
39075,2014,282,881,359,1105,-77,-224
39075,2015,362,1180,489,1545,-127,-365
39075,2016,492,1541,556,1757,-64,-216
39075,2017,394,1263,459,1414,-65,-151
39075,2018,418,1242,470,1436,-52,-194
39075,2019,464,1633,494,1622,-30,11
39075,2020,456,1398,463,1396,-7,2
39075,2021,360,1077,436,1292,-76,-215
39077,2011,891,2566,1036,3023,-145,-457
39077,2012,915,2677,1073,3079,-158,-402
39077,2013,836,2529,1036,3000,-200,-471
39077,2014,597,1697,727,2057,-130,-360
39077,2015,962,2752,956,2721,6,31
39077,2016,1212,3532,1267,3655,-55,-123
39077,2017,977,2792,1022,2919,-45,-127
39077,2018,847,2401,948,2596,-101,-195
39077,2019,987,2877,1040,2985,-53,-108
39077,2020,1013,2824,984,2726,29,98
39077,2021,931,2526,984,2711,-53,-185
39079,2011,279,876,328,1048,-49,-172
39079,2012,298,951,327,991,-29,-40
39079,2013,269,812,298,936,-29,-124
39079,2014,230,712,207,610,23,102
39079,2015,297,886,285,832,12,54
39079,2016,348,1080,386,1159,-38,-79
39079,2017,308,935,286,860,22,75
39079,2018,273,809,280,845,-7,-36
39079,2019,345,1061,279,852,66,209
39079,2020,357,1052,275,764,82,288
39079,2021,341,929,315,909,26,20
39081,2011,659,1912,621,1754,38,158
39081,2012,571,1619,593,1643,-22,-24
39081,2013,546,1652,524,1499,22,153
39081,2014,409,1210,453,1292,-44,-82
39081,2015,498,1504,565,1540,-67,-36
39081,2016,712,2015,690,2006,22,9
39081,2017,521,1441,594,1676,-73,-235
39081,2018,518,1529,526,1470,-8,59
39081,2019,556,1649,559,1570,-3,79
39081,2020,592,1614,559,1539,33,75
39081,2021,531,1423,563,1525,-32,-102
39083,2011,677,2046,738,2190,-61,-144
39083,2012,830,2512,776,2267,54,245
39083,2013,640,1909,609,1801,31,108
39083,2014,447,1317,517,1402,-70,-85
39083,2015,751,2157,601,1729,150,428
39083,2016,1057,3194,852,2444,205,750
39083,2017,797,2361,651,1824,146,537
39083,2018,719,2091,694,2008,25,83
39083,2019,866,2570,710,2065,156,505
39083,2020,860,2443,764,2134,96,309
39083,2021,835,2323,726,1985,109,338
39085,2011,3306,8921,3282,8644,24,277
39085,2012,3536,9553,3547,9427,-11,126
39085,2013,3082,8249,3139,8325,-57,-76
39085,2014,2398,6306,2194,5717,204,589
39085,2015,3496,9188,3133,8271,363,917
39085,2016,4828,12979,4231,11384,597,1595
39085,2017,3667,9817,3256,8447,411,1370
39085,2018,3620,9320,3179,8428,441,892
39085,2019,3885,10299,3375,9024,510,1275
39085,2020,3831,9824,3416,8973,415,851
39085,2021,3809,9723,3445,8746,364,977
39087,2011,616,1840,645,1969,-29,-129
39087,2012,686,2049,602,1807,84,242
39087,2013,496,1504,523,1621,-27,-117
39087,2014,459,1381,464,1375,-5,6
39087,2015,537,1598,549,1599,-12,-1
39087,2016,755,2253,622,1865,133,388
39087,2017,613,1850,531,1595,82,255
39087,2018,559,1629,511,1505,48,124
39087,2019,615,1821,595,1807,20,14
39087,2020,652,1877,658,1897,-6,-20
39087,2021,605,1709,542,1578,63,131
39089,2011,3045,9025,2758,7851,287,1174
39089,2012,3099,9066,2818,8039,281,1027
39089,2013,2735,8040,2508,7144,227,896
39089,2014,1906,5502,1799,4964,107,538
39089,2015,3095,9157,2594,7201,501,1956
39089,2016,4657,13796,3918,11223,739,2573
39089,2017,3267,9696,2772,7871,495,1825
39089,2018,3225,9361,2918,8242,307,1119
39089,2019,3731,11258,3044,8807,687,2451
39089,2020,3790,10885,3021,8331,769,2554
39089,2021,3740,10621,3099,8389,641,2232
39091,2011,624,1786,621,1761,3,25
39091,2012,658,1943,683,1916,-25,27
39091,2013,622,1770,631,1814,-9,-44
39091,2014,485,1314,505,1422,-20,-108
39091,2015,657,1896,737,2174,-80,-278
39091,2016,1008,2892,920,2637,88,255
39091,2017,810,2278,653,1819,157,459
39091,2018,684,1912,725,2021,-41,-109
39091,2019,780,2270,751,2129,29,141
39091,2020,847,2363,786,2141,61,222
39091,2021,774,2153,742,2022,32,131
39093,2011,3949,11209,3904,10654,45,555
39093,2012,4362,12325,4114,11213,248,1112
39093,2013,3840,10843,3463,9401,377,1442
39093,2014,2602,7364,2629,6899,-27,465
39093,2015,4036,11288,3546,9509,490,1779
39093,2016,6189,17539,5199,14283,990,3256
39093,2017,4492,12535,3789,10140,703,2395
39093,2018,4404,12265,3784,10107,620,2158
39093,2019,5181,14794,4029,10853,1152,3941
39093,2020,5509,14943,4147,10890,1362,4053
39093,2021,5133,13841,4013,10263,1120,3578
39095,2011,4934,13639,6144,17110,-1210,-3471
39095,2012,5258,14559,6188,17304,-930,-2745
39095,2013,4142,11312,5266,14698,-1124,-3386
39095,2014,3273,8846,3602,9547,-329,-701
39095,2015,4598,12464,5385,14917,-787,-2453
39095,2016,6077,16629,7553,21063,-1476,-4434
39095,2017,4913,13140,5347,14762,-434,-1622
39095,2018,4721,12634,5119,13932,-398,-1298
39095,2019,4879,13305,5322,14867,-443,-1562
39095,2020,4978,13010,5759,15382,-781,-2372
39095,2021,5193,13340,5723,14915,-530,-1575
39097,2011,773,2351,828,2466,-55,-115
39097,2012,917,2835,795,2351,122,484
39097,2013,865,2644,782,2316,83,328
39097,2014,608,1852,634,1792,-26,60
39097,2015,892,2658,897,2585,-5,73
39097,2016,1404,4229,1145,3280,259,949
39097,2017,1019,3003,821,2436,198,567
39097,2018,933,2776,899,2524,34,252
39097,2019,993,2984,859,2468,134,516
39097,2020,1207,3339,925,2487,282,852
39097,2021,1032,2983,825,2243,207,740
39099,2011,2827,7891,3096,8612,-269,-721
39099,2012,2887,8089,3117,8652,-230,-563
39099,2013,2499,7046,2589,7073,-90,-27
39099,2014,1786,4868,1928,5118,-142,-250
39099,2015,2563,7039,2732,7546,-169,-507
39099,2016,3432,9564,3820,10505,-388,-941
39099,2017,2557,7155,2903,7858,-346,-703
39099,2018,2543,6970,2930,7919,-387,-949
39099,2019,2895,8098,2895,8070,0,28
39099,2020,3171,8553,3007,7907,164,646
39099,2021,2879,7649,2999,7715,-120,-66
39101,2011,621,1799,710,2136,-89,-337
39101,2012,665,2001,737,2179,-72,-178
39101,2013,572,1735,714,2019,-142,-284
39101,2014,449,1271,499,1380,-50,-109
39101,2015,613,1812,688,1927,-75,-115
39101,2016,909,2663,864,2519,45,144
39101,2017,696,1977,646,1799,50,178
39101,2018,699,2026,725,2001,-26,25
39101,2019,668,1905,717,2001,-49,-96
39101,2020,952,2582,774,2080,178,502
39101,2021,852,2329,767,2103,85,226
39103,2011,3234,9090,2870,7836,364,1254
39103,2012,3589,10053,3151,8500,438,1553
39103,2013,3140,8726,2689,7187,451,1539
39103,2014,2113,5872,2138,5485,-25,387
39103,2015,3383,9472,3121,8133,262,1339
39103,2016,5208,14628,4263,11335,945,3293
39103,2017,3614,9939,3197,8378,417,1561
39103,2018,3505,9563,3049,7937,456,1626
39103,2019,3725,10414,3346,8874,379,1540
39103,2020,3638,9961,3137,7988,501,1973
39103,2021,3546,9390,3366,8560,180,830
39105,2011,204,632,236,724,-32,-92
39105,2012,225,710,221,648,4,62
39105,2013,170,535,171,558,-1,-23
39105,2014,143,427,119,367,24,60
39105,2015,163,474,175,552,-12,-78
39105,2016,253,801,249,724,4,77
39105,2017,158,468,188,561,-30,-93
39105,2018,189,554,168,506,21,48
39105,2019,206,640,221,628,-15,12
39105,2020,232,677,189,527,43,150
39105,2021,177,526,207,574,-30,-48
39107,2011,313,947,397,1150,-84,-203
39107,2012,389,1141,436,1242,-47,-101
39107,2013,333,972,341,1001,-8,-29
39107,2014,186,553,236,640,-50,-87
39107,2015,349,951,341,959,8,-8
39107,2016,466,1289,488,1361,-22,-72
39107,2017,386,1047,385,1084,1,-37
39107,2018,374,1036,377,1033,-3,3
39107,2019,350,1036,403,1124,-53,-88
39107,2020,354,1005,390,1062,-36,-57
39107,2021,357,947,408,1059,-51,-112
39109,2011,1691,5005,1541,4311,150,694
39109,2012,1818,5291,1616,4567,202,724
39109,2013,1614,4707,1431,4020,183,687
39109,2014,1119,3162,1133,3098,-14,64
39109,2015,1711,4943,1573,4343,138,600
39109,2016,2419,7134,2087,5845,332,1289
39109,2017,1893,5536,1627,4442,266,1094
39109,2018,1761,5019,1581,4343,180,676
39109,2019,2011,6033,1836,5235,175,798
39109,2020,1994,5682,1683,4568,311,1114
39109,2021,2030,5643,1697,4524,333,1119
39111,2011,143,447,236,701,-93,-254
39111,2012,102,297,141,401,-39,-104
39111,2013,64,195,100,300,-36,-105
39111,2014,65,190,40,124,25,66
39111,2015,30,92,108,317,-78,-225
39111,2016,91,277,93,282,-2,-5
39111,2017,38,124,96,272,-58,-148
39111,2018,54,186,76,230,-22,-44
39111,2019,74,229,78,219,-4,10
39111,2020,76,207,74,214,2,-7
39111,2021,73,204,73,187,0,17
39113,2011,8384,23607,9508,26952,-1124,-3345
39113,2012,8813,24602,9685,27717,-872,-3115
39113,2013,7160,19847,8020,22726,-860,-2879
39113,2014,4987,13470,5661,15610,-674,-2140
39113,2015,7749,21178,8420,23577,-671,-2399
39113,2016,10979,30491,11969,34381,-990,-3890
39113,2017,8130,22246,8949,25129,-819,-2883
39113,2018,8096,22082,8589,23746,-493,-1664
39113,2019,8977,24743,9597,27599,-620,-2856
39113,2020,9094,24260,9526,25958,-432,-1698
39113,2021,8791,23342,9559,25524,-768,-2182
39115,2011,206,640,210,650,-4,-10
39115,2012,174,523,155,452,19,71
39115,2013,130,413,127,415,3,-2
39115,2014,117,346,72,214,45,132
39115,2015,127,373,148,448,-21,-75
39115,2016,207,614,201,626,6,-12
39115,2017,161,491,157,461,4,30
39115,2018,105,297,127,345,-22,-48
39115,2019,130,411,174,536,-44,-125
39115,2020,184,530,126,343,58,187
39115,2021,180,502,143,379,37,123
39117,2011,652,1947,599,1754,53,193
39117,2012,716,2209,691,2009,25,200
39117,2013,783,2338,582,1715,201,623
39117,2014,480,1449,490,1388,-10,61
39117,2015,725,2140,653,1858,72,282
39117,2016,1025,3043,841,2471,184,572
39117,2017,792,2326,639,1848,153,478
39117,2018,759,2233,647,1860,112,373
39117,2019,854,2569,685,1967,169,602
39117,2020,810,2365,670,1899,140,466
39117,2021,810,2305,663,1832,147,473
39119,2011,867,2537,927,2658,-60,-121
39119,2012,891,2604,975,2756,-84,-152
39119,2013,749,2262,784,2209,-35,53
39119,2014,621,1847,573,1617,48,230
39119,2015,768,2231,910,2630,-142,-399
39119,2016,1112,3305,1022,2905,90,400
39119,2017,845,2457,854,2452,-9,5
39119,2018,876,2538,852,2372,24,166
39119,2019,983,2899,889,2652,94,247
39119,2020,935,2664,952,2639,-17,25
39119,2021,971,2726,931,2516,40,210
39121,2011,160,492,196,600,-36,-108
39121,2012,134,429,146,430,-12,-1
39121,2013,89,268,97,273,-8,-5
39121,2014,63,186,48,149,15,37
39121,2015,129,379,105,296,24,83
39121,2016,144,432,123,361,21,71
39121,2017,80,260,114,337,-34,-77
39121,2018,121,368,75,229,46,139
39121,2019,96,262,108,312,-12,-50
39121,2020,152,431,101,283,51,148
39121,2021,87,254,148,374,-61,-120
39123,2011,646,1848,659,1794,-13,54
39123,2012,730,2092,682,1840,48,252
39123,2013,633,1773,570,1563,63,210
39123,2014,407,1070,472,1240,-65,-170
39123,2015,646,1765,619,1665,27,100
39123,2016,1011,2915,821,2226,190,689
39123,2017,728,2061,640,1728,88,333
39123,2018,638,1825,683,1783,-45,42
39123,2019,742,2026,699,1885,43,141
39123,2020,734,1966,715,1874,19,92
39123,2021,791,2066,751,1981,40,85
39125,2011,219,643,287,890,-68,-247
39125,2012,274,838,276,857,-2,-19
39125,2013,186,583,270,803,-84,-220
39125,2014,185,552,178,515,7,37
39125,2015,208,592,260,724,-52,-132
39125,2016,314,984,325,906,-11,78
39125,2017,262,742,251,745,11,-3
39125,2018,191,571,253,726,-62,-155
39125,2019,239,752,271,784,-32,-32
39125,2020,230,653,282,817,-52,-164
39125,2021,208,592,242,651,-34,-59
39127,2011,607,1805,561,1705,46,100
39127,2012,566,1726,622,1832,-56,-106
39127,2013,600,1798,594,1756,6,42
39127,2014,398,1182,485,1466,-87,-284
39127,2015,612,1857,582,1726,30,131
39127,2016,827,2577,788,2273,39,304
39127,2017,661,1995,625,1842,36,153
39127,2018,565,1708,645,1823,-80,-115
39127,2019,680,2114,621,1832,59,282
39127,2020,629,1858,587,1661,42,197
39127,2021,669,1912,604,1727,65,185
39129,2011,1024,3124,1007,2962,17,162
39129,2012,1119,3423,1030,3046,89,377
39129,2013,1040,3141,887,2582,153,559
39129,2014,748,2198,748,2070,0,128
39129,2015,1197,3594,1059,3024,138,570
39129,2016,1680,5139,1380,4092,300,1047
39129,2017,1328,3980,1045,3019,283,961
39129,2018,1290,3846,1010,2943,280,903
39129,2019,1364,4089,1173,3491,191,598
39129,2020,1637,4706,1075,2949,562,1757
39129,2021,1485,4284,1141,3097,344,1187
39131,2011,383,1223,381,1196,2,27
39131,2012,332,1087,386,1208,-54,-121
39131,2013,273,867,324,1011,-51,-144
39131,2014,257,785,215,640,42,145
39131,2015,302,950,352,1030,-50,-80
39131,2016,428,1347,358,1057,70,290
39131,2017,298,893,350,1066,-52,-173
39131,2018,311,973,313,940,-2,33
39131,2019,344,1078,342,1023,2,55
39131,2020,362,1068,316,919,46,149
39131,2021,371,1094,318,921,53,173
39133,2011,2832,7807,3340,8918,-508,-1111
39133,2012,3369,9302,3296,8779,73,523
39133,2013,2771,7684,2982,7856,-211,-172
39133,2014,2131,5702,2243,5820,-112,-118
39133,2015,3131,8547,3378,8793,-247,-246
39133,2016,4282,12059,4526,11974,-244,85
39133,2017,3303,9115,3413,8968,-110,147
39133,2018,3273,8825,3418,8853,-145,-28
39133,2019,3681,10343,3492,9319,189,1024
39133,2020,3536,9513,3302,8505,234,1008
39133,2021,3522,9335,3376,8482,146,853
39135,2011,613,1766,598,1697,15,69
39135,2012,599,1786,670,1895,-71,-109
39135,2013,543,1617,597,1705,-54,-88
39135,2014,372,1020,457,1278,-85,-258
39135,2015,572,1681,551,1556,21,125
39135,2016,825,2482,776,2245,49,237
39135,2017,546,1594,570,1615,-24,-21
39135,2018,580,1639,528,1521,52,118
39135,2019,676,2099,611,1728,65,371
39135,2020,667,1926,581,1602,86,324
39135,2021,585,1704,612,1708,-27,-4
39137,2011,286,817,367,1036,-81,-219
39137,2012,324,968,367,1027,-43,-59
39137,2013,230,724,292,814,-62,-90
39137,2014,188,532,186,519,2,13
39137,2015,269,782,326,886,-57,-104
39137,2016,389,1136,408,1174,-19,-38
39137,2017,269,760,306,840,-37,-80
39137,2018,249,680,306,800,-57,-120
39137,2019,242,701,296,865,-54,-164
39137,2020,266,752,318,862,-52,-110
39137,2021,289,794,333,903,-44,-109
39139,2011,1326,3947,1315,3817,11,130
39139,2012,1360,3982,1477,4201,-117,-219
39139,2013,1333,3812,1496,4273,-163,-461
39139,2014,854,2429,874,2411,-20,18
39139,2015,1239,3580,1275,3575,-36,5
39139,2016,1835,5411,1772,5030,63,381
39139,2017,1483,4218,1332,3679,151,539
39139,2018,1410,4024,1309,3637,101,387
39139,2019,1520,4465,1341,3870,179,595
39139,2020,1818,4991,1393,3836,425,1155
39139,2021,1584,4325,1558,4132,26,193
39141,2011,884,2646,869,2607,15,39
39141,2012,909,2701,926,2809,-17,-108
39141,2013,737,2214,793,2305,-56,-91
39141,2014,583,1687,572,1658,11,29
39141,2015,834,2429,810,2349,24,80
39141,2016,1096,3248,1038,3048,58,200
39141,2017,856,2525,793,2243,63,282
39141,2018,891,2640,779,2285,112,355
39141,2019,927,2683,904,2638,23,45
39141,2020,1106,3063,892,2473,214,590
39141,2021,1057,2976,852,2347,205,629
39143,2011,824,2330,811,2334,13,-4
39143,2012,842,2444,863,2429,-21,15
39143,2013,713,2048,801,2234,-88,-186
39143,2014,562,1560,622,1771,-60,-211
39143,2015,872,2429,905,2546,-33,-117
39143,2016,1160,3310,1114,3191,46,119
39143,2017,889,2459,966,2686,-77,-227
39143,2018,840,2362,804,2221,36,141
39143,2019,862,2460,910,2584,-48,-124
39143,2020,917,2487,879,2352,38,135
39143,2021,914,2493,864,2243,50,250
39145,2011,484,1487,695,2213,-211,-726
39145,2012,496,1644,521,1554,-25,90
39145,2013,355,1152,383,1145,-28,7
39145,2014,212,620,332,952,-120,-332
39145,2015,388,1187,411,1206,-23,-19
39145,2016,533,1604,565,1672,-32,-68
39145,2017,439,1327,428,1209,11,118
39145,2018,390,1142,431,1276,-41,-134
39145,2019,449,1361,485,1396,-36,-35
39145,2020,504,1403,563,1559,-59,-156
39145,2021,517,1466,506,1414,11,52
39147,2011,749,2124,885,2570,-136,-446
39147,2012,809,2339,840,2352,-31,-13
39147,2013,687,1978,784,2246,-97,-268
39147,2014,567,1645,596,1663,-29,-18
39147,2015,788,2295,862,2405,-74,-110
39147,2016,937,2722,1083,3032,-146,-310
39147,2017,754,2134,865,2383,-111,-249
39147,2018,768,2173,767,2159,1,14
39147,2019,788,2314,840,2438,-52,-124
39147,2020,817,2235,810,2217,7,18
39147,2021,725,1992,859,2273,-134,-281
39149,2011,601,1749,586,1747,15,2
39149,2012,597,1720,681,2012,-84,-292
39149,2013,577,1680,645,1879,-68,-199
39149,2014,450,1282,508,1436,-58,-154
39149,2015,566,1621,698,1975,-132,-354
39149,2016,810,2346,798,2287,12,59
39149,2017,612,1766,665,1866,-53,-100
39149,2018,594,1662,644,1786,-50,-124
39149,2019,589,1759,685,2055,-96,-296
39149,2020,677,1930,687,1883,-10,47
39149,2021,595,1608,730,1940,-135,-332
39151,2011,4389,12297,4324,12097,65,200
39151,2012,4616,13002,4684,12872,-68,130
39151,2013,3924,10995,4006,10912,-82,83
39151,2014,2735,7517,2893,7777,-158,-260
39151,2015,3937,10979,4373,11785,-436,-806
39151,2016,5584,15597,5973,16358,-389,-761
39151,2017,4275,11857,4298,11565,-23,292
39151,2018,4152,11370,4172,11095,-20,275
39151,2019,4514,12690,4599,12598,-85,92
39151,2020,4619,12493,4379,11550,240,943
39151,2021,4611,12279,4541,11699,70,580
39153,2011,8375,22664,8882,24046,-507,-1382
39153,2012,9081,24671,9501,25849,-420,-1178
39153,2013,7422,20056,8129,22086,-707,-2030
39153,2014,5501,14407,5652,14959,-151,-552
39153,2015,8240,21910,8679,23305,-439,-1395
39153,2016,11721,31644,12152,32912,-431,-1268
39153,2017,8772,23225,8908,23749,-136,-524
39153,2018,8286,21738,8966,23604,-680,-1866
39153,2019,8978,24021,9677,26328,-699,-2307
39153,2020,9397,24056,9638,25155,-241,-1099
39153,2021,9255,23681,9527,24516,-272,-835
39155,2011,2236,6365,2506,7059,-270,-694
39155,2012,2331,6571,2532,7107,-201,-536
39155,2013,1945,5475,2096,5831,-151,-356
39155,2014,1543,4267,1606,4313,-63,-46
39155,2015,2122,6105,2228,6086,-106,19
39155,2016,2884,8155,2997,8251,-113,-96
39155,2017,2345,6461,2251,6198,94,263
39155,2018,2266,6330,2456,6673,-190,-343
39155,2019,2461,7073,2477,6831,-16,242
39155,2020,2742,7348,2479,6623,263,725
39155,2021,2575,6974,2495,6421,80,553
39157,2011,928,2781,1005,2960,-77,-179
39157,2012,896,2712,1026,3008,-130,-296
39157,2013,835,2511,945,2789,-110,-278
39157,2014,648,1904,778,2246,-130,-342
39157,2015,940,2701,991,2858,-51,-157
39157,2016,1221,3603,1314,3717,-93,-114
39157,2017,918,2607,1002,2897,-84,-290
39157,2018,864,2458,1042,2955,-178,-497
39157,2019,946,2834,1116,3366,-170,-532
39157,2020,965,2739,1097,3075,-132,-336
39157,2021,960,2653,1079,2996,-119,-343
39159,2011,1045,3235,879,2523,166,712
39159,2012,1045,3135,930,2702,115,433
39159,2013,937,2833,899,2592,38,241
39159,2014,729,2251,648,1766,81,485
39159,2015,1216,3786,972,2768,244,1018
39159,2016,1915,6076,1380,3981,535,2095
39159,2017,1299,3956,1108,3156,191,800
39159,2018,1357,4159,1003,2821,354,1338
39159,2019,1648,5052,1164,3354,484,1698
39159,2020,1920,5623,1118,3150,802,2473
39159,2021,1845,5539,1071,2922,774,2617
39161,2011,313,957,350,1022,-37,-65
39161,2012,383,1141,378,1128,5,13
39161,2013,290,882,347,1039,-57,-157
39161,2014,171,482,242,690,-71,-208
39161,2015,351,1018,365,1023,-14,-5
39161,2016,467,1401,442,1321,25,80
39161,2017,339,1011,361,1005,-22,6
39161,2018,345,952,364,1063,-19,-111
39161,2019,401,1170,337,979,64,191
39161,2020,384,1092,352,982,32,110
39161,2021,337,904,287,778,50,126
39163,2011,186,589,165,501,21,88
39163,2012,179,585,202,645,-23,-60
39163,2013,123,369,159,487,-36,-118
39163,2014,64,199,134,405,-70,-206
39163,2015,139,435,143,442,-4,-7
39163,2016,231,737,185,546,46,191
39163,2017,117,371,128,398,-11,-27
39163,2018,126,399,145,411,-19,-12
39163,2019,170,523,133,398,37,125
39163,2020,143,411,144,440,-1,-29
39163,2021,164,480,176,510,-12,-30
39165,2011,5534,16305,4809,13980,725,2325
39165,2012,5620,16608,5283,15331,337,1277
39165,2013,5215,15396,4551,12897,664,2499
39165,2014,3533,10100,3279,9008,254,1092
39165,2015,5424,15719,4914,13858,510,1861
39165,2016,7927,23989,6928,19654,999,4335
39165,2017,5851,17109,4959,13808,892,3301
39165,2018,5776,16647,5143,14245,633,2402
39165,2019,6602,19723,5213,14559,1389,5164
39165,2020,6635,18962,5376,14717,1259,4245
39165,2021,5951,17071,5666,14924,285,2147
39167,2011,759,2270,653,1870,106,400
39167,2012,600,1712,603,1745,-3,-33
39167,2013,509,1477,480,1354,29,123
39167,2014,341,934,419,1149,-78,-215
39167,2015,604,1704,487,1383,117,321
39167,2016,734,2121,707,2037,27,84
39167,2017,527,1487,482,1373,45,114
39167,2018,560,1619,496,1356,64,263
39167,2019,606,1790,565,1619,41,171
39167,2020,531,1412,568,1584,-37,-172
39167,2021,552,1514,539,1454,13,60
39169,2011,1274,3717,1419,3976,-145,-259
39169,2012,1396,3967,1448,4103,-52,-136
39169,2013,1297,3698,1270,3601,27,97
39169,2014,919,2529,1019,2813,-100,-284
39169,2015,1361,3816,1354,3819,7,-3
39169,2016,1845,5263,1965,5643,-120,-380
39169,2017,1338,3725,1496,4130,-158,-405
39169,2018,1355,3849,1462,3882,-107,-33
39169,2019,1521,4392,1498,4326,23,66
39169,2020,1491,4056,1454,4014,37,42
39169,2021,1431,3909,1494,4039,-63,-130
39171,2011,358,998,436,1278,-78,-280
39171,2012,410,1205,405,1174,5,31
39171,2013,316,900,374,1088,-58,-188
39171,2014,232,670,284,769,-52,-99
39171,2015,369,1062,406,1171,-37,-109
39171,2016,537,1543,560,1561,-23,-18
39171,2017,414,1158,437,1187,-23,-29
39171,2018,394,1117,407,1191,-13,-74
39171,2019,408,1139,390,1133,18,6
39171,2020,389,1066,422,1206,-33,-140
39171,2021,439,1246,472,1264,-33,-18
39173,2011,2694,7481,2598,7146,96,335
39173,2012,2759,7671,2943,8061,-184,-390
39173,2013,2400,6771,2537,6931,-137,-160
39173,2014,1811,4840,1840,4926,-29,-86
39173,2015,2627,7310,2789,7347,-162,-37
39173,2016,3620,10030,3847,10482,-227,-452
39173,2017,2749,7571,2861,7616,-112,-45
39173,2018,2659,7171,2693,7099,-34,72
39173,2019,2734,7563,2905,7816,-171,-253
39173,2020,2852,7569,2829,7256,23,313
39173,2021,2720,7079,2821,7171,-101,-92
39175,2011,326,953,338,974,-12,-21
39175,2012,340,1002,369,1049,-29,-47
39175,2013,285,852,307,910,-22,-58
39175,2014,218,611,309,889,-91,-278
39175,2015,309,866,325,931,-16,-65
39175,2016,389,1092,396,1133,-7,-41
39175,2017,324,948,348,963,-24,-15
39175,2018,277,798,299,836,-22,-38
39175,2019,302,880,316,914,-14,-34
39175,2020,298,843,325,846,-27,-3
39175,2021,303,838,307,822,-4,16
40001,2011,269,926,364,1251,-95,-325
40001,2012,223,800,271,939,-48,-139
40001,2013,163,515,230,805,-67,-290
40001,2014,170,554,223,699,-53,-145
40001,2015,203,675,199,692,4,-17
40001,2016,261,845,276,889,-15,-44
40001,2017,225,746,270,865,-45,-119
40001,2018,224,819,195,623,29,196
40001,2019,261,920,272,969,-11,-49
40001,2020,221,739,228,737,-7,2
40001,2021,263,845,216,694,47,151
40003,2011,37,129,81,233,-44,-104
40003,2012,42,124,62,203,-20,-79
40003,2013,24,79,31,77,-7,2
40003,2015,47,141,59,183,-12,-42
40003,2016,30,90,50,159,-20,-69
40003,2019,47,177,26,83,21,94
40003,2020,69,187,20,54,49,133
40003,2021,20,55,22,62,-2,-7
40005,2011,183,624,336,1141,-153,-517
40005,2012,150,492,152,487,-2,5
40005,2013,103,336,71,240,32,96
40005,2014,52,174,72,201,-20,-27
40005,2015,78,261,74,256,4,5
40005,2016,107,350,90,308,17,42
40005,2017,91,317,85,289,6,28
40005,2018,84,275,109,367,-25,-92
40005,2019,103,350,98,319,5,31
40005,2020,106,318,52,162,54,156
40005,2021,107,340,125,375,-18,-35
40007,2011,48,172,49,165,-1,7
40007,2012,42,155,42,139,0,16
40007,2013,36,114,27,96,9,18
40007,2014,27,107,30,91,-3,16
40007,2015,59,217,28,95,31,122
40007,2016,49,165,26,85,23,80
40007,2017,45,166,26,92,19,74
40007,2018,35,118,22,82,13,36
40007,2019,43,138,27,94,16,44
40007,2020,34,122,51,151,-17,-29
40007,2021,33,95,NA,NA,NA,NA
40009,2011,335,1123,333,1073,2,50
40009,2012,288,934,335,1091,-47,-157
40009,2013,214,671,213,706,1,-35
40009,2014,129,395,165,499,-36,-104
40009,2015,175,516,268,883,-93,-367
40009,2016,227,735,273,900,-46,-165
40009,2017,159,516,195,600,-36,-84
40009,2018,142,437,220,643,-78,-206
40009,2019,123,368,230,756,-107,-388
40009,2020,232,699,244,716,-12,-17
40009,2021,173,497,237,690,-64,-193
40011,2011,131,425,131,409,0,16
40011,2012,116,370,134,399,-18,-29
40011,2013,65,215,73,236,-8,-21
40011,2014,21,63,72,225,-51,-162
40011,2015,46,155,69,211,-23,-56
40011,2016,54,182,104,338,-50,-156
40011,2017,22,83,66,209,-44,-126
40011,2018,43,144,110,354,-67,-210
40011,2019,20,62,68,217,-48,-155
40011,2020,44,146,72,193,-28,-47
40011,2021,48,141,67,214,-19,-73
40013,2011,770,2438,633,1901,137,537
40013,2012,624,1972,563,1696,61,276
40013,2013,485,1484,468,1423,17,61
40013,2014,370,1073,371,1083,-1,-10
40013,2015,523,1598,493,1480,30,118
40013,2016,755,2328,557,1745,198,583
40013,2017,586,1774,521,1566,65,208
40013,2018,637,1877,495,1469,142,408
40013,2019,715,2246,501,1559,214,687
40013,2020,731,2133,483,1436,248,697
40013,2021,789,2288,487,1412,302,876
40015,2011,453,1457,497,1618,-44,-161
40015,2012,375,1242,447,1418,-72,-176
40015,2013,257,888,366,1210,-109,-322
40015,2014,220,724,307,931,-87,-207
40015,2015,333,1079,324,1033,9,46
40015,2016,411,1311,419,1351,-8,-40
40015,2017,287,933,373,1171,-86,-238
40015,2018,249,840,358,1142,-109,-302
40015,2019,346,1101,366,1191,-20,-90
40015,2020,317,983,366,1116,-49,-133
40015,2021,327,988,358,1100,-31,-112
40017,2011,3336,10284,2664,8138,672,2146
40017,2012,3533,11045,2852,8699,681,2346
40017,2013,3276,10148,2581,7889,695,2259
40017,2014,2425,7352,2036,5798,389,1554
40017,2015,3585,11096,2720,8182,865,2914
40017,2016,5087,16061,3665,11329,1422,4732
40017,2017,3847,11915,2972,8893,875,3022
40017,2018,3732,11423,3013,8993,719,2430
40017,2019,4948,15414,3303,10172,1645,5242
40017,2020,5475,16361,3312,9846,2163,6515
40017,2021,5292,15607,3455,10050,1837,5557
40019,2011,605,1893,628,1912,-23,-19
40019,2012,627,2021,665,2034,-38,-13
40019,2013,535,1655,596,1827,-61,-172
40019,2014,408,1211,437,1309,-29,-98
40019,2015,488,1484,581,1786,-93,-302
40019,2016,594,1857,753,2335,-159,-478
40019,2017,581,1795,496,1559,85,236
40019,2018,529,1593,469,1468,60,125
40019,2019,590,1819,541,1640,49,179
40019,2020,573,1707,613,1794,-40,-87
40019,2021,591,1730,520,1513,71,217
40021,2011,709,2331,707,2258,2,73
40021,2012,696,2232,772,2419,-76,-187
40021,2013,510,1643,577,1786,-67,-143
40021,2014,468,1444,518,1585,-50,-141
40021,2015,552,1751,574,1744,-22,7
40021,2016,693,2212,780,2418,-87,-206
40021,2017,596,1826,584,1795,12,31
40021,2018,483,1466,655,1984,-172,-518
40021,2019,566,1837,696,2111,-130,-274
40021,2020,651,1975,602,1752,49,223
40021,2021,578,1660,650,1887,-72,-227
40023,2011,177,512,255,777,-78,-265
40023,2012,162,527,156,519,6,8
40023,2013,131,437,97,306,34,131
40023,2014,100,315,123,397,-23,-82
40023,2015,116,431,131,439,-15,-8
40023,2016,149,492,157,539,-8,-47
40023,2017,123,399,139,466,-16,-67
40023,2018,134,406,139,462,-5,-56
40023,2019,135,444,170,548,-35,-104
40023,2020,141,420,101,318,40,102
40023,2021,136,444,134,414,2,30
40025,2011,10,35,12,42,-2,-7
40027,2011,7703,23453,6878,20236,825,3217
40027,2012,7303,21693,7464,22181,-161,-488
40027,2013,6185,18118,6591,19982,-406,-1864
40027,2014,4833,14035,4411,12610,422,1425
40027,2015,6487,19065,6063,17536,424,1529
40027,2016,8086,23943,8595,25053,-509,-1110
40027,2017,6603,19429,6314,18142,289,1287
40027,2018,6439,18929,6424,18256,15,673
40027,2019,7045,21019,6920,20307,125,712
40027,2020,7340,21023,7060,19908,280,1115
40027,2021,6968,19649,6912,19265,56,384
40029,2011,71,250,52,184,19,66
40029,2012,74,238,67,237,7,1
40029,2013,48,180,58,200,-10,-20
40029,2014,21,65,64,224,-43,-159
40029,2015,56,191,50,160,6,31
40029,2016,60,204,72,230,-12,-26
40029,2017,51,190,67,231,-16,-41
40029,2018,41,141,57,182,-16,-41
40029,2019,62,181,68,216,-6,-35
40029,2020,30,86,61,185,-31,-99
40029,2021,67,199,65,197,2,2
40031,2011,2249,7577,2845,9723,-596,-2146
40031,2012,2092,7161,2731,9250,-639,-2089
40031,2013,1558,5308,1972,6520,-414,-1212
40031,2014,1146,3648,1444,4558,-298,-910
40031,2015,1650,5591,2196,7377,-546,-1786
40031,2016,2307,8062,2678,9304,-371,-1242
40031,2017,1630,5474,2016,6513,-386,-1039
40031,2018,1435,4852,1752,5627,-317,-775
40031,2019,1804,6218,1866,6205,-62,13
40031,2020,1927,6235,1934,6121,-7,114
40031,2021,1745,5465,1938,6127,-193,-662
40033,2011,80,258,102,313,-22,-55
40033,2012,94,301,79,260,15,41
40033,2013,67,197,85,258,-18,-61
40033,2014,44,137,48,158,-4,-21
40033,2015,58,202,62,188,-4,14
40033,2016,82,268,90,323,-8,-55
40033,2017,30,98,34,104,-4,-6
40033,2018,32,112,65,211,-33,-99
40033,2019,58,214,58,192,0,22
40033,2020,67,203,41,125,26,78
40033,2021,74,238,40,114,34,124
40035,2011,176,604,229,719,-53,-115
40035,2012,192,595,183,578,9,17
40035,2013,162,520,200,622,-38,-102
40035,2014,123,429,146,453,-23,-24
40035,2015,166,515,208,647,-42,-132
40035,2016,207,638,220,686,-13,-48
40035,2017,215,648,184,567,31,81
40035,2018,178,541,215,653,-37,-112
40035,2019,186,600,191,585,-5,15
40035,2020,199,650,211,619,-12,31
40035,2021,196,607,219,659,-23,-52
40037,2011,1712,5521,1789,5842,-77,-321
40037,2012,1513,4831,2025,6610,-512,-1779
40037,2013,1501,4766,1434,4503,67,263
40037,2014,1131,3615,1186,3652,-55,-37
40037,2015,1496,4781,1371,4222,125,559
40037,2016,1919,6290,1637,5212,282,1078
40037,2017,1413,4393,1477,4697,-64,-304
40037,2018,1396,4537,1458,4550,-62,-13
40037,2019,1717,5415,1516,4724,201,691
40037,2020,1693,5147,1552,4729,141,418
40037,2021,1630,4953,1530,4506,100,447
40039,2011,550,1645,505,1480,45,165
40039,2012,468,1453,568,1678,-100,-225
40039,2013,311,976,474,1391,-163,-415
40039,2014,232,684,309,904,-77,-220
40039,2015,284,876,436,1235,-152,-359
40039,2016,315,1001,513,1485,-198,-484
40039,2017,276,823,405,1207,-129,-384
40039,2018,309,932,410,1186,-101,-254
40039,2019,253,722,487,1421,-234,-699
40039,2020,271,830,457,1307,-186,-477
40039,2021,314,931,437,1198,-123,-267
40041,2011,770,2479,661,2100,109,379
40041,2012,707,2318,638,2036,69,282
40041,2013,658,2110,575,1862,83,248
40041,2014,418,1324,456,1443,-38,-119
40041,2015,619,1933,537,1738,82,195
40041,2016,929,3020,709,2271,220,749
40041,2017,694,2204,707,2184,-13,20
40041,2018,674,2137,598,1883,76,254
40041,2019,753,2337,703,2217,50,120
40041,2020,773,2284,724,2172,49,112
40041,2021,744,2237,682,1943,62,294
40043,2011,32,102,66,207,-34,-105
40043,2012,45,155,59,171,-14,-16
40043,2013,67,218,25,77,42,141
40043,2015,21,72,22,70,-1,2
40043,2016,23,78,25,77,-2,1
40043,2017,21,68,22,72,-1,-4
40043,2019,22,79,NA,NA,NA,NA
40045,2011,38,137,37,114,1,23
40045,2012,63,176,32,100,31,76
40045,2013,26,86,42,134,-16,-48
40045,2014,31,100,NA,NA,NA,NA
40045,2015,30,94,25,79,5,15
40045,2016,36,136,26,83,10,53
40045,2017,33,110,23,76,10,34
40045,2018,23,85,33,95,-10,-10
40045,2019,31,107,29,88,2,19
40045,2020,42,121,31,93,11,28
40047,2011,828,2469,1029,3126,-201,-657
40047,2012,818,2468,948,2816,-130,-348
40047,2013,538,1537,638,1880,-100,-343
40047,2014,387,1135,407,1249,-20,-114
40047,2015,526,1531,689,2076,-163,-545
40047,2016,663,1867,858,2733,-195,-866
40047,2017,462,1356,601,1830,-139,-474
40047,2018,429,1285,597,1747,-168,-462
40047,2019,467,1362,670,2051,-203,-689
40047,2020,473,1339,641,1833,-168,-494
40047,2021,535,1553,515,1467,20,86
40049,2011,380,1241,431,1368,-51,-127
40049,2012,397,1239,410,1301,-13,-62
40049,2013,358,1171,397,1249,-39,-78
40049,2014,263,839,347,1097,-84,-258
40049,2015,295,967,340,1076,-45,-109
40049,2016,413,1337,422,1347,-9,-10
40049,2017,322,991,375,1206,-53,-215
40049,2018,284,907,316,974,-32,-67
40049,2019,343,1111,372,1077,-29,34
40049,2020,368,1112,387,1141,-19,-29
40049,2021,383,1173,416,1259,-33,-86
40051,2011,1242,4140,1061,3384,181,756
40051,2012,1117,3589,959,2989,158,600
40051,2013,896,2962,1131,3592,-235,-630
40051,2014,817,2632,740,2211,77,421
40051,2015,976,3240,999,3062,-23,178
40051,2016,1269,4184,1096,3405,173,779
40051,2017,954,3044,925,2910,29,134
40051,2018,967,3145,909,2868,58,277
40051,2019,1068,3593,950,2928,118,665
40051,2020,1262,4013,909,2733,353,1280
40051,2021,1207,3757,964,2851,243,906
40053,2011,88,263,74,226,14,37
40053,2012,59,178,61,198,-2,-20
40053,2014,30,98,29,76,1,22
40053,2015,24,84,24,83,0,1
40053,2016,41,143,58,178,-17,-35
40053,2017,50,161,56,155,-6,6
40053,2018,40,115,31,98,9,17
40053,2019,24,95,30,97,-6,-2
40053,2020,20,60,38,144,-18,-84
40053,2021,23,77,36,99,-13,-22
40055,2011,35,117,46,161,-11,-44
40055,2012,45,150,29,96,16,54
40055,2013,24,84,26,81,-2,3
40055,2014,24,81,28,89,-4,-8
40055,2015,23,78,23,71,0,7
40055,2016,37,126,44,146,-7,-20
40055,2018,21,84,22,71,-1,13
40055,2019,26,92,29,103,-3,-11
40055,2020,26,83,24,79,2,4
40055,2021,73,195,29,92,44,103
40057,2011,17,55,22,81,-5,-26
40057,2012,14,39,14,49,0,-10
40059,2011,28,81,18,56,10,25
40059,2012,14,48,18,57,-4,-9
40059,2016,21,69,24,73,-3,-4
40059,2020,27,78,NA,NA,NA,NA
40061,2011,219,784,156,534,63,250
40061,2012,137,501,123,379,14,122
40061,2013,62,213,87,283,-25,-70
40061,2014,46,174,94,337,-48,-163
40061,2015,51,161,54,188,-3,-27
40061,2016,84,326,72,243,12,83
40061,2017,65,226,75,266,-10,-40
40061,2018,54,173,62,233,-8,-60
40061,2019,62,205,54,193,8,12
40061,2020,100,324,56,194,44,130
40061,2021,65,212,76,236,-11,-24
40063,2011,227,805,201,653,26,152
40063,2012,178,581,190,629,-12,-48
40063,2013,127,414,67,217,60,197
40063,2014,62,201,91,301,-29,-100
40063,2015,95,322,104,345,-9,-23
40063,2016,129,426,150,484,-21,-58
40063,2017,85,250,106,343,-21,-93
40063,2018,110,363,104,314,6,49
40063,2019,81,254,132,429,-51,-175
40063,2020,220,600,123,374,97,226
40063,2021,114,361,144,428,-30,-67
40065,2011,290,897,399,1271,-109,-374
40065,2012,286,885,407,1263,-121,-378
40065,2013,199,597,192,591,7,6
40065,2014,76,234,178,570,-102,-336
40065,2015,114,370,164,492,-50,-122
40065,2016,147,467,304,966,-157,-499
40065,2017,119,375,178,585,-59,-210
40065,2018,125,385,146,463,-21,-78
40065,2019,92,281,249,774,-157,-493
40065,2020,104,289,182,526,-78,-237
40065,2021,94,278,196,555,-102,-277
40067,2011,68,228,51,160,17,68
40067,2012,55,183,62,195,-7,-12
40067,2013,56,201,65,227,-9,-26
40067,2014,22,64,25,80,-3,-16
40067,2015,65,227,58,192,7,35
40067,2016,29,101,52,163,-23,-62
40067,2017,21,73,60,222,-39,-149
40067,2018,26,87,49,178,-23,-91
40067,2019,43,132,36,117,7,15
40067,2020,61,191,32,92,29,99
40067,2021,56,165,53,177,3,-12
40069,2011,175,595,177,574,-2,21
40069,2012,143,484,167,556,-24,-72
40069,2013,91,307,136,435,-45,-128
40069,2014,91,273,137,451,-46,-178
40069,2015,90,302,133,397,-43,-95
40069,2016,150,475,133,438,17,37
40069,2017,103,362,120,428,-17,-66
40069,2018,119,398,149,466,-30,-68
40069,2019,124,389,108,389,16,0
40069,2020,96,305,127,402,-31,-97
40069,2021,112,343,113,334,-1,9
40071,2011,509,1539,638,1929,-129,-390
40071,2012,505,1568,553,1705,-48,-137
40071,2013,366,1108,470,1468,-104,-360
40071,2014,319,996,362,1063,-43,-67
40071,2015,353,1042,468,1463,-115,-421
40071,2016,437,1369,697,2080,-260,-711
40071,2017,385,1182,424,1325,-39,-143
40071,2018,354,1059,451,1357,-97,-298
40071,2019,497,1525,482,1438,15,87
40071,2020,416,1207,498,1451,-82,-244
40071,2021,373,1059,359,988,14,71
40073,2011,233,763,307,953,-74,-190
40073,2012,188,616,229,696,-41,-80
40073,2013,170,532,207,619,-37,-87
40073,2014,114,357,155,485,-41,-128
40073,2015,131,387,187,560,-56,-173
40073,2016,213,697,225,701,-12,-4
40073,2017,161,582,199,598,-38,-16
40073,2018,125,392,202,619,-77,-227
40073,2019,189,605,205,648,-16,-43
40073,2020,181,585,173,535,8,50
40073,2021,197,632,184,562,13,70
40075,2011,77,256,103,315,-26,-59
40075,2012,136,440,120,377,16,63
40075,2013,40,123,48,170,-8,-47
40075,2014,22,64,58,189,-36,-125
40075,2015,20,59,21,67,-1,-8
40075,2016,41,115,88,271,-47,-156
40075,2017,20,67,22,71,-2,-4
40075,2020,21,60,NA,NA,NA,NA
40075,2021,20,60,49,142,-29,-82
40077,2011,106,353,172,590,-66,-237
40077,2012,116,374,168,550,-52,-176
40077,2013,95,328,98,321,-3,7
40077,2014,80,300,92,309,-12,-9
40077,2015,81,264,105,353,-24,-89
40077,2016,82,290,126,435,-44,-145
40077,2017,70,259,84,311,-14,-52
40077,2018,79,263,80,265,-1,-2
40077,2019,78,259,93,312,-15,-53
40077,2020,85,273,132,422,-47,-149
40077,2021,127,417,94,324,33,93
40079,2011,563,1843,512,1670,51,173
40079,2012,541,1770,573,1788,-32,-18
40079,2013,407,1361,440,1404,-33,-43
40079,2014,356,1185,425,1359,-69,-174
40079,2015,437,1415,447,1395,-10,20
40079,2016,502,1619,526,1662,-24,-43
40079,2017,425,1368,404,1239,21,129
40079,2018,412,1288,425,1318,-13,-30
40079,2019,451,1403,433,1356,18,47
40079,2020,487,1494,496,1517,-9,-23
40079,2021,473,1471,429,1272,44,199
40081,2011,933,3005,739,2376,194,629
40081,2012,601,1978,640,1953,-39,25
40081,2013,770,2512,526,1614,244,898
40081,2014,410,1314,437,1293,-27,21
40081,2015,573,1899,588,1922,-15,-23
40081,2016,796,2665,659,2137,137,528
40081,2017,629,2066,604,1948,25,118
40081,2018,610,1991,525,1594,85,397
40081,2019,647,2086,572,1916,75,170
40081,2020,676,2136,588,1786,88,350
40081,2021,681,2150,557,1656,124,494
40083,2011,1193,4077,989,3135,204,942
40083,2012,1041,3472,910,2873,131,599
40083,2013,940,3036,785,2505,155,531
40083,2014,667,2110,701,2072,-34,38
40083,2015,904,2937,838,2569,66,368
40083,2016,1268,4156,1046,3291,222,865
40083,2017,985,3122,853,2744,132,378
40083,2018,1001,3221,904,2758,97,463
40083,2019,1152,3920,953,3040,199,880
40083,2020,1220,3960,952,2978,268,982
40083,2021,1059,3358,942,2850,117,508
40085,2011,173,556,140,452,33,104
40085,2012,191,605,173,528,18,77
40085,2013,106,349,125,379,-19,-30
40085,2014,94,316,105,342,-11,-26
40085,2015,174,526,114,335,60,191
40085,2016,185,581,156,503,29,78
40085,2017,154,479,132,410,22,69
40085,2018,156,489,189,563,-33,-74
40085,2019,190,568,158,468,32,100
40085,2020,183,538,132,379,51,159
40085,2021,154,471,141,430,13,41
40087,2011,1118,3723,1162,3741,-44,-18
40087,2012,1104,3582,884,2851,220,731
40087,2013,1042,3470,866,2678,176,792
40087,2014,730,2366,672,2052,58,314
40087,2015,885,2973,808,2558,77,415
40087,2016,1373,4553,1069,3451,304,1102
40087,2017,979,3176,924,2812,55,364
40087,2018,994,3165,920,2864,74,301
40087,2019,1297,4327,926,2973,371,1354
40087,2020,1390,4454,985,3105,405,1349
40087,2021,1364,4229,1003,3010,361,1219
40089,2011,224,739,212,664,12,75
40089,2012,188,604,256,837,-68,-233
40089,2013,100,311,116,396,-16,-85
40089,2014,76,245,56,190,20,55
40089,2015,93,303,139,446,-46,-143
40089,2016,113,381,168,570,-55,-189
40089,2017,53,173,85,249,-32,-76
40089,2018,50,163,132,410,-82,-247
40089,2019,75,257,73,235,2,22
40089,2020,57,170,101,298,-44,-128
40089,2021,92,267,76,230,16,37
40091,2011,505,1599,323,1011,182,588
40091,2012,325,1050,328,1057,-3,-7
40091,2013,254,762,246,817,8,-55
40091,2014,209,657,225,720,-16,-63
40091,2015,239,771,255,820,-16,-49
40091,2016,318,969,255,787,63,182
40091,2017,284,879,249,777,35,102
40091,2018,268,784,235,713,33,71
40091,2019,289,919,237,728,52,191
40091,2020,292,876,256,766,36,110
40091,2021,316,957,278,800,38,157
40093,2011,72,225,110,360,-38,-135
40093,2012,76,229,87,291,-11,-62
40093,2013,72,245,85,259,-13,-14
40093,2014,49,159,61,189,-12,-30
40093,2015,43,143,38,99,5,44
40093,2016,62,216,61,189,1,27
40093,2017,40,132,70,237,-30,-105
40093,2018,44,143,43,135,1,8
40093,2019,41,124,41,123,0,1
40093,2020,42,125,40,114,2,11
40093,2021,40,123,49,148,-9,-25
40095,2011,157,511,221,715,-64,-204
40095,2012,246,761,204,648,42,113
40095,2013,173,533,127,401,46,132
40095,2014,101,321,117,330,-16,-9
40095,2015,127,365,135,429,-8,-64
40095,2016,253,785,170,539,83,246
40095,2017,156,515,133,414,23,101
40095,2018,176,546,183,557,-7,-11
40095,2019,185,578,155,468,30,110
40095,2020,231,709,139,422,92,287
40095,2021,193,576,176,514,17,62
40097,2011,634,2096,637,1995,-3,101
40097,2012,577,1834,641,1999,-64,-165
40097,2013,439,1399,516,1609,-77,-210
40097,2014,387,1260,465,1439,-78,-179
40097,2015,496,1547,508,1585,-12,-38
40097,2016,675,2199,602,1973,73,226
40097,2017,518,1705,597,1848,-79,-143
40097,2018,533,1692,547,1703,-14,-11
40097,2019,597,1928,565,1818,32,110
40097,2020,623,1893,565,1690,58,203
40097,2021,634,1926,590,1757,44,169
40099,2011,222,678,197,641,25,37
40099,2012,183,577,189,566,-6,11
40099,2013,165,504,110,332,55,172
40099,2014,124,401,109,309,15,92
40099,2015,204,601,162,507,42,94
40099,2016,210,651,154,466,56,185
40099,2017,146,452,144,437,2,15
40099,2018,157,509,152,467,5,42
40099,2019,159,505,166,542,-7,-37
40099,2020,170,511,204,608,-34,-97
40099,2021,188,556,173,510,15,46
40101,2011,868,2754,1123,3619,-255,-865
40101,2012,918,2977,1049,3358,-131,-381
40101,2013,739,2357,838,2708,-99,-351
40101,2014,657,2103,699,2168,-42,-65
40101,2015,686,2191,814,2512,-128,-321
40101,2016,987,3213,1020,3211,-33,2
40101,2017,755,2392,902,2846,-147,-454
40101,2018,681,2176,880,2689,-199,-513
40101,2019,877,2714,924,2944,-47,-230
40101,2020,920,2762,936,2782,-16,-20
40101,2021,842,2508,907,2626,-65,-118
40103,2011,191,611,188,608,3,3
40103,2012,183,577,196,605,-13,-28
40103,2013,154,493,93,297,61,196
40103,2014,87,293,86,265,1,28
40103,2015,110,338,149,452,-39,-114
40103,2016,204,626,167,515,37,111
40103,2017,165,517,147,459,18,58
40103,2018,107,327,174,490,-67,-163
40103,2019,152,483,114,369,38,114
40103,2020,153,486,117,347,36,139
40103,2021,101,297,130,392,-29,-95
40105,2011,159,526,173,518,-14,8
40105,2012,135,428,150,483,-15,-55
40105,2013,152,469,133,420,19,49
40105,2014,130,381,125,373,5,8
40105,2015,131,390,149,465,-18,-75
40105,2016,170,558,168,541,2,17
40105,2017,122,389,141,441,-19,-52
40105,2018,134,431,120,369,14,62
40105,2019,124,410,148,514,-24,-104
40105,2020,128,408,166,533,-38,-125
40105,2021,148,468,153,454,-5,14
40107,2011,164,566,192,631,-28,-65
40107,2012,157,523,141,453,16,70
40107,2013,23,82,70,224,-47,-142
40107,2014,31,116,66,229,-35,-113
40107,2015,94,301,60,193,34,108
40107,2016,75,254,83,262,-8,-8
40107,2017,62,201,49,167,13,34
40107,2018,47,146,83,316,-36,-170
40107,2019,37,121,73,233,-36,-112
40107,2020,81,230,123,386,-42,-156
40107,2021,55,176,91,271,-36,-95
40109,2011,16233,48129,15955,48583,278,-454
40109,2012,16941,50335,16045,48222,896,2113
40109,2013,13870,41357,14119,42050,-249,-693
40109,2014,10435,29784,10273,30137,162,-353
40109,2015,13589,39267,14314,42660,-725,-3393
40109,2016,17543,51780,19901,60076,-2358,-8296
40109,2017,13891,40293,14513,43087,-622,-2794
40109,2018,13996,40040,13823,40833,173,-793
40109,2019,15341,44720,15790,47682,-449,-2962
40109,2020,15761,44279,17245,49501,-1484,-5222
40109,2021,15758,43829,15938,45092,-180,-1263
40111,2011,598,1935,661,2114,-63,-179
40111,2012,593,1941,633,2015,-40,-74
40111,2013,463,1514,587,1869,-124,-355
40111,2014,425,1349,431,1305,-6,44
40111,2015,499,1589,526,1669,-27,-80
40111,2016,590,1954,659,2103,-69,-149
40111,2017,508,1690,519,1659,-11,31
40111,2018,488,1597,500,1551,-12,46
40111,2019,557,1889,507,1551,50,338
40111,2020,600,1851,549,1674,51,177
40111,2021,515,1617,509,1507,6,110
40113,2011,1311,4240,1113,3599,198,641
40113,2012,1176,3790,1071,3441,105,349
40113,2013,992,3290,961,3035,31,255
40113,2014,776,2570,829,2534,-53,36
40113,2015,984,3216,919,2898,65,318
40113,2016,1317,4320,1207,3956,110,364
40113,2017,1022,3283,983,3181,39,102
40113,2018,975,3143,1071,3405,-96,-262
40113,2019,1167,3740,1063,3492,104,248
40113,2020,1220,3748,1024,3141,196,607
40113,2021,1027,3094,1003,3000,24,94
40115,2011,471,1519,661,2028,-190,-509
40115,2012,478,1516,508,1593,-30,-77
40115,2013,410,1312,410,1259,0,53
40115,2014,244,762,303,914,-59,-152
40115,2015,327,1025,375,1204,-48,-179
40115,2016,417,1356,456,1419,-39,-63
40115,2017,355,1086,347,1065,8,21
40115,2018,334,1035,390,1201,-56,-166
40115,2019,336,1034,357,1084,-21,-50
40115,2020,416,1219,399,1217,17,2
40115,2021,434,1283,434,1284,0,-1
40117,2011,332,1126,388,1267,-56,-141
40117,2012,332,1123,308,959,24,164
40117,2013,239,794,281,894,-42,-100
40117,2014,196,612,226,684,-30,-72
40117,2015,277,902,244,772,33,130
40117,2016,314,1018,327,1036,-13,-18
40117,2017,292,1008,267,831,25,177
40117,2018,267,858,229,747,38,111
40117,2019,273,885,258,820,15,65
40117,2020,303,994,314,956,-11,38
40117,2021,305,951,231,695,74,256
40119,2011,1294,3791,1633,4660,-339,-869
40119,2012,1224,3495,1470,4174,-246,-679
40119,2013,941,2733,1264,3565,-323,-832
40119,2014,796,2197,824,2303,-28,-106
40119,2015,1040,2972,1325,3653,-285,-681
40119,2016,1287,3744,1782,4900,-495,-1156
40119,2017,926,2751,1364,3733,-438,-982
40119,2018,882,2402,1242,3438,-360,-1036
40119,2019,949,2818,1410,3857,-461,-1039
40119,2020,1114,3151,1312,3544,-198,-393
40119,2021,1137,3127,1461,3804,-324,-677
40121,2011,543,1694,811,2595,-268,-901
40121,2012,475,1472,600,1874,-125,-402
40121,2013,338,1039,357,1107,-19,-68
40121,2014,265,885,287,880,-22,5
40121,2015,321,1014,366,1116,-45,-102
40121,2016,383,1229,443,1367,-60,-138
40121,2017,292,944,305,964,-13,-20
40121,2018,233,725,292,912,-59,-187
40121,2019,362,1129,311,927,51,202
40121,2020,396,1176,431,1289,-35,-113
40121,2021,292,884,392,1151,-100,-267
40123,2011,518,1558,600,1781,-82,-223
40123,2012,545,1651,596,1798,-51,-147
40123,2013,442,1294,456,1376,-14,-82
40123,2014,317,923,306,909,11,14
40123,2015,370,1155,439,1309,-69,-154
40123,2016,522,1600,645,1886,-123,-286
40123,2017,356,1083,441,1342,-85,-259
40123,2018,387,1158,388,1164,-1,-6
40123,2019,363,1150,429,1209,-66,-59
40123,2020,418,1146,477,1389,-59,-243
40123,2021,386,1147,510,1441,-124,-294
40125,2011,1283,4095,1295,4038,-12,57
40125,2012,1303,4169,1279,3935,24,234
40125,2013,1066,3371,1042,3284,24,87
40125,2014,793,2492,955,2932,-162,-440
40125,2015,1136,3623,1025,3164,111,459
40125,2016,1392,4455,1362,4183,30,272
40125,2017,1094,3394,1013,3185,81,209
40125,2018,1066,3402,1060,3239,6,163
40125,2019,1126,3646,1107,3490,19,156
40125,2020,1288,3858,1145,3369,143,489
40125,2021,1094,3317,1096,3257,-2,60
40127,2011,110,337,158,510,-48,-173
40127,2012,105,365,134,436,-29,-71
40127,2013,29,99,63,214,-34,-115
40127,2014,36,125,33,103,3,22
40127,2015,31,111,53,197,-22,-86
40127,2016,55,199,48,157,7,42
40127,2017,46,174,28,86,18,88
40127,2018,35,124,24,74,11,50
40127,2019,35,106,31,101,4,5
40127,2020,37,112,37,109,0,3
40127,2021,41,137,58,178,-17,-41
40129,2011,46,158,54,179,-8,-21
40129,2012,25,75,38,114,-13,-39
40129,2013,27,89,44,133,-17,-44
40129,2015,25,95,31,86,-6,9
40129,2016,26,92,29,96,-3,-4
40129,2018,26,81,20,67,6,14
40129,2019,22,68,NA,NA,NA,NA
40129,2020,21,68,23,80,-2,-12
40129,2021,22,71,32,97,-10,-26
40131,2011,2026,6576,1974,6087,52,489
40131,2012,2110,6686,1979,6168,131,518
40131,2013,1912,6153,1681,5176,231,977
40131,2014,1398,4395,1453,4306,-55,89
40131,2015,1896,6044,1725,5306,171,738
40131,2016,2595,8420,2356,7262,239,1158
40131,2017,2015,6326,1846,5595,169,731
40131,2018,1972,6044,1857,5685,115,359
40131,2019,2157,6876,1972,6014,185,862
40131,2020,2420,7393,1972,5861,448,1532
40131,2021,2294,6930,1940,5551,354,1379
40133,2011,421,1337,417,1378,4,-41
40133,2012,352,1148,398,1308,-46,-160
40133,2013,295,996,306,986,-11,10
40133,2014,327,1076,271,825,56,251
40133,2015,270,870,348,1113,-78,-243
40133,2016,374,1201,412,1322,-38,-121
40133,2017,332,1138,362,1127,-30,11
40133,2018,277,894,349,1129,-72,-235
40133,2019,322,1073,369,1221,-47,-148
40133,2020,374,1174,355,1060,19,114
40133,2021,282,867,314,959,-32,-92
40135,2011,423,1381,576,1831,-153,-450
40135,2012,500,1610,505,1627,-5,-17
40135,2013,402,1322,372,1215,30,107
40135,2014,316,1003,380,1175,-64,-172
40135,2015,415,1306,393,1217,22,89
40135,2016,516,1672,502,1612,14,60
40135,2017,414,1320,445,1353,-31,-33
40135,2018,426,1319,446,1457,-20,-138
40135,2019,455,1514,413,1326,42,188
40135,2020,441,1425,401,1207,40,218
40135,2021,424,1290,469,1390,-45,-100
40137,2011,515,1622,571,1749,-56,-127
40137,2012,471,1485,604,1883,-133,-398
40137,2013,377,1196,394,1240,-17,-44
40137,2014,311,944,339,1003,-28,-59
40137,2015,347,1083,445,1341,-98,-258
40137,2016,355,1160,497,1533,-142,-373
40137,2017,301,953,356,1095,-55,-142
40137,2018,370,1245,304,927,66,318
40137,2019,394,1263,387,1210,7,53
40137,2020,355,1109,361,1065,-6,44
40137,2021,395,1177,340,998,55,179
40139,2011,268,886,207,714,61,172
40139,2012,301,951,241,838,60,113
40139,2013,135,475,170,527,-35,-52
40139,2014,81,277,117,406,-36,-129
40139,2015,79,275,134,451,-55,-176
40139,2016,123,379,155,496,-32,-117
40139,2017,56,191,133,411,-77,-220
40139,2018,54,192,112,357,-58,-165
40139,2019,79,288,124,362,-45,-74
40139,2020,37,116,105,328,-68,-212
40139,2021,53,158,57,163,-4,-5
40141,2011,59,170,87,273,-28,-103
40141,2012,59,193,73,237,-14,-44
40141,2013,24,74,40,129,-16,-55
40141,2014,41,143,46,141,-5,2
40141,2016,26,83,51,161,-25,-78
40141,2017,49,175,24,79,25,96
40141,2020,25,78,25,68,0,10
40143,2011,12201,37295,11873,36273,328,1022
40143,2012,12699,38562,11973,36684,726,1878
40143,2013,10371,31262,10330,31553,41,-291
40143,2014,8061,23530,7571,22933,490,597
40143,2015,10347,30862,10763,32649,-416,-1787
40143,2016,13117,39542,14740,45257,-1623,-5715
40143,2017,10052,29840,10726,32218,-674,-2378
40143,2018,10286,30428,10088,30286,198,142
40143,2019,11386,33914,11151,34245,235,-331
40143,2020,11665,33373,12112,35408,-447,-2035
40143,2021,11483,32318,11497,33284,-14,-966
40145,2011,2087,6719,1917,6052,170,667
40145,2012,2170,7068,2066,6572,104,496
40145,2013,1950,6271,1925,6144,25,127
40145,2014,1548,4976,1428,4408,120,568
40145,2015,2002,6328,1796,5624,206,704
40145,2016,3072,9890,2483,7834,589,2056
40145,2017,2234,7172,1908,5875,326,1297
40145,2018,2173,7027,1840,5649,333,1378
40145,2019,2537,8210,1957,6292,580,1918
40145,2020,2803,8645,2038,6128,765,2517
40145,2021,2691,8117,1942,5758,749,2359
40147,2011,747,2328,855,2624,-108,-296
40147,2012,756,2391,834,2585,-78,-194
40147,2013,564,1740,549,1706,15,34
40147,2014,403,1198,470,1347,-67,-149
40147,2015,531,1651,572,1678,-41,-27
40147,2016,801,2438,848,2616,-47,-178
40147,2017,572,1790,593,1842,-21,-52
40147,2018,569,1707,542,1640,27,67
40147,2019,667,2141,550,1635,117,506
40147,2020,621,1899,639,1845,-18,54
40147,2021,611,1880,625,1846,-14,34
40149,2011,221,731,281,900,-60,-169
40149,2012,231,752,221,711,10,41
40149,2013,197,648,207,668,-10,-20
40149,2014,196,643,103,341,93,302
40149,2015,169,572,215,658,-46,-86
40149,2016,155,535,205,681,-50,-146
40149,2017,158,480,170,538,-12,-58
40149,2018,122,370,122,398,0,-28
40149,2019,159,572,154,465,5,107
40149,2020,124,387,150,508,-26,-121
40149,2021,138,416,155,476,-17,-60
40151,2011,58,156,83,237,-25,-81
40151,2012,60,180,54,157,6,23
40151,2015,33,101,68,190,-35,-89
40151,2016,22,72,81,215,-59,-143
40151,2017,24,77,46,128,-22,-51
40151,2018,20,59,21,65,-1,-6
40151,2020,22,61,26,77,-4,-16
40153,2011,238,723,220,682,18,41
40153,2012,155,457,249,751,-94,-294
40153,2013,126,408,101,307,25,101
40153,2014,52,149,73,230,-21,-81
40153,2015,92,295,181,583,-89,-288
40153,2016,125,369,207,660,-82,-291
40153,2017,43,135,133,440,-90,-305
40153,2018,79,237,109,357,-30,-120
40153,2019,55,162,132,420,-77,-258
40153,2020,91,254,105,293,-14,-39
40153,2021,55,175,96,258,-41,-83
41001,2011,121,350,124,377,-3,-27
41001,2012,107,303,117,347,-10,-44
41001,2013,60,171,49,131,11,40
41001,2014,24,74,33,88,-9,-14
41001,2015,70,217,43,136,27,81
41001,2016,178,535,52,151,126,384
41001,2017,73,207,43,138,30,69
41001,2018,112,342,36,107,76,235
41001,2019,66,183,41,116,25,67
41001,2020,110,306,53,163,57,143
41001,2021,59,168,42,127,17,41
41003,2011,1731,4636,2309,6061,-578,-1425
41003,2012,1770,4805,2303,6117,-533,-1312
41003,2013,1708,4649,1993,5207,-285,-558
41003,2014,1163,3054,1410,3607,-247,-553
41003,2015,1791,4737,2396,6190,-605,-1453
41003,2016,2649,7044,3287,8513,-638,-1469
41003,2017,1910,5095,2517,6389,-607,-1294
41003,2018,1914,4956,2410,6005,-496,-1049
41003,2019,2166,5777,2508,6230,-342,-453
41003,2020,2422,6363,2606,6462,-184,-99
41003,2021,2342,5976,2690,6588,-348,-612
41005,2011,11345,32376,10226,28776,1119,3600
41005,2012,12391,35634,10794,30106,1597,5528
41005,2013,11113,31735,9684,27075,1429,4660
41005,2014,8270,23319,7595,20430,675,2889
41005,2015,12657,36063,10932,29779,1725,6284
41005,2016,17287,49288,14531,40319,2756,8969
41005,2017,12507,34848,11531,31216,976,3632
41005,2018,12106,33105,11196,29728,910,3377
41005,2019,13440,37538,11884,32182,1556,5356
41005,2020,13409,36746,12612,33790,797,2956
41005,2021,12642,33843,11654,30514,988,3329
41007,2011,599,1681,603,1649,-4,32
41007,2012,671,1897,714,2029,-43,-132
41007,2013,498,1400,552,1536,-54,-136
41007,2014,394,1110,300,827,94,283
41007,2015,592,1610,472,1297,120,313
41007,2016,982,2722,742,2027,240,695
41007,2017,735,1980,576,1556,159,424
41007,2018,658,1778,546,1472,112,306
41007,2019,769,2073,560,1503,209,570
41007,2020,784,2111,583,1517,201,594
41007,2021,712,1859,605,1540,107,319
41009,2011,808,2358,805,2320,3,38
41009,2012,814,2406,800,2320,14,86
41009,2013,741,2184,681,2005,60,179
41009,2014,592,1723,561,1521,31,202
41009,2015,1063,3086,633,1803,430,1283
41009,2016,1557,4629,930,2603,627,2026
41009,2017,1110,3203,797,2262,313,941
41009,2018,954,2740,812,2235,142,505
41009,2019,1233,3565,837,2317,396,1248
41009,2020,1205,3363,899,2373,306,990
41009,2021,1028,2885,817,2154,211,731
41011,2011,776,2218,805,2280,-29,-62
41011,2012,737,2130,815,2327,-78,-197
41011,2013,587,1657,562,1605,25,52
41011,2014,375,1031,442,1196,-67,-165
41011,2015,634,1760,632,1793,2,-33
41011,2016,1051,2925,832,2289,219,636
41011,2017,713,1969,621,1702,92,267
41011,2018,711,1950,597,1630,114,320
41011,2019,844,2356,597,1670,247,686
41011,2020,813,2177,661,1761,152,416
41011,2021,803,2136,666,1738,137,398
41013,2011,342,993,303,902,39,91
41013,2012,424,1287,329,990,95,297
41013,2013,321,962,223,633,98,329
41013,2014,238,711,176,526,62,185
41013,2015,481,1440,229,649,252,791
41013,2016,759,2287,339,962,420,1325
41013,2017,580,1661,263,752,317,909
41013,2018,554,1614,304,891,250,723
41013,2019,675,1987,334,913,341,1074
41013,2020,753,2139,348,952,405,1187
41013,2021,728,2044,313,859,415,1185
41015,2011,303,862,307,853,-4,9
41015,2012,314,909,303,853,11,56
41015,2013,117,331,162,459,-45,-128
41015,2014,112,303,106,302,6,1
41015,2015,146,407,175,480,-29,-73
41015,2016,315,841,265,743,50,98
41015,2017,168,459,173,477,-5,-18
41015,2018,214,585,186,486,28,99
41015,2019,314,849,170,466,144,383
41015,2020,264,658,201,550,63,108
41015,2021,139,378,195,526,-56,-148
41017,2011,4163,11964,3239,9268,924,2696
41017,2012,4752,13740,3283,9378,1469,4362
41017,2013,4010,11375,2587,7322,1423,4053
41017,2014,2636,7256,1851,4975,785,2281
41017,2015,4842,13538,2736,7556,2106,5982
41017,2016,7639,21861,4465,12669,3174,9192
41017,2017,5437,15119,3500,9562,1937,5557
41017,2018,5315,14503,3484,9324,1831,5179
41017,2019,6455,17955,3746,10199,2709,7756
41017,2020,6360,17293,4162,11176,2198,6117
41017,2021,6077,16188,4448,11685,1629,4503
41019,2011,1218,3535,1299,3728,-81,-193
41019,2012,1449,4223,1317,3756,132,467
41019,2013,1072,3160,1091,3124,-19,36
41019,2014,654,1855,790,2123,-136,-268
41019,2015,1188,3502,1054,3022,134,480
41019,2016,1973,5715,1471,4155,502,1560
41019,2017,1420,3979,1143,3153,277,826
41019,2018,1217,3385,971,2638,246,747
41019,2019,1425,3979,985,2646,440,1333
41019,2020,1657,4608,1137,2934,520,1674
41019,2021,1603,4435,1127,2975,476,1460
41023,2011,21,69,15,45,6,24
41023,2012,12,34,26,76,-14,-42
41023,2016,20,52,NA,NA,NA,NA
41023,2020,25,61,NA,NA,NA,NA
41023,2021,26,66,NA,NA,NA,NA
41025,2011,19,53,20,59,-1,-6
41025,2012,15,53,27,77,-12,-24
41025,2015,20,55,NA,NA,NA,NA
41025,2017,20,57,NA,NA,NA,NA
41025,2018,21,72,NA,NA,NA,NA
41025,2019,24,68,NA,NA,NA,NA
41025,2020,21,55,NA,NA,NA,NA
41027,2011,377,1050,379,1098,-2,-48
41027,2012,354,1000,414,1193,-60,-193
41027,2013,249,724,274,783,-25,-59
41027,2014,205,601,247,682,-42,-81
41027,2015,276,802,328,944,-52,-142
41027,2016,518,1454,506,1443,12,11
41027,2017,351,976,437,1230,-86,-254
41027,2018,320,940,444,1208,-124,-268
41027,2019,415,1168,391,1063,24,105
41027,2020,407,1113,447,1167,-40,-54
41027,2021,345,924,375,997,-30,-73
41029,2011,3325,9418,2875,8013,450,1405
41029,2012,3527,9947,3097,8494,430,1453
41029,2013,3135,8830,2398,6583,737,2247
41029,2014,2154,5781,1749,4726,405,1055
41029,2015,3497,9681,2740,7311,757,2370
41029,2016,4940,13788,3499,9596,1441,4192
41029,2017,3558,9575,2892,7830,666,1745
41029,2018,3431,9333,2834,7429,597,1904
41029,2019,3776,10232,3037,8103,739,2129
41029,2020,3606,9670,3376,8796,230,874
41029,2021,3616,9507,3124,8124,492,1383
41031,2011,344,1087,351,1101,-7,-14
41031,2012,353,1116,307,961,46,155
41031,2013,328,1000,219,685,109,315
41031,2014,209,619,178,525,31,94
41031,2015,360,1112,275,805,85,307
41031,2016,591,1849,313,913,278,936
41031,2017,443,1333,287,824,156,509
41031,2018,482,1420,268,771,214,649
41031,2019,518,1496,337,1035,181,461
41031,2020,577,1636,489,1231,88,405
41031,2021,515,1391,358,994,157,397
41033,2011,1267,3695,1086,3049,181,646
41033,2012,1497,4290,1210,3436,287,854
41033,2013,1077,3001,894,2512,183,489
41033,2014,731,2102,664,1756,67,346
41033,2015,1265,3598,986,2765,279,833
41033,2016,1915,5408,1279,3566,636,1842
41033,2017,1338,3699,1130,3056,208,643
41033,2018,1335,3743,1019,2826,316,917
41033,2019,1573,4467,1048,2827,525,1640
41033,2020,1558,4160,1133,3043,425,1117
41033,2021,1444,3979,1098,2911,346,1068
41035,2011,845,2469,873,2607,-28,-138
41035,2012,787,2341,996,2866,-209,-525
41035,2013,552,1653,633,1819,-81,-166
41035,2014,319,938,399,1097,-80,-159
41035,2015,593,1729,634,1811,-41,-82
41035,2016,1119,3221,951,2749,168,472
41035,2017,798,2329,716,1989,82,340
41035,2018,653,1859,654,1768,-1,91
41035,2019,925,2625,675,1938,250,687
41035,2020,925,2594,643,1695,282,899
41035,2021,806,2173,693,1859,113,314
41037,2011,51,161,51,141,0,20
41037,2012,32,98,37,113,-5,-15
41037,2013,23,64,23,59,0,5
41037,2016,46,143,52,146,-6,-3
41037,2017,25,64,23,79,2,-15
41037,2018,27,79,NA,NA,NA,NA
41037,2019,71,188,NA,NA,NA,NA
41037,2020,25,67,23,75,2,-8
41037,2021,27,82,31,89,-4,-7
41039,2011,5161,13939,5386,14350,-225,-411
41039,2012,5624,15569,5811,15740,-187,-171
41039,2013,4563,12570,4644,12317,-81,253
41039,2014,3432,9024,3267,8545,165,479
41039,2015,6035,16208,5035,13196,1000,3012
41039,2016,8756,23521,7149,18627,1607,4894
41039,2017,6279,16439,5488,14215,791,2224
41039,2018,5851,15305,5399,13794,452,1511
41039,2019,6328,16538,5944,15390,384,1148
41039,2020,6192,15739,6196,15738,-4,1
41039,2021,6212,15714,5953,14926,259,788
41041,2011,915,2590,866,2410,49,180
41041,2012,960,2692,1004,2832,-44,-140
41041,2013,748,2033,799,2218,-51,-185
41041,2014,501,1340,506,1310,-5,30
41041,2015,958,2587,755,2039,203,548
41041,2016,1489,4109,1038,2835,451,1274
41041,2017,1057,2806,802,2122,255,684
41041,2018,869,2318,791,2148,78,170
41041,2019,1021,2752,873,2332,148,420
41041,2020,1072,2827,871,2272,201,555
41041,2021,1068,2821,869,2284,199,537
41043,2011,2351,6897,2372,6866,-21,31
41043,2012,2385,7137,2334,6960,51,177
41043,2013,2117,6223,2020,5863,97,360
41043,2014,1581,4520,1438,4093,143,427
41043,2015,2610,7477,2027,5754,583,1723
41043,2016,3856,11263,2958,8460,898,2803
41043,2017,3012,8584,2181,6068,831,2516
41043,2018,2832,7971,2366,6519,466,1452
41043,2019,3066,8772,2480,7115,586,1657
41043,2020,3218,9015,2587,7137,631,1878
41043,2021,3128,8587,2319,6263,809,2324
41045,2011,330,1156,371,1225,-41,-69
41045,2012,301,1013,400,1344,-99,-331
41045,2013,255,858,320,1064,-65,-206
41045,2014,183,638,247,812,-64,-174
41045,2015,289,1013,326,1020,-37,-7
41045,2016,316,1040,400,1237,-84,-197
41045,2017,311,1034,300,923,11,111
41045,2018,327,1056,318,999,9,57
41045,2019,335,1056,315,949,20,107
41045,2020,406,1174,356,1032,50,142
41045,2021,462,1374,387,1059,75,315
41047,2011,5391,16241,5504,16288,-113,-47
41047,2012,5899,17690,5679,16696,220,994
41047,2013,5389,16075,4645,13548,744,2527
41047,2014,3967,11584,3850,11186,117,398
41047,2015,6642,19240,5092,14838,1550,4402
41047,2016,9155,26551,7409,21548,1746,5003
41047,2017,6528,18660,5693,16349,835,2311
41047,2018,6393,18070,5740,16168,653,1902
41047,2019,6990,19921,6606,18916,384,1005
41047,2020,7733,20572,6748,18512,985,2060
41047,2021,6706,18033,6481,17501,225,532
41049,2011,107,397,128,458,-21,-61
41049,2012,139,508,184,639,-45,-131
41049,2013,112,413,126,458,-14,-45
41049,2014,91,319,130,462,-39,-143
41049,2015,109,396,141,457,-32,-61
41049,2016,151,504,186,639,-35,-135
41049,2017,138,476,129,437,9,39
41049,2018,124,429,136,425,-12,4
41049,2019,136,458,159,502,-23,-44
41049,2020,168,491,165,461,3,30
41049,2021,118,355,156,456,-38,-101
41051,2011,23526,59859,21714,58021,1812,1838
41051,2012,24560,62341,23113,62188,1447,153
41051,2013,22715,57462,21154,56502,1561,960
41051,2014,17644,43820,15200,40428,2444,3392
41051,2015,26490,65730,23689,63326,2801,2404
41051,2016,33418,82741,34813,92877,-1395,-10136
41051,2017,25838,63402,25496,66331,342,-2929
41051,2018,25826,62759,24783,63674,1043,-915
41051,2019,26289,63942,28402,73908,-2113,-9966
41051,2020,26026,62054,31081,79665,-5055,-17611
41051,2021,26130,61755,28668,72241,-2538,-10486
41053,2011,1772,5261,1938,5733,-166,-472
41053,2012,2016,6063,1945,5706,71,357
41053,2013,1920,5732,1699,4919,221,813
41053,2014,1404,4124,1370,3931,34,193
41053,2015,2251,6727,1984,5609,267,1118
41053,2016,3275,9854,2790,8041,485,1813
41053,2017,2310,6742,2260,6385,50,357
41053,2018,2398,7031,2169,6001,229,1030
41053,2019,2752,8074,2240,6434,512,1640
41053,2020,2645,7363,2403,6567,242,796
41053,2021,2466,6858,2307,6150,159,708
41055,2011,14,37,10,26,4,11
41055,2012,16,52,17,43,-1,9
41055,2018,21,59,NA,NA,NA,NA
41055,2019,23,63,NA,NA,NA,NA
41057,2011,393,1095,331,928,62,167
41057,2012,383,1066,381,1036,2,30
41057,2013,334,896,302,807,32,89
41057,2014,195,529,208,540,-13,-11
41057,2015,412,1110,252,668,160,442
41057,2016,623,1682,425,1159,198,523
41057,2017,389,1053,355,936,34,117
41057,2018,341,938,280,729,61,209
41057,2019,525,1463,298,788,227,675
41057,2020,509,1384,388,1030,121,354
41057,2021,407,1085,357,927,50,158
41059,2011,921,2855,1033,3291,-112,-436
41059,2012,919,2871,1034,3315,-115,-444
41059,2013,702,2277,802,2607,-100,-330
41059,2014,441,1352,627,2061,-186,-709
41059,2015,688,2129,860,2682,-172,-553
41059,2016,1011,3040,1117,3483,-106,-443
41059,2017,743,2251,814,2395,-71,-144
41059,2018,730,2114,783,2312,-53,-198
41059,2019,749,2218,735,2176,14,42
41059,2020,994,2726,1088,2844,-94,-118
41059,2021,921,2545,875,2327,46,218
41061,2011,267,771,274,731,-7,40
41061,2012,263,769,311,896,-48,-127
41061,2013,145,409,162,463,-17,-54
41061,2014,95,244,51,149,44,95
41061,2015,216,596,147,427,69,169
41061,2016,247,667,318,869,-71,-202
41061,2017,118,346,154,428,-36,-82
41061,2018,153,411,207,588,-54,-177
41061,2019,187,517,141,383,46,134
41061,2020,178,502,189,507,-11,-5
41061,2021,203,566,200,518,3,48
41063,2011,14,38,53,158,-39,-120
41063,2012,42,119,29,87,13,32
41063,2015,27,79,NA,NA,NA,NA
41063,2016,60,158,23,67,37,91
41063,2020,44,122,NA,NA,NA,NA
41063,2021,51,133,22,65,29,68
41065,2011,370,1082,334,963,36,119
41065,2012,354,1000,381,1072,-27,-72
41065,2013,245,697,239,670,6,27
41065,2014,224,662,154,433,70,229
41065,2015,314,904,278,819,36,85
41065,2016,542,1560,339,967,203,593
41065,2017,377,1051,330,949,47,102
41065,2018,406,1142,320,914,86,228
41065,2019,401,1115,352,969,49,146
41065,2020,407,1086,323,877,84,209
41065,2021,378,1051,309,827,69,224
41067,2011,14809,40681,13962,38944,847,1737
41067,2012,15948,44074,14895,41897,1053,2177
41067,2013,13799,37955,13405,37487,394,468
41067,2014,10666,28602,9836,26952,830,1650
41067,2015,16681,45235,15125,41965,1556,3270
41067,2016,22370,60792,22040,61566,330,-774
41067,2017,16405,43417,15791,42814,614,603
41067,2018,16035,42018,15568,41856,467,162
41067,2019,16884,44216,16865,46002,19,-1786
41067,2020,17186,44234,17541,47036,-355,-2802
41067,2021,16238,41372,17374,46082,-1136,-4710
41071,2011,1742,5240,1789,5276,-47,-36
41071,2012,1886,5614,1867,5598,19,16
41071,2013,1683,4900,1542,4586,141,314
41071,2014,1276,3774,1253,3497,23,277
41071,2015,2135,6293,1673,4766,462,1527
41071,2016,3066,9058,2394,6974,672,2084
41071,2017,2226,6406,1838,5089,388,1317
41071,2018,1972,5571,1898,5241,74,330
41071,2019,2347,6816,1997,5569,350,1247
41071,2020,2400,6783,1994,5465,406,1318
41071,2021,2336,6438,1971,5214,365,1224
42001,2011,1684,4637,1679,4723,5,-86
42001,2012,1743,4999,1646,4478,97,521
42001,2013,1536,4447,1395,3926,141,521
42001,2014,1105,3112,1000,2641,105,471
42001,2015,1592,4497,1427,3901,165,596
42001,2016,2395,6815,1978,5391,417,1424
42001,2017,1770,5032,1539,4160,231,872
42001,2018,1635,4567,1476,4009,159,558
42001,2019,1771,4953,1490,4077,281,876
42001,2020,1742,4792,1541,4121,201,671
42001,2021,1917,5218,1467,3946,450,1272
42003,2011,17677,46683,17991,47573,-314,-890
42003,2012,17561,45320,19192,51302,-1631,-5982
42003,2013,14576,37389,17003,44946,-2427,-7557
42003,2014,10315,25453,11537,29722,-1222,-4269
42003,2015,15227,38762,18811,49875,-3584,-11113
42003,2016,21506,54977,26449,71091,-4943,-16114
42003,2017,16807,42782,18836,49226,-2029,-6444
42003,2018,16546,41727,18619,48316,-2073,-6589
42003,2019,17013,42757,20096,52973,-3083,-10216
42003,2020,16798,41298,21575,55987,-4777,-14689
42003,2021,17392,42253,22782,58011,-5390,-15758
42005,2011,1305,3829,882,2485,423,1344
42005,2012,913,2575,845,2343,68,232
42005,2013,752,2162,856,2383,-104,-221
42005,2014,566,1561,620,1696,-54,-135
42005,2015,792,2293,813,2248,-21,45
42005,2016,1119,3171,1100,3031,19,140
42005,2017,815,2256,860,2281,-45,-25
42005,2018,741,2063,901,2477,-160,-414
42005,2019,909,2535,883,2453,26,82
42005,2020,900,2512,847,2252,53,260
42005,2021,840,2266,892,2341,-52,-75
42007,2011,1942,5294,1976,5293,-34,1
42007,2012,2113,5718,2026,5360,87,358
42007,2013,1842,4990,1738,4672,104,318
42007,2014,1340,3594,1238,3213,102,381
42007,2015,1903,5082,1903,4980,0,102
42007,2016,2700,7247,2530,6800,170,447
42007,2017,2008,5446,2014,5389,-6,57
42007,2018,1998,5197,1974,5196,24,1
42007,2019,1977,5343,2064,5540,-87,-197
42007,2020,2076,5438,2053,5402,23,36
42007,2021,2203,5650,1853,4703,350,947
42009,2011,371,1070,503,1441,-132,-371
42009,2012,378,1082,373,1054,5,28
42009,2013,310,839,302,875,8,-36
42009,2014,172,489,197,562,-25,-73
42009,2015,306,872,334,920,-28,-48
42009,2016,439,1246,430,1204,9,42
42009,2017,335,972,346,935,-11,37
42009,2018,332,922,317,874,15,48
42009,2019,340,951,367,987,-27,-36
42009,2020,357,1009,331,917,26,92
42009,2021,405,1141,396,1052,9,89
42011,2011,5069,13999,5457,14926,-388,-927
42011,2012,5053,14373,5346,14791,-293,-418
42011,2013,4084,11432,4427,12332,-343,-900
42011,2014,3023,8378,3209,8661,-186,-283
42011,2015,4378,12255,4723,13000,-345,-745
42011,2016,6786,19582,6389,17635,397,1947
42011,2017,5154,14488,4790,13026,364,1462
42011,2018,4875,13482,4941,13351,-66,131
42011,2019,5397,15336,5118,14191,279,1145
42011,2020,5875,16159,5389,14386,486,1773
42011,2021,5960,16161,5519,14521,441,1640
42013,2011,949,2642,867,2377,82,265
42013,2012,901,2486,881,2375,20,111
42013,2013,644,1753,746,1984,-102,-231
42013,2014,547,1428,446,1194,101,234
42013,2015,657,1804,805,2178,-148,-374
42013,2016,1075,2918,1040,2874,35,44
42013,2017,725,1934,768,2068,-43,-134
42013,2018,725,1984,709,1905,16,79
42013,2019,831,2160,831,2229,0,-69
42013,2020,782,2030,928,2458,-146,-428
42013,2021,832,2140,824,2121,8,19
42015,2011,727,2083,499,1479,228,604
42015,2012,488,1425,509,1442,-21,-17
42015,2013,344,951,397,1140,-53,-189
42015,2014,266,777,266,779,0,-2
42015,2015,359,1051,373,1091,-14,-40
42015,2016,522,1577,458,1313,64,264
42015,2017,348,982,344,975,4,7
42015,2018,353,996,369,1041,-16,-45
42015,2019,382,1104,325,967,57,137
42015,2020,378,1078,392,1077,-14,1
42015,2021,350,987,392,1092,-42,-105
42017,2011,11006,30440,11249,30030,-243,410
42017,2012,11503,32092,11555,31128,-52,964
42017,2013,10195,28415,10585,28131,-390,284
42017,2014,7484,20497,7742,19985,-258,512
42017,2015,10563,29574,10530,27690,33,1884
42017,2016,15504,44257,14357,38288,1147,5969
42017,2017,11676,32365,11258,29512,418,2853
42017,2018,10977,30325,11075,28734,-98,1591
42017,2019,12145,34085,11068,28977,1077,5108
42017,2020,12380,34070,11985,31012,395,3058
42017,2021,11707,31856,12095,30973,-388,883
42019,2011,2604,7214,2474,6738,130,476
42019,2012,2783,7703,2482,6574,301,1129
42019,2013,2444,6704,2171,5775,273,929
42019,2014,1736,4771,1578,4103,158,668
42019,2015,2615,7339,2281,5975,334,1364
42019,2016,4119,11565,3190,8552,929,3013
42019,2017,2991,8317,2342,6243,649,2074
42019,2018,2937,7925,2445,6319,492,1606
42019,2019,3278,9121,2363,6209,915,2912
42019,2020,3163,8577,2584,6635,579,1942
42019,2021,3204,8613,2545,6395,659,2218
42021,2011,1095,2938,1154,3133,-59,-195
42021,2012,1058,2974,1265,3407,-207,-433
42021,2013,880,2427,887,2360,-7,67
42021,2014,591,1595,720,1887,-129,-292
42021,2015,860,2362,988,2633,-128,-271
42021,2016,1120,3161,1379,3724,-259,-563
42021,2017,859,2374,1003,2717,-144,-343
42021,2018,872,2422,1036,2846,-164,-424
42021,2019,973,2665,1075,2922,-102,-257
42021,2020,1077,2942,1118,2941,-41,1
42021,2021,1013,2780,1092,2886,-79,-106
42023,2011,28,72,25,78,3,-6
42023,2012,14,42,25,74,-11,-32
42023,2016,22,57,43,118,-21,-61
42023,2017,20,62,31,90,-11,-28
42025,2011,1193,3461,985,2815,208,646
42025,2012,1157,3245,1069,2971,88,274
42025,2013,952,2684,909,2560,43,124
42025,2014,691,1914,671,1858,20,56
42025,2015,1022,2848,916,2580,106,268
42025,2016,1533,4296,1149,3174,384,1122
42025,2017,1225,3424,949,2587,276,837
42025,2018,1138,3186,916,2503,222,683
42025,2019,1251,3584,1001,2837,250,747
42025,2020,1307,3595,969,2575,338,1020
42025,2021,1288,3474,983,2651,305,823
42027,2011,1534,3930,1928,4918,-394,-988
42027,2012,1698,4446,1863,4755,-165,-309
42027,2013,1108,2951,1360,3520,-252,-569
42027,2014,777,1995,688,1759,89,236
42027,2015,1108,2920,1500,3785,-392,-865
42027,2016,1713,4558,2417,6165,-704,-1607
42027,2017,1173,3004,1509,3764,-336,-760
42027,2018,1103,2793,1497,3708,-394,-915
42027,2019,1168,3072,1646,4044,-478,-972
42027,2020,1305,3292,1626,3971,-321,-679
42027,2021,1261,3210,1828,4374,-567,-1164
42029,2011,9568,26694,9293,25209,275,1485
42029,2012,10081,28502,9710,26566,371,1936
42029,2013,8394,23566,8573,23171,-179,395
42029,2014,5889,16011,6259,16373,-370,-362
42029,2015,8680,24551,9252,24781,-572,-230
42029,2016,13148,37513,12361,33579,787,3934
42029,2017,9906,27404,9208,24225,698,3179
42029,2018,9399,25921,9396,24599,3,1322
42029,2019,10635,29672,9534,25200,1101,4472
42029,2020,11898,32218,9728,25223,2170,6995
42029,2021,11147,29843,10220,26099,927,3744
42031,2011,375,1062,505,1412,-130,-350
42031,2012,423,1173,511,1457,-88,-284
42031,2013,332,953,319,868,13,85
42031,2014,250,669,259,735,-9,-66
42031,2015,308,847,339,967,-31,-120
42031,2016,407,1207,471,1296,-64,-89
42031,2017,327,897,316,887,11,10
42031,2018,292,885,333,901,-41,-16
42031,2019,358,1053,389,1078,-31,-25
42031,2020,396,1094,357,998,39,96
42031,2021,326,852,317,881,9,-29
42033,2011,758,2146,753,2090,5,56
42033,2012,749,2093,751,2108,-2,-15
42033,2013,621,1718,602,1677,19,41
42033,2014,479,1378,485,1318,-6,60
42033,2015,640,1774,659,1823,-19,-49
42033,2016,939,2707,907,2540,32,167
42033,2017,652,1809,684,1899,-32,-90
42033,2018,627,1713,601,1586,26,127
42033,2019,675,1884,694,1900,-19,-16
42033,2020,805,2142,705,1837,100,305
42033,2021,637,1698,681,1799,-44,-101
42035,2011,449,1290,360,1011,89,279
42035,2012,360,1015,394,1098,-34,-83
42035,2013,335,933,332,934,3,-1
42035,2014,240,660,269,735,-29,-75
42035,2015,337,979,336,930,1,49
42035,2016,468,1293,459,1320,9,-27
42035,2017,364,1022,341,955,23,67
42035,2018,339,962,331,958,8,4
42035,2019,358,956,391,1131,-33,-175
42035,2020,392,1046,342,923,50,123
42035,2021,362,948,347,936,15,12
42037,2011,783,2183,821,2265,-38,-82
42037,2012,764,2133,742,2045,22,88
42037,2013,651,1766,568,1574,83,192
42037,2014,453,1195,467,1264,-14,-69
42037,2015,675,1839,637,1735,38,104
42037,2016,947,2633,920,2526,27,107
42037,2017,771,2164,686,1865,85,299
42037,2018,687,1896,694,1843,-7,53
42037,2019,803,2210,687,1883,116,327
42037,2020,828,2225,693,1828,135,397
42037,2021,783,2128,647,1717,136,411
42039,2011,828,2422,891,2492,-63,-70
42039,2012,860,2452,845,2402,15,50
42039,2013,712,2065,717,2047,-5,18
42039,2014,558,1552,568,1553,-10,-1
42039,2015,747,2116,775,2152,-28,-36
42039,2016,1047,2961,969,2644,78,317
42039,2017,704,1983,788,2223,-84,-240
42039,2018,696,1938,764,2087,-68,-149
42039,2019,804,2282,782,2188,22,94
42039,2020,877,2446,797,2174,80,272
42039,2021,807,2148,779,2105,28,43
42041,2011,4721,12967,4550,12313,171,654
42041,2012,5103,14067,4624,12464,479,1603
42041,2013,4104,11281,3710,9973,394,1308
42041,2014,2877,7696,2444,6439,433,1257
42041,2015,4456,12119,4081,10979,375,1140
42041,2016,6879,19066,5947,16201,932,2865
42041,2017,4910,13589,4193,11231,717,2358
42041,2018,4921,13336,4122,10924,799,2412
42041,2019,5228,14393,4208,11457,1020,2936
42041,2020,5391,14381,4259,11265,1132,3116
42041,2021,5572,15305,4830,12626,742,2679
42043,2011,5000,13469,5590,14969,-590,-1500
42043,2012,5083,13834,5528,14943,-445,-1109
42043,2013,4206,11248,4822,13155,-616,-1907
42043,2014,3225,8532,3202,8495,23,37
42043,2015,4529,11972,5069,13595,-540,-1623
42043,2016,6599,17866,7121,19444,-522,-1578
42043,2017,5072,13562,5358,14459,-286,-897
42043,2018,5109,13761,5370,14337,-261,-576
42043,2019,5447,14921,5643,15237,-196,-316
42043,2020,5703,15145,5687,15209,16,-64
42043,2021,5749,15330,6156,16355,-407,-1025
42045,2011,10222,28761,10696,29073,-474,-312
42045,2012,10398,29240,10923,30382,-525,-1142
42045,2013,10324,28775,10201,28148,123,627
42045,2014,7034,19628,7364,19845,-330,-217
42045,2015,9219,25875,10118,27666,-899,-1791
42045,2016,13082,37223,13708,38061,-626,-838
42045,2017,10605,29703,10795,29458,-190,245
42045,2018,10314,28730,10534,28757,-220,-27
42045,2019,10872,30436,10969,30202,-97,234
42045,2020,11217,30497,12191,33131,-974,-2634
42045,2021,10956,29875,11722,31116,-766,-1241
42047,2011,180,506,183,477,-3,29
42047,2012,151,408,210,563,-59,-155
42047,2013,118,329,149,407,-31,-78
42047,2014,98,270,99,249,-1,21
42047,2015,113,306,158,430,-45,-124
42047,2016,225,612,263,685,-38,-73
42047,2017,161,432,169,448,-8,-16
42047,2018,156,441,157,385,-1,56
42047,2019,166,454,187,477,-21,-23
42047,2020,153,401,150,398,3,3
42047,2021,119,324,134,346,-15,-22
42049,2011,1773,4792,2069,5531,-296,-739
42049,2012,1771,4701,2321,6254,-550,-1553
42049,2013,1090,2927,1808,4871,-718,-1944
42049,2014,842,2239,1051,2739,-209,-500
42049,2015,1141,3034,1773,4883,-632,-1849
42049,2016,1648,4460,2756,7532,-1108,-3072
42049,2017,1174,3130,1610,4289,-436,-1159
42049,2018,1141,2994,1742,4637,-601,-1643
42049,2019,1462,3943,1657,4424,-195,-481
42049,2020,1379,3582,1624,4237,-245,-655
42049,2021,1439,3731,1732,4411,-293,-680
42051,2011,1268,3642,1574,4433,-306,-791
42051,2012,1134,3210,1230,3318,-96,-108
42051,2013,1000,2783,1106,3052,-106,-269
42051,2014,837,2315,837,2231,0,84
42051,2015,1040,2894,1090,2985,-50,-91
42051,2016,1349,3755,1526,4169,-177,-414
42051,2017,1040,2842,1147,3082,-107,-240
42051,2018,1037,2824,1096,2974,-59,-150
42051,2019,1051,2888,1157,3183,-106,-295
42051,2020,1102,2881,1226,3255,-124,-374
42051,2021,1127,3015,1136,3002,-9,13
42053,2011,93,263,95,264,-2,-1
42053,2012,39,108,63,163,-24,-55
42053,2013,41,111,26,76,15,35
42053,2015,24,64,48,142,-24,-78
42053,2016,43,115,43,122,0,-7
42053,2018,20,53,NA,NA,NA,NA
42053,2019,27,68,31,91,-4,-23
42053,2020,42,116,25,63,17,53
42053,2021,21,67,20,42,1,25
42055,2011,1783,5099,1648,4748,135,351
42055,2012,1750,4931,1622,4703,128,228
42055,2013,1408,3967,1391,3902,17,65
42055,2014,1052,2943,940,2626,112,317
42055,2015,1532,4299,1280,3609,252,690
42055,2016,2128,6133,1945,5606,183,527
42055,2017,1661,4716,1518,4292,143,424
42055,2018,1654,4700,1407,3883,247,817
42055,2019,1703,4758,1432,4035,271,723
42055,2020,1870,5156,1491,4122,379,1034
42055,2021,1843,5093,1557,4245,286,848
42057,2011,148,433,168,485,-20,-52
42057,2012,137,377,161,447,-24,-70
42057,2013,57,178,121,341,-64,-163
42057,2014,83,224,54,139,29,85
42057,2015,149,405,148,410,1,-5
42057,2016,207,601,203,566,4,35
42057,2017,168,489,164,425,4,64
42057,2018,141,361,138,371,3,-10
42057,2019,173,500,141,378,32,122
42057,2020,129,340,127,362,2,-22
42057,2021,174,496,148,425,26,71
42059,2011,448,1249,395,1120,53,129
42059,2012,323,928,380,1077,-57,-149
42059,2013,283,794,338,950,-55,-156
42059,2014,231,620,247,680,-16,-60
42059,2015,258,712,356,976,-98,-264
42059,2016,353,998,398,1145,-45,-147
42059,2017,218,635,315,870,-97,-235
42059,2018,249,696,307,864,-58,-168
42059,2019,299,845,362,1009,-63,-164
42059,2020,317,879,374,977,-57,-98
42059,2021,297,780,371,944,-74,-164
42061,2011,395,1167,483,1352,-88,-185
42061,2012,390,1062,414,1157,-24,-95
42061,2013,361,1028,306,861,55,167
42061,2014,212,624,257,709,-45,-85
42061,2015,343,1000,368,1033,-25,-33
42061,2016,473,1321,533,1464,-60,-143
42061,2017,330,971,392,1083,-62,-112
42061,2018,332,907,332,913,0,-6
42061,2019,377,1025,363,1021,14,4
42061,2020,450,1248,359,981,91,267
42061,2021,374,1018,455,1232,-81,-214
42063,2011,682,1885,896,2417,-214,-532
42063,2012,724,2031,951,2529,-227,-498
42063,2013,595,1664,729,2051,-134,-387
42063,2014,522,1445,531,1435,-9,10
42063,2015,676,1860,738,1970,-62,-110
42063,2016,934,2605,1030,2832,-96,-227
42063,2017,684,1907,729,1978,-45,-71
42063,2018,757,2121,736,1955,21,166
42063,2019,754,2123,808,2172,-54,-49
42063,2020,893,2447,790,2090,103,357
42063,2021,849,2228,801,2118,48,110
42065,2011,519,1529,457,1285,62,244
42065,2012,519,1459,543,1527,-24,-68
42065,2013,418,1175,464,1291,-46,-116
42065,2014,312,886,344,955,-32,-69
42065,2015,493,1395,507,1396,-14,-1
42065,2016,658,1920,684,1932,-26,-12
42065,2017,467,1320,501,1370,-34,-50
42065,2018,435,1185,483,1339,-48,-154
42065,2019,457,1348,520,1463,-63,-115
42065,2020,498,1388,506,1399,-8,-11
42065,2021,460,1261,495,1322,-35,-61
42067,2011,230,649,232,657,-2,-8
42067,2012,232,676,234,648,-2,28
42067,2013,172,495,209,601,-37,-106
42067,2014,132,378,140,394,-8,-16
42067,2015,228,664,176,492,52,172
42067,2016,284,780,285,788,-1,-8
42067,2017,242,722,232,648,10,74
42067,2018,195,575,204,578,-9,-3
42067,2019,195,547,207,590,-12,-43
42067,2020,218,601,213,596,5,5
42067,2021,192,537,234,605,-42,-68
42069,2011,2631,7300,3069,8316,-438,-1016
42069,2012,2285,6199,2398,6573,-113,-374
42069,2013,1824,5017,2004,5340,-180,-323
42069,2014,1410,3826,1420,3695,-10,131
42069,2015,1799,4909,1836,4941,-37,-32
42069,2016,2597,7115,2582,6967,15,148
42069,2017,1995,5554,2034,5317,-39,237
42069,2018,1904,5207,1783,4734,121,473
42069,2019,2249,6179,1965,5288,284,891
42069,2020,2593,6998,2131,5529,462,1469
42069,2021,2683,7215,2225,5853,458,1362
42071,2011,5802,15718,5945,16052,-143,-334
42071,2012,5852,16314,5790,15969,62,345
42071,2013,4831,13219,4710,12996,121,223
42071,2014,3419,9115,3439,9226,-20,-111
42071,2015,5248,14222,5351,14560,-103,-338
42071,2016,7643,21053,7560,21052,83,1
42071,2017,5696,15362,5845,15826,-149,-464
42071,2018,5686,15127,5692,15258,-6,-131
42071,2019,6316,17037,6139,17158,177,-121
42071,2020,6543,17139,6342,16969,201,170
42071,2021,6356,16538,6533,17153,-177,-615
42073,2011,824,2306,931,2494,-107,-188
42073,2012,889,2427,892,2415,-3,12
42073,2013,760,2076,794,2176,-34,-100
42073,2014,576,1552,618,1636,-42,-84
42073,2015,787,2240,850,2344,-63,-104
42073,2016,1136,3200,1121,3071,15,129
42073,2017,802,2228,855,2350,-53,-122
42073,2018,855,2398,845,2249,10,149
42073,2019,945,2647,896,2541,49,106
42073,2020,954,2522,966,2546,-12,-24
42073,2021,981,2561,932,2427,49,134
42075,2011,1873,5333,1793,5075,80,258
42075,2012,1766,4991,1792,5038,-26,-47
42075,2013,1617,4680,1365,3720,252,960
42075,2014,1071,2991,1066,2875,5,116
42075,2015,1746,4915,1462,3991,284,924
42075,2016,2545,7270,2050,5689,495,1581
42075,2017,1856,5168,1710,4711,146,457
42075,2018,1969,5453,1672,4523,297,930
42075,2019,1958,5522,1760,4876,198,646
42075,2020,2052,5624,1909,5067,143,557
42075,2021,1991,5417,1759,4620,232,797
42077,2011,7979,21597,8495,22726,-516,-1129
42077,2012,6927,19602,7852,21894,-925,-2292
42077,2013,6079,17209,6055,16495,24,714
42077,2014,4794,13176,4562,12380,232,796
42077,2015,6693,18747,6532,17890,161,857
42077,2016,9058,25625,9266,25742,-208,-117
42077,2017,7088,19682,7082,19294,6,388
42077,2018,6946,19352,6885,18906,61,446
42077,2019,7296,20575,7100,19813,196,762
42077,2020,7858,21378,7527,20427,331,951
42077,2021,7946,21341,7648,20349,298,992
42079,2011,4049,11163,3881,10551,168,612
42079,2012,3419,9681,3747,10253,-328,-572
42079,2013,2739,7714,2909,7971,-170,-257
42079,2014,2202,6225,2147,5702,55,523
42079,2015,2874,8137,3110,8414,-236,-277
42079,2016,4334,12565,4123,11178,211,1387
42079,2017,3476,9932,3284,8962,192,970
42079,2018,3290,9455,3340,9211,-50,244
42079,2019,3924,11239,3362,9402,562,1837
42079,2020,4501,12544,3449,9231,1052,3313
42079,2021,4602,12772,4018,10565,584,2207
42081,2011,1136,3033,1261,3416,-125,-383
42081,2012,1060,2896,1158,3176,-98,-280
42081,2013,855,2353,958,2598,-103,-245
42081,2014,592,1579,635,1704,-43,-125
42081,2015,833,2305,949,2659,-116,-354
42081,2016,1161,3227,1263,3495,-102,-268
42081,2017,782,2127,903,2412,-121,-285
42081,2018,737,2027,784,2155,-47,-128
42081,2019,935,2613,885,2384,50,229
42081,2020,895,2396,954,2500,-59,-104
42081,2021,1000,2613,902,2359,98,254
42083,2011,275,759,256,719,19,40
42083,2012,251,703,243,678,8,25
42083,2013,194,571,229,639,-35,-68
42083,2014,129,335,132,350,-3,-15
42083,2015,191,554,204,565,-13,-11
42083,2016,278,833,301,836,-23,-3
42083,2017,195,536,214,568,-19,-32
42083,2018,171,465,174,503,-3,-38
42083,2019,221,596,227,623,-6,-27
42083,2020,186,513,223,612,-37,-99
42083,2021,199,545,206,568,-7,-23
42085,2011,1070,3000,1081,2995,-11,5
42085,2012,1108,3084,1106,2980,2,104
42085,2013,930,2547,947,2599,-17,-52
42085,2014,650,1797,742,1976,-92,-179
42085,2015,996,2807,1002,2722,-6,85
42085,2016,1229,3485,1394,3770,-165,-285
42085,2017,942,2627,1057,2852,-115,-225
42085,2018,948,2584,983,2647,-35,-63
42085,2019,1101,3129,992,2696,109,433
42085,2020,1106,3025,1057,2793,49,232
42085,2021,1015,2737,1107,2885,-92,-148
42087,2011,359,1032,350,1024,9,8
42087,2012,346,1009,357,997,-11,12
42087,2013,240,663,262,766,-22,-103
42087,2014,168,474,177,494,-9,-20
42087,2015,329,904,310,905,19,-1
42087,2016,371,1065,397,1080,-26,-15
42087,2017,317,876,297,837,20,39
42087,2018,305,823,253,727,52,96
42087,2019,346,1004,277,751,69,253
42087,2020,360,1000,288,775,72,225
42087,2021,340,932,315,868,25,64
42089,2011,2804,8201,3225,9206,-421,-1005
42089,2012,2967,8682,3459,9901,-492,-1219
42089,2013,2767,8306,2692,7591,75,715
42089,2014,2084,6166,1959,5507,125,659
42089,2015,2828,8370,2608,7197,220,1173
42089,2016,4454,13515,3341,9248,1113,4267
42089,2017,3451,10279,2763,7516,688,2763
42089,2018,3239,9429,2686,7317,553,2112
42089,2019,3798,11314,2826,7779,972,3535
42089,2020,3744,10712,3142,8512,602,2200
42089,2021,3506,9847,3141,8356,365,1491
42091,2011,17476,47180,17209,45792,267,1388
42091,2012,17936,49144,17956,48544,-20,600
42091,2013,15890,43258,17733,47714,-1843,-4456
42091,2014,11572,31051,11832,30997,-260,54
42091,2015,16770,45762,16862,45252,-92,510
42091,2016,24240,66988,22817,62048,1423,4940
42091,2017,18350,49776,17624,46711,726,3065
42091,2018,18186,49018,17199,45303,987,3715
42091,2019,20327,54889,17764,47587,2563,7302
42091,2020,20762,55069,19052,50429,1710,4640
42091,2021,20101,52985,19948,51386,153,1599
42093,2011,431,1259,355,1031,76,228
42093,2012,352,1005,348,990,4,15
42093,2013,276,753,346,951,-70,-198
42093,2014,175,497,215,568,-40,-71
42093,2015,350,975,321,906,29,69
42093,2016,456,1261,440,1211,16,50
42093,2017,328,934,462,1289,-134,-355
42093,2018,332,919,276,761,56,158
42093,2019,279,798,360,975,-81,-177
42093,2020,351,951,299,822,52,129
42093,2021,322,871,288,765,34,106
42095,2011,5882,16143,5768,15712,114,431
42095,2012,6033,16678,5885,16109,148,569
42095,2013,5339,14832,5029,13811,310,1021
42095,2014,4048,11060,3667,9751,381,1309
42095,2015,5935,16412,5183,13978,752,2434
42095,2016,8416,23639,7327,19873,1089,3766
42095,2017,6355,17452,5791,15618,564,1834
42095,2018,6266,17336,5749,15260,517,2076
42095,2019,6706,18584,5752,15637,954,2947
42095,2020,6918,18845,6074,16060,844,2785
42095,2021,6802,18257,6123,15914,679,2343
42097,2011,1259,3597,1215,3450,44,147
42097,2012,1176,3276,1249,3504,-73,-228
42097,2013,1044,2908,1089,2954,-45,-46
42097,2014,764,2046,749,2113,15,-67
42097,2015,1166,3265,1167,3222,-1,43
42097,2016,1474,4180,1659,4718,-185,-538
42097,2017,1168,3227,1089,3006,79,221
42097,2018,1119,3121,1091,2997,28,124
42097,2019,1188,3409,1137,3271,51,138
42097,2020,1305,3524,1245,3412,60,112
42097,2021,1149,3094,1212,3240,-63,-146
42099,2011,696,1950,715,1994,-19,-44
42099,2012,688,1912,728,2088,-40,-176
42099,2013,654,1902,611,1649,43,253
42099,2014,441,1237,415,1119,26,118
42099,2015,652,1797,662,1779,-10,18
42099,2016,921,2636,941,2526,-20,110
42099,2017,745,2131,650,1800,95,331
42099,2018,681,1864,640,1744,41,120
42099,2019,755,2119,713,1950,42,169
42099,2020,782,2185,633,1690,149,495
42099,2021,734,1963,590,1605,144,358
42101,2011,28029,70607,31433,83626,-3404,-13019
42101,2012,27127,68849,31502,84985,-4375,-16136
42101,2013,24683,62455,29373,79140,-4690,-16685
42101,2014,19909,50795,21860,59312,-1951,-8517
42101,2015,26423,65865,29658,80960,-3235,-15095
42101,2016,34477,85461,40906,112084,-6429,-26623
42101,2017,29314,72947,32495,87895,-3181,-14948
42101,2018,29522,72633,32720,88058,-3198,-15425
42101,2019,30001,73766,36914,100342,-6913,-26576
42101,2020,29219,70123,41422,109898,-12203,-39775
42101,2021,31474,74621,40990,108155,-9516,-33534
42103,2011,1172,3503,1168,3355,4,148
42103,2012,1173,3476,1097,3140,76,336
42103,2013,977,2908,813,2322,164,586
42103,2014,734,2160,634,1773,100,387
42103,2015,1014,3002,732,2092,282,910
42103,2016,1754,5193,957,2764,797,2429
42103,2017,1174,3454,782,2240,392,1214
42103,2018,1195,3406,844,2365,351,1041
42103,2019,1629,4835,829,2305,800,2530
42103,2020,1759,5089,811,2279,948,2810
42103,2021,1639,4614,865,2356,774,2258
42105,2011,162,514,157,452,5,62
42105,2012,121,364,153,469,-32,-105
42105,2013,89,264,111,329,-22,-65
42105,2014,67,190,68,184,-1,6
42105,2015,110,327,92,265,18,62
42105,2016,151,434,132,413,19,21
42105,2017,90,255,115,357,-25,-102
42105,2018,84,261,102,295,-18,-34
42105,2019,99,295,112,328,-13,-33
42105,2020,91,286,124,395,-33,-109
42105,2021,90,258,106,310,-16,-52
42107,2011,1466,4193,1503,4072,-37,121
42107,2012,1413,4021,1467,4014,-54,7
42107,2013,1216,3458,1248,3379,-32,79
42107,2014,908,2569,912,2429,-4,140
42107,2015,1346,3760,1244,3408,102,352
42107,2016,1965,5670,1748,4735,217,935
42107,2017,1525,4364,1347,3736,178,628
42107,2018,1609,4571,1333,3669,276,902
42107,2019,1793,5239,1510,4166,283,1073
42107,2020,2233,6230,1434,3835,799,2395
42107,2021,2164,6022,1652,4306,512,1716
42109,2011,495,1447,519,1449,-24,-2
42109,2012,546,1522,467,1269,79,253
42109,2013,421,1229,365,984,56,245
42109,2014,220,605,274,725,-54,-120
42109,2015,408,1145,466,1307,-58,-162
42109,2016,580,1679,596,1607,-16,72
42109,2017,397,1102,389,1096,8,6
42109,2018,364,1047,415,1130,-51,-83
42109,2019,428,1216,401,1124,27,92
42109,2020,437,1207,455,1249,-18,-42
42109,2021,449,1266,447,1174,2,92
42111,2011,569,1542,598,1633,-29,-91
42111,2012,554,1548,582,1609,-28,-61
42111,2013,501,1409,502,1353,-1,56
42111,2014,302,796,354,902,-52,-106
42111,2015,478,1304,507,1328,-29,-24
42111,2016,702,1930,648,1748,54,182
42111,2017,516,1385,544,1478,-28,-93
42111,2018,517,1484,539,1421,-22,63
42111,2019,569,1622,549,1422,20,200
42111,2020,677,1755,537,1373,140,382
42111,2021,562,1493,624,1603,-62,-110
42113,2011,50,150,112,325,-62,-175
42113,2012,56,159,60,181,-4,-22
42113,2013,55,160,61,165,-6,-5
42113,2014,22,71,48,125,-26,-54
42113,2015,33,97,58,176,-25,-79
42113,2016,74,205,67,194,7,11
42113,2017,66,175,60,179,6,-4
42113,2018,30,87,56,158,-26,-71
42113,2019,55,164,52,143,3,21
42113,2020,60,166,55,146,5,20
42113,2021,43,120,55,146,-12,-26
42115,2011,1019,3015,675,1938,344,1077
42115,2012,499,1404,506,1422,-7,-18
42115,2013,424,1238,510,1446,-86,-208
42115,2014,306,901,311,876,-5,25
42115,2015,402,1172,423,1190,-21,-18
42115,2016,556,1584,556,1599,0,-15
42115,2017,397,1121,413,1172,-16,-51
42115,2018,392,1114,387,1046,5,68
42115,2019,411,1182,412,1103,-1,79
42115,2020,438,1249,407,1154,31,95
42115,2021,393,1073,399,1049,-6,24
42117,2011,443,1294,396,1152,47,142
42117,2012,335,949,378,1103,-43,-154
42117,2013,287,856,266,731,21,125
42117,2014,178,509,210,562,-32,-53
42117,2015,255,785,238,697,17,88
42117,2016,359,1070,377,1063,-18,7
42117,2017,303,908,252,704,51,204
42117,2018,263,751,255,726,8,25
42117,2019,272,822,269,778,3,44
42117,2020,269,793,258,736,11,57
42117,2021,262,740,284,805,-22,-65
42119,2011,516,1460,553,1529,-37,-69
42119,2012,557,1618,552,1552,5,66
42119,2013,458,1265,475,1357,-17,-92
42119,2014,328,903,318,859,10,44
42119,2015,479,1379,444,1259,35,120
42119,2016,591,1677,616,1785,-25,-108
42119,2017,424,1167,470,1268,-46,-101
42119,2018,398,1087,506,1395,-108,-308
42119,2019,479,1396,485,1386,-6,10
42119,2020,543,1447,517,1360,26,87
42119,2021,475,1293,418,1129,57,164
42121,2011,546,1538,544,1567,2,-29
42121,2012,515,1515,521,1415,-6,100
42121,2013,401,1141,476,1343,-75,-202
42121,2014,306,842,330,907,-24,-65
42121,2015,441,1249,480,1309,-39,-60
42121,2016,512,1437,603,1667,-91,-230
42121,2017,414,1154,463,1236,-49,-82
42121,2018,392,1107,462,1246,-70,-139
42121,2019,469,1317,458,1330,11,-13
42121,2020,483,1361,492,1339,-9,22
42121,2021,406,1081,465,1272,-59,-191
42123,2011,283,793,308,846,-25,-53
42123,2012,298,854,315,860,-17,-6
42123,2013,262,765,277,797,-15,-32
42123,2014,164,445,205,547,-41,-102
42123,2015,243,666,252,660,-9,6
42123,2016,370,1030,320,904,50,126
42123,2017,232,641,271,742,-39,-101
42123,2018,243,662,277,754,-34,-92
42123,2019,243,728,256,719,-13,9
42123,2020,209,576,241,613,-32,-37
42123,2021,231,621,256,698,-25,-77
42125,2011,2856,7809,3214,9238,-358,-1429
42125,2012,2930,8129,2743,7339,187,790
42125,2013,2308,6435,2192,5801,116,634
42125,2014,1719,4605,1698,4456,21,149
42125,2015,2537,7051,2297,5977,240,1074
42125,2016,3957,11121,3033,8093,924,3028
42125,2017,2888,7741,2361,6284,527,1457
42125,2018,2697,7286,2400,6286,297,1000
42125,2019,2970,8175,2501,6547,469,1628
42125,2020,3236,8853,2534,6501,702,2352
42125,2021,3282,8951,2505,6325,777,2626
42127,2011,1433,4177,1032,2959,401,1218
42127,2012,1168,3425,693,1927,475,1498
42127,2013,713,2053,595,1683,118,370
42127,2014,414,1170,447,1207,-33,-37
42127,2015,577,1687,582,1641,-5,46
42127,2016,1004,2822,742,2080,262,742
42127,2017,695,2001,550,1528,145,473
42127,2018,768,2141,490,1322,278,819
42127,2019,897,2545,665,1831,232,714
42127,2020,1089,3046,563,1535,526,1511
42127,2021,940,2564,581,1560,359,1004
42129,2011,4757,13250,5100,13679,-343,-429
42129,2012,4598,12701,4756,12675,-158,26
42129,2013,3660,9960,3697,9739,-37,221
42129,2014,2690,7175,2736,6940,-46,235
42129,2015,4098,11151,3952,10433,146,718
42129,2016,5436,15221,5479,14435,-43,786
42129,2017,4240,11586,3945,10142,295,1444
42129,2018,3976,10780,3728,9664,248,1116
42129,2019,4520,12260,3947,10441,573,1819
42129,2020,4769,12776,4064,10468,705,2308
42129,2021,4634,12192,4045,10272,589,1920
42131,2011,568,1652,990,2916,-422,-1264
42131,2012,426,1192,456,1267,-30,-75
42131,2013,449,1281,380,1068,69,213
42131,2014,310,820,390,1101,-80,-281
42131,2015,399,1127,397,1111,2,16
42131,2016,499,1419,509,1435,-10,-16
42131,2017,396,1067,451,1246,-55,-179
42131,2018,369,1038,388,1058,-19,-20
42131,2019,432,1246,408,1141,24,105
42131,2020,425,1157,376,1031,49,126
42131,2021,401,1092,377,972,24,120
42133,2011,6336,17851,5866,15976,470,1875
42133,2012,6295,17557,6170,17028,125,529
42133,2013,5314,14873,4967,13737,347,1136
42133,2014,3808,10494,3516,9410,292,1084
42133,2015,5847,16545,5450,14839,397,1706
42133,2016,8629,24461,7597,20870,1032,3591
42133,2017,6043,16771,5572,15172,471,1599
42133,2018,6072,16738,5587,15010,485,1728
42133,2019,6806,19100,5894,16067,912,3033
42133,2020,7403,20302,5903,15700,1500,4602
42133,2021,7492,20487,5995,15844,1497,4643
44001,2011,814,2288,830,2172,-16,116
44001,2012,877,2387,886,2325,-9,62
44001,2013,802,2177,829,2118,-27,59
44001,2014,528,1418,554,1405,-26,13
44001,2015,854,2359,864,2291,-10,68
44001,2016,1189,3406,1118,2992,71,414
44001,2017,924,2479,911,2347,13,132
44001,2018,885,2388,897,2323,-12,65
44001,2019,1166,3243,932,2436,234,807
44001,2020,1043,2800,847,2168,196,632
44001,2021,1020,2680,897,2260,123,420
44003,2011,3770,9872,3718,9799,52,73
44003,2012,3925,10459,3697,9907,228,552
44003,2013,3274,8583,3178,8327,96,256
44003,2014,2654,6918,2479,6338,175,580
44003,2015,3831,10009,3305,8718,526,1291
44003,2016,5238,13954,4776,12855,462,1099
44003,2017,4144,10743,3639,9562,505,1181
44003,2018,4118,10752,3493,9054,625,1698
44003,2019,4418,11649,3835,10308,583,1341
44003,2020,4519,11656,3714,9619,805,2037
44003,2021,4360,11193,3747,9644,613,1549
44005,2011,1396,3979,1484,4123,-88,-144
44005,2012,1603,4588,1591,4534,12,54
44005,2013,1161,3241,1144,3273,17,-32
44005,2014,728,1934,857,2198,-129,-264
44005,2015,1292,3602,1320,3769,-28,-167
44005,2016,1726,4911,1681,4893,45,18
44005,2017,1209,3303,1361,3595,-152,-292
44005,2018,1140,3109,1331,3537,-191,-428
44005,2019,1645,4482,1383,3864,262,618
44005,2020,1398,3707,1428,3849,-30,-142
44005,2021,1150,3103,1608,4273,-458,-1170
44007,2011,9090,23621,10993,28980,-1903,-5359
44007,2012,9388,24579,10970,29389,-1582,-4810
44007,2013,8090,21178,9437,25205,-1347,-4027
44007,2014,6205,16065,7462,19548,-1257,-3483
44007,2015,8545,22091,10334,27259,-1789,-5168
44007,2016,12288,32036,14111,37853,-1823,-5817
44007,2017,9785,25197,10858,28402,-1073,-3205
44007,2018,9894,25408,10756,27886,-862,-2478
44007,2019,10684,27488,11463,30084,-779,-2596
44007,2020,10731,26928,11550,29882,-819,-2954
44007,2021,11196,27873,12434,31741,-1238,-3868
44009,2011,2142,5725,2219,5701,-77,24
44009,2012,2444,6598,2369,6109,75,489
44009,2013,1990,5339,2083,5320,-93,19
44009,2014,1401,3678,1422,3553,-21,125
44009,2015,2175,5937,2069,5301,106,636
44009,2016,3166,8646,2744,7064,422,1582
44009,2017,2393,6435,2215,5658,178,777
44009,2018,2164,5703,2108,5326,56,377
44009,2019,2889,7830,2228,5706,661,2124
44009,2020,2711,7075,2227,5627,484,1448
44009,2021,2455,6358,2337,5814,118,544
45001,2011,358,1119,378,1183,-20,-64
45001,2012,344,1066,357,1095,-13,-29
45001,2013,296,956,300,949,-4,7
45001,2014,245,797,278,853,-33,-56
45001,2015,267,869,281,899,-14,-30
45001,2016,331,1078,393,1245,-62,-167
45001,2017,367,1180,321,1000,46,180
45001,2018,275,856,325,1003,-50,-147
45001,2019,308,977,291,924,17,53
45001,2020,355,1093,299,872,56,221
45001,2021,364,1110,329,1010,35,100
45003,2011,2456,7310,2267,6791,189,519
45003,2012,2333,7177,2114,6459,219,718
45003,2013,1650,5147,1772,5334,-122,-187
45003,2014,1294,3903,1366,4071,-72,-168
45003,2015,1891,5764,1697,5104,194,660
45003,2016,2533,7711,2502,7507,31,204
45003,2017,2059,6166,1935,5817,124,349
45003,2018,2150,6361,1839,5539,311,822
45003,2019,2352,7126,2015,5984,337,1142
45003,2020,2508,7325,2280,6498,228,827
45003,2021,2539,7289,2161,6151,378,1138
45005,2011,112,364,112,356,0,8
45005,2012,86,281,127,405,-41,-124
45005,2013,55,178,59,208,-4,-30
45005,2014,24,80,55,192,-31,-112
45005,2015,45,154,62,223,-17,-69
45005,2016,66,221,67,212,-1,9
45005,2017,55,162,77,244,-22,-82
45005,2018,57,179,76,233,-19,-54
45005,2019,56,190,154,412,-98,-222
45005,2020,51,151,79,225,-28,-74
45005,2021,47,142,79,235,-32,-93
45007,2011,2909,8745,2971,8692,-62,53
45007,2012,2830,8801,2508,7559,322,1242
45007,2013,2341,7402,2268,6910,73,492
45007,2014,1756,5447,1717,5200,39,247
45007,2015,2543,7840,2257,6794,286,1046
45007,2016,3553,10995,2838,8531,715,2464
45007,2017,2713,8258,2414,7126,299,1132
45007,2018,2772,8368,2463,7153,309,1215
45007,2019,3339,10267,2673,8041,666,2226
45007,2020,3532,10361,2882,8329,650,2032
45007,2021,3520,10261,2849,7990,671,2271
45009,2011,189,540,223,685,-34,-145
45009,2012,162,511,182,598,-20,-87
45009,2013,112,367,123,400,-11,-33
45009,2014,84,272,127,394,-43,-122
45009,2015,99,318,140,419,-41,-101
45009,2016,122,392,150,472,-28,-80
45009,2017,82,269,105,326,-23,-57
45009,2018,87,283,136,408,-49,-125
45009,2019,126,414,120,395,6,19
45009,2020,119,364,156,481,-37,-117
45009,2021,85,271,136,409,-51,-138
45011,2011,290,937,296,928,-6,9
45011,2012,206,677,284,912,-78,-235
45011,2013,164,533,226,715,-62,-182
45011,2014,138,447,161,511,-23,-64
45011,2015,127,404,228,755,-101,-351
45011,2016,208,669,309,1010,-101,-341
45011,2017,125,412,239,731,-114,-319
45011,2018,159,517,221,674,-62,-157
45011,2019,198,631,267,853,-69,-222
45011,2020,214,677,265,791,-51,-114
45011,2021,201,620,245,740,-44,-120
45013,2011,3861,11606,3137,9523,724,2083
45013,2012,4379,13446,3312,10171,1067,3275
45013,2013,2940,8912,2327,7097,613,1815
45013,2014,1962,5707,1624,4675,338,1032
45013,2015,3074,9145,2436,7332,638,1813
45013,2016,4647,14010,3608,11030,1039,2980
45013,2017,3130,9266,2765,8179,365,1087
45013,2018,3145,9257,2688,7693,457,1564
45013,2019,4175,12377,2978,8893,1197,3484
45013,2020,4483,13022,3207,9182,1276,3840
45013,2021,4184,11844,3346,9512,838,2332
45015,2011,6160,19087,5574,16423,586,2664
45015,2012,5942,18214,6197,18548,-255,-334
45015,2013,5273,16140,5331,15703,-58,437
45015,2014,3905,11577,4079,11555,-174,22
45015,2015,8170,25525,5072,14568,3098,10957
45015,2016,8421,25373,7370,21873,1051,3500
45015,2017,6790,20054,5780,16444,1010,3610
45015,2018,6487,19056,5801,16464,686,2592
45015,2019,7125,21302,6262,18290,863,3012
45015,2020,7983,23053,6668,18719,1315,4334
45015,2021,8667,24598,6456,18000,2211,6598
45017,2011,219,675,246,746,-27,-71
45017,2012,244,771,256,820,-12,-49
45017,2013,300,925,272,829,28,96
45017,2014,186,577,208,628,-22,-51
45017,2015,228,673,220,659,8,14
45017,2016,288,884,272,862,16,22
45017,2017,243,724,267,816,-24,-92
45017,2018,224,689,218,661,6,28
45017,2019,269,803,199,583,70,220
45017,2020,265,782,243,715,22,67
45017,2021,276,791,208,594,68,197
45019,2011,10904,30166,9996,28426,908,1740
45019,2012,11654,32445,9926,27999,1728,4446
45019,2013,10336,28625,8545,24237,1791,4388
45019,2014,7393,19850,6321,17657,1072,2193
45019,2015,10690,28976,9465,26330,1225,2646
45019,2016,14199,39050,13454,37502,745,1548
45019,2017,10743,29005,10198,28094,545,911
45019,2018,10675,28656,9543,26203,1132,2453
45019,2019,11801,32015,10707,29639,1094,2376
45019,2020,12552,33427,11765,31697,787,1730
45019,2021,12215,31667,11780,31251,435,416
45021,2011,674,2121,622,1977,52,144
45021,2012,585,1915,543,1771,42,144
45021,2013,536,1777,516,1688,20,89
45021,2014,491,1574,480,1531,11,43
45021,2015,581,1827,595,1798,-14,29
45021,2016,777,2412,817,2558,-40,-146
45021,2017,689,2162,663,2030,26,132
45021,2018,609,1912,597,1841,12,71
45021,2019,669,2098,693,2126,-24,-28
45021,2020,764,2321,703,2102,61,219
45021,2021,778,2300,731,2077,47,223
45023,2011,451,1470,504,1584,-53,-114
45023,2012,406,1325,476,1475,-70,-150
45023,2013,351,1099,385,1246,-34,-147
45023,2014,308,972,296,935,12,37
45023,2015,389,1211,431,1320,-42,-109
45023,2016,533,1741,530,1672,3,69
45023,2017,456,1515,441,1328,15,187
45023,2018,444,1352,481,1489,-37,-137
45023,2019,526,1661,468,1453,58,208
45023,2020,519,1575,532,1596,-13,-21
45023,2021,547,1632,465,1359,82,273
45025,2011,424,1379,444,1408,-20,-29
45025,2012,407,1354,414,1310,-7,44
45025,2013,345,1109,385,1225,-40,-116
45025,2014,255,813,303,961,-48,-148
45025,2015,360,1152,404,1261,-44,-109
45025,2016,479,1545,477,1484,2,61
45025,2017,355,1126,382,1186,-27,-60
45025,2018,395,1277,430,1299,-35,-22
45025,2019,481,1505,420,1323,61,182
45025,2020,497,1536,490,1439,7,97
45025,2021,499,1500,436,1238,63,262
45027,2011,355,1192,431,1360,-76,-168
45027,2012,381,1252,439,1406,-58,-154
45027,2013,321,995,322,1046,-1,-51
45027,2014,251,805,337,994,-86,-189
45027,2015,339,1102,327,1049,12,53
45027,2016,401,1279,442,1395,-41,-116
45027,2017,370,1126,383,1177,-13,-51
45027,2018,301,960,332,1086,-31,-126
45027,2019,392,1219,353,1125,39,94
45027,2020,499,1475,365,1099,134,376
45027,2021,430,1280,455,1346,-25,-66
45029,2011,420,1322,548,1703,-128,-381
45029,2012,458,1408,478,1487,-20,-79
45029,2013,382,1200,532,1592,-150,-392
45029,2014,248,757,310,928,-62,-171
45029,2015,429,1289,334,997,95,292
45029,2016,528,1639,517,1567,11,72
45029,2017,456,1404,429,1235,27,169
45029,2018,426,1273,450,1383,-24,-110
45029,2019,452,1411,481,1432,-29,-21
45029,2020,540,1606,459,1372,81,234
45029,2021,471,1390,436,1255,35,135
45031,2011,878,2761,896,2805,-18,-44
45031,2012,893,2775,925,2930,-32,-155
45031,2013,646,2037,733,2302,-87,-265
45031,2014,538,1639,613,1893,-75,-254
45031,2015,648,2021,727,2259,-79,-238
45031,2016,887,2766,870,2736,17,30
45031,2017,801,2498,841,2552,-40,-54
45031,2018,746,2275,776,2416,-30,-141
45031,2019,729,2226,738,2226,-9,0
45031,2020,763,2257,863,2516,-100,-259
45031,2021,833,2428,771,2303,62,125
45033,2011,286,939,361,1124,-75,-185
45033,2012,277,915,327,1064,-50,-149
45033,2013,198,665,252,837,-54,-172
45033,2014,189,601,204,621,-15,-20
45033,2015,202,651,214,695,-12,-44
45033,2016,228,723,329,1055,-101,-332
45033,2017,204,637,224,706,-20,-69
45033,2018,210,686,251,775,-41,-89
45033,2019,222,718,258,806,-36,-88
45033,2020,239,712,290,909,-51,-197
45033,2021,217,647,265,790,-48,-143
45035,2011,4921,15122,4179,13121,742,2001
45035,2012,4776,14815,4218,12996,558,1819
45035,2013,4068,12594,3542,10822,526,1772
45035,2014,2974,8999,2927,8666,47,333
45035,2015,4033,12081,6794,21252,-2761,-9171
45035,2016,5941,18137,5394,16255,547,1882
45035,2017,4357,13095,4347,12785,10,310
45035,2018,4439,13219,4130,12181,309,1038
45035,2019,4779,14375,4509,13578,270,797
45035,2020,5061,14702,4711,13634,350,1068
45035,2021,5020,14393,4340,12384,680,2009
45037,2011,447,1460,551,1734,-104,-274
45037,2012,453,1518,420,1336,33,182
45037,2013,388,1303,354,1179,34,124
45037,2014,344,1113,248,798,96,315
45037,2015,377,1228,395,1203,-18,25
45037,2016,606,1999,441,1368,165,631
45037,2017,435,1380,437,1394,-2,-14
45037,2018,416,1336,379,1209,37,127
45037,2019,536,1713,400,1259,136,454
45037,2020,646,1998,367,1138,279,860
45037,2021,621,1935,437,1306,184,629
45039,2011,337,1040,376,1179,-39,-139
45039,2012,355,1094,372,1168,-17,-74
45039,2013,266,813,288,875,-22,-62
45039,2014,159,466,281,843,-122,-377
45039,2015,262,775,316,978,-54,-203
45039,2016,345,1084,357,1104,-12,-20
45039,2017,278,847,334,1040,-56,-193
45039,2018,294,898,285,919,9,-21
45039,2019,299,951,327,1020,-28,-69
45039,2020,359,1081,328,975,31,106
45039,2021,350,1015,342,998,8,17
45041,2011,1939,5953,1974,5936,-35,17
45041,2012,1881,5803,2079,6249,-198,-446
45041,2013,1404,4351,1642,5083,-238,-732
45041,2014,1192,3651,1333,4009,-141,-358
45041,2015,1422,4371,1713,5157,-291,-786
45041,2016,1788,5412,2035,6078,-247,-666
45041,2017,1476,4407,1759,5285,-283,-878
45041,2018,1629,4840,1631,4879,-2,-39
45041,2019,1589,4793,1725,5227,-136,-434
45041,2020,1645,4797,1854,5314,-209,-517
45041,2021,1755,5119,1670,4723,85,396
45043,2011,936,2771,952,2764,-16,7
45043,2012,918,2693,1042,3065,-124,-372
45043,2013,783,2291,963,2749,-180,-458
45043,2014,630,1848,765,2189,-135,-341
45043,2015,716,2010,979,2816,-263,-806
45043,2016,1142,3371,1076,3050,66,321
45043,2017,852,2478,883,2521,-31,-43
45043,2018,798,2287,935,2621,-137,-334
45043,2019,1009,2942,972,2736,37,206
45043,2020,974,2718,1014,2797,-40,-79
45043,2021,943,2639,895,2484,48,155
45045,2011,9262,27675,8018,23846,1244,3829
45045,2012,9737,29214,8267,24851,1470,4363
45045,2013,8133,23991,6803,20621,1330,3370
45045,2014,5869,17158,5109,14918,760,2240
45045,2015,8561,24938,7366,21914,1195,3024
45045,2016,12608,36925,11205,33599,1403,3326
45045,2017,9882,28524,8576,24989,1306,3535
45045,2018,9656,27441,8564,24800,1092,2641
45045,2019,10572,30665,9468,28023,1104,2642
45045,2020,12372,34987,9919,28180,2453,6807
45045,2021,12344,34687,10432,29101,1912,5586
45047,2011,890,2678,967,3028,-77,-350
45047,2012,808,2581,948,2948,-140,-367
45047,2013,638,2074,758,2312,-120,-238
45047,2014,586,1781,601,1863,-15,-82
45047,2015,624,1932,735,2234,-111,-302
45047,2016,800,2512,925,2797,-125,-285
45047,2017,654,1985,828,2538,-174,-553
45047,2018,584,1766,781,2297,-197,-531
45047,2019,700,2075,752,2221,-52,-146
45047,2020,718,2077,834,2444,-116,-367
45047,2021,756,2165,789,2233,-33,-68
45049,2011,199,584,271,848,-72,-264
45049,2012,181,594,250,815,-69,-221
45049,2013,153,516,153,486,0,30
45049,2014,91,278,156,478,-65,-200
45049,2015,112,366,191,580,-79,-214
45049,2016,135,411,155,461,-20,-50
45049,2017,158,502,181,552,-23,-50
45049,2018,131,407,142,444,-11,-37
45049,2019,203,664,165,551,38,113
45049,2020,146,442,175,518,-29,-76
45049,2021,176,588,126,378,50,210
45051,2011,6838,19418,4883,13928,1955,5490
45051,2012,7358,21009,4833,13574,2525,7435
45051,2013,6055,17354,3546,10194,2509,7160
45051,2014,3812,10671,2437,6721,1375,3950
45051,2015,7098,19953,3370,9200,3728,10753
45051,2016,11314,31750,4927,13503,6387,18247
45051,2017,7944,22222,4118,11111,3826,11111
45051,2018,7498,20869,3797,10228,3701,10641
45051,2019,9436,26592,4511,12101,4925,14491
45051,2020,10727,29761,4610,12114,6117,17647
45051,2021,10981,30227,4471,11704,6510,18523
45053,2011,593,1851,465,1467,128,384
45053,2012,512,1541,481,1514,31,27
45053,2013,426,1312,437,1312,-11,0
45053,2014,358,1075,354,1101,4,-26
45053,2015,439,1330,473,1436,-34,-106
45053,2016,614,1797,507,1553,107,244
45053,2017,599,1777,485,1446,114,331
45053,2018,627,1847,507,1531,120,316
45053,2019,724,2139,527,1549,197,590
45053,2020,754,2132,561,1642,193,490
45053,2021,725,2125,552,1590,173,535
45055,2011,873,2707,1050,3274,-177,-567
45055,2012,972,3033,888,2757,84,276
45055,2013,760,2319,762,2393,-2,-74
45055,2014,656,2052,516,1524,140,528
45055,2015,843,2631,736,2208,107,423
45055,2016,1260,3937,980,2924,280,1013
45055,2017,1042,3186,762,2323,280,863
45055,2018,984,3093,929,2770,55,323
45055,2019,1053,3275,879,2673,174,602
45055,2020,1229,3703,886,2561,343,1142
45055,2021,1372,4120,858,2435,514,1685
45057,2011,1386,4262,969,3101,417,1161
45057,2012,1643,5119,1166,3582,477,1537
45057,2013,1473,4644,911,2901,562,1743
45057,2014,1112,3505,768,2375,344,1130
45057,2015,1698,5418,994,3044,704,2374
45057,2016,2465,7693,1505,4603,960,3090
45057,2017,1876,5794,1353,4125,523,1669
45057,2018,1927,5973,1272,3776,655,2197
45057,2019,2398,7484,1509,4640,889,2844
45057,2020,2804,8474,1504,4471,1300,4003
45057,2021,2499,7605,1584,4617,915,2988
45059,2011,1031,3277,1059,3304,-28,-27
45059,2012,991,3078,961,3042,30,36
45059,2013,837,2615,846,2705,-9,-90
45059,2014,679,2155,697,2178,-18,-23
45059,2015,833,2587,901,2689,-68,-102
45059,2016,1221,3777,1140,3547,81,230
45059,2017,1047,3223,996,3038,51,185
45059,2018,1008,3101,948,2935,60,166
45059,2019,1193,3784,1024,3193,169,591
45059,2020,1164,3490,1075,3168,89,322
45059,2021,1232,3676,1036,3089,196,587
45061,2011,264,866,292,984,-28,-118
45061,2012,244,789,272,872,-28,-83
45061,2013,219,718,249,801,-30,-83
45061,2014,219,696,228,718,-9,-22
45061,2015,233,744,273,868,-40,-124
45061,2016,264,874,303,956,-39,-82
45061,2017,209,650,253,802,-44,-152
45061,2018,157,500,252,766,-95,-266
45061,2019,206,650,253,791,-47,-141
45061,2020,253,761,311,941,-58,-180
45061,2021,232,677,244,747,-12,-70
45063,2011,6016,17689,5377,15673,639,2016
45063,2012,6010,18091,5539,16360,471,1731
45063,2013,5056,14954,4974,14573,82,381
45063,2014,3879,11245,3626,10383,253,862
45063,2015,5452,16044,4809,13763,643,2281
45063,2016,7722,22904,6919,20248,803,2656
45063,2017,6153,17993,5141,14904,1012,3089
45063,2018,5696,16717,4924,14201,772,2516
45063,2019,6487,19234,5328,15441,1159,3793
45063,2020,6679,19098,5398,15211,1281,3887
45063,2021,6307,17642,5639,15701,668,1941
45065,2011,116,370,71,214,45,156
45065,2012,97,292,108,351,-11,-59
45065,2013,55,170,44,142,11,28
45065,2014,25,74,54,172,-29,-98
45065,2015,60,190,34,108,26,82
45065,2016,100,306,47,139,53,167
45065,2017,71,223,51,157,20,66
45065,2018,44,134,51,159,-7,-25
45065,2019,72,216,34,108,38,108
45065,2020,90,255,63,188,27,67
45065,2021,90,258,104,275,-14,-17
45067,2011,394,1249,410,1334,-16,-85
45067,2012,351,1100,393,1283,-42,-183
45067,2013,273,873,338,1084,-65,-211
45067,2014,218,703,267,835,-49,-132
45067,2015,273,889,308,968,-35,-79
45067,2016,243,743,363,1118,-120,-375
45067,2017,279,840,389,1181,-110,-341
45067,2018,281,912,335,1035,-54,-123
45067,2019,272,835,327,1023,-55,-188
45067,2020,313,909,393,1181,-80,-272
45067,2021,327,985,348,1030,-21,-45
45069,2011,240,749,325,1025,-85,-276
45069,2012,244,791,254,808,-10,-17
45069,2013,158,522,143,469,15,53
45069,2014,88,273,116,377,-28,-104
45069,2015,108,343,177,557,-69,-214
45069,2016,174,566,160,494,14,72
45069,2017,120,398,156,500,-36,-102
45069,2018,157,489,212,684,-55,-195
45069,2019,188,626,152,497,36,129
45069,2020,221,671,231,731,-10,-60
45069,2021,166,496,224,685,-58,-189
45071,2011,367,1122,471,1460,-104,-338
45071,2012,428,1295,417,1326,11,-31
45071,2013,360,1152,414,1247,-54,-95
45071,2014,242,686,286,849,-44,-163
45071,2015,368,1133,346,991,22,142
45071,2016,539,1611,388,1196,151,415
45071,2017,373,1124,376,1141,-3,-17
45071,2018,355,1049,334,1002,21,47
45071,2019,396,1200,409,1218,-13,-18
45071,2020,438,1296,379,1061,59,235
45071,2021,437,1280,392,1133,45,147
45073,2011,760,2246,743,2120,17,126
45073,2012,796,2331,789,2336,7,-5
45073,2013,606,1824,683,1988,-77,-164
45073,2014,470,1390,525,1501,-55,-111
45073,2015,701,2085,650,1866,51,219
45073,2016,991,2959,887,2582,104,377
45073,2017,780,2311,688,1986,92,325
45073,2018,778,2236,761,2177,17,59
45073,2019,935,2684,880,2471,55,213
45073,2020,945,2714,910,2477,35,237
45073,2021,918,2623,895,2488,23,135
45075,2011,1108,3268,1268,3770,-160,-502
45075,2012,1046,3318,1242,3767,-196,-449
45075,2013,771,2353,1094,3309,-323,-956
45075,2014,693,2107,866,2552,-173,-445
45075,2015,778,2411,1015,3047,-237,-636
45075,2016,956,2896,1192,3560,-236,-664
45075,2017,843,2552,1068,3120,-225,-568
45075,2018,847,2549,1131,3386,-284,-837
45075,2019,871,2776,1154,3499,-283,-723
45075,2020,971,2865,1063,3125,-92,-260
45075,2021,1051,3108,1032,2966,19,142
45077,2011,1762,5396,2030,5852,-268,-456
45077,2012,1901,5771,2040,6081,-139,-310
45077,2013,1776,5242,1814,5338,-38,-96
45077,2014,1391,4112,1437,4192,-46,-80
45077,2015,1864,5525,1891,5489,-27,36
45077,2016,2407,7297,2547,7322,-140,-25
45077,2017,2010,5953,2053,5960,-43,-7
45077,2018,2051,5989,2040,5841,11,148
45077,2019,2283,6770,2202,6319,81,451
45077,2020,2312,6610,2376,6605,-64,5
45077,2021,2543,7141,2319,6199,224,942
45079,2011,10405,30242,10284,29571,121,671
45079,2012,10295,30429,10156,29686,139,743
45079,2013,8463,24916,8744,25230,-281,-314
45079,2014,6532,18604,6488,18416,44,188
45079,2015,8869,25657,9378,27068,-509,-1411
45079,2016,11822,35180,12702,37030,-880,-1850
45079,2017,9345,27202,9599,27440,-254,-238
45079,2018,8841,25537,9231,26483,-390,-946
45079,2019,9330,27417,9984,29079,-654,-1662
45079,2020,9916,27991,10509,29392,-593,-1401
45079,2021,9659,27093,10046,27661,-387,-568
45081,2011,405,1558,369,1287,36,271
45081,2012,352,1232,388,1471,-36,-239
45081,2013,302,1001,301,1070,1,-69
45081,2014,197,704,241,836,-44,-132
45081,2015,265,823,308,1022,-43,-199
45081,2016,346,1140,355,1131,-9,9
45081,2017,306,1005,291,908,15,97
45081,2018,290,901,289,882,1,19
45081,2019,287,890,312,947,-25,-57
45081,2020,289,878,269,802,20,76
45081,2021,291,906,302,885,-11,21
45083,2011,3907,11970,3750,11398,157,572
45083,2012,4083,12416,3599,10875,484,1541
45083,2013,3247,9931,3396,10106,-149,-175
45083,2014,2857,8543,2419,7150,438,1393
45083,2015,3910,11783,3185,9290,725,2493
45083,2016,6367,19578,4182,12346,2185,7232
45083,2017,4987,14955,3608,10743,1379,4212
45083,2018,4866,14647,3655,10520,1211,4127
45083,2019,5478,16872,3996,11842,1482,5030
45083,2020,6432,19436,4512,12837,1920,6599
45083,2021,7150,21176,4332,12159,2818,9017
45085,2011,1423,4512,1599,4933,-176,-421
45085,2012,1390,4442,1769,5720,-379,-1278
45085,2013,894,2838,1175,3612,-281,-774
45085,2014,685,2034,843,2505,-158,-471
45085,2015,886,2770,1195,3720,-309,-950
45085,2016,1234,3847,1725,5517,-491,-1670
45085,2017,992,3087,1187,3571,-195,-484
45085,2018,923,2830,1133,3434,-210,-604
45085,2019,947,2960,1212,3699,-265,-739
45085,2020,1198,3475,1470,4406,-272,-931
45085,2021,1084,3172,1305,3902,-221,-730
45087,2011,183,590,262,816,-79,-226
45087,2012,195,584,234,725,-39,-141
45087,2013,141,449,177,538,-36,-89
45087,2014,91,276,110,349,-19,-73
45087,2015,173,514,187,575,-14,-61
45087,2016,216,708,266,788,-50,-80
45087,2017,198,621,218,657,-20,-36
45087,2018,176,560,178,555,-2,5
45087,2019,234,739,222,701,12,38
45087,2020,199,581,269,795,-70,-214
45087,2021,228,671,227,633,1,38
45089,2011,414,1298,541,1831,-127,-533
45089,2012,425,1418,510,1637,-85,-219
45089,2013,367,1161,411,1286,-44,-125
45089,2014,299,907,322,1059,-23,-152
45089,2015,327,1018,429,1299,-102,-281
45089,2016,326,984,487,1533,-161,-549
45089,2017,330,1077,376,1193,-46,-116
45089,2018,370,1134,404,1272,-34,-138
45089,2019,358,1152,383,1198,-25,-46
45089,2020,346,1058,369,1094,-23,-36
45089,2021,338,988,373,1118,-35,-130
45091,2011,4337,13234,3557,10534,780,2700
45091,2012,4689,14235,3680,10793,1009,3442
45091,2013,4110,12558,3193,9448,917,3110
45091,2014,2787,8390,2324,6610,463,1780
45091,2015,4817,14710,3188,9096,1629,5614
45091,2016,8115,25135,4704,13821,3411,11314
45091,2017,5720,17357,3933,11420,1787,5937
45091,2018,5883,17552,4230,12246,1653,5306
45091,2019,6226,18769,4520,13063,1706,5706
45091,2020,6458,18848,5019,14270,1439,4578
45091,2021,5930,17102,5076,14215,854,2887
46003,2011,16,49,19,57,-3,-8
46003,2012,23,66,18,53,5,13
46003,2013,26,80,20,64,6,16
46003,2016,30,77,20,59,10,18
46003,2020,26,65,NA,NA,NA,NA
46003,2021,21,52,NA,NA,NA,NA
46005,2011,141,366,173,491,-32,-125
46005,2012,130,372,189,560,-59,-188
46005,2013,40,123,76,239,-36,-116
46005,2014,21,68,72,219,-51,-151
46005,2015,51,159,93,279,-42,-120
46005,2016,91,250,106,310,-15,-60
46005,2017,47,129,59,165,-12,-36
46005,2018,27,71,64,182,-37,-111
46005,2020,45,113,100,273,-55,-160
46005,2021,35,87,72,188,-37,-101
46007,2012,12,41,12,43,0,-2
46009,2011,53,159,55,140,-2,19
46009,2012,69,180,49,147,20,33
46009,2013,26,79,51,148,-25,-69
46009,2015,31,91,26,70,5,21
46009,2016,46,146,48,131,-2,15
46009,2017,46,137,34,101,12,36
46009,2018,31,90,36,95,-5,-5
46009,2019,43,103,33,105,10,-2
46009,2020,26,77,34,91,-8,-14
46009,2021,34,97,38,102,-4,-5
46011,2011,419,1066,463,1259,-44,-193
46011,2012,424,1149,531,1389,-107,-240
46011,2013,279,802,401,1053,-122,-251
46011,2014,178,477,147,385,31,92
46011,2015,263,692,363,994,-100,-302
46011,2016,366,988,509,1383,-143,-395
46011,2017,271,735,366,947,-95,-212
46011,2018,243,651,343,886,-100,-235
46011,2019,289,807,371,941,-82,-134
46011,2020,222,586,338,831,-116,-245
46011,2021,268,696,342,839,-74,-143
46013,2011,500,1278,364,1046,136,232
46013,2012,444,1246,405,1096,39,150
46013,2013,294,831,306,820,-12,11
46013,2014,158,434,176,476,-18,-42
46013,2015,253,703,314,821,-61,-118
46013,2016,343,960,480,1332,-137,-372
46013,2017,195,533,320,863,-125,-330
46013,2018,99,270,300,782,-201,-512
46013,2019,223,621,261,703,-38,-82
46013,2020,165,433,282,769,-117,-336
46013,2021,123,318,251,646,-128,-328
46015,2011,60,157,62,166,-2,-9
46015,2012,44,121,65,177,-21,-56
46015,2016,28,83,NA,NA,NA,NA
46015,2021,20,70,NA,NA,NA,NA
46017,2011,11,42,NA,NA,NA,NA
46017,2012,10,36,11,33,-1,3
46019,2011,207,606,194,581,13,25
46019,2012,185,553,161,473,24,80
46019,2013,150,446,171,500,-21,-54
46019,2014,94,264,102,277,-8,-13
46019,2015,136,388,165,464,-29,-76
46019,2016,236,677,218,652,18,25
46019,2017,190,568,132,364,58,204
46019,2018,158,451,156,444,2,7
46019,2019,194,599,166,504,28,95
46019,2020,156,443,127,359,29,84
46019,2021,163,452,136,386,27,66
46023,2011,37,115,64,183,-27,-68
46023,2012,31,96,44,130,-13,-34
46023,2013,20,65,NA,NA,NA,NA
46023,2015,21,65,NA,NA,NA,NA
46023,2016,31,87,36,105,-5,-18
46023,2017,21,53,30,84,-9,-31
46023,2019,20,57,NA,NA,NA,NA
46025,2011,26,65,20,57,6,8
46025,2012,28,93,36,94,-8,-1
46025,2013,24,71,33,94,-9,-23
46025,2015,28,75,28,80,0,-5
46025,2016,33,92,29,87,4,5
46025,2017,24,73,NA,NA,NA,NA
46025,2020,24,79,24,68,0,11
46027,2011,189,483,252,676,-63,-193
46027,2012,163,463,252,672,-89,-209
46027,2013,96,281,201,510,-105,-229
46027,2014,76,201,71,186,5,15
46027,2015,157,412,213,563,-56,-151
46027,2016,220,588,307,835,-87,-247
46027,2017,134,361,200,506,-66,-145
46027,2018,129,353,176,453,-47,-100
46027,2019,154,455,177,444,-23,11
46027,2020,155,426,201,512,-46,-86
46027,2021,135,342,211,541,-76,-199
46029,2011,392,1118,381,1055,11,63
46029,2012,410,1083,418,1197,-8,-114
46029,2013,271,766,320,939,-49,-173
46029,2014,93,252,130,349,-37,-97
46029,2015,279,775,271,752,8,23
46029,2016,333,952,411,1105,-78,-153
46029,2017,213,546,296,812,-83,-266
46029,2018,183,503,241,666,-58,-163
46029,2019,248,658,265,717,-17,-59
46029,2020,263,695,256,693,7,2
46029,2021,213,570,224,586,-11,-16
46031,2011,16,48,13,44,3,4
46031,2012,31,112,40,128,-9,-16
46031,2015,21,59,NA,NA,NA,NA
46033,2011,190,564,108,320,82,244
46033,2012,87,244,114,333,-27,-89
46033,2013,76,245,83,228,-7,17
46033,2014,67,193,65,183,2,10
46033,2015,117,357,88,240,29,117
46033,2016,121,352,155,484,-34,-132
46033,2017,120,370,126,355,-6,15
46033,2018,87,257,87,251,0,6
46033,2019,99,272,118,330,-19,-58
46033,2020,107,306,96,261,11,45
46033,2021,129,369,103,275,26,94
46035,2011,286,744,280,748,6,-4
46035,2012,289,782,311,819,-22,-37
46035,2013,169,480,209,571,-40,-91
46035,2014,93,253,99,246,-6,7
46035,2015,126,337,193,473,-67,-136
46035,2016,219,585,338,924,-119,-339
46035,2017,102,274,174,462,-72,-188
46035,2018,177,487,141,379,36,108
46035,2019,141,419,209,561,-68,-142
46035,2020,120,319,168,447,-48,-128
46035,2021,99,249,193,489,-94,-240
46037,2011,28,79,69,193,-41,-114
46037,2012,47,128,72,195,-25,-67
46037,2015,23,69,21,50,2,19
46037,2016,51,142,43,124,8,18
46037,2017,24,64,22,64,2,0
46039,2011,36,100,33,102,3,-2
46039,2012,28,81,32,99,-4,-18
46039,2013,26,90,49,133,-23,-43
46039,2016,32,91,24,69,8,22
46039,2017,28,74,NA,NA,NA,NA
46039,2018,24,68,NA,NA,NA,NA
46039,2019,27,84,21,58,6,26
46039,2020,20,56,28,74,-8,-18
46041,2011,37,118,16,53,21,65
46041,2012,44,134,36,117,8,17
46041,2015,20,67,43,132,-23,-65
46045,2011,41,123,49,137,-8,-14
46045,2012,42,130,47,139,-5,-9
46045,2013,60,180,57,168,3,12
46045,2014,39,115,36,90,3,25
46045,2015,36,110,58,148,-22,-38
46045,2016,69,217,49,148,20,69
46045,2017,32,85,42,122,-10,-37
46045,2018,38,105,23,66,15,39
46045,2019,34,101,40,114,-6,-13
46045,2020,48,143,27,71,21,72
46045,2021,38,123,22,60,16,63
46047,2011,72,195,70,203,2,-8
46047,2012,80,223,83,235,-3,-12
46047,2013,76,224,33,83,43,141
46047,2014,35,97,44,131,-9,-34
46047,2015,43,124,58,163,-15,-39
46047,2016,76,212,80,212,-4,0
46047,2017,70,201,75,234,-5,-33
46047,2018,43,118,41,120,2,-2
46047,2019,56,161,57,151,-1,10
46047,2020,79,238,48,130,31,108
46047,2021,45,120,67,202,-22,-82
46051,2011,52,153,74,218,-22,-65
46051,2012,35,105,62,176,-27,-71
46051,2013,22,67,28,82,-6,-15
46051,2015,28,71,24,55,4,16
46051,2016,43,110,78,238,-35,-128
46051,2018,27,70,45,140,-18,-70
46051,2019,25,68,21,58,4,10
46053,2011,39,105,11,35,28,70
46055,2011,27,96,12,36,15,60
46057,2011,67,219,76,232,-9,-13
46057,2012,65,196,63,189,2,7
46057,2013,65,205,74,241,-9,-36
46057,2014,28,84,34,96,-6,-12
46057,2015,73,218,81,241,-8,-23
46057,2016,101,297,63,194,38,103
46057,2017,42,141,70,187,-28,-46
46057,2018,37,115,38,120,-1,-5
46057,2019,65,195,81,243,-16,-48
46057,2020,31,104,86,240,-55,-136
46057,2021,57,169,35,108,22,61
46061,2011,28,89,34,87,-6,2
46061,2012,50,145,34,94,16,51
46061,2013,21,61,32,82,-11,-21
46061,2014,25,71,45,111,-20,-40
46061,2015,37,96,39,100,-2,-4
46061,2016,48,148,29,81,19,67
46061,2017,28,82,37,99,-9,-17
46061,2018,98,268,23,63,75,205
46061,2019,31,92,25,72,6,20
46061,2021,33,90,27,72,6,18
46065,2011,300,808,338,896,-38,-88
46065,2012,304,840,301,838,3,2
46065,2013,148,416,173,497,-25,-81
46065,2014,106,281,144,398,-38,-117
46065,2015,128,378,208,566,-80,-188
46065,2016,176,497,231,654,-55,-157
46065,2017,118,343,200,573,-82,-230
46065,2018,102,285,187,517,-85,-232
46065,2019,134,389,192,568,-58,-179
46065,2020,140,408,176,492,-36,-84
46065,2021,140,384,187,509,-47,-125
46067,2011,39,115,56,152,-17,-37
46067,2012,67,180,73,199,-6,-19
46067,2013,22,65,48,129,-26,-64
46067,2015,21,67,NA,NA,NA,NA
46067,2016,63,171,55,149,8,22
46067,2017,53,141,42,116,11,25
46067,2019,52,129,43,130,9,-1
46067,2020,46,136,74,196,-28,-60
46067,2021,24,61,66,181,-42,-120
46071,2011,14,52,13,45,1,7
46071,2012,11,33,13,35,-2,-2
46073,2011,14,47,21,63,-7,-16
46073,2012,13,44,23,62,-10,-18
46077,2011,26,80,79,244,-53,-164
46077,2012,29,85,69,210,-40,-125
46077,2013,29,99,28,81,1,18
46077,2015,27,71,28,74,-1,-3
46077,2016,34,105,53,144,-19,-39
46077,2017,24,61,29,85,-5,-24
46077,2018,28,82,24,65,4,17
46077,2019,47,149,27,68,20,81
46077,2020,27,72,30,81,-3,-9
46077,2021,30,85,41,110,-11,-25
46079,2011,82,228,136,360,-54,-132
46079,2012,109,334,166,450,-57,-116
46079,2013,94,276,102,277,-8,-1
46079,2014,61,175,56,148,5,27
46079,2015,78,237,134,359,-56,-122
46079,2016,149,415,187,485,-38,-70
46079,2017,111,307,211,604,-100,-297
46079,2018,78,208,1033,2794,-955,-2586
46079,2019,89,251,174,478,-85,-227
46079,2020,87,233,140,362,-53,-129
46079,2021,123,337,126,311,-3,26
46081,2011,588,1622,578,1541,10,81
46081,2012,489,1308,467,1308,22,0
46081,2013,347,965,369,1017,-22,-52
46081,2014,240,623,267,708,-27,-85
46081,2015,403,1122,376,999,27,123
46081,2016,439,1270,517,1425,-78,-155
46081,2017,291,768,454,1242,-163,-474
46081,2018,339,949,362,963,-23,-14
46081,2019,312,872,440,1213,-128,-341
46081,2020,365,1006,349,940,16,66
46081,2021,421,1172,351,941,70,231
46083,2011,2173,6307,1401,3935,772,2372
46083,2012,1997,5814,1517,4410,480,1404
46083,2013,1742,4929,1310,3796,432,1133
46083,2014,1120,3211,908,2528,212,683
46083,2015,2075,5863,1490,4132,585,1731
46083,2016,3169,9201,2102,6027,1067,3174
46083,2017,2230,6277,1609,4523,621,1754
46083,2018,2244,6261,1627,4547,617,1714
46083,2019,2462,7008,1979,5668,483,1340
46083,2020,2640,7263,1902,5163,738,2100
46083,2021,2525,6841,1757,4740,768,2101
46085,2011,26,74,18,46,8,28
46085,2012,27,75,32,81,-5,-6
46085,2019,23,65,NA,NA,NA,NA
46087,2011,43,134,67,190,-24,-56
46087,2012,82,238,98,287,-16,-49
46087,2013,50,144,77,206,-27,-62
46087,2014,33,88,54,136,-21,-48
46087,2015,71,218,47,128,24,90
46087,2016,81,243,107,298,-26,-55
46087,2017,62,217,55,155,7,62
46087,2018,33,99,68,202,-35,-103
46087,2019,64,205,74,208,-10,-3
46087,2020,83,241,74,200,9,41
46087,2021,61,176,67,180,-6,-4
46089,2012,12,34,13,38,-1,-4
46091,2011,29,86,42,128,-13,-42
46091,2012,35,126,33,111,2,15
46091,2019,20,74,NA,NA,NA,NA
46093,2011,1119,3352,1047,3230,72,122
46093,2012,743,2220,796,2362,-53,-142
46093,2013,633,1853,645,1876,-12,-23
46093,2014,491,1422,505,1375,-14,47
46093,2015,709,2111,680,1903,29,208
46093,2016,990,3019,928,2667,62,352
46093,2017,754,2203,794,2197,-40,6
46093,2018,709,2088,724,2037,-15,51
46093,2019,781,2320,761,2234,20,86
46093,2020,741,2186,764,2057,-23,129
46093,2021,726,2132,743,2032,-17,100
46097,2012,10,26,NA,NA,NA,NA
46099,2011,4015,10859,4029,11333,-14,-474
46099,2012,4131,11421,3946,11086,185,335
46099,2013,3296,9145,3205,8902,91,243
46099,2014,2286,6122,2185,6018,101,104
46099,2015,3293,8941,3611,10114,-318,-1173
46099,2016,4477,12402,4999,14184,-522,-1782
46099,2017,3451,9431,3512,9807,-61,-376
46099,2018,4234,11427,3468,9585,766,1842
46099,2019,3985,11103,3890,11031,95,72
46099,2020,4120,11017,3904,10675,216,342
46099,2021,4001,10613,3762,10247,239,366
46101,2011,80,265,107,314,-27,-49
46101,2012,69,195,93,267,-24,-72
46101,2013,65,193,87,262,-22,-69
46101,2014,59,189,60,168,-1,21
46101,2015,80,257,80,228,0,29
46101,2016,80,258,86,265,-6,-7
46101,2017,72,224,71,196,1,28
46101,2018,70,218,87,242,-17,-24
46101,2019,83,239,69,212,14,27
46101,2020,89,252,49,133,40,119
46101,2021,67,185,47,132,20,53
46102,2014,56,185,67,227,-11,-42
46102,2015,62,208,68,235,-6,-27
46102,2016,79,253,84,278,-5,-25
46102,2017,76,272,99,317,-23,-45
46102,2018,78,248,94,297,-16,-49
46102,2019,58,176,92,305,-34,-129
46102,2020,69,217,83,262,-14,-45
46102,2021,72,227,71,233,1,-6
46103,2011,2538,7112,2314,6629,224,483
46103,2012,2370,6801,2147,6122,223,679
46103,2013,1639,4628,1548,4473,91,155
46103,2014,1013,2781,1040,2962,-27,-181
46103,2015,1635,4533,1501,4340,134,193
46103,2016,2404,6819,2138,6270,266,549
46103,2017,1744,4867,1500,4306,244,561
46103,2018,2072,5779,1453,4176,619,1603
46103,2019,2127,6124,1677,4795,450,1329
46103,2020,2260,6183,1665,4682,595,1501
46103,2021,2301,6377,1680,4698,621,1679
46109,2011,76,231,99,292,-23,-61
46109,2012,75,239,106,343,-31,-104
46109,2013,27,84,24,68,3,16
46109,2015,20,52,20,54,0,-2
46109,2016,41,126,28,80,13,46
46109,2017,23,71,51,125,-28,-54
46109,2018,21,69,NA,NA,NA,NA
46111,2011,14,46,23,59,-9,-13
46111,2012,20,57,21,56,-1,1
46111,2015,23,63,NA,NA,NA,NA
46111,2016,24,68,23,58,1,10
46113,2011,81,294,82,282,-1,12
46113,2012,54,195,84,259,-30,-64
46113,2013,75,268,78,263,-3,5
46115,2011,55,159,34,85,21,74
46115,2012,27,75,62,163,-35,-88
46115,2013,29,75,34,102,-5,-27
46115,2014,24,76,32,90,-8,-14
46115,2015,33,81,27,76,6,5
46115,2016,43,131,36,106,7,25
46115,2017,35,102,22,66,13,36
46115,2018,20,59,28,71,-8,-12
46115,2019,31,103,39,118,-8,-15
46115,2020,21,64,32,81,-11,-17
46115,2021,24,57,39,112,-15,-55
46117,2011,84,239,94,279,-10,-40
46117,2012,68,198,89,255,-21,-57
46117,2013,80,247,79,226,1,21
46117,2014,72,217,55,156,17,61
46117,2015,80,233,63,200,17,33
46117,2016,86,274,84,242,2,32
46117,2017,70,202,57,170,13,32
46117,2018,67,207,50,136,17,71
46117,2019,86,249,64,189,22,60
46117,2020,70,196,61,197,9,-1
46117,2021,53,136,80,225,-27,-89
46119,2011,18,54,31,106,-13,-52
46119,2012,12,33,16,38,-4,-5
46121,2011,50,168,42,147,8,21
46121,2012,32,97,42,136,-10,-39
46121,2013,21,69,33,96,-12,-27
46121,2014,24,68,23,73,1,-5
46121,2016,23,75,29,90,-6,-15
46121,2020,29,92,20,69,9,23
46123,2011,11,35,39,116,-28,-81
46123,2012,21,67,NA,NA,NA,NA
46125,2011,115,314,112,309,3,5
46125,2012,129,397,148,429,-19,-32
46125,2013,130,367,137,371,-7,-4
46125,2014,81,235,102,257,-21,-22
46125,2015,125,362,100,271,25,91
46125,2016,197,608,138,406,59,202
46125,2017,110,325,96,248,14,77
46125,2018,102,316,101,273,1,43
46125,2019,135,423,113,335,22,88
46125,2020,136,391,113,325,23,66
46125,2021,127,363,96,257,31,106
46127,2011,368,1084,308,865,60,219
46127,2012,366,1108,320,938,46,170
46127,2013,353,1038,234,662,119,376
46127,2014,200,560,172,480,28,80
46127,2015,312,889,275,788,37,101
46127,2016,517,1512,380,1067,137,445
46127,2017,375,1075,291,784,84,291
46127,2018,374,1040,226,618,148,422
46127,2019,374,1092,318,895,56,197
46127,2020,357,988,292,798,65,190
46127,2021,330,949,257,666,73,283
46129,2011,23,80,40,111,-17,-31
46129,2012,39,128,10,25,29,103
46129,2013,21,75,NA,NA,NA,NA
46135,2011,293,828,276,753,17,75
46135,2012,257,730,324,906,-67,-176
46135,2013,193,543,144,402,49,141
46135,2014,122,332,86,221,36,111
46135,2015,161,430,196,542,-35,-112
46135,2016,264,742,329,931,-65,-189
46135,2017,191,535,206,580,-15,-45
46135,2018,146,402,210,577,-64,-175
46135,2019,173,489,231,637,-58,-148
46135,2020,180,467,186,523,-6,-56
46135,2021,162,422,167,436,-5,-14
46137,2012,11,37,13,42,-2,-5
46137,2015,22,73,NA,NA,NA,NA
47001,2011,1400,4312,1446,4466,-46,-154
47001,2012,1451,4477,1463,4481,-12,-4
47001,2013,1286,3929,1379,4197,-93,-268
47001,2014,1019,2974,1041,3042,-22,-68
47001,2015,1318,3843,1394,4072,-76,-229
47001,2016,1854,5547,1769,5178,85,369
47001,2017,1512,4483,1518,4399,-6,84
47001,2018,1461,4407,1440,4101,21,306
47001,2019,1593,4789,1490,4515,103,274
47001,2020,1709,4919,1669,4818,40,101
47001,2021,1698,4807,1431,4137,267,670
47003,2011,649,2139,634,2006,15,133
47003,2012,664,2134,660,2037,4,97
47003,2013,627,1962,570,1724,57,238
47003,2014,504,1510,472,1463,32,47
47003,2015,654,2086,622,1934,32,152
47003,2016,1101,3409,888,2679,213,730
47003,2017,790,2485,677,2053,113,432
47003,2018,807,2464,679,2034,128,430
47003,2019,967,2981,803,2443,164,538
47003,2020,1003,2958,802,2350,201,608
47003,2021,964,2871,723,2086,241,785
47005,2011,192,563,156,480,36,83
47005,2012,192,606,120,372,72,234
47005,2013,119,373,117,357,2,16
47005,2014,85,260,88,255,-3,5
47005,2015,95,292,118,365,-23,-73
47005,2016,149,461,162,512,-13,-51
47005,2017,136,447,128,384,8,63
47005,2018,104,311,146,479,-42,-168
47005,2019,151,484,120,369,31,115
47005,2020,164,516,137,394,27,122
47005,2021,140,415,125,389,15,26
47007,2011,279,935,152,469,127,466
47007,2012,133,441,128,415,5,26
47007,2013,109,336,122,400,-13,-64
47007,2014,82,262,74,214,8,48
47007,2015,115,366,126,377,-11,-11
47007,2016,161,549,172,580,-11,-31
47007,2017,140,428,131,434,9,-6
47007,2018,150,497,169,525,-19,-28
47007,2019,178,640,142,435,36,205
47007,2020,219,633,153,448,66,185
47007,2021,143,441,140,395,3,46
47009,2011,1805,5403,1746,5070,59,333
47009,2012,1934,5795,1793,5146,141,649
47009,2013,1602,4731,1520,4460,82,271
47009,2014,1156,3354,1060,2930,96,424
47009,2015,1672,4773,1516,4281,156,492
47009,2016,2491,7347,2126,6112,365,1235
47009,2017,2022,5874,1735,4994,287,880
47009,2018,1980,5773,1677,4730,303,1043
47009,2019,2112,6129,1959,5688,153,441
47009,2020,2385,6846,1801,5068,584,1778
47009,2021,2099,5960,1936,5347,163,613
47011,2011,1310,4088,1189,3714,121,374
47011,2012,1302,4122,1255,4039,47,83
47011,2013,1133,3703,1061,3312,72,391
47011,2014,968,3064,869,2671,99,393
47011,2015,1080,3302,1162,3493,-82,-191
47011,2016,1709,5200,1452,4506,257,694
47011,2017,1356,4191,1243,3630,113,561
47011,2018,1345,4021,1173,3457,172,564
47011,2019,1484,4592,1375,4120,109,472
47011,2020,1524,4471,1422,4161,102,310
47011,2021,1398,4033,1347,3887,51,146
47013,2011,300,962,360,1149,-60,-187
47013,2012,315,1032,368,1174,-53,-142
47013,2013,318,953,323,1011,-5,-58
47013,2014,219,658,250,776,-31,-118
47013,2015,272,834,282,841,-10,-7
47013,2016,358,1125,415,1330,-57,-205
47013,2017,322,1007,336,994,-14,13
47013,2018,308,914,322,994,-14,-80
47013,2019,365,1146,327,1010,38,136
47013,2020,371,1103,335,987,36,116
47013,2021,384,1153,350,1001,34,152
47015,2011,279,875,256,814,23,61
47015,2012,257,780,276,851,-19,-71
47015,2013,233,751,240,722,-7,29
47015,2014,165,501,149,423,16,78
47015,2015,264,827,213,661,51,166
47015,2016,393,1280,285,872,108,408
47015,2017,307,912,251,770,56,142
47015,2018,273,811,206,621,67,190
47015,2019,339,1002,242,757,97,245
47015,2020,339,1013,263,738,76,275
47015,2021,295,855,249,778,46,77
47017,2011,415,1276,451,1356,-36,-80
47017,2012,367,1148,409,1287,-42,-139
47017,2013,321,1026,340,1050,-19,-24
47017,2014,269,811,289,906,-20,-95
47017,2015,335,1051,316,972,19,79
47017,2016,427,1320,458,1372,-31,-52
47017,2017,347,1055,358,1087,-11,-32
47017,2018,362,1122,360,1104,2,18
47017,2019,394,1251,410,1302,-16,-51
47017,2020,352,1071,358,1074,-6,-3
47017,2021,394,1195,341,1000,53,195
47019,2011,907,2687,860,2554,47,133
47019,2012,828,2408,821,2409,7,-1
47019,2013,702,2095,796,2310,-94,-215
47019,2014,628,1825,576,1660,52,165
47019,2015,789,2272,796,2325,-7,-53
47019,2016,1045,3052,1051,3088,-6,-36
47019,2017,816,2372,836,2430,-20,-58
47019,2018,818,2322,908,2654,-90,-332
47019,2019,884,2572,924,2774,-40,-202
47019,2020,887,2488,940,2616,-53,-128
47019,2021,881,2421,900,2549,-19,-128
47021,2011,917,2746,847,2592,70,154
47021,2012,1034,3153,883,2651,151,502
47021,2013,916,2702,855,2558,61,144
47021,2014,699,2010,698,2142,1,-132
47021,2015,1072,3101,912,2659,160,442
47021,2016,1474,4384,1119,3307,355,1077
47021,2017,1148,3269,967,2814,181,455
47021,2018,1048,2957,872,2534,176,423
47021,2019,1204,3476,905,2651,299,825
47021,2020,1159,3239,1027,2890,132,349
47021,2021,1137,3113,910,2482,227,631
47023,2011,224,741,237,724,-13,17
47023,2012,258,842,212,681,46,161
47023,2013,172,553,181,534,-9,19
47023,2014,143,465,139,420,4,45
47023,2015,185,608,187,589,-2,19
47023,2016,248,810,274,848,-26,-38
47023,2017,184,588,248,781,-64,-193
47023,2018,231,731,175,554,56,177
47023,2019,197,628,186,564,11,64
47023,2020,188,586,216,655,-28,-69
47023,2021,190,570,181,527,9,43
47025,2011,305,958,291,938,14,20
47025,2012,285,879,287,897,-2,-18
47025,2013,203,632,207,631,-4,1
47025,2014,158,475,176,535,-18,-60
47025,2015,211,622,223,677,-12,-55
47025,2016,267,858,278,831,-11,27
47025,2017,224,710,263,805,-39,-95
47025,2018,283,861,241,707,42,154
47025,2019,265,822,234,723,31,99
47025,2020,289,833,276,825,13,8
47025,2021,240,721,233,661,7,60
47027,2011,68,227,77,246,-9,-19
47027,2012,61,199,80,229,-19,-30
47027,2013,47,158,46,138,1,20
47027,2014,44,133,NA,NA,NA,NA
47027,2015,41,143,40,124,1,19
47027,2016,52,164,48,139,4,25
47027,2017,46,157,45,129,1,28
47027,2018,27,86,49,157,-22,-71
47027,2019,49,180,58,163,-9,17
47027,2020,49,151,43,134,6,17
47027,2021,27,82,52,156,-25,-74
47029,2011,410,1244,357,1067,53,177
47029,2012,358,1061,395,1139,-37,-78
47029,2013,299,927,348,1074,-49,-147
47029,2014,244,748,291,891,-47,-143
47029,2015,343,1035,299,911,44,124
47029,2016,434,1311,425,1234,9,77
47029,2017,376,1116,344,1020,32,96
47029,2018,320,942,345,1059,-25,-117
47029,2019,417,1236,411,1204,6,32
47029,2020,444,1291,428,1179,16,112
47029,2021,405,1210,379,1130,26,80
47031,2011,858,2671,914,2805,-56,-134
47031,2012,908,2825,856,2545,52,280
47031,2013,764,2300,787,2318,-23,-18
47031,2014,624,1851,643,1885,-19,-34
47031,2015,818,2486,781,2387,37,99
47031,2016,1337,4073,1095,3362,242,711
47031,2017,1111,3386,911,2700,200,686
47031,2018,1072,3249,929,2822,143,427
47031,2019,1200,3598,939,2882,261,716
47031,2020,1198,3447,993,2930,205,517
47031,2021,1158,3504,1036,2969,122,535
47033,2011,255,814,261,828,-6,-14
47033,2012,264,868,263,831,1,37
47033,2013,262,872,224,697,38,175
47033,2014,153,493,149,461,4,32
47033,2015,172,584,208,660,-36,-76
47033,2016,221,715,260,806,-39,-91
47033,2017,194,609,217,675,-23,-66
47033,2018,183,553,187,574,-4,-21
47033,2019,213,670,220,662,-7,8
47033,2020,228,699,209,625,19,74
47033,2021,217,635,216,660,1,-25
47035,2011,495,1492,533,1665,-38,-173
47035,2012,635,1976,474,1458,161,518
47035,2013,415,1285,405,1227,10,58
47035,2014,270,831,281,793,-11,38
47035,2015,381,1164,416,1204,-35,-40
47035,2016,620,1821,560,1681,60,140
47035,2017,453,1381,412,1211,41,170
47035,2018,430,1272,386,1173,44,99
47035,2019,545,1584,498,1473,47,111
47035,2020,665,1921,493,1373,172,548
47035,2021,687,1972,530,1551,157,421
47037,2011,20285,54777,18171,51425,2114,3352
47037,2012,20505,55417,19932,56944,573,-1527
47037,2013,17377,45881,17254,49748,123,-3867
47037,2014,13763,36002,12374,35146,1389,856
47037,2015,19275,49572,19722,56287,-447,-6715
47037,2016,24860,64046,29519,84151,-4659,-20105
47037,2017,20533,52184,22207,62250,-1674,-10066
47037,2018,20589,52042,22012,61167,-1423,-9125
47037,2019,21134,53857,25108,70414,-3974,-16557
47037,2020,21850,54401,25734,69417,-3884,-15016
47037,2021,23791,57978,24633,65437,-842,-7459
47039,2011,124,390,129,402,-5,-12
47039,2012,109,375,100,324,9,51
47039,2013,79,234,87,282,-8,-48
47039,2014,63,191,73,224,-10,-33
47039,2015,79,253,64,205,15,48
47039,2016,123,394,122,404,1,-10
47039,2017,55,182,69,208,-14,-26
47039,2018,58,184,81,265,-23,-81
47039,2019,59,222,69,232,-10,-10
47039,2020,82,250,74,240,8,10
47039,2021,65,210,61,186,4,24
47041,2011,331,1105,327,1110,4,-5
47041,2012,389,1398,297,923,92,475
47041,2013,283,892,268,862,15,30
47041,2014,232,696,183,602,49,94
47041,2015,310,987,276,849,34,138
47041,2016,422,1271,289,893,133,378
47041,2017,358,1067,293,864,65,203
47041,2018,373,1128,256,756,117,372
47041,2019,443,1337,302,938,141,399
47041,2020,428,1255,323,924,105,331
47041,2021,457,1321,312,915,145,406
47043,2011,793,2373,808,2400,-15,-27
47043,2012,787,2388,794,2456,-7,-68
47043,2013,770,2347,709,2099,61,248
47043,2014,615,1879,525,1566,90,313
47043,2015,790,2428,700,2083,90,345
47043,2016,1289,3871,962,2889,327,982
47043,2017,988,2949,755,2181,233,768
47043,2018,1010,3058,840,2454,170,604
47043,2019,1060,3097,816,2414,244,683
47043,2020,1117,3226,843,2423,274,803
47043,2021,1086,3109,867,2434,219,675
47045,2011,437,1413,501,1591,-64,-178
47045,2012,421,1330,473,1485,-52,-155
47045,2013,342,1046,344,1079,-2,-33
47045,2014,216,663,317,984,-101,-321
47045,2015,339,1036,320,960,19,76
47045,2016,428,1346,467,1416,-39,-70
47045,2017,358,1129,350,1052,8,77
47045,2018,333,1086,350,1059,-17,27
47045,2019,346,1056,393,1198,-47,-142
47045,2020,390,1111,342,1047,48,64
47045,2021,380,1123,376,1091,4,32
47047,2011,946,2970,857,2691,89,279
47047,2012,984,3030,769,2463,215,567
47047,2013,874,2689,779,2516,95,173
47047,2014,716,2178,564,1744,152,434
47047,2015,885,2752,649,1966,236,786
47047,2016,1431,4346,915,2952,516,1394
47047,2017,1116,3401,782,2443,334,958
47047,2018,1039,3119,766,2334,273,785
47047,2019,1273,3887,843,2623,430,1264
47047,2020,1265,3774,779,2283,486,1491
47047,2021,1138,3352,801,2242,337,1110
47049,2011,104,315,140,434,-36,-119
47049,2012,87,279,124,399,-37,-120
47049,2013,77,234,103,291,-26,-57
47049,2014,51,153,80,239,-29,-86
47049,2015,66,216,90,268,-24,-52
47049,2016,118,394,93,288,25,106
47049,2017,78,264,106,349,-28,-85
47049,2018,105,339,88,271,17,68
47049,2019,93,284,107,302,-14,-18
47049,2020,85,249,96,280,-11,-31
47049,2021,92,260,100,277,-8,-17
47051,2011,565,1824,557,1715,8,109
47051,2012,581,1742,493,1511,88,231
47051,2013,415,1252,515,1532,-100,-280
47051,2014,409,1246,320,912,89,334
47051,2015,482,1505,495,1474,-13,31
47051,2016,702,2128,702,2140,0,-12
47051,2017,642,1935,469,1368,173,567
47051,2018,565,1705,530,1570,35,135
47051,2019,663,2139,546,1639,117,500
47051,2020,690,2061,576,1650,114,411
47051,2021,759,2229,596,1719,163,510
47053,2011,767,2445,786,2458,-19,-13
47053,2012,871,2815,764,2390,107,425
47053,2013,680,2153,642,2007,38,146
47053,2014,514,1651,569,1696,-55,-45
47053,2015,708,2262,710,2181,-2,81
47053,2016,953,2984,875,2696,78,288
47053,2017,730,2327,677,2052,53,275
47053,2018,671,2084,695,2186,-24,-102
47053,2019,805,2625,789,2426,16,199
47053,2020,816,2430,688,2097,128,333
47053,2021,868,2503,739,2120,129,383
47055,2011,330,1049,404,1244,-74,-195
47055,2012,334,1054,384,1204,-50,-150
47055,2013,352,1107,351,1061,1,46
47055,2014,238,725,308,916,-70,-191
47055,2015,343,1049,337,1019,6,30
47055,2016,512,1564,436,1310,76,254
47055,2017,414,1247,393,1172,21,75
47055,2018,410,1270,369,1123,41,147
47055,2019,411,1274,429,1295,-18,-21
47055,2020,500,1503,377,1080,123,423
47055,2021,473,1409,399,1169,74,240
47057,2011,341,1086,349,1096,-8,-10
47057,2012,348,1077,347,1080,1,-3
47057,2013,355,1234,306,935,49,299
47057,2014,247,806,229,743,18,63
47057,2015,280,895,300,928,-20,-33
47057,2016,376,1160,405,1281,-29,-121
47057,2017,359,1113,332,984,27,129
47057,2018,358,1086,316,972,42,114
47057,2019,386,1190,333,1072,53,118
47057,2020,407,1215,346,1043,61,172
47057,2021,408,1288,339,1011,69,277
47059,2011,540,1636,663,2013,-123,-377
47059,2012,545,1650,590,1816,-45,-166
47059,2013,442,1337,463,1350,-21,-13
47059,2014,325,982,386,1161,-61,-179
47059,2015,441,1362,476,1405,-35,-43
47059,2016,685,2068,668,2004,17,64
47059,2017,598,1784,498,1441,100,343
47059,2018,499,1482,563,1620,-64,-138
47059,2019,585,1771,611,1820,-26,-49
47059,2020,683,2018,571,1649,112,369
47059,2021,702,2056,633,1762,69,294
47061,2011,459,1544,139,473,320,1071
47061,2012,131,407,155,509,-24,-102
47061,2013,108,337,134,420,-26,-83
47061,2014,81,239,125,384,-44,-145
47061,2015,106,347,109,323,-3,24
47061,2016,154,494,136,460,18,34
47061,2017,134,415,146,468,-12,-53
47061,2018,114,364,116,376,-2,-12
47061,2019,139,431,94,292,45,139
47061,2020,182,571,156,458,26,113
47061,2021,135,393,155,488,-20,-95
47063,2011,838,2797,969,3213,-131,-416
47063,2012,906,3001,1004,3316,-98,-315
47063,2013,838,2721,815,2689,23,32
47063,2014,562,1799,734,2334,-172,-535
47063,2015,806,2440,797,2439,9,1
47063,2016,1091,3330,964,2918,127,412
47063,2017,836,2536,920,2752,-84,-216
47063,2018,845,2560,805,2413,40,147
47063,2019,884,2682,942,2845,-58,-163
47063,2020,973,2815,936,2675,37,140
47063,2021,1018,2961,874,2522,144,439
47065,2011,5789,16742,5189,15270,600,1472
47065,2012,5637,16635,5360,15718,277,917
47065,2013,4525,13054,4242,12588,283,466
47065,2014,3343,9565,3119,9166,224,399
47065,2015,4956,14065,4271,12478,685,1587
47065,2016,6665,19106,6462,18851,203,255
47065,2017,5138,14399,4768,13754,370,645
47065,2018,5310,14887,4885,13923,425,964
47065,2019,5589,15898,5313,15501,276,397
47065,2020,6238,17090,5773,16225,465,865
47065,2021,6664,18098,5547,15349,1117,2749
47067,2011,154,521,54,179,100,342
47067,2012,25,76,53,157,-28,-81
47069,2011,248,781,361,1126,-113,-345
47069,2012,283,921,277,904,6,17
47069,2013,193,647,267,824,-74,-177
47069,2014,131,439,178,538,-47,-99
47069,2015,195,604,255,757,-60,-153
47069,2016,271,820,253,816,18,4
47069,2017,202,603,247,740,-45,-137
47069,2018,173,537,232,698,-59,-161
47069,2019,218,699,239,744,-21,-45
47069,2020,277,751,226,665,51,86
47069,2021,235,676,204,600,31,76
47071,2011,266,853,252,786,14,67
47071,2012,254,820,239,764,15,56
47071,2013,202,646,113,376,89,270
47071,2014,140,439,152,453,-12,-14
47071,2015,164,496,162,518,2,-22
47071,2016,228,738,254,838,-26,-100
47071,2017,201,609,172,503,29,106
47071,2018,195,628,134,443,61,185
47071,2019,211,656,175,578,36,78
47071,2020,213,634,204,618,9,16
47071,2021,219,659,210,621,9,38
47073,2011,884,2818,934,2910,-50,-92
47073,2012,888,2717,908,2808,-20,-91
47073,2013,717,2244,822,2561,-105,-317
47073,2014,625,1884,594,1808,31,76
47073,2015,740,2303,791,2365,-51,-62
47073,2016,993,3087,1069,3271,-76,-184
47073,2017,768,2352,826,2510,-58,-158
47073,2018,754,2254,797,2391,-43,-137
47073,2019,841,2617,861,2601,-20,16
47073,2020,901,2726,856,2436,45,290
47073,2021,888,2663,770,2227,118,436
47075,2011,291,923,312,1022,-21,-99
47075,2012,298,928,297,935,1,-7
47075,2013,249,786,231,756,18,30
47075,2014,173,527,190,597,-17,-70
47075,2015,207,646,199,639,8,7
47075,2016,239,751,309,976,-70,-225
47075,2017,175,543,245,779,-70,-236
47075,2018,207,653,212,650,-5,3
47075,2019,263,833,196,607,67,226
47075,2020,237,718,229,685,8,33
47075,2021,223,712,217,637,6,75
47077,2011,352,1125,332,1060,20,65
47077,2012,333,1076,375,1193,-42,-117
47077,2013,282,907,284,879,-2,28
47077,2014,233,709,209,608,24,101
47077,2015,240,750,275,844,-35,-94
47077,2016,301,954,318,1003,-17,-49
47077,2017,262,825,248,784,14,41
47077,2018,262,808,279,835,-17,-27
47077,2019,285,908,292,921,-7,-13
47077,2020,276,840,266,804,10,36
47077,2021,247,710,289,869,-42,-159
47079,2011,374,1076,399,1139,-25,-63
47079,2012,342,1050,270,821,72,229
47079,2013,216,634,231,696,-15,-62
47079,2014,144,413,139,410,5,3
47079,2015,237,725,240,715,-3,10
47079,2016,383,1189,272,836,111,353
47079,2017,233,695,248,767,-15,-72
47079,2018,251,782,216,665,35,117
47079,2019,276,798,273,859,3,-61
47079,2020,307,897,271,798,36,99
47079,2021,328,959,281,804,47,155
47081,2011,383,1216,373,1122,10,94
47081,2012,402,1303,405,1228,-3,75
47081,2013,320,1001,290,911,30,90
47081,2014,248,777,280,860,-32,-83
47081,2015,351,1090,291,861,60,229
47081,2016,515,1620,450,1393,65,227
47081,2017,469,1393,375,1115,94,278
47081,2018,415,1240,374,1149,41,91
47081,2019,400,1184,335,1070,65,114
47081,2020,482,1400,394,1128,88,272
47081,2021,436,1269,357,1048,79,221
47083,2011,172,537,114,390,58,147
47083,2012,106,338,119,366,-13,-28
47083,2013,60,189,83,276,-23,-87
47083,2014,31,82,68,208,-37,-126
47083,2015,62,201,69,196,-7,5
47083,2016,129,425,103,334,26,91
47083,2017,71,219,84,271,-13,-52
47083,2018,82,253,65,191,17,62
47083,2019,86,276,60,168,26,108
47083,2020,95,284,108,320,-13,-36
47083,2021,135,427,65,188,70,239
47085,2011,203,637,171,516,32,121
47085,2012,198,583,213,651,-15,-68
47085,2013,118,362,119,356,-1,6
47085,2014,103,312,79,239,24,73
47085,2015,148,460,89,275,59,185
47085,2016,208,621,164,505,44,116
47085,2017,173,539,149,475,24,64
47085,2018,197,597,109,347,88,250
47085,2019,183,551,154,456,29,95
47085,2020,243,759,187,556,56,203
47085,2021,221,618,172,504,49,114
47087,2011,144,448,272,873,-128,-425
47087,2012,168,507,157,498,11,9
47087,2013,131,402,108,328,23,74
47087,2014,96,310,95,278,1,32
47087,2015,111,364,137,404,-26,-40
47087,2016,199,604,174,542,25,62
47087,2017,144,435,160,517,-16,-82
47087,2018,122,385,163,469,-41,-84
47087,2019,161,508,148,458,13,50
47087,2020,176,520,175,505,1,15
47087,2021,139,411,150,433,-11,-22
47089,2011,1015,3233,1074,3430,-59,-197
47089,2012,1145,3648,1048,3256,97,392
47089,2013,878,2779,947,2956,-69,-177
47089,2014,751,2313,701,2107,50,206
47089,2015,897,2787,1012,3052,-115,-265
47089,2016,1243,3824,1251,3817,-8,7
47089,2017,1058,3215,997,3006,61,209
47089,2018,1107,3333,1094,3225,13,108
47089,2019,1128,3449,1089,3232,39,217
47089,2020,1183,3543,1094,3189,89,354
47089,2021,1176,3461,1042,2998,134,463
47091,2011,94,275,106,317,-12,-42
47091,2012,77,236,109,299,-32,-63
47091,2013,27,77,50,154,-23,-77
47091,2014,24,72,32,95,-8,-23
47091,2015,63,191,86,261,-23,-70
47091,2016,62,180,102,297,-40,-117
47091,2017,76,227,27,75,49,152
47091,2018,64,193,65,185,-1,8
47091,2019,93,277,79,232,14,45
47091,2020,75,219,113,338,-38,-119
47091,2021,51,148,128,364,-77,-216
47093,2011,7994,22920,7748,22243,246,677
47093,2012,8189,23746,8110,23584,79,162
47093,2013,6729,19244,6593,19056,136,188
47093,2014,4691,12977,4720,13253,-29,-276
47093,2015,6943,19379,6828,19216,115,163
47093,2016,10312,29184,9710,27674,602,1510
47093,2017,7787,21791,7583,21473,204,318
47093,2018,7713,21564,7358,20536,355,1028
47093,2019,8946,25415,7900,22338,1046,3077
47093,2020,9924,27455,8306,22982,1618,4473
47093,2021,9147,25181,8808,24009,339,1172
47095,2011,101,347,89,290,12,57
47095,2012,62,204,69,232,-7,-28
47095,2013,37,119,85,268,-48,-149
47095,2014,30,100,65,205,-35,-105
47095,2015,53,157,66,187,-13,-30
47095,2016,75,236,75,238,0,-2
47095,2017,39,119,44,140,-5,-21
47095,2018,51,164,77,251,-26,-87
47095,2019,63,194,60,178,3,16
47095,2020,78,230,79,232,-1,-2
47095,2021,65,201,70,224,-5,-23
47097,2011,316,1036,321,969,-5,67
47097,2012,288,875,301,964,-13,-89
47097,2013,261,817,282,890,-21,-73
47097,2014,181,577,226,713,-45,-136
47097,2015,209,697,245,737,-36,-40
47097,2016,313,953,330,1065,-17,-112
47097,2017,218,653,276,912,-58,-259
47097,2018,221,689,252,785,-31,-96
47097,2019,264,862,273,875,-9,-13
47097,2020,256,769,279,805,-23,-36
47097,2021,247,733,291,846,-44,-113
47099,2011,298,961,420,1327,-122,-366
47099,2012,319,994,324,1006,-5,-12
47099,2013,324,1031,318,958,6,73
47099,2014,222,702,229,679,-7,23
47099,2015,337,1045,298,894,39,151
47099,2016,472,1513,425,1340,47,173
47099,2017,436,1312,361,1084,75,228
47099,2018,422,1306,345,1049,77,257
47099,2019,520,1609,369,1129,151,480
47099,2020,535,1614,372,1125,163,489
47099,2021,548,1665,345,999,203,666
47101,2011,151,491,83,256,68,235
47101,2012,110,336,86,256,24,80
47101,2013,86,261,65,202,21,59
47101,2014,26,84,63,175,-37,-91
47101,2015,80,273,92,286,-12,-13
47101,2016,159,505,110,333,49,172
47101,2017,102,312,85,258,17,54
47101,2018,133,405,93,278,40,127
47101,2019,117,439,110,337,7,102
47101,2020,140,452,107,300,33,152
47101,2021,151,465,87,252,64,213
47103,2011,424,1360,421,1314,3,46
47103,2012,435,1343,417,1243,18,100
47103,2013,369,1147,388,1208,-19,-61
47103,2014,253,766,273,821,-20,-55
47103,2015,357,1147,403,1227,-46,-80
47103,2016,563,1798,505,1567,58,231
47103,2017,473,1500,422,1296,51,204
47103,2018,470,1462,395,1194,75,268
47103,2019,494,1540,448,1355,46,185
47103,2020,525,1647,406,1170,119,477
47103,2021,427,1348,381,1058,46,290
47105,2011,958,3016,891,2696,67,320
47105,2012,1032,3175,951,3042,81,133
47105,2013,861,2695,839,2553,22,142
47105,2014,658,1951,684,2035,-26,-84
47105,2015,859,2580,889,2564,-30,16
47105,2016,1394,4300,1180,3595,214,705
47105,2017,1068,3293,956,2865,112,428
47105,2018,946,2859,925,2729,21,130
47105,2019,1180,3619,969,2887,211,732
47105,2020,1228,3659,989,2855,239,804
47105,2021,1322,3923,940,2698,382,1225
47107,2011,673,2093,626,1947,47,146
47107,2012,655,2039,663,2074,-8,-35
47107,2013,662,2074,645,2072,17,2
47107,2014,495,1537,512,1596,-17,-59
47107,2015,663,2052,678,2036,-15,16
47107,2016,867,2719,844,2563,23,156
47107,2017,762,2291,662,1959,100,332
47107,2018,722,2202,689,2030,33,172
47107,2019,881,2752,794,2496,87,256
47107,2020,942,2862,757,2229,185,633
47107,2021,852,2578,743,2183,109,395
47109,2011,304,1002,307,1017,-3,-15
47109,2012,281,955,297,982,-16,-27
47109,2013,283,926,231,739,52,187
47109,2014,196,608,220,709,-24,-101
47109,2015,267,843,281,878,-14,-35
47109,2016,365,1209,293,925,72,284
47109,2017,278,863,304,949,-26,-86
47109,2018,268,864,287,901,-19,-37
47109,2019,253,863,285,900,-32,-37
47109,2020,335,1026,258,780,77,246
47109,2021,302,881,260,778,42,103
47111,2011,303,972,287,956,16,16
47111,2012,314,999,246,796,68,203
47111,2013,217,700,195,620,22,80
47111,2014,198,641,127,397,71,244
47111,2015,301,962,231,698,70,264
47111,2016,420,1379,250,751,170,628
47111,2017,366,1137,258,805,108,332
47111,2018,389,1177,306,976,83,201
47111,2019,423,1365,290,930,133,435
47111,2020,423,1288,310,947,113,341
47111,2021,494,1540,264,768,230,772
47113,2011,1769,5688,1742,5206,27,482
47113,2012,1713,5636,1791,5499,-78,137
47113,2013,1229,3709,1543,4873,-314,-1164
47113,2014,1022,3044,1073,3213,-51,-169
47113,2015,1341,3958,1381,4211,-40,-253
47113,2016,1870,5720,1809,5516,61,204
47113,2017,1467,4279,1407,4241,60,38
47113,2018,1390,4118,1408,4208,-18,-90
47113,2019,1551,4597,1481,4519,70,78
47113,2020,1464,4227,1531,4418,-67,-191
47113,2021,1426,4037,1508,4243,-82,-206
47115,2011,354,1092,686,2238,-332,-1146
47115,2012,372,1193,335,998,37,195
47115,2013,257,814,268,827,-11,-13
47115,2014,237,717,204,603,33,114
47115,2015,244,774,271,851,-27,-77
47115,2016,352,1113,300,907,52,206
47115,2017,322,978,306,932,16,46
47115,2018,306,967,301,897,5,70
47115,2019,320,969,272,819,48,150
47115,2020,394,1103,301,882,93,221
47115,2021,365,1059,340,984,25,75
47117,2011,431,1323,468,1466,-37,-143
47117,2012,492,1539,445,1321,47,218
47117,2013,482,1501,547,1687,-65,-186
47117,2014,435,1327,384,1104,51,223
47117,2015,569,1763,457,1377,112,386
47117,2016,924,2887,565,1677,359,1210
47117,2017,714,2156,486,1440,228,716
47117,2018,683,2040,529,1591,154,449
47117,2019,789,2442,545,1675,244,767
47117,2020,792,2396,568,1717,224,679
47117,2021,778,2319,500,1442,278,877
47119,2011,1955,5892,1674,5494,281,398
47119,2012,1848,5666,1499,4697,349,969
47119,2013,1750,5417,1341,4116,409,1301
47119,2014,1208,3581,1098,3256,110,325
47119,2015,1885,5624,1497,4544,388,1080
47119,2016,2954,8923,2101,6424,853,2499
47119,2017,2265,6776,1813,5472,452,1304
47119,2018,2338,6828,1695,5084,643,1744
47119,2019,2834,8472,1909,5813,925,2659
47119,2020,2991,8810,2015,5932,976,2878
47119,2021,2859,8408,2079,5960,780,2448
47121,2011,404,1278,320,1018,84,260
47121,2012,272,879,230,723,42,156
47121,2013,205,656,215,674,-10,-18
47121,2014,203,630,169,520,34,110
47121,2015,243,798,213,634,30,164
47121,2016,327,1029,280,878,47,151
47121,2017,303,899,238,733,65,166
47121,2018,233,682,257,796,-24,-114
47121,2019,281,958,277,856,4,102
47121,2020,292,877,268,803,24,74
47121,2021,333,1066,229,686,104,380
47123,2011,598,1889,603,1889,-5,0
47123,2012,573,1795,623,1974,-50,-179
47123,2013,493,1596,523,1636,-30,-40
47123,2014,433,1365,454,1363,-21,2
47123,2015,517,1579,587,1843,-70,-264
47123,2016,829,2578,762,2364,67,214
47123,2017,569,1692,667,2050,-98,-358
47123,2018,637,1885,582,1773,55,112
47123,2019,704,2113,658,1982,46,131
47123,2020,652,1978,700,2081,-48,-103
47123,2021,733,2201,605,1741,128,460
47125,2011,5222,16971,4882,16266,340,705
47125,2012,5146,16959,5217,17101,-71,-142
47125,2013,4381,14692,3726,12130,655,2562
47125,2014,3009,9645,2493,7884,516,1761
47125,2015,4371,14633,4339,14603,32,30
47125,2016,8023,27240,6804,23731,1219,3509
47125,2017,6150,19946,4851,15937,1299,4009
47125,2018,5713,18458,4902,15633,811,2825
47125,2019,6474,21541,5215,17076,1259,4465
47125,2020,7176,22657,5375,16930,1801,5727
47125,2021,7810,23960,5854,18378,1956,5582
47127,2011,130,427,104,322,26,105
47127,2012,94,286,138,439,-44,-153
47127,2013,105,343,45,137,60,206
47127,2014,62,200,78,239,-16,-39
47127,2015,119,394,79,223,40,171
47127,2016,159,526,125,376,34,150
47127,2017,163,509,97,290,66,219
47127,2018,103,312,132,378,-29,-66
47127,2019,146,484,108,333,38,151
47127,2020,122,386,127,356,-5,30
47127,2021,137,427,104,320,33,107
47129,2011,274,941,310,958,-36,-17
47129,2012,247,766,266,853,-19,-87
47129,2013,198,673,199,632,-1,41
47129,2014,141,451,180,575,-39,-124
47129,2015,200,648,235,722,-35,-74
47129,2016,234,712,320,985,-86,-273
47129,2017,211,634,207,620,4,14
47129,2018,187,564,234,722,-47,-158
47129,2019,240,744,249,819,-9,-75
47129,2020,281,861,272,792,9,69
47129,2021,258,822,251,710,7,112
47131,2011,416,1302,474,1465,-58,-163
47131,2012,364,1092,437,1366,-73,-274
47131,2013,263,799,296,879,-33,-80
47131,2014,241,742,196,606,45,136
47131,2015,279,853,264,812,15,41
47131,2016,413,1225,374,1154,39,71
47131,2017,276,873,362,1056,-86,-183
47131,2018,316,975,327,983,-11,-8
47131,2019,322,965,321,977,1,-12
47131,2020,342,1023,371,1045,-29,-22
47131,2021,345,1022,296,831,49,191
47133,2011,275,893,309,966,-34,-73
47133,2012,273,821,318,1003,-45,-182
47133,2013,227,721,281,872,-54,-151
47133,2014,127,393,168,484,-41,-91
47133,2015,241,731,253,762,-12,-31
47133,2016,329,1038,337,1068,-8,-30
47133,2017,302,957,289,883,13,74
47133,2018,330,1004,243,743,87,261
47133,2019,347,1049,296,910,51,139
47133,2020,325,986,349,1027,-24,-41
47133,2021,320,938,284,850,36,88
47135,2011,46,143,43,121,3,22
47135,2012,38,114,33,105,5,9
47135,2015,23,73,NA,NA,NA,NA
47135,2016,25,79,NA,NA,NA,NA
47135,2019,20,58,NA,NA,NA,NA
47135,2020,20,63,NA,NA,NA,NA
47135,2021,21,68,NA,NA,NA,NA
47137,2011,48,139,56,174,-8,-35
47137,2012,50,154,28,80,22,74
47137,2013,21,63,NA,NA,NA,NA
47137,2015,25,75,32,91,-7,-16
47137,2016,23,75,44,147,-21,-72
47137,2017,21,63,46,144,-25,-81
47137,2019,23,62,45,124,-22,-62
47137,2020,30,86,27,78,3,8
47139,2011,283,920,294,957,-11,-37
47139,2012,334,1147,275,877,59,270
47139,2013,241,780,250,787,-9,-7
47139,2014,202,645,200,648,2,-3
47139,2015,260,814,250,765,10,49
47139,2016,308,1019,330,1007,-22,12
47139,2017,275,871,264,813,11,58
47139,2018,240,738,244,735,-4,3
47139,2019,311,1010,284,876,27,134
47139,2020,320,1009,255,743,65,266
47139,2021,296,870,282,876,14,-6
47141,2011,1091,3271,1159,3401,-68,-130
47141,2012,1147,3496,1136,3352,11,144
47141,2013,871,2581,1019,3035,-148,-454
47141,2014,714,2058,876,2545,-162,-487
47141,2015,1023,2947,954,2796,69,151
47141,2016,1339,3984,1417,4187,-78,-203
47141,2017,1199,3478,1119,3254,80,224
47141,2018,1182,3375,1157,3249,25,126
47141,2019,1262,3617,1231,3594,31,23
47141,2020,1281,3609,1410,3928,-129,-319
47141,2021,1349,3811,1360,3723,-11,88
47143,2011,380,1228,376,1205,4,23
47143,2012,336,1066,359,1145,-23,-79
47143,2013,317,1003,310,957,7,46
47143,2014,192,570,281,904,-89,-334
47143,2015,317,969,345,1061,-28,-92
47143,2016,400,1285,393,1212,7,73
47143,2017,301,946,364,1084,-63,-138
47143,2018,321,1008,339,1034,-18,-26
47143,2019,355,1145,380,1202,-25,-57
47143,2020,418,1231,391,1164,27,67
47143,2021,394,1163,339,1008,55,155
47145,2011,799,2435,1001,3114,-202,-679
47145,2012,891,2738,876,2623,15,115
47145,2013,692,2144,763,2302,-71,-158
47145,2014,568,1756,570,1645,-2,111
47145,2015,789,2401,688,2060,101,341
47145,2016,1117,3432,1023,3039,94,393
47145,2017,850,2510,758,2246,92,264
47145,2018,877,2670,828,2485,49,185
47145,2019,1007,3131,820,2499,187,632
47145,2020,1058,3096,935,2730,123,366
47145,2021,926,2741,812,2308,114,433
47147,2011,1418,4355,1510,4783,-92,-428
47147,2012,1415,4405,1343,4219,72,186
47147,2013,1382,4263,1262,3833,120,430
47147,2014,1062,3265,1005,3090,57,175
47147,2015,1543,4703,1311,3922,232,781
47147,2016,2216,6718,1717,5235,499,1483
47147,2017,1719,5117,1430,4318,289,799
47147,2018,1602,4719,1364,4017,238,702
47147,2019,1738,5268,1511,4617,227,651
47147,2020,1780,5298,1449,4136,331,1162
47147,2021,1812,5269,1423,4087,389,1182
47149,2011,6327,19053,6067,18429,260,624
47149,2012,7021,20863,6389,19955,632,908
47149,2013,6074,17784,5452,15622,622,2162
47149,2014,4876,13966,3853,10812,1023,3154
47149,2015,6978,20307,5400,15350,1578,4957
47149,2016,10404,31019,8381,24277,2023,6742
47149,2017,7810,23026,6718,19018,1092,4008
47149,2018,7515,22026,6759,19018,756,3008
47149,2019,8578,25686,7178,20554,1400,5132
47149,2020,9307,26998,7853,21918,1454,5080
47149,2021,8872,25292,7656,21108,1216,4184
47151,2011,99,310,87,301,12,9
47151,2012,67,226,130,422,-63,-196
47151,2013,54,179,92,267,-38,-88
47151,2014,20,63,21,64,-1,-1
47151,2016,84,288,49,158,35,130
47151,2017,50,157,50,153,0,4
47151,2018,52,149,93,269,-41,-120
47151,2019,77,224,84,245,-7,-21
47151,2020,95,270,98,276,-3,-6
47151,2021,91,241,102,297,-11,-56
47153,2011,246,802,185,574,61,228
47153,2012,258,877,186,640,72,237
47153,2013,232,797,285,902,-53,-105
47153,2014,151,458,143,515,8,-57
47153,2015,188,588,190,590,-2,-2
47153,2016,276,878,207,665,69,213
47153,2017,223,707,223,677,0,30
47153,2018,196,601,192,592,4,9
47153,2019,231,700,200,620,31,80
47153,2020,287,865,194,577,93,288
47153,2021,275,834,187,537,88,297
47155,2011,1585,4706,1451,4211,134,495
47155,2012,1594,4772,1627,4848,-33,-76
47155,2013,1158,3504,1314,3932,-156,-428
47155,2014,822,2421,968,2747,-146,-326
47155,2015,1115,3262,1270,3633,-155,-371
47155,2016,1609,4679,1925,5723,-316,-1044
47155,2017,1282,3771,1526,4428,-244,-657
47155,2018,1193,3449,1485,4341,-292,-892
47155,2019,1330,3905,1547,4550,-217,-645
47155,2020,1409,3868,1644,4685,-235,-817
47155,2021,1224,3368,1700,4749,-476,-1381
47157,2011,14472,41742,15564,45749,-1092,-4007
47157,2012,12891,38727,16207,48501,-3316,-9774
47157,2013,10342,31061,13037,39191,-2695,-8130
47157,2014,8129,23919,9438,28079,-1309,-4160
47157,2015,9836,28969,12330,36926,-2494,-7957
47157,2016,13140,38907,17163,51277,-4023,-12370
47157,2017,10738,31342,12796,37747,-2058,-6405
47157,2018,10331,29803,11742,34442,-1411,-4639
47157,2019,10573,30738,13446,39423,-2873,-8685
47157,2020,10412,29200,13896,39807,-3484,-10607
47157,2021,10467,28718,14545,41013,-4078,-12295
47159,2011,256,793,278,862,-22,-69
47159,2012,233,729,319,978,-86,-249
47159,2013,195,616,205,611,-10,5
47159,2014,190,579,196,589,-6,-10
47159,2015,249,787,226,681,23,106
47159,2016,418,1257,324,994,94,263
47159,2017,353,1093,317,1000,36,93
47159,2018,335,1030,329,1001,6,29
47159,2019,375,1205,306,940,69,265
47159,2020,409,1208,324,918,85,290
47159,2021,414,1188,296,884,118,304
47161,2011,159,495,205,621,-46,-126
47161,2012,173,577,159,484,14,93
47161,2013,131,413,135,411,-4,2
47161,2014,121,408,86,277,35,131
47161,2015,133,422,144,426,-11,-4
47161,2016,199,650,182,537,17,113
47161,2017,174,582,141,419,33,163
47161,2018,159,502,130,422,29,80
47161,2019,189,630,129,385,60,245
47161,2020,203,670,146,442,57,228
47161,2021,203,661,151,466,52,195
47163,2011,2291,6652,2238,6492,53,160
47163,2012,2353,7024,2260,6702,93,322
47163,2013,2008,6029,1874,5614,134,415
47163,2014,1530,4467,1447,4247,83,220
47163,2015,2045,6056,1907,5568,138,488
47163,2016,2904,8591,2477,7342,427,1249
47163,2017,2249,6414,1947,5716,302,698
47163,2018,2267,6548,1973,5730,294,818
47163,2019,2485,7355,2167,6395,318,960
47163,2020,2631,7510,2237,6358,394,1152
47163,2021,2510,6995,2185,6041,325,954
47165,2011,3616,10854,3211,9389,405,1465
47165,2012,4103,12722,3272,9489,831,3233
47165,2013,3406,10266,2898,8371,508,1895
47165,2014,2580,7658,2318,6627,262,1031
47165,2015,3861,11523,3175,9089,686,2434
47165,2016,5765,17159,4242,12425,1523,4734
47165,2017,4278,12659,3415,9650,863,3009
47165,2018,4402,13043,3348,9528,1054,3515
47165,2019,4760,14124,3649,10579,1111,3545
47165,2020,5056,14420,3924,11055,1132,3365
47165,2021,4984,13981,3776,10535,1208,3446
47167,2011,1173,3646,884,2670,289,976
47167,2012,995,3057,961,2969,34,88
47167,2013,863,2771,832,2564,31,207
47167,2014,629,1978,721,2137,-92,-159
47167,2015,811,2512,792,2370,19,142
47167,2016,1134,3661,994,2970,140,691
47167,2017,951,3005,827,2492,124,513
47167,2018,868,2680,769,2311,99,369
47167,2019,958,2878,811,2437,147,441
47167,2020,948,2820,767,2259,181,561
47167,2021,1043,3039,810,2346,233,693
47169,2011,167,533,139,434,28,99
47169,2012,187,608,159,499,28,109
47169,2013,163,490,180,534,-17,-44
47169,2014,160,506,132,414,28,92
47169,2015,205,649,160,486,45,163
47169,2016,300,912,235,704,65,208
47169,2017,222,702,181,568,41,134
47169,2018,260,810,179,553,81,257
47169,2019,295,909,165,512,130,397
47169,2020,350,1007,183,570,167,437
47169,2021,280,831,267,793,13,38
47171,2011,265,814,246,725,19,89
47171,2012,227,694,280,848,-53,-154
47171,2013,172,530,228,669,-56,-139
47171,2014,153,462,149,446,4,16
47171,2015,203,574,233,699,-30,-125
47171,2016,296,910,279,791,17,119
47171,2017,221,638,255,738,-34,-100
47171,2018,231,666,244,709,-13,-43
47171,2019,227,665,249,722,-22,-57
47171,2020,236,665,268,781,-32,-116
47171,2021,239,694,252,709,-13,-15
47173,2011,323,1031,381,1216,-58,-185
47173,2012,361,1183,345,1062,16,121
47173,2013,298,976,307,996,-9,-20
47173,2014,261,879,231,724,30,155
47173,2015,311,984,299,929,12,55
47173,2016,401,1323,402,1290,-1,33
47173,2017,383,1198,318,971,65,227
47173,2018,355,1098,335,1079,20,19
47173,2019,390,1264,316,999,74,265
47173,2020,426,1334,339,1001,87,333
47173,2021,402,1208,310,978,92,230
47175,2011,115,384,91,288,24,96
47175,2012,68,269,76,243,-8,26
47175,2013,56,173,38,130,18,43
47175,2014,25,78,51,156,-26,-78
47175,2015,55,177,63,195,-8,-18
47175,2016,68,218,87,298,-19,-80
47175,2017,67,223,60,190,7,33
47175,2018,91,297,38,128,53,169
47175,2019,35,121,80,237,-45,-116
47175,2020,76,229,57,149,19,80
47175,2021,64,195,24,78,40,117
47177,2011,406,1346,427,1383,-21,-37
47177,2012,422,1334,397,1236,25,98
47177,2013,303,953,332,1023,-29,-70
47177,2014,324,1003,298,860,26,143
47177,2015,370,1128,379,1125,-9,3
47177,2016,518,1585,430,1264,88,321
47177,2017,445,1329,417,1264,28,65
47177,2018,437,1308,408,1202,29,106
47177,2019,470,1459,442,1277,28,182
47177,2020,569,1621,420,1252,149,369
47177,2021,569,1701,421,1203,148,498
47179,2011,2268,6586,2300,6585,-32,1
47179,2012,2359,6740,2454,6981,-95,-241
47179,2013,2014,5725,1882,5405,132,320
47179,2014,1489,4183,1452,4082,37,101
47179,2015,2103,5910,2051,5842,52,68
47179,2016,2669,7675,2820,8121,-151,-446
47179,2017,2061,5845,2165,6034,-104,-189
47179,2018,2046,5818,2194,6080,-148,-262
47179,2019,2294,6542,2272,6555,22,-13
47179,2020,2486,6879,2312,6524,174,355
47179,2021,2506,6816,2224,6079,282,737
47181,2011,146,474,93,286,53,188
47181,2012,93,296,119,392,-26,-96
47181,2013,61,181,107,339,-46,-158
47181,2014,69,213,54,171,15,42
47181,2015,56,174,68,195,-12,-21
47181,2016,101,357,133,414,-32,-57
47181,2017,96,312,92,280,4,32
47181,2018,82,231,108,330,-26,-99
47181,2019,72,231,103,316,-31,-85
47181,2020,94,297,109,320,-15,-23
47181,2021,94,297,123,361,-29,-64
47183,2011,374,1173,416,1241,-42,-68
47183,2012,362,1113,465,1383,-103,-270
47183,2013,295,884,325,969,-30,-85
47183,2014,223,662,293,835,-70,-173
47183,2015,250,766,400,1189,-150,-423
47183,2016,425,1286,474,1315,-49,-29
47183,2017,336,1000,352,1025,-16,-25
47183,2018,348,1055,385,1157,-37,-102
47183,2019,349,1065,348,1038,1,27
47183,2020,338,965,401,1139,-63,-174
47183,2021,337,953,422,1198,-85,-245
47185,2011,345,1050,369,1124,-24,-74
47185,2012,355,1085,318,962,37,123
47185,2013,327,1048,262,834,65,214
47185,2014,243,744,231,712,12,32
47185,2015,341,1025,321,963,20,62
47185,2016,523,1623,350,1057,173,566
47185,2017,408,1253,360,1069,48,184
47185,2018,386,1185,360,1070,26,115
47185,2019,409,1281,372,1143,37,138
47185,2020,507,1462,358,1048,149,414
47185,2021,457,1368,357,1037,100,331
47187,2011,5549,17902,4636,13508,913,4394
47187,2012,5967,19304,4818,14128,1149,5176
47187,2013,5030,15960,4166,12214,864,3746
47187,2014,3097,9651,3188,8832,-91,819
47187,2015,5625,18103,4403,12613,1222,5490
47187,2016,8302,27149,6223,18273,2079,8876
47187,2017,5886,18557,4998,14324,888,4233
47187,2018,5841,18187,5061,14351,780,3836
47187,2019,6979,22266,5369,15700,1610,6566
47187,2020,7090,22162,5964,17112,1126,5050
47187,2021,6686,20691,6361,18097,325,2594
47189,2011,2883,8486,2091,6113,792,2373
47189,2012,2967,8957,2346,6837,621,2120
47189,2013,3091,9344,2186,6363,905,2981
47189,2014,2015,6057,1692,4869,323,1188
47189,2015,3139,9637,2362,6768,777,2869
47189,2016,4676,14130,3346,9719,1330,4411
47189,2017,3499,10473,2663,7658,836,2815
47189,2018,3488,10250,2737,7851,751,2399
47189,2019,3986,11882,2916,8297,1070,3585
47189,2020,4452,13072,2907,8041,1545,5031
47189,2021,4589,13390,2889,7965,1700,5425
48001,2011,625,1922,697,2122,-72,-200
48001,2012,715,2120,733,2256,-18,-136
48001,2013,555,1687,598,1816,-43,-129
48001,2014,404,1210,444,1328,-40,-118
48001,2015,524,1614,526,1608,-2,6
48001,2016,734,2293,526,1617,208,676
48001,2017,492,1473,551,1656,-59,-183
48001,2018,556,1650,555,1723,1,-73
48001,2019,656,2012,567,1750,89,262
48001,2020,971,2584,673,1912,298,672
48001,2021,776,2214,742,2037,34,177
48003,2011,250,778,168,542,82,236
48003,2012,197,622,222,696,-25,-74
48003,2013,159,540,153,470,6,70
48003,2014,133,446,108,316,25,130
48003,2015,107,327,200,661,-93,-334
48003,2016,142,447,216,656,-74,-209
48003,2017,144,461,107,315,37,146
48003,2018,112,371,131,388,-19,-17
48003,2019,130,437,137,423,-7,14
48003,2020,103,332,168,497,-65,-165
48003,2021,88,274,146,450,-58,-176
48005,2011,1114,3387,1167,3555,-53,-168
48005,2012,1053,3242,1225,3719,-172,-477
48005,2013,861,2613,949,2857,-88,-244
48005,2014,635,1969,759,2218,-124,-249
48005,2015,857,2646,977,2987,-120,-341
48005,2016,1021,3101,1109,3353,-88,-252
48005,2017,829,2547,1019,3067,-190,-520
48005,2018,795,2424,899,2700,-104,-276
48005,2019,861,2573,884,2685,-23,-112
48005,2020,1102,3203,926,2664,176,539
48005,2021,874,2526,900,2614,-26,-88
48007,2011,470,1388,377,1127,93,261
48007,2012,584,1780,454,1386,130,394
48007,2013,516,1601,422,1248,94,353
48007,2014,431,1296,397,1195,34,101
48007,2015,467,1347,411,1233,56,114
48007,2016,559,1675,613,1805,-54,-130
48007,2017,396,1233,657,1995,-261,-762
48007,2018,474,1426,417,1267,57,159
48007,2019,537,1589,353,1106,184,483
48007,2020,592,1697,367,1029,225,668
48007,2021,619,1770,449,1283,170,487
48009,2011,188,623,173,536,15,87
48009,2012,155,499,161,492,-6,7
48009,2013,178,526,148,437,30,89
48009,2014,127,374,149,424,-22,-50
48009,2015,138,447,123,364,15,83
48009,2016,209,695,165,493,44,202
48009,2017,134,455,110,330,24,125
48009,2018,122,372,115,327,7,45
48009,2019,178,615,126,379,52,236
48009,2020,173,582,160,452,13,130
48009,2021,150,504,108,301,42,203
48011,2011,35,113,39,114,-4,-1
48011,2012,41,153,37,114,4,39
48011,2016,23,79,NA,NA,NA,NA
48011,2019,24,78,NA,NA,NA,NA
48011,2020,28,83,26,82,2,1
48011,2021,24,75,24,62,0,13
48013,2011,891,2963,848,2711,43,252
48013,2012,955,3168,939,3054,16,114
48013,2013,811,2664,797,2593,14,71
48013,2014,787,2611,728,2281,59,330
48013,2015,830,2787,802,2545,28,242
48013,2016,1140,3781,923,2942,217,839
48013,2017,906,2999,738,2331,168,668
48013,2018,914,3031,764,2453,150,578
48013,2019,1014,3343,906,3014,108,329
48013,2020,1125,3656,846,2575,279,1081
48013,2021,1122,3704,822,2503,300,1201
48015,2011,505,1542,531,1659,-26,-117
48015,2012,557,1794,534,1605,23,189
48015,2013,503,1572,474,1464,29,108
48015,2014,434,1389,355,1071,79,318
48015,2015,507,1603,508,1501,-1,102
48015,2016,694,2180,557,1664,137,516
48015,2017,511,1593,494,1482,17,111
48015,2018,499,1511,465,1366,34,145
48015,2019,583,1818,515,1595,68,223
48015,2020,669,2137,470,1431,199,706
48015,2021,685,2111,469,1351,216,760
48017,2011,91,380,95,363,-4,17
48017,2012,75,311,92,379,-17,-68
48017,2013,42,161,109,459,-67,-298
48017,2014,126,634,32,105,94,529
48017,2015,82,368,82,321,0,47
48017,2016,22,72,172,766,-150,-694
48017,2020,20,75,20,56,0,19
48019,2011,341,961,331,992,10,-31
48019,2012,386,1162,354,1014,32,148
48019,2013,339,1020,340,1056,-1,-36
48019,2014,259,722,224,628,35,94
48019,2015,402,1205,253,712,149,493
48019,2016,621,1889,347,1018,274,871
48019,2017,417,1249,300,893,117,356
48019,2018,437,1286,262,712,175,574
48019,2019,442,1384,340,1059,102,325
48019,2020,556,1686,281,816,275,870
48019,2021,520,1596,365,1033,155,563
48021,2011,1686,5465,1676,5119,10,346
48021,2012,2100,6659,1540,4812,560,1847
48021,2013,1823,5848,1398,4354,425,1494
48021,2014,1497,4906,1179,3653,318,1253
48021,2015,2080,6731,1385,4231,695,2500
48021,2016,2770,8993,1831,5601,939,3392
48021,2017,2183,7093,1587,4851,596,2242
48021,2018,2179,6801,1618,4870,561,1931
48021,2019,2858,9182,1669,5079,1189,4103
48021,2020,3207,9895,1764,5031,1443,4864
48021,2021,3243,9811,1828,5311,1415,4500
48023,2011,19,66,24,67,-5,-1
48023,2012,13,35,17,55,-4,-20
48025,2011,367,1111,365,1128,2,-17
48025,2012,358,1171,439,1348,-81,-177
48025,2013,295,906,334,1048,-39,-142
48025,2014,221,680,286,842,-65,-162
48025,2015,295,902,375,1121,-80,-219
48025,2016,324,1032,424,1310,-100,-278
48025,2017,267,821,320,965,-53,-144
48025,2018,270,823,321,959,-51,-136
48025,2019,314,974,314,990,0,-16
48025,2020,344,956,350,959,-6,-3
48025,2021,233,663,329,932,-96,-269
48027,2011,10836,34741,11195,37106,-359,-2365
48027,2012,10926,35361,11687,38534,-761,-3173
48027,2013,8634,28629,9295,30412,-661,-1783
48027,2014,6420,20269,6244,19325,176,944
48027,2015,9462,31232,9155,29758,307,1474
48027,2016,12911,42843,12470,41580,441,1263
48027,2017,10083,32514,9343,30255,740,2259
48027,2018,9706,30873,9098,29068,608,1805
48027,2019,10616,34447,9708,31352,908,3095
48027,2020,11582,35789,9938,30779,1644,5010
48027,2021,11302,34716,10097,30770,1205,3946
48029,2011,33154,100706,28890,87243,4264,13463
48029,2012,35011,107239,30839,93384,4172,13855
48029,2013,31361,96262,27903,84411,3458,11851
48029,2014,23711,69892,20447,59617,3264,10275
48029,2015,32560,98385,29331,87857,3229,10528
48029,2016,43721,133876,40451,123886,3270,9990
48029,2017,33635,100282,31945,95188,1690,5094
48029,2018,33658,99941,31013,92000,2645,7941
48029,2019,36475,108876,33792,102358,2683,6518
48029,2020,38983,113284,34979,101562,4004,11722
48029,2021,40589,115894,35357,101355,5232,14539
48031,2011,198,586,166,505,32,81
48031,2012,183,531,199,623,-16,-92
48031,2013,187,556,111,298,76,258
48031,2014,150,419,103,277,47,142
48031,2015,216,649,153,429,63,220
48031,2016,275,833,169,486,106,347
48031,2017,232,710,170,472,62,238
48031,2018,210,573,145,439,65,134
48031,2019,297,940,165,467,132,473
48031,2020,412,1262,174,480,238,782
48031,2021,388,1155,179,521,209,634
48035,2011,314,987,340,1071,-26,-84
48035,2012,289,953,361,1115,-72,-162
48035,2013,238,735,251,794,-13,-59
48035,2014,236,715,177,541,59,174
48035,2015,327,998,245,782,82,216
48035,2016,413,1286,290,896,123,390
48035,2017,322,1041,235,734,87,307
48035,2018,273,843,229,716,44,127
48035,2019,340,1031,260,792,80,239
48035,2020,347,1065,255,765,92,300
48035,2021,366,1105,262,767,104,338
48037,2011,1588,4854,1552,4734,36,120
48037,2012,1462,4551,1575,4845,-113,-294
48037,2013,1204,3745,1272,3886,-68,-141
48037,2014,971,2955,1053,3166,-82,-211
48037,2015,1198,3631,1220,3745,-22,-114
48037,2016,1598,4923,1521,4592,77,331
48037,2017,1243,3838,1220,3654,23,184
48037,2018,1089,3349,1193,3627,-104,-278
48037,2019,1275,3933,1280,3846,-5,87
48037,2020,1387,4035,1490,4343,-103,-308
48037,2021,1325,3880,1441,4138,-116,-258
48039,2011,7247,21963,6391,19465,856,2498
48039,2012,7989,24424,6843,20985,1146,3439
48039,2013,6981,21537,6240,18817,741,2720
48039,2014,5510,16843,5064,15048,446,1795
48039,2015,7799,23940,6296,18769,1503,5171
48039,2016,10578,33015,7918,23786,2660,9229
48039,2017,8337,25580,6851,20552,1486,5028
48039,2018,7856,23910,6854,20426,1002,3484
48039,2019,9102,28267,7381,22333,1721,5934
48039,2020,9761,28614,7751,22755,2010,5859
48039,2021,9914,29085,7309,20638,2605,8447
48041,2011,3293,9438,4160,11266,-867,-1828
48041,2012,3539,10283,4149,11590,-610,-1307
48041,2013,3107,8859,3452,9528,-345,-669
48041,2014,2549,7151,2601,7088,-52,63
48041,2015,3358,9548,3842,10611,-484,-1063
48041,2016,4219,11977,5845,15823,-1626,-3846
48041,2017,3325,9462,4163,11156,-838,-1694
48041,2018,3236,9092,4159,11107,-923,-2015
48041,2019,3908,11127,4482,12024,-574,-897
48041,2020,3908,10807,4759,12496,-851,-1689
48041,2021,4311,11629,4983,12749,-672,-1120
48043,2011,85,267,133,380,-48,-113
48043,2012,124,345,108,323,16,22
48043,2014,23,66,NA,NA,NA,NA
48043,2015,57,166,NA,NA,NA,NA
48043,2016,94,286,53,154,41,132
48043,2021,24,67,46,121,-22,-54
48047,2011,83,276,104,336,-21,-60
48047,2012,83,267,104,341,-21,-74
48047,2013,39,126,66,212,-27,-86
48047,2014,42,137,71,230,-29,-93
48047,2015,33,105,68,205,-35,-100
48047,2016,25,92,73,229,-48,-137
48047,2017,27,99,62,208,-35,-109
48047,2018,29,120,75,259,-46,-139
48047,2019,26,83,58,216,-32,-133
48047,2020,44,130,60,192,-16,-62
48047,2021,33,107,59,181,-26,-74
48049,2011,507,1546,534,1589,-27,-43
48049,2012,484,1485,532,1571,-48,-86
48049,2013,335,979,361,1063,-26,-84
48049,2014,143,412,129,359,14,53
48049,2015,341,1046,300,853,41,193
48049,2016,516,1508,423,1245,93,263
48049,2017,260,763,241,686,19,77
48049,2018,280,870,304,899,-24,-29
48049,2019,370,1133,323,993,47,140
48049,2020,437,1268,296,857,141,411
48049,2021,379,1084,297,842,82,242
48051,2011,291,907,226,695,65,212
48051,2012,298,962,286,895,12,67
48051,2013,254,764,234,710,20,54
48051,2014,173,513,176,530,-3,-17
48051,2015,269,844,220,687,49,157
48051,2016,395,1223,237,728,158,495
48051,2017,252,778,237,718,15,60
48051,2018,248,776,201,627,47,149
48051,2019,339,1066,247,759,92,307
48051,2020,359,1090,194,593,165,497
48051,2021,405,1273,231,677,174,596
48053,2011,954,2846,876,2594,78,252
48053,2012,1016,3094,881,2595,135,499
48053,2013,963,2965,814,2483,149,482
48053,2014,671,2037,642,1864,29,173
48053,2015,1116,3366,760,2285,356,1081
48053,2016,1546,4731,1053,3109,493,1622
48053,2017,1148,3437,878,2494,270,943
48053,2018,1039,3115,919,2705,120,410
48053,2019,1444,4485,897,2647,547,1838
48053,2020,1658,4901,1024,2945,634,1956
48053,2021,1585,4798,1081,3078,504,1720
48055,2011,1001,3295,795,2479,206,816
48055,2012,971,3187,813,2521,158,666
48055,2013,916,3027,1103,3460,-187,-433
48055,2014,865,2871,699,2095,166,776
48055,2015,1029,3359,871,2649,158,710
48055,2016,1557,5200,914,2783,643,2417
48055,2017,1134,3824,932,2890,202,934
48055,2018,1097,3577,931,2918,166,659
48055,2019,1151,3612,964,2994,187,618
48055,2020,1262,3861,950,2801,312,1060
48055,2021,1339,3985,882,2572,457,1413
48057,2011,287,909,300,961,-13,-52
48057,2012,305,941,324,956,-19,-15
48057,2013,171,538,210,641,-39,-103
48057,2014,174,524,229,678,-55,-154
48057,2015,228,705,262,791,-34,-86
48057,2016,219,669,372,1124,-153,-455
48057,2017,219,662,213,672,6,-10
48057,2018,147,452,260,791,-113,-339
48057,2019,219,639,251,772,-32,-133
48057,2020,172,507,322,918,-150,-411
48057,2021,184,538,239,692,-55,-154
48059,2011,233,740,230,750,3,-10
48059,2012,293,914,268,844,25,70
48059,2013,239,746,189,580,50,166
48059,2014,180,564,170,499,10,65
48059,2015,239,799,177,507,62,292
48059,2016,311,976,219,683,92,293
48059,2017,241,796,194,588,47,208
48059,2018,202,608,173,547,29,61
48059,2019,291,942,198,588,93,354
48059,2020,263,810,193,574,70,236
48059,2021,229,714,202,589,27,125
48061,2011,2735,8949,3608,11741,-873,-2792
48061,2012,2947,9945,3978,12807,-1031,-2862
48061,2013,2488,8092,3453,11245,-965,-3153
48061,2014,2133,6862,3105,9835,-972,-2973
48061,2015,2464,7864,3393,10720,-929,-2856
48061,2016,2950,9411,3878,12226,-928,-2815
48061,2017,2542,7887,3472,10684,-930,-2797
48061,2018,2628,8124,3299,10022,-671,-1898
48061,2019,2812,8717,3237,9909,-425,-1192
48061,2020,3109,9178,3168,9283,-59,-105
48061,2021,2855,8299,3339,9533,-484,-1234
48063,2011,244,828,258,830,-14,-2
48063,2012,211,719,219,740,-8,-21
48063,2013,136,469,144,494,-8,-25
48063,2014,81,256,92,300,-11,-44
48063,2015,111,358,184,574,-73,-216
48063,2016,182,603,207,665,-25,-62
48063,2017,135,449,110,374,25,75
48063,2018,109,380,91,318,18,62
48063,2019,122,412,160,524,-38,-112
48063,2020,182,544,122,365,60,179
48063,2021,157,505,141,416,16,89
48065,2011,114,369,114,376,0,-7
48065,2012,97,330,112,341,-15,-11
48065,2013,92,313,119,354,-27,-41
48065,2014,81,257,114,335,-33,-78
48065,2015,119,403,83,249,36,154
48065,2016,144,500,140,464,4,36
48065,2017,124,395,124,399,0,-4
48065,2018,112,362,108,344,4,18
48065,2019,100,358,120,398,-20,-40
48065,2020,56,182,116,356,-60,-174
48065,2021,120,393,67,220,53,173
48067,2011,475,1519,536,1722,-61,-203
48067,2012,479,1547,431,1349,48,198
48067,2013,308,996,375,1196,-67,-200
48067,2014,260,815,282,858,-22,-43
48067,2015,301,941,315,967,-14,-26
48067,2016,423,1362,341,1075,82,287
48067,2017,269,883,265,862,4,21
48067,2018,248,792,300,952,-52,-160
48067,2019,349,1096,364,1145,-15,-49
48067,2020,403,1291,332,975,71,316
48067,2021,392,1203,322,995,70,208
48069,2011,79,283,101,354,-22,-71
48069,2012,80,339,108,374,-28,-35
48069,2013,22,63,33,119,-11,-56
48069,2015,24,90,56,172,-32,-82
48069,2016,24,90,44,126,-20,-36
48069,2019,25,91,21,62,4,29
48069,2020,21,79,23,73,-2,6
48069,2021,22,85,48,144,-26,-59
48071,2011,1111,3754,958,3136,153,618
48071,2012,1071,3589,957,3003,114,586
48071,2013,1062,3571,974,3107,88,464
48071,2014,846,2792,885,2862,-39,-70
48071,2015,1149,3830,1035,3227,114,603
48071,2016,1539,5198,1165,3764,374,1434
48071,2017,1240,4030,950,2885,290,1145
48071,2018,1320,4337,858,2664,462,1673
48071,2019,1464,5034,1041,3197,423,1837
48071,2020,1623,5115,949,2866,674,2249
48071,2021,1668,5215,1016,2904,652,2311
48073,2011,718,2280,762,2434,-44,-154
48073,2012,717,2320,771,2432,-54,-112
48073,2013,675,2141,648,2051,27,90
48073,2014,554,1750,507,1576,47,174
48073,2015,600,1953,585,1889,15,64
48073,2016,794,2562,690,2231,104,331
48073,2017,644,2043,610,1907,34,136
48073,2018,597,1903,595,1863,2,40
48073,2019,752,2369,658,2147,94,222
48073,2020,802,2474,668,2038,134,436
48073,2021,798,2419,692,2126,106,293
48075,2011,23,80,NA,NA,NA,NA
48075,2020,27,59,NA,NA,NA,NA
48077,2011,241,762,205,613,36,149
48077,2012,198,595,177,540,21,55
48077,2013,158,520,185,550,-27,-30
48077,2014,106,316,127,374,-21,-58
48077,2015,148,452,136,409,12,43
48077,2016,242,740,185,548,57,192
48077,2017,157,492,150,458,7,34
48077,2018,147,451,124,387,23,64
48077,2019,234,724,142,445,92,279
48077,2020,208,631,151,425,57,206
48077,2021,221,689,168,450,53,239
48079,2011,35,114,51,184,-16,-70
48079,2012,45,167,56,191,-11,-24
48079,2013,23,89,25,89,-2,0
48079,2019,21,77,NA,NA,NA,NA
48081,2011,28,94,44,129,-16,-35
48081,2012,51,156,33,96,18,60
48081,2013,34,88,35,94,-1,-6
48081,2014,31,90,29,84,2,6
48081,2015,43,126,35,87,8,39
48081,2016,49,154,32,85,17,69
48081,2017,41,127,32,87,9,40
48081,2018,28,94,36,95,-8,-1
48081,2019,43,126,36,112,7,14
48081,2020,42,138,37,106,5,32
48081,2021,30,93,29,88,1,5
48083,2011,111,350,105,311,6,39
48083,2012,100,308,77,239,23,69
48083,2013,35,125,61,203,-26,-78
48083,2014,32,98,56,177,-24,-79
48083,2015,60,174,41,121,19,53
48083,2016,64,195,43,132,21,63
48083,2017,58,162,62,197,-4,-35
48083,2018,28,84,75,232,-47,-148
48083,2019,64,201,39,111,25,90
48083,2020,56,163,63,198,-7,-35
48083,2021,65,200,32,98,33,102
48085,2011,29508,87766,25446,74082,4062,13684
48085,2012,31643,96825,27020,79530,4623,17295
48085,2013,28114,86248,24087,70751,4027,15497
48085,2014,19973,59728,18187,52061,1786,7667
48085,2015,30273,92758,25883,75488,4390,17270
48085,2016,44866,139826,36342,107300,8524,32526
48085,2017,35906,108333,28647,82367,7259,25966
48085,2018,35800,106878,30749,88382,5051,18496
48085,2019,40660,122521,31089,89366,9571,33155
48085,2020,43645,129219,32670,91412,10975,37807
48085,2021,43575,128264,35062,97660,8513,30604
48087,2012,12,39,10,33,2,6
48089,2011,311,911,315,965,-4,-54
48089,2012,320,1002,326,908,-6,94
48089,2013,292,939,363,1164,-71,-225
48089,2014,206,631,200,572,6,59
48089,2015,246,770,238,701,8,69
48089,2016,333,1052,245,719,88,333
48089,2017,285,850,225,682,60,168
48089,2018,253,792,238,698,15,94
48089,2019,335,1052,242,668,93,384
48089,2020,318,971,262,785,56,186
48089,2021,327,960,216,636,111,324
48091,2011,3602,11254,3801,11515,-199,-261
48091,2012,4324,13429,3066,9020,1258,4409
48091,2013,4020,12347,2913,8709,1107,3638
48091,2014,3021,9111,2422,7042,599,2069
48091,2015,4587,14170,3137,9143,1450,5027
48091,2016,7224,22671,4066,11925,3158,10746
48091,2017,5916,18013,3503,10144,2413,7869
48091,2018,5977,18035,3681,10531,2296,7504
48091,2019,7110,21875,4284,12467,2826,9408
48091,2020,7878,23584,4440,12418,3438,11166
48091,2021,7726,23127,4827,13346,2899,9781
48093,2011,138,451,180,522,-42,-71
48093,2012,154,472,136,413,18,59
48093,2013,83,267,120,360,-37,-93
48093,2014,65,196,70,238,-5,-42
48093,2015,112,377,77,249,35,128
48093,2016,143,453,117,370,26,83
48093,2017,112,343,89,262,23,81
48093,2018,82,258,94,292,-12,-34
48093,2019,133,435,82,272,51,163
48093,2020,126,380,109,339,17,41
48093,2021,151,470,108,328,43,142
48095,2011,23,57,36,103,-13,-46
48095,2012,28,92,18,58,10,34
48095,2013,22,78,24,67,-2,11
48095,2015,29,97,NA,NA,NA,NA
48095,2016,27,84,29,81,-2,3
48095,2017,30,84,32,100,-2,-16
48095,2018,23,69,23,67,0,2
48095,2019,23,66,29,103,-6,-37
48095,2020,34,113,20,57,14,56
48095,2021,29,89,27,81,2,8
48097,2011,690,2180,729,2224,-39,-44
48097,2012,780,2457,730,2216,50,241
48097,2013,650,2068,664,1999,-14,69
48097,2014,518,1638,495,1471,23,167
48097,2015,721,2261,644,1938,77,323
48097,2016,951,3023,818,2467,133,556
48097,2017,814,2587,644,1910,170,677
48097,2018,824,2544,704,2055,120,489
48097,2019,896,2790,684,2079,212,711
48097,2020,990,2999,688,1988,302,1011
48097,2021,979,3013,685,1969,294,1044
48099,2011,2296,8383,2384,8810,-88,-427
48099,2012,2283,8265,2512,9496,-229,-1231
48099,2013,1867,6727,1794,6463,73,264
48099,2014,1471,5126,1292,4316,179,810
48099,2015,1971,6914,2123,7614,-152,-700
48099,2016,2704,9688,2765,10176,-61,-488
48099,2017,1912,6728,1976,6854,-64,-126
48099,2018,2050,6897,1906,6529,144,368
48099,2019,2266,7866,2134,7441,132,425
48099,2020,2634,8291,2311,7683,323,608
48099,2021,2495,7963,2324,7529,171,434
48103,2011,52,173,54,179,-2,-6
48103,2012,44,164,52,161,-8,3
48103,2013,31,102,24,77,7,25
48103,2014,27,92,34,91,-7,1
48103,2015,23,77,56,188,-33,-111
48103,2016,34,108,43,124,-9,-16
48103,2017,30,102,32,99,-2,3
48103,2018,29,100,46,125,-17,-25
48103,2019,32,116,30,97,2,19
48103,2020,35,113,32,103,3,10
48103,2021,26,71,33,97,-7,-26
48105,2011,18,62,24,68,-6,-6
48105,2012,24,74,25,85,-1,-11
48105,2015,23,67,21,68,2,-1
48107,2011,74,251,84,273,-10,-22
48107,2012,93,298,113,358,-20,-60
48107,2013,92,285,84,281,8,4
48107,2014,64,217,85,269,-21,-52
48107,2015,80,249,74,220,6,29
48107,2016,102,325,87,278,15,47
48107,2017,79,252,84,264,-5,-12
48107,2018,66,216,84,283,-18,-67
48107,2019,92,296,107,335,-15,-39
48107,2020,96,310,98,271,-2,39
48107,2021,87,271,84,260,3,11
48111,2011,129,451,124,442,5,9
48111,2012,129,476,170,589,-41,-113
48111,2013,71,236,121,397,-50,-161
48111,2014,103,342,69,244,34,98
48111,2015,101,362,115,393,-14,-31
48111,2016,96,343,159,559,-63,-216
48111,2017,59,198,101,321,-42,-123
48111,2018,59,218,95,321,-36,-103
48111,2019,61,183,101,337,-40,-154
48111,2020,68,241,94,296,-26,-55
48111,2021,67,227,108,331,-41,-104
48113,2011,66659,185756,62123,178257,4536,7499
48113,2012,63977,183181,66423,193798,-2446,-10617
48113,2013,58114,164852,58099,170015,15,-5163
48113,2014,46093,128934,44602,130026,1491,-1092
48113,2015,60215,167592,60776,177369,-561,-9777
48113,2016,76571,212325,81954,239315,-5383,-26990
48113,2017,61486,168324,68664,198494,-7178,-30170
48113,2018,60670,165185,68364,195881,-7694,-30696
48113,2019,64194,174858,76032,219979,-11838,-45121
48113,2020,67506,178532,78804,220312,-11298,-41780
48113,2021,70254,182775,77026,213019,-6772,-30244
48115,2011,82,258,140,448,-58,-190
48115,2012,125,423,142,430,-17,-7
48115,2013,71,229,74,215,-3,14
48115,2014,60,188,48,143,12,45
48115,2015,61,185,84,238,-23,-53
48115,2016,66,190,113,333,-47,-143
48115,2017,69,193,104,338,-35,-145
48115,2018,79,243,81,252,-2,-9
48115,2019,89,277,113,336,-24,-59
48115,2020,48,151,104,278,-56,-127
48115,2021,39,103,98,288,-59,-185
48117,2011,190,667,277,977,-87,-310
48117,2012,188,638,281,987,-93,-349
48117,2013,145,510,163,524,-18,-14
48117,2014,116,396,154,507,-38,-111
48117,2015,141,478,205,648,-64,-170
48117,2016,150,500,243,807,-93,-307
48117,2017,116,357,164,514,-48,-157
48117,2018,78,247,164,500,-86,-253
48117,2019,102,331,225,719,-123,-388
48117,2020,136,410,202,606,-66,-196
48117,2021,159,467,160,489,-1,-22
48119,2011,94,274,79,233,15,41
48119,2012,66,200,93,291,-27,-91
48119,2013,29,88,47,157,-18,-69
48119,2014,22,68,22,74,0,-6
48119,2015,33,102,67,194,-34,-92
48119,2016,113,373,85,269,28,104
48119,2017,58,180,72,227,-14,-47
48119,2018,29,85,33,86,-4,-1
48119,2019,103,328,48,146,55,182
48119,2020,108,347,51,159,57,188
48119,2021,79,250,44,127,35,123
48121,2011,26384,77751,21841,63557,4543,14194
48121,2012,28316,84552,23728,69933,4588,14619
48121,2013,25696,76645,21950,63623,3746,13022
48121,2014,19458,56600,15967,45076,3491,11524
48121,2015,28764,85577,22920,66193,5844,19384
48121,2016,41275,124184,32581,95543,8694,28641
48121,2017,30862,90337,26102,74841,4760,15496
48121,2018,34693,102360,24962,70476,9731,31884
48121,2019,36681,108099,28184,80618,8497,27481
48121,2020,38795,112470,29826,83520,8969,28950
48121,2021,39288,112118,31116,86360,8172,25758
48123,2011,307,990,313,962,-6,28
48123,2012,339,1030,320,994,19,36
48123,2013,251,763,274,854,-23,-91
48123,2014,194,606,198,611,-4,-5
48123,2015,236,753,230,708,6,45
48123,2016,273,867,317,1025,-44,-158
48123,2017,224,705,245,783,-21,-78
48123,2018,186,628,203,675,-17,-47
48123,2019,254,792,182,602,72,190
48123,2020,239,680,207,625,32,55
48123,2021,237,738,214,614,23,124
48125,2011,13,38,13,44,0,-6
48125,2012,10,39,19,56,-9,-17
48127,2011,123,414,87,294,36,120
48127,2012,129,444,122,393,7,51
48127,2013,72,227,103,343,-31,-116
48127,2014,51,172,79,260,-28,-88
48127,2015,66,225,89,293,-23,-68
48127,2016,78,250,90,319,-12,-69
48127,2017,66,206,70,205,-4,1
48127,2018,53,171,76,229,-23,-58
48127,2019,52,155,78,252,-26,-97
48127,2020,70,225,52,158,18,67
48127,2021,26,89,72,195,-46,-106
48129,2011,20,63,26,77,-6,-14
48129,2015,20,52,NA,NA,NA,NA
48129,2016,21,68,NA,NA,NA,NA
48129,2020,22,57,NA,NA,NA,NA
48131,2011,146,459,214,707,-68,-248
48131,2012,149,461,168,522,-19,-61
48131,2013,139,452,150,476,-11,-24
48131,2014,107,321,131,409,-24,-88
48131,2015,139,453,147,467,-8,-14
48131,2016,126,424,175,569,-49,-145
48131,2017,113,372,122,400,-9,-28
48131,2018,86,290,103,323,-17,-33
48131,2019,112,396,110,348,2,48
48131,2020,98,311,106,344,-8,-33
48131,2021,105,325,118,382,-13,-57
48133,2011,187,557,244,784,-57,-227
48133,2012,222,696,196,574,26,122
48133,2013,78,229,159,474,-81,-245
48133,2014,33,104,106,299,-73,-195
48133,2015,98,281,92,253,6,28
48133,2016,199,638,98,278,101,360
48133,2017,122,354,116,346,6,8
48133,2018,87,266,105,295,-18,-29
48133,2019,153,458,124,370,29,88
48133,2020,167,500,112,324,55,176
48133,2021,144,403,113,352,31,51
48135,2011,3016,9666,2090,6464,926,3202
48135,2012,3275,10539,2708,8452,567,2087
48135,2013,2988,9584,2482,7652,506,1932
48135,2014,2852,8844,2179,6794,673,2050
48135,2015,2109,6493,3517,10869,-1408,-4376
48135,2016,2627,8307,3393,10576,-766,-2269
48135,2017,2968,9222,2289,7149,679,2073
48135,2018,3136,9507,2734,8397,402,1110
48135,2019,2753,8494,3608,11126,-855,-2632
48135,2020,2216,6652,3713,11043,-1497,-4391
48135,2021,2344,6983,2939,8542,-595,-1559
48139,2011,3347,10513,3321,10302,26,211
48139,2012,3779,12272,3256,9948,523,2324
48139,2013,3384,10930,2873,8602,511,2328
48139,2014,2678,8511,2241,6624,437,1887
48139,2015,3831,12346,2840,8497,991,3849
48139,2016,5827,19022,3756,11450,2071,7572
48139,2017,4773,15216,3207,9719,1566,5497
48139,2018,5005,15816,3358,10068,1647,5748
48139,2019,6177,19851,3718,11364,2459,8487
48139,2020,6514,20222,3918,11458,2596,8764
48139,2021,6874,21184,3969,11447,2905,9737
48141,2011,10778,35804,11775,38829,-997,-3025
48141,2012,10138,34036,13368,44773,-3230,-10737
48141,2013,8587,28720,11235,37682,-2648,-8962
48141,2014,6479,21189,8417,26945,-1938,-5756
48141,2015,9180,30751,11318,37733,-2138,-6982
48141,2016,11350,38139,14736,49487,-3386,-11348
48141,2017,9185,30074,11152,36214,-1967,-6140
48141,2018,9485,30867,10492,33655,-1007,-2788
48141,2019,10281,33345,11206,36495,-925,-3150
48141,2020,10585,32678,11162,34744,-577,-2066
48141,2021,10253,31271,11435,34466,-1182,-3195
48143,2011,547,1624,638,1789,-91,-165
48143,2012,527,1535,726,2089,-199,-554
48143,2013,423,1240,511,1493,-88,-253
48143,2014,367,1102,328,890,39,212
48143,2015,472,1394,603,1695,-131,-301
48143,2016,652,1924,723,2075,-71,-151
48143,2017,509,1552,552,1587,-43,-35
48143,2018,516,1546,568,1630,-52,-84
48143,2019,515,1525,588,1696,-73,-171
48143,2020,660,1933,662,1861,-2,72
48143,2021,614,1803,695,1884,-81,-81
48145,2011,255,801,310,995,-55,-194
48145,2012,248,774,297,950,-49,-176
48145,2013,184,579,228,740,-44,-161
48145,2014,184,568,156,495,28,73
48145,2015,188,619,178,548,10,71
48145,2016,279,894,253,842,26,52
48145,2017,202,658,198,621,4,37
48145,2018,185,613,210,661,-25,-48
48145,2019,197,632,186,594,11,38
48145,2020,328,971,186,559,142,412
48145,2021,259,756,230,620,29,136
48147,2011,563,1728,506,1578,57,150
48147,2012,555,1735,564,1761,-9,-26
48147,2013,539,1680,500,1576,39,104
48147,2014,397,1193,380,1121,17,72
48147,2015,584,1901,484,1485,100,416
48147,2016,951,3089,590,1829,361,1260
48147,2017,756,2420,535,1565,221,855
48147,2018,627,1963,570,1797,57,166
48147,2019,847,2775,570,1746,277,1029
48147,2020,856,2607,529,1595,327,1012
48147,2021,876,2669,644,1887,232,782
48149,2011,300,868,360,1008,-60,-140
48149,2012,351,1046,367,1067,-16,-21
48149,2013,275,805,251,743,24,62
48149,2014,202,581,193,532,9,49
48149,2015,268,807,266,767,2,40
48149,2016,410,1223,281,806,129,417
48149,2017,308,909,248,709,60,200
48149,2018,258,801,242,702,16,99
48149,2019,395,1235,217,636,178,599
48149,2020,435,1263,171,468,264,795
48149,2021,385,1145,253,709,132,436
48151,2011,34,105,37,116,-3,-11
48151,2012,16,57,48,145,-32,-88
48151,2013,33,116,NA,NA,NA,NA
48151,2014,21,55,26,93,-5,-38
48151,2016,36,115,NA,NA,NA,NA
48151,2017,23,75,25,99,-2,-24
48151,2019,21,80,22,70,-1,10
48153,2011,80,264,92,312,-12,-48
48153,2012,75,226,85,269,-10,-43
48153,2013,60,194,82,253,-22,-59
48153,2014,49,158,70,207,-21,-49
48153,2015,70,215,83,258,-13,-43
48153,2016,66,216,87,270,-21,-54
48153,2017,71,222,51,161,20,61
48153,2018,22,67,63,194,-41,-127
48153,2019,52,156,75,234,-23,-78
48153,2020,64,185,80,242,-16,-57
48153,2021,60,172,81,236,-21,-64
48157,2011,19582,63153,15210,46681,4372,16472
48157,2012,21570,70016,15545,48049,6025,21967
48157,2013,19791,64774,14685,45117,5106,19657
48157,2014,14922,47383,12162,36095,2760,11288
48157,2015,20010,64813,14986,45025,5024,19788
48157,2016,25303,82634,19640,60672,5663,21962
48157,2017,20248,64555,16557,50047,3691,14508
48157,2018,20653,66084,16159,48781,4494,17303
48157,2019,24871,80476,17614,53767,7257,26709
48157,2020,26512,82840,18354,53828,8158,29012
48157,2021,25034,76773,19553,56308,5481,20465
48159,2011,212,690,206,671,6,19
48159,2012,172,576,206,683,-34,-107
48159,2013,168,554,154,526,14,28
48159,2014,114,356,118,375,-4,-19
48159,2015,176,575,128,419,48,156
48159,2016,205,659,170,587,35,72
48159,2017,131,400,134,451,-3,-51
48159,2018,146,487,138,474,8,13
48159,2019,202,612,158,541,44,71
48159,2020,195,606,126,406,69,200
48159,2021,204,606,127,388,77,218
48161,2011,332,1061,299,970,33,91
48161,2012,303,999,279,856,24,143
48161,2013,186,598,176,580,10,18
48161,2014,130,416,120,377,10,39
48161,2015,210,699,200,653,10,46
48161,2016,288,939,261,850,27,89
48161,2017,195,614,214,674,-19,-60
48161,2018,197,627,206,665,-9,-38
48161,2019,258,770,220,717,38,53
48161,2020,333,996,174,506,159,490
48161,2021,319,964,204,591,115,373
48163,2011,163,525,160,501,3,24
48163,2012,156,494,184,594,-28,-100
48163,2013,115,389,154,490,-39,-101
48163,2014,92,286,164,530,-72,-244
48163,2015,127,388,127,377,0,11
48163,2016,167,524,151,459,16,65
48163,2017,115,355,149,455,-34,-100
48163,2018,107,336,151,466,-44,-130
48163,2019,167,540,179,589,-12,-49
48163,2020,172,548,150,431,22,117
48163,2021,143,436,179,530,-36,-94
48165,2011,164,570,144,529,20,41
48165,2012,175,650,148,503,27,147
48165,2013,131,495,131,430,0,65
48165,2014,93,334,76,235,17,99
48165,2015,127,478,134,443,-7,35
48165,2016,122,439,194,703,-72,-264
48165,2017,127,453,131,440,-4,13
48165,2018,126,476,112,362,14,114
48165,2019,170,610,176,635,-6,-25
48165,2020,146,503,172,550,-26,-47
48165,2021,121,402,121,372,0,30
48167,2011,7776,22714,6737,19739,1039,2975
48167,2012,8262,24575,6851,19894,1411,4681
48167,2013,7192,21485,5933,17173,1259,4312
48167,2014,5578,16348,4703,13069,875,3279
48167,2015,7557,22445,5805,16585,1752,5860
48167,2016,9753,29334,7782,22663,1971,6671
48167,2017,7371,21768,6500,18683,871,3085
48167,2018,7170,21067,6194,17618,976,3449
48167,2019,8001,23546,6556,19042,1445,4504
48167,2020,8130,23222,7033,19616,1097,3606
48167,2021,7634,21599,6906,19282,728,2317
48169,2011,31,101,63,192,-32,-91
48169,2012,33,105,37,120,-4,-15
48169,2013,45,139,42,130,3,9
48169,2014,44,140,55,157,-11,-17
48169,2015,34,118,42,127,-8,-9
48169,2016,49,155,59,166,-10,-11
48169,2017,36,91,40,128,-4,-37
48169,2018,41,121,55,171,-14,-50
48169,2019,53,154,51,150,2,4
48169,2020,36,111,48,144,-12,-33
48169,2021,51,150,41,112,10,38
48171,2011,347,995,315,880,32,115
48171,2012,352,980,311,859,41,121
48171,2013,301,875,228,625,73,250
48171,2014,200,575,181,500,19,75
48171,2015,309,928,231,631,78,297
48171,2016,448,1362,330,926,118,436
48171,2017,356,974,272,766,84,208
48171,2018,312,903,280,757,32,146
48171,2019,386,1085,271,776,115,309
48171,2020,484,1404,349,967,135,437
48171,2021,401,1133,316,855,85,278
48173,2011,12,36,NA,NA,NA,NA
48173,2012,10,42,13,41,-3,1
48175,2011,116,377,73,217,43,160
48175,2012,105,353,116,373,-11,-20
48175,2013,84,266,70,224,14,42
48175,2014,72,226,63,201,9,25
48175,2015,82,257,81,234,1,23
48175,2016,105,335,82,245,23,90
48175,2017,78,243,68,209,10,34
48175,2018,75,229,70,221,5,8
48175,2019,67,224,65,200,2,24
48175,2020,76,247,71,218,5,29
48175,2021,63,198,58,175,5,23
48177,2011,242,770,264,865,-22,-95
48177,2012,245,743,255,786,-10,-43
48177,2013,177,557,204,641,-27,-84
48177,2014,149,450,184,565,-35,-115
48177,2015,192,592,149,451,43,141
48177,2016,247,754,248,791,-1,-37
48177,2017,194,617,234,728,-40,-111
48177,2018,127,399,194,604,-67,-205
48177,2019,214,632,165,489,49,143
48177,2020,230,686,169,464,61,222
48177,2021,198,598,146,402,52,196
48179,2011,219,740,255,844,-36,-104
48179,2012,225,705,248,750,-23,-45
48179,2013,121,376,158,491,-37,-115
48179,2014,98,287,142,443,-44,-156
48179,2015,113,337,199,595,-86,-258
48179,2016,156,508,188,569,-32,-61
48179,2017,96,284,142,466,-46,-182
48179,2018,129,382,113,370,16,12
48179,2019,151,458,143,433,8,25
48179,2020,149,422,175,527,-26,-105
48179,2021,137,423,150,437,-13,-14
48181,2011,2005,6184,1853,5436,152,748
48181,2012,2041,6309,1962,5922,79,387
48181,2013,1898,5920,1568,4653,330,1267
48181,2014,1464,4537,1280,3722,184,815
48181,2015,2246,7046,1623,4797,623,2249
48181,2016,3446,10875,2106,6232,1340,4643
48181,2017,2509,7591,1842,5391,667,2200
48181,2018,2546,7786,1885,5494,661,2292
48181,2019,2882,9108,2087,6123,795,2985
48181,2020,3517,10819,2204,6386,1313,4433
48181,2021,3418,10385,2264,6472,1154,3913
48183,2011,3087,9559,3388,10706,-301,-1147
48183,2012,2967,9317,3343,10445,-376,-1128
48183,2013,2390,7240,2915,9112,-525,-1872
48183,2014,2092,6379,2234,6930,-142,-551
48183,2015,2345,7212,2860,8840,-515,-1628
48183,2016,2955,9228,3343,10436,-388,-1208
48183,2017,2478,7644,2515,7717,-37,-73
48183,2018,2395,7271,2437,7486,-42,-215
48183,2019,2365,7268,2723,8398,-358,-1130
48183,2020,2660,7887,2791,8318,-131,-431
48183,2021,2631,7687,2592,7594,39,93
48185,2011,495,1606,544,1684,-49,-78
48185,2012,553,1706,511,1575,42,131
48185,2013,479,1515,448,1358,31,157
48185,2014,492,1527,419,1310,73,217
48185,2015,568,1764,456,1378,112,386
48185,2016,796,2554,491,1455,305,1099
48185,2017,620,1946,471,1462,149,484
48185,2018,600,1931,425,1302,175,629
48185,2019,794,2602,489,1553,305,1049
48185,2020,837,2604,451,1361,386,1243
48185,2021,778,2415,509,1447,269,968
48187,2011,4956,15944,3660,11415,1296,4529
48187,2012,4611,14687,4086,12753,525,1934
48187,2013,4290,13737,3576,11038,714,2699
48187,2014,3039,9413,2814,8337,225,1076
48187,2015,4658,14721,3744,11466,914,3255
48187,2016,7105,22666,5183,16313,1922,6353
48187,2017,5225,16392,4255,12991,970,3401
48187,2018,4865,15061,4388,13324,477,1737
48187,2019,5843,18478,4747,14695,1096,3783
48187,2020,6403,19389,4766,14143,1637,5246
48187,2021,6310,18803,4748,14058,1562,4745
48189,2011,430,1406,525,1681,-95,-275
48189,2012,361,1142,639,2064,-278,-922
48189,2013,280,883,512,1659,-232,-776
48189,2014,255,810,331,1011,-76,-201
48189,2015,315,1039,382,1158,-67,-119
48189,2016,368,1171,416,1310,-48,-139
48189,2017,269,849,359,1123,-90,-274
48189,2018,241,779,304,943,-63,-164
48189,2019,303,946,329,1093,-26,-147
48189,2020,346,982,308,945,38,37
48189,2021,267,832,365,1068,-98,-236
48191,2011,20,60,27,90,-7,-30
48191,2012,10,34,NA,NA,NA,NA
48193,2011,111,349,109,340,2,9
48193,2012,104,341,83,273,21,68
48193,2013,90,284,73,278,17,6
48193,2014,42,147,89,282,-47,-135
48193,2015,72,236,81,234,-9,2
48193,2016,117,387,74,241,43,146
48193,2017,77,261,51,163,26,98
48193,2018,53,188,77,239,-24,-51
48193,2019,70,245,79,246,-9,-1
48193,2020,105,316,84,279,21,37
48193,2021,92,294,69,206,23,88
48195,2011,14,52,25,90,-11,-38
48195,2012,22,73,35,112,-13,-39
48197,2011,18,56,38,117,-20,-61
48197,2012,14,38,39,119,-25,-81
48197,2015,30,94,21,59,9,35
48197,2016,21,60,27,82,-6,-22
48197,2019,22,63,20,67,2,-4
48199,2011,1095,3401,1113,3390,-18,11
48199,2012,1114,3457,1091,3342,23,115
48199,2013,960,3012,1365,4275,-405,-1263
48199,2014,762,2290,740,2232,22,58
48199,2015,964,3059,863,2609,101,450
48199,2016,1423,4540,1092,3410,331,1130
48199,2017,1051,3288,982,2935,69,353
48199,2018,981,3069,844,2602,137,467
48199,2019,1190,3902,890,2772,300,1130
48199,2020,1156,3552,921,2740,235,812
48199,2021,1132,3465,930,2739,202,726
48201,2011,81704,236347,73588,219024,8116,17323
48201,2012,85023,252330,76514,229491,8509,22839
48201,2013,77544,229203,71030,215394,6514,13809
48201,2014,63026,182395,56708,168626,6318,13769
48201,2015,73600,214198,78206,235459,-4606,-21261
48201,2016,85000,248134,107734,326087,-22734,-77953
48201,2017,71603,206798,83248,248757,-11645,-41959
48201,2018,72026,206539,79566,237273,-7540,-30734
48201,2019,77531,223085,88661,267859,-11130,-44774
48201,2020,82129,229895,93450,272116,-11321,-42221
48201,2021,87675,241319,90886,260357,-3211,-19038
48203,2011,1395,4582,1542,4786,-147,-204
48203,2012,1249,4022,1368,4404,-119,-382
48203,2013,1092,3547,1228,3775,-136,-228
48203,2014,943,2999,890,2715,53,284
48203,2015,1191,3752,1154,3624,37,128
48203,2016,1325,4304,1481,4693,-156,-389
48203,2017,1085,3442,1103,3424,-18,18
48203,2018,1087,3419,1161,3640,-74,-221
48203,2019,1263,3971,1194,3796,69,175
48203,2020,1181,3650,1184,3508,-3,142
48203,2021,1183,3614,1103,3255,80,359
48205,2011,99,371,108,416,-9,-45
48205,2012,123,436,103,384,20,52
48205,2013,79,275,71,236,8,39
48205,2014,69,244,62,210,7,34
48205,2015,67,242,73,247,-6,-5
48205,2016,99,357,94,334,5,23
48205,2017,74,253,59,198,15,55
48205,2018,75,257,80,291,-5,-34
48205,2019,76,263,61,183,15,80
48205,2020,74,231,95,333,-21,-102
48205,2021,88,280,88,284,0,-4
48207,2011,68,224,65,214,3,10
48207,2012,89,301,76,231,13,70
48207,2014,22,81,42,131,-20,-50
48207,2015,23,78,37,112,-14,-34
48207,2016,50,161,35,105,15,56
48207,2017,24,82,45,139,-21,-57
48207,2018,20,58,50,142,-30,-84
48207,2019,22,66,20,67,2,-1
48207,2021,21,54,21,68,0,-14
48209,2011,5720,16716,4836,13636,884,3080
48209,2012,6677,19870,5293,14974,1384,4896
48209,2013,6134,18301,4827,13465,1307,4836
48209,2014,5094,14701,3809,10387,1285,4314
48209,2015,7277,21291,5359,14654,1918,6637
48209,2016,9800,29136,7430,20584,2370,8552
48209,2017,7639,22229,6254,16862,1385,5367
48209,2018,7841,22682,6276,16929,1565,5753
48209,2019,9315,27175,6701,18271,2614,8904
48209,2020,10229,29078,7201,19196,3028,9882
48209,2021,10794,29919,7433,19727,3361,10192
48211,2012,28,90,NA,NA,NA,NA
48213,2011,1590,4897,1552,4737,38,160
48213,2012,1731,5378,1634,5026,97,352
48213,2013,1491,4633,1296,3967,195,666
48213,2014,1248,3805,1189,3623,59,182
48213,2015,1504,4630,1296,3889,208,741
48213,2016,2278,7032,1653,4939,625,2093
48213,2017,1781,5346,1388,4162,393,1184
48213,2018,1685,5108,1397,4241,288,867
48213,2019,2070,6470,1475,4487,595,1983
48213,2020,2196,6599,1644,4788,552,1811
48213,2021,2236,6554,1554,4539,682,2015
48215,2011,4823,15651,5362,17296,-539,-1645
48215,2012,4588,15237,5784,18737,-1196,-3500
48215,2013,3692,12258,4652,15250,-960,-2992
48215,2014,3229,10372,4397,14011,-1168,-3639
48215,2015,3961,12861,4670,14761,-709,-1900
48215,2016,4596,14826,5368,16850,-772,-2024
48215,2017,3838,12091,4700,14439,-862,-2348
48215,2018,3924,12166,4596,14137,-672,-1971
48215,2019,4616,14233,4745,14414,-129,-181
48215,2020,4984,14733,4747,13908,237,825
48215,2021,4881,14306,4994,14134,-113,172
48217,2011,820,2342,675,2119,145,223
48217,2012,626,2011,727,2221,-101,-210
48217,2013,524,1604,516,1621,8,-17
48217,2014,418,1329,445,1386,-27,-57
48217,2015,522,1636,497,1467,25,169
48217,2016,839,2731,589,1814,250,917
48217,2017,709,2279,534,1622,175,657
48217,2018,633,1971,570,1764,63,207
48217,2019,731,2374,528,1702,203,672
48217,2020,871,2692,585,1752,286,940
48217,2021,897,2789,660,1923,237,866
48219,2011,348,1102,366,1149,-18,-47
48219,2012,321,1077,386,1256,-65,-179
48219,2013,231,780,262,851,-31,-71
48219,2014,181,580,245,760,-64,-180
48219,2015,198,616,271,831,-73,-215
48219,2016,340,1102,361,1068,-21,34
48219,2017,269,831,302,923,-33,-92
48219,2018,201,610,248,744,-47,-134
48219,2019,228,763,302,916,-74,-153
48219,2020,265,852,252,767,13,85
48219,2021,280,874,290,834,-10,40
48221,2011,1192,3630,1038,3184,154,446
48221,2012,1323,3998,1106,3320,217,678
48221,2013,1022,3102,823,2404,199,698
48221,2014,778,2288,637,1829,141,459
48221,2015,1311,4002,882,2563,429,1439
48221,2016,1881,5849,1209,3580,672,2269
48221,2017,1567,4871,1020,3001,547,1870
48221,2018,1449,4319,961,2862,488,1457
48221,2019,1758,5405,1086,3182,672,2223
48221,2020,1873,5486,1181,3424,692,2062
48221,2021,1884,5609,1159,3263,725,2346
48223,2011,478,1535,492,1499,-14,36
48223,2012,498,1635,490,1477,8,158
48223,2013,410,1258,321,976,89,282
48223,2014,345,1057,292,890,53,167
48223,2015,403,1271,396,1249,7,22
48223,2016,617,1993,492,1519,125,474
48223,2017,520,1621,465,1389,55,232
48223,2018,473,1457,388,1210,85,247
48223,2019,555,1767,461,1428,94,339
48223,2020,621,1880,451,1352,170,528
48223,2021,575,1715,464,1345,111,370
48225,2011,275,832,264,808,11,24
48225,2012,220,666,295,895,-75,-229
48225,2013,162,503,189,552,-27,-49
48225,2014,151,444,153,451,-2,-7
48225,2015,230,688,173,557,57,131
48225,2016,285,900,234,712,51,188
48225,2017,236,710,162,499,74,211
48225,2018,211,658,193,586,18,72
48225,2019,189,580,199,608,-10,-28
48225,2020,305,863,251,724,54,139
48225,2021,247,723,201,567,46,156
48227,2011,370,1183,350,1028,20,155
48227,2012,389,1209,368,1128,21,81
48227,2013,233,705,297,889,-64,-184
48227,2014,206,608,185,547,21,61
48227,2015,203,622,401,1184,-198,-562
48227,2016,245,747,384,1209,-139,-462
48227,2017,250,783,247,729,3,54
48227,2018,220,682,300,888,-80,-206
48227,2019,210,674,313,976,-103,-302
48227,2020,121,364,340,983,-219,-619
48227,2021,146,433,287,818,-141,-385
48229,2011,43,152,65,229,-22,-77
48229,2012,31,117,30,100,1,17
48229,2013,31,102,40,134,-9,-32
48229,2014,101,326,28,96,73,230
48229,2015,326,1153,39,133,287,1020
48229,2016,243,845,59,197,184,648
48229,2017,140,463,86,262,54,201
48229,2018,30,94,40,134,-10,-40
48229,2019,26,85,29,101,-3,-16
48229,2020,30,96,38,114,-8,-18
48229,2021,37,120,26,80,11,40
48231,2011,1928,5950,1878,5970,50,-20
48231,2012,1893,5938,1835,5604,58,334
48231,2013,1763,5602,1637,4962,126,640
48231,2014,1469,4659,1379,4107,90,552
48231,2015,2148,6812,1568,4710,580,2102
48231,2016,2835,9178,2199,6666,636,2512
48231,2017,2502,8078,1822,5489,680,2589
48231,2018,2319,7298,1861,5595,458,1703
48231,2019,2711,8924,2080,6362,631,2562
48231,2020,3174,10069,2193,6451,981,3618
48231,2021,3658,11286,2146,6309,1512,4977
48233,2011,247,779,251,774,-4,5
48233,2012,211,652,210,665,1,-13
48233,2013,137,448,188,584,-51,-136
48233,2014,132,391,142,435,-10,-44
48233,2015,101,310,175,521,-74,-211
48233,2016,182,577,231,700,-49,-123
48233,2017,155,458,163,492,-8,-34
48233,2018,117,357,160,481,-43,-124
48233,2019,151,453,196,645,-45,-192
48233,2020,176,535,178,490,-2,45
48233,2021,155,457,182,549,-27,-92
48235,2011,22,65,29,89,-7,-24
48235,2012,25,65,23,73,2,-8
48235,2013,21,64,32,99,-11,-35
48235,2015,22,75,25,67,-3,8
48235,2016,37,112,31,91,6,21
48235,2017,27,83,25,67,2,16
48235,2019,27,76,NA,NA,NA,NA
48235,2021,25,80,NA,NA,NA,NA
48237,2011,123,429,118,368,5,61
48237,2012,121,374,124,401,-3,-27
48237,2013,93,293,52,148,41,145
48237,2014,43,133,67,215,-24,-82
48237,2015,67,223,75,224,-8,-1
48237,2016,149,482,45,147,104,335
48237,2017,84,271,100,306,-16,-35
48237,2018,79,251,23,77,56,174
48237,2019,133,435,49,145,84,290
48237,2020,147,471,86,253,61,218
48237,2021,148,480,82,243,66,237
48239,2011,206,680,171,507,35,173
48239,2012,215,659,220,701,-5,-42
48239,2013,153,490,169,541,-16,-51
48239,2014,160,514,155,473,5,41
48239,2015,212,671,191,606,21,65
48239,2016,227,739,215,677,12,62
48239,2017,172,541,174,530,-2,11
48239,2018,173,550,133,426,40,124
48239,2019,197,614,115,363,82,251
48239,2020,176,543,147,443,29,100
48239,2021,190,605,149,456,41,149
48241,2011,538,1726,806,2439,-268,-713
48241,2012,537,1685,573,1859,-36,-174
48241,2013,535,1775,492,1585,43,190
48241,2014,379,1225,431,1369,-52,-144
48241,2015,468,1536,424,1316,44,220
48241,2016,672,2121,474,1557,198,564
48241,2017,539,1766,521,1635,18,131
48241,2018,443,1376,462,1506,-19,-130
48241,2019,561,1760,425,1324,136,436
48241,2020,562,1745,489,1553,73,192
48241,2021,538,1660,529,1649,9,11
48243,2011,21,68,11,34,10,34
48245,2011,3951,11634,4860,13946,-909,-2312
48245,2012,4020,11935,4411,13438,-391,-1503
48245,2013,3205,9722,3780,11424,-575,-1702
48245,2014,2560,7714,2755,7998,-195,-284
48245,2015,2934,8666,3546,10680,-612,-2014
48245,2016,3531,10559,4885,14772,-1354,-4213
48245,2017,2856,8536,4122,12245,-1266,-3709
48245,2018,2859,8566,3487,10440,-628,-1874
48245,2019,2885,8438,3900,11676,-1015,-3238
48245,2020,3255,9301,4426,12681,-1171,-3380
48245,2021,3072,8674,4049,11552,-977,-2878
48247,2011,35,119,29,87,6,32
48247,2012,25,88,40,114,-15,-26
48247,2019,26,89,NA,NA,NA,NA
48249,2011,656,2141,733,2320,-77,-179
48249,2012,641,2090,804,2529,-163,-439
48249,2013,525,1627,653,2121,-128,-494
48249,2014,449,1439,561,1721,-112,-282
48249,2015,540,1757,643,2037,-103,-280
48249,2016,629,2016,719,2253,-90,-237
48249,2017,484,1596,606,1879,-122,-283
48249,2018,476,1468,553,1765,-77,-297
48249,2019,518,1749,576,1881,-58,-132
48249,2020,579,1820,547,1674,32,146
48249,2021,562,1751,583,1735,-21,16
48251,2011,3634,11621,3429,10534,205,1087
48251,2012,3882,12432,3545,11004,337,1428
48251,2013,3578,11644,3073,9447,505,2197
48251,2014,2634,8207,2462,7447,172,760
48251,2015,3870,12358,2994,9054,876,3304
48251,2016,5783,18751,4082,12609,1701,6142
48251,2017,4659,15144,3533,10702,1126,4442
48251,2018,4640,14702,3455,10527,1185,4175
48251,2019,5443,17643,3683,11256,1760,6387
48251,2020,6186,19231,3689,10843,2497,8388
48251,2021,6373,19569,3878,11367,2495,8202
48253,2011,265,845,267,823,-2,22
48253,2012,281,895,288,927,-7,-32
48253,2013,204,694,218,678,-14,16
48253,2014,231,714,197,620,34,94
48253,2015,220,713,250,794,-30,-81
48253,2016,277,884,309,977,-32,-93
48253,2017,237,778,273,848,-36,-70
48253,2018,251,811,195,599,56,212
48253,2019,239,744,196,600,43,144
48253,2020,419,1169,224,665,195,504
48253,2021,264,814,227,625,37,189
48255,2011,147,454,150,465,-3,-11
48255,2012,137,419,170,505,-33,-86
48255,2013,101,324,112,333,-11,-9
48255,2014,84,259,94,279,-10,-20
48255,2015,102,335,134,407,-32,-72
48255,2016,132,415,120,388,12,27
48255,2017,90,256,137,402,-47,-146
48255,2018,76,245,120,362,-44,-117
48255,2019,110,332,94,265,16,67
48255,2020,147,422,110,311,37,111
48255,2021,121,371,120,336,1,35
48257,2011,3095,9880,2680,8320,415,1560
48257,2012,3256,10460,2653,8292,603,2168
48257,2013,3054,9829,2472,7757,582,2072
48257,2014,2414,7684,2011,6092,403,1592
48257,2015,3462,11252,2506,7801,956,3451
48257,2016,5585,18365,3485,11012,2100,7353
48257,2017,5133,16711,3075,9548,2058,7163
48257,2018,5067,16550,3242,10141,1825,6409
48257,2019,6379,20896,3615,11534,2764,9362
48257,2020,7947,25159,4096,12516,3851,12643
48257,2021,8495,26685,4231,12810,4264,13875
48259,2011,1136,3638,917,2933,219,705
48259,2012,1212,3889,833,2399,379,1490
48259,2013,1040,3459,768,2272,272,1187
48259,2014,781,2525,614,1819,167,706
48259,2015,1174,3844,829,2476,345,1368
48259,2016,1801,5914,1041,3080,760,2834
48259,2017,1335,4203,928,2739,407,1464
48259,2018,1181,3715,860,2595,321,1120
48259,2019,1292,4206,904,2706,388,1500
48259,2020,1578,4920,964,2793,614,2127
48259,2021,1552,4860,971,2722,581,2138
48265,2011,841,2423,758,2137,83,286
48265,2012,959,2764,844,2335,115,429
48265,2013,626,1802,677,1898,-51,-96
48265,2014,461,1331,528,1469,-67,-138
48265,2015,658,1884,599,1695,59,189
48265,2016,1072,3038,793,2220,279,818
48265,2017,722,2058,655,1809,67,249
48265,2018,609,1723,626,1729,-17,-6
48265,2019,852,2444,627,1760,225,684
48265,2020,934,2641,639,1769,295,872
48265,2021,914,2536,587,1602,327,934
48267,2011,27,81,25,84,2,-3
48267,2012,11,41,31,72,-20,-31
48271,2011,13,52,33,114,-20,-62
48271,2012,43,149,11,39,32,110
48271,2013,22,68,20,73,2,-5
48273,2011,474,1417,678,2031,-204,-614
48273,2012,472,1373,684,2033,-212,-660
48273,2013,363,1084,532,1578,-169,-494
48273,2014,381,1088,475,1368,-94,-280
48273,2015,419,1208,484,1408,-65,-200
48273,2016,442,1297,620,1784,-178,-487
48273,2017,394,1158,474,1382,-80,-224
48273,2018,381,1144,492,1428,-111,-284
48273,2019,396,1190,479,1366,-83,-176
48273,2020,466,1339,490,1345,-24,-6
48273,2021,385,1062,504,1421,-119,-359
48275,2011,42,141,30,95,12,46
48275,2012,18,56,34,114,-16,-58
48277,2011,542,1747,538,1630,4,117
48277,2012,520,1631,660,1996,-140,-365
48277,2013,390,1192,438,1308,-48,-116
48277,2014,329,983,311,940,18,43
48277,2015,456,1398,378,1180,78,218
48277,2016,517,1612,572,1778,-55,-166
48277,2017,530,1586,430,1291,100,295
48277,2018,440,1355,388,1151,52,204
48277,2019,532,1623,462,1388,70,235
48277,2020,465,1404,442,1300,23,104
48277,2021,543,1637,387,1101,156,536
48279,2011,139,491,213,714,-74,-223
48279,2012,170,606,183,621,-13,-15
48279,2013,108,394,159,501,-51,-107
48279,2014,68,208,165,602,-97,-394
48279,2015,124,474,134,483,-10,-9
48279,2016,174,649,161,531,13,118
48279,2017,97,295,118,358,-21,-63
48279,2018,56,168,138,420,-82,-252
48279,2019,89,279,106,322,-17,-43
48279,2020,70,212,131,372,-61,-160
48279,2021,86,258,119,360,-33,-102
48281,2011,422,1408,424,1337,-2,71
48281,2012,449,1427,410,1276,39,151
48281,2013,373,1159,354,1067,19,92
48281,2014,285,888,248,745,37,143
48281,2015,359,1184,323,977,36,207
48281,2016,548,1816,403,1265,145,551
48281,2017,397,1298,347,1081,50,217
48281,2018,417,1315,320,995,97,320
48281,2019,506,1635,378,1152,128,483
48281,2020,595,1841,356,1055,239,786
48281,2021,628,1954,373,1165,255,789
48283,2011,62,204,45,149,17,55
48283,2012,71,228,64,219,7,9
48283,2013,47,149,58,193,-11,-44
48283,2015,25,73,26,73,-1,0
48283,2016,20,50,30,101,-10,-51
48283,2017,24,72,22,64,2,8
48283,2019,23,61,28,80,-5,-19
48283,2020,20,51,27,75,-7,-24
48283,2021,24,81,28,74,-4,7
48285,2011,288,914,263,823,25,91
48285,2012,334,1053,288,895,46,158
48285,2013,245,847,241,730,4,117
48285,2014,222,682,195,573,27,109
48285,2015,273,831,204,642,69,189
48285,2016,295,931,259,771,36,160
48285,2017,236,747,215,651,21,96
48285,2018,246,777,195,638,51,139
48285,2019,219,727,250,750,-31,-23
48285,2020,239,723,154,431,85,292
48285,2021,256,764,204,609,52,155
48287,2011,216,672,215,684,1,-12
48287,2012,297,952,217,675,80,277
48287,2013,197,634,142,414,55,220
48287,2014,150,483,102,319,48,164
48287,2015,207,633,166,511,41,122
48287,2016,330,1068,243,708,87,360
48287,2017,232,731,252,765,-20,-34
48287,2018,214,631,195,584,19,47
48287,2019,282,897,221,636,61,261
48287,2020,225,733,213,591,12,142
48287,2021,285,847,165,449,120,398
48289,2011,261,825,288,895,-27,-70
48289,2012,244,768,276,871,-32,-103
48289,2013,258,860,237,727,21,133
48289,2014,157,476,120,347,37,129
48289,2015,239,753,187,578,52,175
48289,2016,238,760,237,741,1,19
48289,2017,215,717,164,483,51,234
48289,2018,200,586,180,575,20,11
48289,2019,260,868,198,626,62,242
48289,2020,279,879,231,696,48,183
48289,2021,269,878,183,523,86,355
48291,2011,1663,5670,1558,5244,105,426
48291,2012,1630,5476,1522,5017,108,459
48291,2013,1626,5674,1489,4882,137,792
48291,2014,1479,4946,1269,4065,210,881
48291,2015,1860,6381,1389,4451,471,1930
48291,2016,2620,9383,1678,5404,942,3979
48291,2017,2340,8406,1521,4887,819,3519
48291,2018,2311,8070,1660,5372,651,2698
48291,2019,2879,10414,1699,5504,1180,4910
48291,2020,3584,12367,1757,5470,1827,6897
48291,2021,3460,11847,1993,6141,1467,5706
48293,2011,365,1191,419,1346,-54,-155
48293,2012,318,1025,353,1177,-35,-152
48293,2013,185,607,180,562,5,45
48293,2014,146,472,211,684,-65,-212
48293,2015,208,651,213,712,-5,-61
48293,2016,288,960,299,957,-11,3
48293,2017,211,643,186,573,25,70
48293,2018,238,750,202,605,36,145
48293,2019,257,811,220,667,37,144
48293,2020,309,919,217,652,92,267
48293,2021,296,900,231,639,65,261
48295,2011,15,56,NA,NA,NA,NA
48295,2012,15,53,17,58,-2,-5
48295,2013,21,81,NA,NA,NA,NA
48297,2011,273,811,134,421,139,390
48297,2012,141,420,134,408,7,12
48297,2013,185,604,164,502,21,102
48297,2014,141,431,113,355,28,76
48297,2015,134,402,98,301,36,101
48297,2016,210,685,134,411,76,274
48297,2017,119,358,78,253,41,105
48297,2018,128,419,94,285,34,134
48297,2019,182,569,106,329,76,240
48297,2020,161,475,136,432,25,43
48297,2021,179,545,105,325,74,220
48299,2011,436,1290,326,980,110,310
48299,2012,459,1324,365,1080,94,244
48299,2013,339,983,310,910,29,73
48299,2014,291,855,229,689,62,166
48299,2015,406,1195,236,694,170,501
48299,2016,656,1894,335,1011,321,883
48299,2017,474,1337,309,890,165,447
48299,2018,406,1191,314,886,92,305
48299,2019,650,1905,345,1019,305,886
48299,2020,671,1934,336,912,335,1022
48299,2021,520,1432,301,862,219,570
48303,2011,4525,13341,4759,13601,-234,-260
48303,2012,4743,14242,5174,14864,-431,-622
48303,2013,4085,12188,4097,11760,-12,428
48303,2014,3334,9586,3071,8584,263,1002
48303,2015,4130,12061,4086,11629,44,432
48303,2016,5300,15634,5723,16514,-423,-880
48303,2017,4191,12253,4429,12443,-238,-190
48303,2018,4202,12113,4207,11783,-5,330
48303,2019,4591,13616,4624,13043,-33,573
48303,2020,4689,13303,4557,12504,132,799
48303,2021,4685,12984,4810,12949,-125,35
48305,2011,65,222,89,287,-24,-65
48305,2012,94,303,104,351,-10,-48
48305,2013,66,232,77,236,-11,-4
48305,2014,63,211,85,256,-22,-45
48305,2015,73,248,82,271,-9,-23
48305,2016,110,386,90,293,20,93
48305,2017,107,374,85,272,22,102
48305,2018,102,377,92,278,10,99
48305,2019,111,377,98,330,13,47
48305,2020,100,357,75,233,25,124
48305,2021,114,402,85,238,29,164
48307,2011,38,123,43,132,-5,-9
48307,2012,29,86,53,169,-24,-83
48307,2015,23,63,24,76,-1,-13
48307,2016,29,80,51,154,-22,-74
48307,2017,24,71,29,78,-5,-7
48307,2019,21,66,28,66,-7,0
48307,2020,22,48,27,69,-5,-21
48309,2011,3358,9908,3558,10321,-200,-413
48309,2012,3351,9993,3637,10574,-286,-581
48309,2013,2669,8017,2906,8379,-237,-362
48309,2014,2080,6083,2143,6126,-63,-43
48309,2015,2906,8676,2904,8336,2,340
48309,2016,4184,12753,3883,11450,301,1303
48309,2017,3127,9366,3216,9263,-89,103
48309,2018,3082,9184,3012,8721,70,463
48309,2019,3334,9843,3210,9251,124,592
48309,2020,3485,10287,3345,9306,140,981
48309,2021,3575,10154,3447,9632,128,522
48313,2011,170,546,177,549,-7,-3
48313,2012,162,545,179,557,-17,-12
48313,2013,158,488,208,622,-50,-134
48313,2014,166,508,161,493,5,15
48313,2015,182,558,147,434,35,124
48313,2016,232,782,179,557,53,225
48313,2017,177,525,137,438,40,87
48313,2018,170,501,163,501,7,0
48313,2019,212,663,189,563,23,100
48313,2020,256,745,205,621,51,124
48313,2021,208,619,193,593,15,26
48315,2011,260,790,222,738,38,52
48315,2012,168,518,194,592,-26,-74
48315,2013,144,442,157,511,-13,-69
48315,2014,156,512,134,398,22,114
48315,2015,160,524,138,447,22,77
48315,2016,137,442,158,494,-21,-52
48315,2017,111,351,131,437,-20,-86
48315,2018,109,349,136,413,-27,-64
48315,2019,176,561,139,417,37,144
48315,2020,158,466,151,472,7,-6
48315,2021,123,374,128,383,-5,-9
48317,2011,95,318,74,257,21,61
48317,2012,89,309,73,236,16,73
48317,2013,65,242,77,246,-12,-4
48317,2014,51,151,52,163,-1,-12
48317,2015,66,231,52,195,14,36
48317,2016,75,255,74,248,1,7
48317,2017,60,195,62,196,-2,-1
48317,2018,58,198,74,228,-16,-30
48317,2019,61,212,69,223,-8,-11
48317,2020,64,219,68,218,-4,1
48317,2021,56,213,91,299,-35,-86
48321,2011,433,1382,535,1624,-102,-242
48321,2012,441,1323,521,1649,-80,-326
48321,2013,394,1156,418,1302,-24,-146
48321,2014,282,895,326,962,-44,-67
48321,2015,330,1038,409,1254,-79,-216
48321,2016,456,1433,618,1993,-162,-560
48321,2017,365,1119,464,1508,-99,-389
48321,2018,371,1180,419,1270,-48,-90
48321,2019,363,1145,471,1497,-108,-352
48321,2020,441,1290,406,1193,35,97
48321,2021,382,1119,476,1381,-94,-262
48323,2011,346,1178,484,1661,-138,-483
48323,2012,410,1458,497,1643,-87,-185
48323,2013,320,1104,423,1363,-103,-259
48323,2014,229,739,413,1305,-184,-566
48323,2015,236,745,429,1385,-193,-640
48323,2016,335,1113,547,1762,-212,-649
48323,2017,285,897,423,1358,-138,-461
48323,2018,304,920,358,1105,-54,-185
48323,2019,295,900,420,1272,-125,-372
48323,2020,333,1022,416,1260,-83,-238
48323,2021,283,881,502,1470,-219,-589
48325,2011,853,2748,838,2659,15,89
48325,2012,894,2879,819,2499,75,380
48325,2013,740,2398,658,1952,82,446
48325,2014,665,2123,590,1782,75,341
48325,2015,902,2875,680,2060,222,815
48325,2016,1146,3759,798,2460,348,1299
48325,2017,938,3034,714,2206,224,828
48325,2018,825,2700,775,2370,50,330
48325,2019,1214,4090,865,2624,349,1466
48325,2020,1273,4048,841,2534,432,1514
48325,2021,1242,3970,931,2753,311,1217
48329,2011,3733,11636,3074,9498,659,2138
48329,2012,4020,12575,3597,10981,423,1594
48329,2013,3666,11238,3345,10311,321,927
48329,2014,3211,9698,2691,8056,520,1642
48329,2015,3644,11212,3862,11559,-218,-347
48329,2016,4751,14973,4501,14062,250,911
48329,2017,4204,12939,3631,11068,573,1871
48329,2018,3803,11315,3909,12024,-106,-709
48329,2019,3640,11081,4398,13648,-758,-2567
48329,2020,3828,11597,4191,12462,-363,-865
48329,2021,3806,11262,3278,9753,528,1509
48331,2011,298,949,380,1182,-82,-233
48331,2012,326,1063,341,1057,-15,6
48331,2013,311,935,296,900,15,35
48331,2014,235,761,216,642,19,119
48331,2015,359,1173,255,782,104,391
48331,2016,489,1559,377,1132,112,427
48331,2017,328,1050,315,977,13,73
48331,2018,329,1020,362,1091,-33,-71
48331,2019,425,1355,281,851,144,504
48331,2020,433,1341,255,758,178,583
48331,2021,473,1447,304,879,169,568
48333,2011,17,51,24,84,-7,-33
48333,2012,19,64,13,44,6,20
48335,2011,66,217,79,215,-13,2
48335,2012,91,277,97,300,-6,-23
48335,2013,42,126,22,65,20,61
48335,2014,24,70,27,94,-3,-24
48335,2015,44,130,40,136,4,-6
48335,2016,23,84,68,203,-45,-119
48335,2017,20,58,43,133,-23,-75
48335,2018,21,64,NA,NA,NA,NA
48335,2019,24,78,21,64,3,14
48335,2020,20,62,NA,NA,NA,NA
48335,2021,27,96,46,144,-19,-48
48337,2011,270,805,300,917,-30,-112
48337,2012,294,904,327,1010,-33,-106
48337,2013,263,824,249,819,14,5
48337,2014,178,530,190,579,-12,-49
48337,2015,266,825,202,604,64,221
48337,2016,401,1301,269,879,132,422
48337,2017,372,1169,236,713,136,456
48337,2018,308,982,260,790,48,192
48337,2019,412,1372,266,833,146,539
48337,2020,446,1409,293,884,153,525
48337,2021,499,1582,256,761,243,821
48339,2011,14140,44291,10840,32874,3300,11417
48339,2012,15818,50151,11819,35917,3999,14234
48339,2013,13947,44369,10756,32514,3191,11855
48339,2014,10945,33657,8630,25446,2315,8211
48339,2015,15478,49060,11073,32769,4405,16291
48339,2016,21770,68962,14924,45414,6846,23548
48339,2017,17140,53538,12191,36435,4949,17103
48339,2018,16378,50619,12175,36012,4203,14607
48339,2019,19514,61255,13631,40939,5883,20316
48339,2020,22738,69398,14226,41299,8512,28099
48339,2021,23198,70408,15441,43807,7757,26601
48341,2011,345,1125,397,1313,-52,-188
48341,2012,257,822,479,1555,-222,-733
48341,2013,168,487,331,989,-163,-502
48341,2014,118,343,207,650,-89,-307
48341,2015,159,493,238,710,-79,-217
48341,2016,204,607,298,910,-94,-303
48341,2017,155,457,251,762,-96,-305
48341,2018,160,466,177,527,-17,-61
48341,2019,128,376,185,562,-57,-186
48341,2020,131,383,206,647,-75,-264
48341,2021,74,197,168,478,-94,-281
48343,2011,236,790,274,887,-38,-97
48343,2012,241,736,261,817,-20,-81
48343,2013,185,597,168,563,17,34
48343,2014,112,354,151,487,-39,-133
48343,2015,184,598,133,437,51,161
48343,2016,217,724,243,800,-26,-76
48343,2017,161,528,178,589,-17,-61
48343,2018,178,572,160,506,18,66
48343,2019,158,518,146,465,12,53
48343,2020,193,600,161,498,32,102
48343,2021,168,562,202,615,-34,-53
48347,2011,887,2675,1135,3325,-248,-650
48347,2012,952,2851,1227,3586,-275,-735
48347,2013,640,1912,1006,2883,-366,-971
48347,2014,582,1698,736,2084,-154,-386
48347,2015,761,2254,978,2765,-217,-511
48347,2016,844,2465,1159,3375,-315,-910
48347,2017,726,2179,845,2471,-119,-292
48347,2018,654,1959,766,2201,-112,-242
48347,2019,707,2203,897,2630,-190,-427
48347,2020,725,2042,802,2296,-77,-254
48347,2021,734,2012,932,2554,-198,-542
48349,2011,742,2381,810,2508,-68,-127
48349,2012,777,2543,832,2582,-55,-39
48349,2013,524,1660,720,2194,-196,-534
48349,2014,547,1733,497,1515,50,218
48349,2015,608,1894,705,2184,-97,-290
48349,2016,908,3013,768,2313,140,700
48349,2017,805,2627,613,1877,192,750
48349,2018,740,2333,620,1868,120,465
48349,2019,870,2824,639,1970,231,854
48349,2020,944,2930,691,2021,253,909
48349,2021,975,3025,678,2043,297,982
48351,2011,313,1116,224,723,89,393
48351,2012,175,585,211,700,-36,-115
48351,2013,160,540,152,513,8,27
48351,2014,175,591,183,599,-8,-8
48351,2015,158,544,141,473,17,71
48351,2016,212,689,272,896,-60,-207
48351,2017,176,578,176,567,0,11
48351,2018,151,513,162,533,-11,-20
48351,2019,148,486,138,451,10,35
48351,2020,212,672,161,494,51,178
48351,2021,197,627,182,603,15,24
48353,2011,145,421,252,784,-107,-363
48353,2012,238,727,179,539,59,188
48353,2013,55,157,133,459,-78,-302
48353,2014,72,251,106,319,-34,-68
48353,2015,120,400,122,361,-2,39
48353,2016,109,345,195,601,-86,-256
48353,2017,105,345,109,333,-4,12
48353,2018,55,166,83,234,-28,-68
48353,2019,82,274,112,380,-30,-106
48353,2020,55,165,110,333,-55,-168
48353,2021,138,393,92,265,46,128
48355,2011,5803,17333,5812,16746,-9,587
48355,2012,5864,17576,5954,17680,-90,-104
48355,2013,4765,14243,5720,16734,-955,-2491
48355,2014,3989,11475,4061,11648,-72,-173
48355,2015,4616,13688,5604,16234,-988,-2546
48355,2016,5579,16763,7162,21269,-1583,-4506
48355,2017,4718,13914,5434,15863,-716,-1949
48355,2018,4456,13128,5138,14756,-682,-1628
48355,2019,4860,14367,5411,15576,-551,-1209
48355,2020,4718,13341,5514,15536,-796,-2195
48355,2021,4650,12954,5538,15201,-888,-2247
48357,2011,64,216,60,215,4,1
48357,2012,55,191,57,177,-2,14
48357,2016,23,75,61,190,-38,-115
48359,2011,40,129,33,102,7,27
48359,2012,37,120,33,113,4,7
48359,2015,23,91,20,62,3,29
48359,2016,45,144,NA,NA,NA,NA
48359,2018,20,62,NA,NA,NA,NA
48359,2019,21,74,49,144,-28,-70
48359,2020,20,61,NA,NA,NA,NA
48361,2011,1216,3781,1363,4120,-147,-339
48361,2012,1288,3982,1304,4009,-16,-27
48361,2013,1097,3417,1130,3310,-33,107
48361,2014,876,2709,954,2947,-78,-238
48361,2015,1087,3416,1117,3306,-30,110
48361,2016,1539,4849,1514,4586,25,263
48361,2017,1101,3359,1425,4357,-324,-998
48361,2018,1042,3255,1112,3372,-70,-117
48361,2019,1289,3969,1334,4007,-45,-38
48361,2020,1328,4003,1321,3928,7,75
48361,2021,1243,3785,1219,3546,24,239
48363,2011,474,1478,466,1535,8,-57
48363,2012,502,1583,481,1457,21,126
48363,2013,377,1156,292,893,85,263
48363,2014,246,725,323,946,-77,-221
48363,2015,461,1484,347,1069,114,415
48363,2016,579,1825,467,1395,112,430
48363,2017,473,1471,357,1043,116,428
48363,2018,389,1199,349,1046,40,153
48363,2019,482,1431,423,1249,59,182
48363,2020,641,1956,484,1429,157,527
48363,2021,640,1916,432,1256,208,660
48365,2011,321,1052,348,1137,-27,-85
48365,2012,298,1018,392,1274,-94,-256
48365,2013,268,878,263,829,5,49
48365,2014,194,605,199,657,-5,-52
48365,2015,180,603,247,796,-67,-193
48365,2016,294,906,221,720,73,186
48365,2017,211,682,211,671,0,11
48365,2018,190,648,248,778,-58,-130
48365,2019,304,1024,249,787,55,237
48365,2020,225,714,203,614,22,100
48365,2021,239,713,250,699,-11,14
48367,2011,3220,10344,2808,8509,412,1835
48367,2012,3363,10842,2873,8837,490,2005
48367,2013,3058,9896,2468,7381,590,2515
48367,2014,2335,7288,1958,5713,377,1575
48367,2015,3271,10511,2470,7405,801,3106
48367,2016,5327,17552,3295,10022,2032,7530
48367,2017,4298,13639,2860,8692,1438,4947
48367,2018,4089,13004,2916,8677,1173,4327
48367,2019,5043,16264,3001,9080,2042,7184
48367,2020,5507,17222,3193,9261,2314,7961
48367,2021,5740,18060,3305,9711,2435,8349
48369,2011,160,646,167,618,-7,28
48369,2012,149,565,173,671,-24,-106
48369,2013,53,202,136,487,-83,-285
48369,2014,57,211,116,459,-59,-248
48369,2015,84,305,123,467,-39,-162
48369,2016,114,460,124,428,-10,32
48369,2017,60,203,83,281,-23,-78
48369,2018,35,122,52,167,-17,-45
48369,2019,73,261,93,313,-20,-52
48369,2020,38,128,141,461,-103,-333
48369,2021,29,93,104,300,-75,-207
48371,2011,113,375,176,553,-63,-178
48371,2012,135,424,175,548,-40,-124
48371,2013,92,287,74,224,18,63
48371,2014,86,264,66,199,20,65
48371,2015,80,267,125,375,-45,-108
48371,2016,81,279,157,499,-76,-220
48371,2017,80,246,80,239,0,7
48371,2018,79,258,123,366,-44,-108
48371,2019,71,216,111,348,-40,-132
48371,2020,78,238,131,390,-53,-152
48373,2011,923,2817,962,2972,-39,-155
48373,2012,892,2739,901,2737,-9,2
48373,2013,745,2238,643,2021,102,217
48373,2014,664,2054,493,1499,171,555
48373,2015,931,2869,649,1947,282,922
48373,2016,1419,4370,828,2545,591,1825
48373,2017,1172,3573,924,2814,248,759
48373,2018,1116,3437,881,2642,235,795
48373,2019,1335,4260,1076,3236,259,1024
48373,2020,1772,5265,1059,3149,713,2116
48373,2021,1546,4561,1112,3225,434,1336
48375,2011,3357,10182,3525,10829,-168,-647
48375,2012,3181,9705,3787,11710,-606,-2005
48375,2013,2805,8531,3196,9765,-391,-1234
48375,2014,2162,6345,2526,7705,-364,-1360
48375,2015,2653,7915,3078,9427,-425,-1512
48375,2016,3209,9833,3945,12261,-736,-2428
48375,2017,2599,7756,3039,9195,-440,-1439
48375,2018,2482,7303,2922,8966,-440,-1663
48375,2019,2613,7925,3075,9499,-462,-1574
48375,2020,2676,7785,3229,9652,-553,-1867
48375,2021,2486,7162,2859,8334,-373,-1172
48377,2011,82,299,200,770,-118,-471
48377,2012,76,286,181,708,-105,-422
48377,2013,37,141,131,530,-94,-389
48377,2014,40,142,123,475,-83,-333
48377,2015,53,217,87,299,-34,-82
48377,2016,41,164,136,498,-95,-334
48377,2017,20,74,113,454,-93,-380
48377,2018,37,120,89,329,-52,-209
48377,2019,34,122,85,286,-51,-164
48377,2020,59,195,58,186,1,9
48377,2021,50,145,80,259,-30,-114
48379,2011,189,623,203,622,-14,1
48379,2012,269,836,187,578,82,258
48379,2013,137,418,176,579,-39,-161
48379,2014,116,363,126,393,-10,-30
48379,2015,197,648,170,536,27,112
48379,2016,376,1270,169,527,207,743
48379,2017,265,847,151,469,114,378
48379,2018,283,883,164,505,119,378
48379,2019,327,1035,189,598,138,437
48379,2020,370,1095,189,586,181,509
48379,2021,338,1031,159,490,179,541
48381,2011,3569,10889,3664,10940,-95,-51
48381,2012,3946,12047,3548,10750,398,1297
48381,2013,3289,10022,3129,9356,160,666
48381,2014,2543,7671,2391,6861,152,810
48381,2015,3424,10330,3065,9137,359,1193
48381,2016,4490,13867,4189,12667,301,1200
48381,2017,3426,10450,3130,9157,296,1293
48381,2018,3346,10276,2949,8674,397,1602
48381,2019,3703,11359,3188,9630,515,1729
48381,2020,3769,11199,3162,9252,607,1947
48381,2021,3494,10124,3216,9123,278,1001
48383,2011,29,106,26,80,3,26
48383,2012,11,26,37,102,-26,-76
48383,2013,22,92,38,128,-16,-36
48383,2019,20,57,21,65,-1,-8
48385,2011,36,122,26,90,10,32
48385,2012,42,123,13,47,29,76
48385,2013,21,67,NA,NA,NA,NA
48387,2011,190,598,175,528,15,70
48387,2012,165,539,184,553,-19,-14
48387,2013,103,350,106,341,-3,9
48387,2014,66,219,105,332,-39,-113
48387,2015,93,294,98,320,-5,-26
48387,2016,161,538,117,361,44,177
48387,2017,109,338,144,444,-35,-106
48387,2018,109,347,135,399,-26,-52
48387,2019,125,417,123,364,2,53
48387,2020,126,391,112,337,14,54
48387,2021,134,412,114,339,20,73
48389,2011,100,315,100,315,0,0
48389,2012,119,373,125,418,-6,-45
48389,2013,117,352,115,372,2,-20
48389,2014,68,206,53,171,15,35
48389,2015,102,322,96,286,6,36
48389,2016,58,170,97,288,-39,-118
48389,2017,28,85,83,252,-55,-167
48389,2018,98,299,89,295,9,4
48389,2019,84,263,154,462,-70,-199
48389,2020,56,171,140,402,-84,-231
48389,2021,80,224,129,379,-49,-155
48391,2011,62,185,116,366,-54,-181
48391,2012,104,323,70,222,34,101
48391,2013,28,90,23,61,5,29
48391,2014,26,72,58,159,-32,-87
48391,2015,45,141,50,148,-5,-7
48391,2016,53,176,85,266,-32,-90
48391,2017,53,168,59,176,-6,-8
48391,2018,50,145,46,134,4,11
48391,2019,46,168,NA,NA,NA,NA
48391,2021,43,125,47,134,-4,-9
48395,2011,274,874,282,902,-8,-28
48395,2012,308,999,289,910,19,89
48395,2013,256,857,236,749,20,108
48395,2014,226,745,182,564,44,181
48395,2015,242,777,226,707,16,70
48395,2016,311,1033,246,776,65,257
48395,2017,229,774,250,789,-21,-15
48395,2018,210,693,195,616,15,77
48395,2019,242,794,194,627,48,167
48395,2020,245,817,247,713,-2,104
48395,2021,233,756,206,588,27,168
48397,2011,2379,7477,2326,7308,53,169
48397,2012,2738,8727,2300,7088,438,1639
48397,2013,2464,7826,2173,6656,291,1170
48397,2014,1805,5711,1677,5033,128,678
48397,2015,2864,9204,2218,6730,646,2474
48397,2016,4205,13646,3019,9210,1186,4436
48397,2017,3327,10666,2553,7828,774,2838
48397,2018,3403,10947,2569,7662,834,3285
48397,2019,4277,13907,2651,8210,1626,5697
48397,2020,4710,14753,2911,8764,1799,5989
48397,2021,4948,15579,3128,9269,1820,6310
48399,2011,110,321,128,401,-18,-80
48399,2012,115,361,128,368,-13,-7
48399,2013,95,293,105,329,-10,-36
48399,2014,97,298,86,255,11,43
48399,2015,101,313,116,369,-15,-56
48399,2016,125,388,126,372,-1,16
48399,2017,89,259,120,381,-31,-122
48399,2018,86,273,99,287,-13,-14
48399,2019,133,435,96,305,37,130
48399,2020,116,359,104,310,12,49
48399,2021,103,326,132,382,-29,-56
48401,2011,1111,3561,1041,3410,70,151
48401,2012,991,3219,1115,3629,-124,-410
48401,2013,888,2866,1014,3195,-126,-329
48401,2014,775,2449,789,2500,-14,-51
48401,2015,852,2724,831,2662,21,62
48401,2016,959,3089,952,3053,7,36
48401,2017,851,2805,830,2603,21,202
48401,2018,809,2564,793,2491,16,73
48401,2019,932,3083,838,2623,94,460
48401,2020,992,3056,885,2716,107,340
48401,2021,848,2531,827,2468,21,63
48403,2011,162,505,127,385,35,120
48403,2012,125,396,169,537,-44,-141
48403,2013,82,257,76,267,6,-10
48403,2014,26,84,NA,NA,NA,NA
48403,2015,43,135,63,203,-20,-68
48403,2016,158,499,84,278,74,221
48403,2017,144,431,55,161,89,270
48403,2018,48,155,83,259,-35,-104
48403,2019,159,482,79,244,80,238
48403,2020,125,353,60,185,65,168
48403,2021,123,367,70,211,53,156
48405,2011,113,373,140,495,-27,-122
48405,2012,101,331,116,374,-15,-43
48405,2013,82,272,109,337,-27,-65
48405,2014,20,63,50,164,-30,-101
48405,2015,71,230,58,194,13,36
48405,2016,50,167,94,294,-44,-127
48405,2017,20,66,90,272,-70,-206
48405,2018,64,194,77,256,-13,-62
48405,2019,83,265,80,252,3,13
48405,2020,75,224,55,190,20,34
48405,2021,43,137,96,284,-53,-147
48407,2011,698,2352,532,1706,166,646
48407,2012,663,2144,558,1849,105,295
48407,2013,605,2067,542,1771,63,296
48407,2014,512,1662,445,1408,67,254
48407,2015,690,2290,498,1579,192,711
48407,2016,890,2882,579,1863,311,1019
48407,2017,675,2254,601,1942,74,312
48407,2018,690,2306,560,1723,130,583
48407,2019,883,2961,598,1967,285,994
48407,2020,876,2782,605,1913,271,869
48407,2021,844,2682,567,1721,277,961
48409,2011,1430,4565,1588,4977,-158,-412
48409,2012,1567,4978,1688,5554,-121,-576
48409,2013,1425,4589,1333,4129,92,460
48409,2014,1067,3392,1246,3828,-179,-436
48409,2015,1270,3935,1490,4579,-220,-644
48409,2016,1698,5331,1774,5580,-76,-249
48409,2017,1345,4161,1581,4944,-236,-783
48409,2018,1350,4112,1333,4119,17,-7
48409,2019,1505,4652,1533,4711,-28,-59
48409,2020,1429,4287,1351,4002,78,285
48409,2021,1447,4264,1359,4000,88,264
48411,2011,31,96,12,36,19,60
48413,2011,10,30,33,101,-23,-71
48413,2012,31,94,28,96,3,-2
48413,2013,24,83,33,104,-9,-21
48413,2014,26,82,28,96,-2,-14
48413,2019,21,57,23,67,-2,-10
48415,2011,176,526,170,539,6,-13
48415,2012,178,535,201,617,-23,-82
48415,2013,67,181,106,328,-39,-147
48415,2014,54,168,61,172,-7,-4
48415,2015,52,178,106,311,-54,-133
48415,2016,57,177,183,575,-126,-398
48415,2017,20,66,79,251,-59,-185
48415,2018,29,70,38,112,-9,-42
48415,2019,41,118,79,234,-38,-116
48415,2020,55,165,93,267,-38,-102
48415,2021,61,195,148,435,-87,-240
48417,2011,23,67,39,126,-16,-59
48417,2012,14,50,22,64,-8,-14
48417,2013,23,76,38,114,-15,-38
48417,2014,21,56,20,64,1,-8
48417,2016,24,71,30,82,-6,-11
48417,2017,21,63,26,74,-5,-11
48417,2019,26,89,25,75,1,14
48417,2020,27,87,NA,NA,NA,NA
48417,2021,20,61,27,81,-7,-20
48419,2011,276,1007,258,820,18,187
48419,2012,260,862,299,1030,-39,-168
48419,2013,230,721,206,682,24,39
48419,2014,136,427,151,483,-15,-56
48419,2015,196,618,155,496,41,122
48419,2016,211,688,220,717,-9,-29
48419,2017,197,622,178,574,19,48
48419,2018,167,546,166,549,1,-3
48419,2019,159,524,187,635,-28,-111
48419,2020,165,521,155,480,10,41
48419,2021,136,418,149,406,-13,12
48421,2012,12,56,13,50,-1,6
48423,2011,3921,11843,4023,12005,-102,-162
48423,2012,4211,12564,4221,12624,-10,-60
48423,2013,3724,11222,3570,10559,154,663
48423,2014,2752,8091,2746,7953,6,138
48423,2015,3693,11118,3608,10549,85,569
48423,2016,4875,14666,4695,14175,180,491
48423,2017,3990,11917,3720,10929,270,988
48423,2018,3765,11275,3550,10314,215,961
48423,2019,4369,13170,4072,11991,297,1179
48423,2020,4841,14209,3858,11044,983,3165
48423,2021,4672,13617,4056,11342,616,2275
48425,2011,157,510,128,407,29,103
48425,2012,147,474,133,437,14,37
48425,2013,120,388,108,354,12,34
48425,2014,47,154,94,271,-47,-117
48425,2015,123,408,86,268,37,140
48425,2016,195,643,129,376,66,267
48425,2017,157,536,125,391,32,145
48425,2018,134,443,86,261,48,182
48425,2019,142,467,129,373,13,94
48425,2020,174,587,106,298,68,289
48425,2021,157,495,139,417,18,78
48427,2011,354,1249,550,1922,-196,-673
48427,2012,385,1307,527,1831,-142,-524
48427,2013,270,955,457,1590,-187,-635
48427,2014,287,932,437,1506,-150,-574
48427,2015,286,981,447,1523,-161,-542
48427,2016,310,1075,450,1519,-140,-444
48427,2017,281,938,430,1425,-149,-487
48427,2018,297,971,423,1405,-126,-434
48427,2019,335,1079,441,1404,-106,-325
48427,2020,304,932,447,1397,-143,-465
48427,2021,320,1021,469,1418,-149,-397
48429,2011,66,211,78,251,-12,-40
48429,2012,54,153,76,237,-22,-84
48429,2014,20,52,NA,NA,NA,NA
48429,2021,21,65,23,62,-2,3
48431,2011,12,36,10,29,2,7
48431,2012,10,27,NA,NA,NA,NA
48435,2011,30,95,39,123,-9,-28
48435,2012,23,65,38,131,-15,-66
48435,2015,23,61,26,74,-3,-13
48435,2019,22,85,NA,NA,NA,NA
48437,2011,97,312,116,378,-19,-66
48437,2012,90,306,107,350,-17,-44
48437,2013,60,201,96,328,-36,-127
48437,2014,46,155,81,249,-35,-94
48437,2015,84,243,95,291,-11,-48
48437,2016,89,337,98,310,-9,27
48437,2017,65,210,56,189,9,21
48437,2018,53,184,61,169,-8,15
48437,2019,55,202,53,155,2,47
48437,2020,68,194,52,170,16,24
48437,2021,55,186,75,229,-20,-43
48439,2011,44722,132499,40734,121367,3988,11132
48439,2012,46841,140980,42754,128239,4087,12741
48439,2013,41767,124626,37826,112980,3941,11646
48439,2014,32113,94306,28839,84119,3274,10187
48439,2015,45132,133872,39959,118141,5173,15731
48439,2016,59306,177972,55941,167991,3365,9981
48439,2017,46914,137313,45732,135083,1182,2230
48439,2018,46091,134710,44842,131202,1249,3508
48439,2019,50365,147705,49327,145490,1038,2215
48439,2020,53039,150773,50810,145559,2229,5214
48439,2021,54859,153482,51127,144517,3732,8965
48441,2011,2335,6937,2789,8395,-454,-1458
48441,2012,2462,7427,2872,8484,-410,-1057
48441,2013,1904,5810,2040,6065,-136,-255
48441,2014,1442,4203,1584,4573,-142,-370
48441,2015,1779,5355,2166,6457,-387,-1102
48441,2016,2377,7262,2808,8572,-431,-1310
48441,2017,1920,5709,2076,6186,-156,-477
48441,2018,1764,5179,2006,6000,-242,-821
48441,2019,1943,5864,2139,6469,-196,-605
48441,2020,2123,6144,2374,6797,-251,-653
48441,2021,2248,6496,2091,5935,157,561
48445,2011,110,378,128,425,-18,-47
48445,2012,106,324,146,479,-40,-155
48445,2013,79,264,104,323,-25,-59
48445,2014,66,207,109,326,-43,-119
48445,2015,88,275,93,294,-5,-19
48445,2016,104,357,132,413,-28,-56
48445,2017,80,240,146,430,-66,-190
48445,2018,68,205,93,266,-25,-61
48445,2019,88,313,102,327,-14,-14
48445,2020,107,332,92,292,15,40
48445,2021,103,347,92,253,11,94
48449,2011,458,1496,451,1461,7,35
48449,2012,399,1302,486,1606,-87,-304
48449,2013,283,912,394,1234,-111,-322
48449,2014,213,672,230,700,-17,-28
48449,2015,246,780,337,1046,-91,-266
48449,2016,335,1087,412,1331,-77,-244
48449,2017,224,743,308,1013,-84,-270
48449,2018,274,885,348,1088,-74,-203
48449,2019,315,971,349,1142,-34,-171
48449,2020,297,862,307,946,-10,-84
48449,2021,262,784,414,1263,-152,-479
48451,2011,2039,5969,2065,5958,-26,11
48451,2012,2131,6405,2386,6953,-255,-548
48451,2013,1627,4906,1727,4906,-100,0
48451,2014,1135,3277,1233,3447,-98,-170
48451,2015,1428,4204,1864,5361,-436,-1157
48451,2016,1770,5294,2454,7134,-684,-1840
48451,2017,1401,4111,1816,5134,-415,-1023
48451,2018,1430,4132,1420,3984,10,148
48451,2019,1489,4321,1810,5232,-321,-911
48451,2020,1497,4243,1754,4802,-257,-559
48451,2021,1293,3606,1607,4427,-314,-821
48453,2011,46393,119755,31868,88335,14525,31420
48453,2012,63049,168713,37874,104985,25175,63728
48453,2013,96627,279090,40119,113621,56508,165469
48453,2014,58449,161383,68726,200098,-10277,-38715
48453,2015,44663,120388,65763,187809,-21100,-67421
48453,2016,54283,146773,56427,158963,-2144,-12190
48453,2017,43187,113079,41782,115905,1405,-2826
48453,2018,44345,115452,38599,104767,5746,10685
48453,2019,45985,120237,44028,120227,1957,10
48453,2020,49011,124234,49255,131766,-244,-7532
48453,2021,50442,124694,50236,132707,206,-8013
48455,2011,261,783,298,919,-37,-136
48455,2012,274,870,280,836,-6,34
48455,2013,261,824,219,667,42,157
48455,2014,203,651,174,501,29,150
48455,2015,263,815,254,817,9,-2
48455,2016,411,1291,252,751,159,540
48455,2017,275,879,250,738,25,141
48455,2018,227,737,242,757,-15,-20
48455,2019,291,964,236,700,55,264
48455,2020,361,1075,225,643,136,432
48455,2021,313,991,235,699,78,292
48457,2011,282,869,291,969,-9,-100
48457,2012,298,959,252,787,46,172
48457,2013,236,726,223,694,13,32
48457,2014,194,587,201,616,-7,-29
48457,2015,234,769,224,699,10,70
48457,2016,319,1052,242,735,77,317
48457,2017,293,935,192,649,101,286
48457,2018,225,739,189,572,36,167
48457,2019,319,1007,238,741,81,266
48457,2020,375,1155,289,863,86,292
48457,2021,365,1098,280,802,85,296
48459,2011,931,3068,978,3098,-47,-30
48459,2012,962,3121,932,2976,30,145
48459,2013,818,2735,714,2277,104,458
48459,2014,654,2200,649,2091,5,109
48459,2015,847,2829,700,2253,147,576
48459,2016,1087,3594,915,2883,172,711
48459,2017,824,2741,795,2462,29,279
48459,2018,833,2687,710,2281,123,406
48459,2019,909,2929,733,2271,176,658
48459,2020,995,3100,783,2363,212,737
48459,2021,834,2563,727,2203,107,360
48461,2011,24,68,49,153,-25,-85
48461,2012,31,94,18,57,13,37
48461,2013,22,71,NA,NA,NA,NA
48463,2011,301,941,330,1037,-29,-96
48463,2012,314,1012,333,1086,-19,-74
48463,2013,235,680,198,596,37,84
48463,2014,151,472,186,541,-35,-69
48463,2015,154,465,208,649,-54,-184
48463,2016,254,763,254,762,0,1
48463,2017,145,439,200,595,-55,-156
48463,2018,130,372,183,552,-53,-180
48463,2019,174,525,166,498,8,27
48463,2020,174,515,165,489,9,26
48463,2021,168,495,161,461,7,34
48465,2011,441,1356,673,2109,-232,-753
48465,2012,525,1635,749,2428,-224,-793
48465,2013,339,1065,493,1559,-154,-494
48465,2014,251,769,333,1042,-82,-273
48465,2015,337,1001,352,1098,-15,-97
48465,2016,449,1380,451,1392,-2,-12
48465,2017,376,1169,347,1062,29,107
48465,2018,257,778,333,961,-76,-183
48465,2019,318,945,359,1087,-41,-142
48465,2020,331,957,337,969,-6,-12
48465,2021,291,833,322,954,-31,-121
48467,2011,975,3083,967,2935,8,148
48467,2012,1072,3391,937,2876,135,515
48467,2013,988,3151,844,2651,144,500
48467,2014,803,2480,712,2146,91,334
48467,2015,1030,3291,826,2488,204,803
48467,2016,1541,5004,972,2992,569,2012
48467,2017,1197,3770,909,2672,288,1098
48467,2018,1118,3537,858,2601,260,936
48467,2019,1380,4611,979,3027,401,1584
48467,2020,1429,4450,995,2878,434,1572
48467,2021,1430,4481,931,2728,499,1753
48469,2011,1392,4205,1411,4334,-19,-129
48469,2012,1441,4350,1489,4482,-48,-132
48469,2013,1295,3778,1246,3727,49,51
48469,2014,1006,2912,919,2642,87,270
48469,2015,1247,3669,1356,3901,-109,-232
48469,2016,1444,4302,1669,4988,-225,-686
48469,2017,1030,3127,1349,4021,-319,-894
48469,2018,1072,3271,1070,3109,2,162
48469,2019,1021,3029,1273,3787,-252,-758
48469,2020,1139,3231,1277,3652,-138,-421
48469,2021,1223,3529,1206,3434,17,95
48471,2011,1205,3427,1430,4023,-225,-596
48471,2012,1231,3511,1440,3921,-209,-410
48471,2013,1158,3342,1267,3522,-109,-180
48471,2014,996,2738,1042,2833,-46,-95
48471,2015,1242,3595,1404,3809,-162,-214
48471,2016,1536,4392,1849,5112,-313,-720
48471,2017,1152,3270,1548,4257,-396,-987
48471,2018,1284,3687,1382,3719,-98,-32
48471,2019,1474,4356,1543,4343,-69,13
48471,2020,2063,5461,2003,5240,60,221
48471,2021,1770,4935,1853,4765,-83,170
48473,2011,1332,4334,1017,3182,315,1152
48473,2012,1201,4008,1058,3311,143,697
48473,2013,1167,3893,910,2907,257,986
48473,2014,1065,3489,1050,3299,15,190
48473,2015,1333,4313,954,2980,379,1333
48473,2016,1848,6188,1206,3775,642,2413
48473,2017,1585,5267,1190,3695,395,1572
48473,2018,1612,5381,1149,3593,463,1788
48473,2019,1985,6623,1207,3938,778,2685
48473,2020,1912,6035,1374,4299,538,1736
48473,2021,1920,6075,1383,4198,537,1877
48475,2011,131,417,145,440,-14,-23
48475,2012,146,447,138,432,8,15
48475,2013,118,379,111,330,7,49
48475,2014,73,223,66,201,7,22
48475,2015,67,210,111,333,-44,-123
48475,2016,88,282,118,391,-30,-109
48475,2017,66,211,97,305,-31,-94
48475,2018,68,221,104,330,-36,-109
48475,2019,96,323,131,407,-35,-84
48475,2020,94,269,104,317,-10,-48
48475,2021,36,100,98,283,-62,-183
48477,2011,508,1555,515,1512,-7,43
48477,2012,600,1774,528,1586,72,188
48477,2013,423,1257,426,1191,-3,66
48477,2014,305,918,337,970,-32,-52
48477,2015,488,1465,464,1319,24,146
48477,2016,619,1874,570,1687,49,187
48477,2017,546,1652,410,1115,136,537
48477,2018,504,1459,447,1281,57,178
48477,2019,601,1896,484,1402,117,494
48477,2020,606,1769,532,1503,74,266
48477,2021,598,1746,440,1242,158,504
48479,2011,1445,4877,1735,5586,-290,-709
48479,2012,1410,4653,1795,5825,-385,-1172
48479,2013,1194,4060,1555,5086,-361,-1026
48479,2014,804,2553,1427,4476,-623,-1923
48479,2015,1030,3310,1682,5334,-652,-2024
48479,2016,1250,3996,2007,6473,-757,-2477
48479,2017,1148,3640,1691,5314,-543,-1674
48479,2018,1025,3198,1591,4834,-566,-1636
48479,2019,1097,3300,1638,5099,-541,-1799
48479,2020,1031,2883,1698,4961,-667,-2078
48479,2021,1073,2969,1982,5495,-909,-2526
48481,2011,524,1681,627,1938,-103,-257
48481,2012,566,1737,542,1674,24,63
48481,2013,446,1466,552,1668,-106,-202
48481,2014,437,1383,461,1380,-24,3
48481,2015,523,1621,470,1410,53,211
48481,2016,592,1862,604,1862,-12,0
48481,2017,469,1499,489,1539,-20,-40
48481,2018,404,1268,484,1498,-80,-230
48481,2019,526,1718,516,1569,10,149
48481,2020,514,1544,510,1525,4,19
48481,2021,509,1597,497,1427,12,170
48483,2011,39,120,25,82,14,38
48483,2012,35,109,29,94,6,15
48485,2011,1743,5181,2031,6031,-288,-850
48485,2012,1738,5268,2198,6469,-460,-1201
48485,2013,1298,3789,1722,5196,-424,-1407
48485,2014,921,2593,1085,3127,-164,-534
48485,2015,1312,3818,1708,4887,-396,-1069
48485,2016,1683,5082,2286,6803,-603,-1721
48485,2017,1319,3929,1651,4870,-332,-941
48485,2018,1218,3593,1449,4173,-231,-580
48485,2019,1452,4313,1660,4889,-208,-576
48485,2020,1619,4520,1765,5127,-146,-607
48485,2021,1576,4398,1735,5011,-159,-613
48487,2011,124,385,116,363,8,22
48487,2012,91,284,134,431,-43,-147
48487,2013,73,217,70,209,3,8
48487,2014,45,137,56,157,-11,-20
48487,2015,64,190,105,332,-41,-142
48487,2016,106,315,133,392,-27,-77
48487,2017,62,205,65,205,-3,0
48487,2018,40,120,57,165,-17,-45
48487,2019,64,198,103,314,-39,-116
48487,2020,79,226,65,192,14,34
48487,2021,77,222,70,208,7,14
48489,2011,155,506,227,739,-72,-233
48489,2012,174,576,249,832,-75,-256
48489,2013,160,565,191,647,-31,-82
48489,2014,127,410,162,555,-35,-145
48489,2015,148,478,164,563,-16,-85
48489,2016,144,462,218,739,-74,-277
48489,2017,135,443,206,635,-71,-192
48489,2018,127,430,162,492,-35,-62
48489,2019,135,436,158,544,-23,-108
48489,2020,229,671,158,481,71,190
48489,2021,133,407,220,616,-87,-209
48491,2011,17134,50667,13607,40072,3527,10595
48491,2012,18552,55775,14412,42328,4140,13447
48491,2013,16812,49873,12622,36952,4190,12921
48491,2014,11589,33565,9196,25893,2393,7672
48491,2015,18756,55544,13542,38749,5214,16795
48491,2016,27224,81498,19043,55354,8181,26144
48491,2017,21824,63813,14983,42532,6841,21281
48491,2018,22140,64621,15166,42539,6974,22082
48491,2019,25667,75090,16504,47155,9163,27935
48491,2020,28380,81193,18266,51355,10114,29838
48491,2021,28272,80012,20119,56117,8153,23895
48493,2011,942,2918,773,2396,169,522
48493,2012,1001,3204,802,2484,199,720
48493,2013,848,2640,802,2421,46,219
48493,2014,664,2048,652,1914,12,134
48493,2015,851,2740,754,2177,97,563
48493,2016,1310,4232,849,2513,461,1719
48493,2017,960,3035,785,2331,175,704
48493,2018,927,2957,800,2323,127,634
48493,2019,1188,3942,812,2508,376,1434
48493,2020,1142,3641,857,2539,285,1102
48493,2021,1247,3915,813,2387,434,1528
48495,2011,70,228,82,265,-12,-37
48495,2012,66,200,67,213,-1,-13
48495,2013,37,124,31,89,6,35
48495,2014,30,100,42,129,-12,-29
48495,2015,32,102,62,187,-30,-85
48495,2016,23,66,73,247,-50,-181
48495,2017,42,130,58,178,-16,-48
48495,2018,28,79,28,97,0,-18
48495,2019,21,66,40,123,-19,-57
48495,2020,24,75,36,100,-12,-25
48495,2021,21,66,28,81,-7,-15
48497,2011,1298,4219,1152,3624,146,595
48497,2012,1349,4482,1238,3864,111,618
48497,2013,1232,4019,985,3103,247,916
48497,2014,965,3073,739,2179,226,894
48497,2015,1427,4740,998,3023,429,1717
48497,2016,2239,7568,1318,4119,921,3449
48497,2017,1678,5431,1115,3450,563,1981
48497,2018,1676,5403,1233,3805,443,1598
48497,2019,1960,6441,1351,4173,609,2268
48497,2020,2285,7242,1187,3460,1098,3782
48497,2021,2222,7080,1374,4044,848,3036
48499,2011,871,2701,701,2130,170,571
48499,2012,838,2634,742,2309,96,325
48499,2013,774,2436,691,2080,83,356
48499,2014,587,1798,522,1593,65,205
48499,2015,821,2545,630,1950,191,595
48499,2016,1294,3924,814,2474,480,1450
48499,2017,952,2860,681,2056,271,804
48499,2018,798,2414,610,1809,188,605
48499,2019,1097,3277,791,2394,306,883
48499,2020,1233,3643,804,2302,429,1341
48499,2021,1103,3235,835,2340,268,895
48501,2011,66,245,122,443,-56,-198
48501,2012,87,306,119,402,-32,-96
48501,2013,26,87,63,253,-37,-166
48501,2015,26,108,74,263,-48,-155
48501,2016,55,206,85,302,-30,-96
48501,2017,39,152,83,280,-44,-128
48501,2018,53,167,68,247,-15,-80
48501,2019,80,264,77,280,3,-16
48501,2020,27,98,90,304,-63,-206
48503,2011,162,538,203,606,-41,-68
48503,2012,173,523,180,590,-7,-67
48503,2013,88,257,101,307,-13,-50
48503,2014,22,74,95,281,-73,-207
48503,2015,83,254,96,272,-13,-18
48503,2016,135,415,121,361,14,54
48503,2017,112,345,66,193,46,152
48503,2018,89,274,61,177,28,97
48503,2019,92,282,153,475,-61,-193
48503,2020,142,461,85,229,57,232
48503,2021,142,414,127,365,15,49
48505,2011,69,213,114,355,-45,-142
48505,2012,76,252,99,343,-23,-91
48505,2013,36,117,84,280,-48,-163
48505,2014,52,167,61,195,-9,-28
48505,2015,27,94,66,206,-39,-112
48505,2016,41,134,79,254,-38,-120
48505,2017,44,146,49,148,-5,-2
48505,2018,35,102,44,154,-9,-52
48505,2019,43,136,45,135,-2,1
48505,2020,38,123,67,189,-29,-66
48505,2021,34,97,39,104,-5,-7
48507,2011,102,350,123,411,-21,-61
48507,2012,91,310,115,380,-24,-70
48507,2013,90,304,94,295,-4,9
48507,2014,86,292,87,288,-1,4
48507,2015,96,312,118,390,-22,-78
48507,2016,82,289,128,420,-46,-131
48507,2017,80,254,104,349,-24,-95
48507,2018,84,288,82,279,2,9
48507,2019,66,203,97,281,-31,-78
48507,2020,70,207,111,367,-41,-160
48507,2021,72,209,90,266,-18,-57
49001,2011,50,178,59,200,-9,-22
49001,2012,45,165,56,195,-11,-30
49001,2013,24,84,44,150,-20,-66
49001,2016,60,210,75,261,-15,-51
49001,2017,76,313,32,100,44,213
49001,2018,49,175,47,152,2,23
49001,2019,70,215,41,137,29,78
49001,2020,82,243,26,74,56,169
49001,2021,24,77,51,158,-27,-81
49003,2011,719,2471,714,2402,5,69
49003,2012,818,2835,765,2544,53,291
49003,2013,761,2645,686,2234,75,411
49003,2014,547,1845,608,1913,-61,-68
49003,2015,832,2842,701,2326,131,516
49003,2016,1216,4226,954,3028,262,1198
49003,2017,968,3302,846,2752,122,550
49003,2018,1066,3538,817,2584,249,954
49003,2019,1148,4156,884,2776,264,1380
49003,2020,1148,3860,910,2673,238,1187
49003,2021,1226,3995,884,2545,342,1450
49005,2011,1468,4682,1896,6125,-428,-1443
49005,2012,1524,4921,2119,6996,-595,-2075
49005,2013,1328,4354,1620,5161,-292,-807
49005,2014,1056,3198,1159,3558,-103,-360
49005,2015,1408,4538,1766,5683,-358,-1145
49005,2016,1922,6340,2584,8296,-662,-1956
49005,2017,1568,5048,1956,5994,-388,-946
49005,2018,1466,4682,2022,6052,-556,-1370
49005,2019,1689,5637,2133,6387,-444,-750
49005,2020,2089,6520,2015,5904,74,616
49005,2021,2164,6398,2146,6225,18,173
49007,2011,224,734,260,858,-36,-124
49007,2012,159,549,289,933,-130,-384
49007,2013,163,532,194,612,-31,-80
49007,2014,120,376,137,397,-17,-21
49007,2015,134,444,187,589,-53,-145
49007,2016,189,626,262,839,-73,-213
49007,2017,196,616,153,436,43,180
49007,2018,154,479,175,532,-21,-53
49007,2019,206,681,211,671,-5,10
49007,2020,217,643,172,519,45,124
49007,2021,261,749,188,547,73,202
49011,2011,6418,21785,6691,22092,-273,-307
49011,2012,7611,25809,6788,22473,823,3336
49011,2013,6717,22309,6249,20269,468,2040
49011,2014,4876,15750,4944,15201,-68,549
49011,2015,7249,24248,6930,22123,319,2125
49011,2016,10503,35317,9788,32143,715,3174
49011,2017,7743,24959,7683,24128,60,831
49011,2018,7732,24370,7715,23913,17,457
49011,2019,8675,27816,8037,25735,638,2081
49011,2020,8671,26320,8436,25368,235,952
49011,2021,8449,24803,8046,23623,403,1180
49013,2011,295,992,281,1057,14,-65
49013,2012,387,1385,260,911,127,474
49013,2013,279,949,275,999,4,-50
49013,2014,228,814,245,824,-17,-10
49013,2015,214,781,316,1097,-102,-316
49013,2016,237,835,341,1156,-104,-321
49013,2017,225,764,217,716,8,48
49013,2018,208,690,242,799,-34,-109
49013,2019,242,871,200,701,42,170
49013,2020,319,1046,285,851,34,195
49013,2021,365,1223,230,691,135,532
49015,2011,82,326,124,461,-42,-135
49015,2012,93,323,116,421,-23,-98
49015,2013,98,330,114,387,-16,-57
49015,2014,36,110,45,149,-9,-39
49015,2015,42,148,89,275,-47,-127
49015,2016,101,346,100,371,1,-25
49015,2017,51,171,62,199,-11,-28
49015,2018,104,333,50,166,54,167
49015,2019,129,435,106,361,23,74
49015,2020,127,417,101,304,26,113
49015,2021,110,346,98,273,12,73
49017,2011,45,156,60,200,-15,-44
49017,2012,49,174,51,149,-2,25
49017,2015,20,61,20,65,0,-4
49017,2019,22,65,NA,NA,NA,NA
49017,2020,28,75,24,64,4,11
49019,2011,67,202,115,352,-48,-150
49019,2012,85,223,88,260,-3,-37
49019,2013,43,123,117,345,-74,-222
49019,2014,60,175,58,183,2,-8
49019,2015,38,108,89,256,-51,-148
49019,2016,84,248,100,269,-16,-21
49019,2017,41,114,89,261,-48,-147
49019,2018,86,240,96,268,-10,-28
49019,2019,65,177,68,200,-3,-23
49019,2020,83,227,89,232,-6,-5
49019,2021,62,158,111,292,-49,-134
49021,2011,797,2643,859,2900,-62,-257
49021,2012,807,2783,938,3114,-131,-331
49021,2013,591,2039,719,2381,-128,-342
49021,2014,521,1669,530,1705,-9,-36
49021,2015,866,2998,665,2090,201,908
49021,2016,1246,4301,1052,3404,194,897
49021,2017,1171,3991,657,2015,514,1976
49021,2018,1022,3261,766,2327,256,934
49021,2019,1263,4317,879,2664,384,1653
49021,2020,1393,4422,981,2912,412,1510
49021,2021,1357,4113,970,2785,387,1328
49023,2011,147,508,131,439,16,69
49023,2012,138,495,148,522,-10,-27
49023,2013,104,426,129,439,-25,-13
49023,2014,74,269,79,261,-5,8
49023,2015,167,663,114,374,53,289
49023,2016,248,904,216,753,32,151
49023,2017,220,821,157,520,63,301
49023,2018,207,744,144,473,63,271
49023,2019,200,861,198,688,2,173
49023,2020,253,897,161,508,92,389
49023,2021,243,871,180,592,63,279
49025,2011,119,384,118,350,1,34
49025,2012,89,278,113,343,-24,-65
49025,2013,28,83,44,128,-16,-45
49025,2014,22,80,59,179,-37,-99
49025,2015,46,154,36,109,10,45
49025,2016,119,364,96,279,23,85
49025,2017,52,155,63,182,-11,-27
49025,2018,58,180,60,161,-2,19
49025,2019,134,438,78,244,56,194
49025,2020,122,361,96,256,26,105
49025,2021,163,492,49,134,114,358
49027,2011,98,318,115,357,-17,-39
49027,2012,107,404,152,479,-45,-75
49027,2013,72,230,75,250,-3,-20
49027,2014,44,148,86,258,-42,-110
49027,2015,56,213,56,171,0,42
49027,2016,130,476,100,342,30,134
49027,2017,101,333,93,284,8,49
49027,2018,87,337,85,252,2,85
49027,2019,113,435,106,315,7,120
49027,2020,126,424,93,253,33,171
49027,2021,109,339,109,319,0,20
49029,2011,182,692,140,437,42,255
49029,2012,196,770,161,516,35,254
49029,2013,194,773,154,506,40,267
49029,2014,110,392,96,309,14,83
49029,2015,203,768,154,486,49,282
49029,2016,303,1225,188,599,115,626
49029,2017,208,723,186,606,22,117
49029,2018,186,671,168,520,18,151
49029,2019,238,964,181,564,57,400
49029,2020,211,753,199,578,12,175
49029,2021,183,609,200,595,-17,14
49033,2011,12,45,NA,NA,NA,NA
49033,2012,21,64,14,47,7,17
49033,2016,24,83,NA,NA,NA,NA
49035,2011,17877,55338,17648,57066,229,-1728
49035,2012,18493,57070,19183,62140,-690,-5070
49035,2013,16070,49178,17004,54370,-934,-5192
49035,2014,12503,36356,12028,37127,475,-771
49035,2015,18422,55196,17097,53433,1325,1763
49035,2016,24811,74193,25480,80287,-669,-6094
49035,2017,20254,58464,20053,60966,201,-2502
49035,2018,20246,57006,20484,61435,-238,-4429
49035,2019,21839,62282,23269,71276,-1430,-8994
49035,2020,23276,63181,24458,71433,-1182,-8252
49035,2021,22795,59845,25604,72716,-2809,-12871
49037,2011,196,659,193,711,3,-52
49037,2012,225,762,210,727,15,35
49037,2013,179,617,97,353,82,264
49037,2014,202,744,90,276,112,468
49037,2015,306,1236,27,79,279,1157
49037,2016,164,600,127,444,37,156
49037,2017,169,577,99,336,70,241
49037,2018,166,572,84,260,82,312
49037,2019,144,451,145,452,-1,-1
49037,2020,149,499,107,320,42,179
49037,2021,196,642,52,148,144,494
49039,2011,285,1017,413,1390,-128,-373
49039,2012,350,1319,361,1302,-11,17
49039,2013,277,1044,270,930,7,114
49039,2014,159,606,201,632,-42,-26
49039,2015,292,1011,264,824,28,187
49039,2016,482,1771,373,1278,109,493
49039,2017,379,1357,374,1205,5,152
49039,2018,377,1318,293,961,84,357
49039,2019,482,1858,363,1179,119,679
49039,2020,611,1953,456,1414,155,539
49039,2021,521,1761,401,1205,120,556
49041,2011,219,732,248,826,-29,-94
49041,2012,228,832,240,839,-12,-7
49041,2013,161,538,195,619,-34,-81
49041,2014,89,289,138,404,-49,-115
49041,2015,165,557,211,672,-46,-115
49041,2016,306,1128,256,827,50,301
49041,2017,186,652,235,742,-49,-90
49041,2018,185,622,190,585,-5,37
49041,2019,237,820,204,663,33,157
49041,2020,265,845,209,630,56,215
49041,2021,238,780,208,587,30,193
49043,2011,1015,3208,900,2794,115,414
49043,2012,1015,3069,989,3010,26,59
49043,2013,744,2277,920,2686,-176,-409
49043,2014,569,1711,672,1998,-103,-287
49043,2015,874,2605,915,2661,-41,-56
49043,2016,1087,3262,1199,3591,-112,-329
49043,2017,841,2498,1020,2930,-179,-432
49043,2018,800,2272,990,2685,-190,-413
49043,2019,1248,3609,992,2765,256,844
49043,2020,1193,3351,1137,3007,56,344
49043,2021,860,2407,1081,2887,-221,-480
49045,2011,1014,3658,975,3257,39,401
49045,2012,1290,4887,1064,3565,226,1322
49045,2013,1128,3951,1085,3872,43,79
49045,2014,764,2608,729,2311,35,297
49045,2015,1409,4999,940,3109,469,1890
49045,2016,2372,8429,1317,4359,1055,4070
49045,2017,1790,6131,1173,3728,617,2403
49045,2018,1775,5999,1194,3751,581,2248
49045,2019,1993,6866,1198,3781,795,3085
49045,2020,2194,7227,1263,3726,931,3501
49045,2021,2154,6916,1298,3757,856,3159
49047,2011,572,2231,414,1514,158,717
49047,2012,600,2273,456,1640,144,633
49047,2013,438,1623,345,1160,93,463
49047,2014,290,1034,257,895,33,139
49047,2015,238,834,552,2027,-314,-1193
49047,2016,281,958,547,2006,-266,-1048
49047,2017,273,903,271,918,2,-15
49047,2018,234,797,258,856,-24,-59
49047,2019,350,1214,307,1117,43,97
49047,2020,467,1530,327,1005,140,525
49047,2021,438,1374,305,953,133,421
49049,2011,8126,28438,9079,30960,-953,-2522
49049,2012,8555,30486,9468,32723,-913,-2237
49049,2013,7736,27180,8297,28296,-561,-1116
49049,2014,6053,20107,5967,19017,86,1090
49049,2015,8629,30156,8729,29083,-100,1073
49049,2016,12266,43519,12834,43512,-568,7
49049,2017,10051,33541,10197,33029,-146,512
49049,2018,10223,33214,10106,32121,117,1093
49049,2019,12215,41996,10961,35882,1254,6114
49049,2020,13631,43613,11134,34254,2497,9359
49049,2021,13776,42320,12270,36689,1506,5631
49051,2011,537,1993,494,1748,43,245
49051,2012,638,2304,497,1633,141,671
49051,2013,617,2218,546,1844,71,374
49051,2014,493,1686,410,1336,83,350
49051,2015,699,2465,447,1450,252,1015
49051,2016,983,3435,622,1912,361,1523
49051,2017,794,2585,573,1729,221,856
49051,2018,750,2377,623,1816,127,561
49051,2019,943,3149,674,2048,269,1101
49051,2020,895,2653,712,2102,183,551
49051,2021,734,2206,682,2022,52,184
49053,2011,2931,9694,2488,8496,443,1198
49053,2012,3215,10880,2444,8101,771,2779
49053,2013,2752,9198,2035,6696,717,2502
49053,2014,1932,6084,1562,4906,370,1178
49053,2015,2807,9127,2073,6615,734,2512
49053,2016,4750,15842,2718,8730,2032,7112
49053,2017,3661,11833,2543,7903,1118,3930
49053,2018,3673,11759,2294,7003,1379,4756
49053,2019,4798,15700,2692,8187,2106,7513
49053,2020,4849,14817,2675,7825,2174,6992
49053,2021,4488,13606,2984,8424,1504,5182
49055,2012,17,47,11,28,6,19
49055,2016,20,55,NA,NA,NA,NA
49055,2019,21,60,NA,NA,NA,NA
49057,2011,4206,13429,4218,13620,-12,-191
49057,2012,4392,14218,4532,14600,-140,-382
49057,2013,3879,12337,3928,12507,-49,-170
49057,2014,2952,9034,2959,9156,-7,-122
49057,2015,4532,14393,4069,12898,463,1495
49057,2016,6630,21235,5728,18309,902,2926
49057,2017,5283,16555,4403,13729,880,2826
49057,2018,5149,15843,4642,14292,507,1551
49057,2019,5836,17878,5110,16005,726,1873
49057,2020,6200,18195,5342,15779,858,2416
49057,2021,5885,17023,5236,15166,649,1857
50001,2011,509,1314,529,1341,-20,-27
50001,2012,504,1323,514,1336,-10,-13
50001,2013,454,1164,413,1063,41,101
50001,2014,316,793,352,861,-36,-68
50001,2015,474,1173,519,1315,-45,-142
50001,2016,698,1820,697,1778,1,42
50001,2017,527,1314,543,1422,-16,-108
50001,2018,463,1179,432,1083,31,96
50001,2019,503,1244,475,1233,28,11
50001,2020,446,1132,449,1102,-3,30
50001,2021,433,1101,370,862,63,239
50003,2011,311,864,272,705,39,159
50003,2012,289,764,305,815,-16,-51
50003,2013,198,567,208,573,-10,-6
50003,2014,160,448,178,489,-18,-41
50003,2015,194,535,236,669,-42,-134
50003,2016,253,669,307,835,-54,-166
50003,2017,162,441,265,710,-103,-269
50003,2018,206,555,218,590,-12,-35
50003,2019,346,982,244,628,102,354
50003,2020,295,803,273,702,22,101
50003,2021,187,477,222,584,-35,-107
50005,2011,389,1109,361,958,28,151
50005,2012,408,1096,380,1039,28,57
50005,2013,295,838,360,979,-65,-141
50005,2014,277,739,291,750,-14,-11
50005,2015,306,822,380,1054,-74,-232
50005,2016,496,1363,465,1271,31,92
50005,2017,335,887,335,881,0,6
50005,2018,320,852,343,913,-23,-61
50005,2019,382,1074,362,963,20,111
50005,2020,402,1080,352,911,50,169
50005,2021,359,960,353,946,6,14
50007,2011,2851,7199,3273,8260,-422,-1061
50007,2012,3095,7716,3331,8408,-236,-692
50007,2013,2159,5324,2582,6440,-423,-1116
50007,2014,1753,4203,1534,3733,219,470
50007,2015,2510,6093,2921,7218,-411,-1125
50007,2016,3603,9006,4322,10878,-719,-1872
50007,2017,2403,6012,2953,7295,-550,-1283
50007,2018,2579,6252,2792,6845,-213,-593
50007,2019,2684,6663,3033,7385,-349,-722
50007,2020,2877,6938,2960,7194,-83,-256
50007,2021,2748,6608,3304,7913,-556,-1305
50009,2011,113,306,109,336,4,-30
50009,2012,106,300,104,286,2,14
50009,2013,86,257,98,289,-12,-32
50009,2014,84,223,54,136,30,87
50009,2015,105,343,67,183,38,160
50009,2016,127,408,117,346,10,62
50009,2017,107,312,98,276,9,36
50009,2018,101,281,90,264,11,17
50009,2019,110,315,100,300,10,15
50009,2020,96,272,95,274,1,-2
50009,2021,97,288,74,195,23,93
50011,2011,899,2428,600,1660,299,768
50011,2012,757,2066,695,1849,62,217
50011,2013,745,2022,527,1385,218,637
50011,2014,445,1175,478,1218,-33,-43
50011,2015,714,1864,653,1730,61,134
50011,2016,1044,2818,832,2203,212,615
50011,2017,777,2093,619,1651,158,442
50011,2018,732,1943,571,1481,161,462
50011,2019,850,2188,619,1627,231,561
50011,2020,846,2199,560,1475,286,724
50011,2021,828,2132,507,1356,321,776
50013,2011,158,431,188,501,-30,-70
50013,2012,200,561,165,427,35,134
50013,2013,182,497,170,452,12,45
50013,2014,127,341,127,343,0,-2
50013,2015,180,527,159,421,21,106
50013,2016,276,769,186,503,90,266
50013,2017,224,600,145,405,79,195
50013,2018,198,525,156,417,42,108
50013,2019,203,540,148,406,55,134
50013,2020,192,506,164,420,28,86
50013,2021,206,581,136,347,70,234
50015,2011,421,1106,377,962,44,144
50015,2012,451,1144,427,1123,24,21
50015,2013,348,916,379,960,-31,-44
50015,2014,307,782,333,835,-26,-53
50015,2015,419,1071,404,1051,15,20
50015,2016,492,1260,529,1389,-37,-129
50015,2017,385,986,365,944,20,42
50015,2018,375,931,347,888,28,43
50015,2019,509,1277,447,1192,62,85
50015,2020,434,1089,381,962,53,127
50015,2021,325,803,407,1031,-82,-228
50017,2011,550,1496,603,1637,-53,-141
50017,2012,557,1546,558,1503,-1,43
50017,2013,484,1296,483,1315,1,-19
50017,2014,367,973,374,944,-7,29
50017,2015,547,1445,502,1361,45,84
50017,2016,722,1960,674,1856,48,104
50017,2017,543,1446,499,1342,44,104
50017,2018,554,1491,476,1249,78,242
50017,2019,613,1606,526,1396,87,210
50017,2020,528,1373,479,1225,49,148
50017,2021,482,1236,431,1100,51,136
50019,2011,265,721,259,698,6,23
50019,2012,258,704,241,615,17,89
50019,2013,229,630,213,585,16,45
50019,2014,119,315,151,390,-32,-75
50019,2015,198,556,219,567,-21,-11
50019,2016,307,870,269,736,38,134
50019,2017,229,650,235,628,-6,22
50019,2018,202,566,218,550,-16,16
50019,2019,262,703,228,630,34,73
50019,2020,288,764,221,584,67,180
50019,2021,246,662,222,568,24,94
50021,2011,528,1362,571,1479,-43,-117
50021,2012,534,1383,628,1612,-94,-229
50021,2013,471,1205,464,1192,7,13
50021,2014,276,698,343,884,-67,-186
50021,2015,389,1044,487,1228,-98,-184
50021,2016,690,1813,602,1563,88,250
50021,2017,403,1046,470,1204,-67,-158
50021,2018,404,1019,422,1071,-18,-52
50021,2019,532,1397,449,1147,83,250
50021,2020,514,1285,459,1191,55,94
50021,2021,450,1161,459,1163,-9,-2
50023,2011,861,2200,955,2526,-94,-326
50023,2012,945,2405,942,2406,3,-1
50023,2013,810,2027,755,1932,55,95
50023,2014,534,1319,577,1423,-43,-104
50023,2015,885,2239,798,2041,87,198
50023,2016,1125,2894,1095,2834,30,60
50023,2017,828,2059,758,1983,70,76
50023,2018,859,2162,856,2154,3,8
50023,2019,971,2422,832,2109,139,313
50023,2020,1049,2579,842,2101,207,478
50023,2021,799,1947,840,2055,-41,-108
50025,2011,642,1654,588,1525,54,129
50025,2012,617,1648,603,1622,14,26
50025,2013,390,1027,453,1197,-63,-170
50025,2014,307,804,349,914,-42,-110
50025,2015,528,1345,456,1172,72,173
50025,2016,642,1685,658,1743,-16,-58
50025,2017,499,1275,504,1298,-5,-23
50025,2018,417,1052,476,1219,-59,-167
50025,2019,638,1672,473,1212,165,460
50025,2020,513,1297,439,1128,74,169
50025,2021,474,1193,489,1267,-15,-74
50027,2011,961,2606,1043,2769,-82,-163
50027,2012,1102,2928,1067,2775,35,153
50027,2013,822,2181,811,2089,11,92
50027,2014,617,1612,638,1648,-21,-36
50027,2015,870,2254,851,2203,19,51
50027,2016,1290,3389,1171,3062,119,327
50027,2017,925,2403,887,2274,38,129
50027,2018,821,2110,959,2480,-138,-370
50027,2019,1109,2904,913,2396,196,508
50027,2020,1104,2835,917,2288,187,547
50027,2021,926,2411,878,2185,48,226
51001,2011,303,926,329,1000,-26,-74
51001,2012,378,1400,290,900,88,500
51001,2013,219,641,305,1066,-86,-425
51001,2014,185,582,199,579,-14,3
51001,2015,196,580,206,645,-10,-65
51001,2016,222,690,309,917,-87,-227
51001,2017,192,551,244,735,-52,-184
51001,2018,157,449,263,763,-106,-314
51001,2019,203,602,238,757,-35,-155
51001,2020,231,656,247,729,-16,-73
51001,2021,187,543,257,723,-70,-180
51003,2011,2894,8377,2526,6977,368,1400
51003,2012,2723,7899,2932,8205,-209,-306
51003,2013,2363,6621,2208,6216,155,405
51003,2014,1410,3962,1473,3980,-63,-18
51003,2015,2467,6895,2417,6531,50,364
51003,2016,3588,9931,3678,10103,-90,-172
51003,2017,2541,7061,2477,6658,64,403
51003,2018,2293,6370,2622,7021,-329,-651
51003,2019,2930,8071,2596,7079,334,992
51003,2020,2853,7783,2714,7227,139,556
51003,2021,2691,7226,2863,7470,-172,-244
51005,2011,191,555,172,519,19,36
51005,2012,160,471,178,526,-18,-55
51005,2013,104,315,150,461,-46,-146
51005,2014,87,270,88,258,-1,12
51005,2015,131,386,124,370,7,16
51005,2016,165,487,168,491,-3,-4
51005,2017,140,413,149,437,-9,-24
51005,2018,157,479,151,427,6,52
51005,2019,119,333,125,401,-6,-68
51005,2020,148,469,139,419,9,50
51005,2021,110,341,128,357,-18,-16
51007,2011,229,718,178,513,51,205
51007,2012,206,597,227,694,-21,-97
51007,2013,109,331,159,479,-50,-148
51007,2014,95,273,117,338,-22,-65
51007,2015,224,660,145,427,79,233
51007,2016,331,1011,213,635,118,376
51007,2017,169,483,173,527,-4,-44
51007,2018,221,658,146,398,75,260
51007,2019,223,684,126,367,97,317
51007,2020,233,652,190,552,43,100
51007,2021,210,623,196,540,14,83
51009,2011,399,1208,403,1191,-4,17
51009,2012,471,1423,446,1364,25,59
51009,2013,371,1088,394,1163,-23,-75
51009,2014,336,985,339,954,-3,31
51009,2015,426,1260,448,1306,-22,-46
51009,2016,567,1640,572,1665,-5,-25
51009,2017,429,1267,455,1335,-26,-68
51009,2018,451,1318,444,1297,7,21
51009,2019,523,1585,459,1347,64,238
51009,2020,468,1372,446,1282,22,90
51009,2021,442,1285,446,1268,-4,17
51011,2011,236,757,186,572,50,185
51011,2012,187,557,175,546,12,11
51011,2013,181,554,110,333,71,221
51011,2014,113,330,139,411,-26,-81
51011,2015,151,448,114,341,37,107
51011,2016,292,950,237,709,55,241
51011,2017,169,489,209,629,-40,-140
51011,2018,225,689,164,459,61,230
51011,2019,244,746,193,577,51,169
51011,2020,208,648,204,616,4,32
51011,2021,196,600,206,583,-10,17
51013,2011,13589,32168,14532,35533,-943,-3365
51013,2012,13658,32658,15973,39318,-2315,-6660
51013,2013,11478,27451,14023,34635,-2545,-7184
51013,2014,8425,19876,8842,21902,-417,-2026
51013,2015,12825,30513,15244,37602,-2419,-7089
51013,2016,16552,39618,21118,51939,-4566,-12321
51013,2017,12683,30124,15239,37180,-2556,-7056
51013,2018,12462,29482,14795,36023,-2333,-6541
51013,2019,12595,29969,16627,41022,-4032,-11053
51013,2020,13174,30656,16540,40247,-3366,-9591
51013,2021,13323,30907,15922,38052,-2599,-7145
51015,2011,1251,3714,1221,3557,30,157
51015,2012,1299,3776,1139,3295,160,481
51015,2013,1091,3206,1035,2958,56,248
51015,2014,902,2648,824,2282,78,366
51015,2015,1203,3545,1076,3006,127,539
51015,2016,1723,5080,1575,4527,148,553
51015,2017,1364,3954,1141,3208,223,746
51015,2018,1321,3819,1154,3329,167,490
51015,2019,1407,4293,1201,3404,206,889
51015,2020,1420,4052,1172,3247,248,805
51015,2021,1341,3799,1098,3000,243,799
51017,2011,23,59,14,39,9,20
51017,2012,22,66,30,79,-8,-13
51017,2013,20,52,NA,NA,NA,NA
51019,2011,1475,4410,1279,3759,196,651
51019,2012,1608,4967,1381,4046,227,921
51019,2013,1369,4117,1172,3454,197,663
51019,2014,901,2707,905,2535,-4,172
51019,2015,1424,4183,1156,3287,268,896
51019,2016,1966,6041,1749,5038,217,1003
51019,2017,1442,4322,1147,3296,295,1026
51019,2018,1336,3926,1301,3720,35,206
51019,2019,1550,4780,1249,3574,301,1206
51019,2020,1459,4336,1237,3493,222,843
51019,2021,1467,4271,1316,3588,151,683
51021,2011,49,170,64,178,-15,-8
51021,2012,47,142,51,154,-4,-12
51021,2015,20,63,20,50,0,13
51021,2016,27,69,56,164,-29,-95
51021,2017,23,68,50,136,-27,-68
51021,2019,29,85,28,74,1,11
51021,2020,26,77,34,96,-8,-19
51021,2021,27,83,NA,NA,NA,NA
51023,2011,631,1889,584,1691,47,198
51023,2012,633,1938,629,1754,4,184
51023,2013,602,1817,533,1533,69,284
51023,2014,401,1195,413,1161,-12,34
51023,2015,549,1647,546,1555,3,92
51023,2016,855,2574,742,2101,113,473
51023,2017,607,1807,517,1426,90,381
51023,2018,551,1658,518,1448,33,210
51023,2019,744,2242,556,1601,188,641
51023,2020,645,1905,527,1425,118,480
51023,2021,518,1457,480,1298,38,159
51025,2011,175,534,193,601,-18,-67
51025,2012,148,446,178,533,-30,-87
51025,2013,122,402,108,343,14,59
51025,2014,45,143,48,149,-3,-6
51025,2015,66,207,68,225,-2,-18
51025,2016,120,367,129,425,-9,-58
51025,2017,53,163,86,252,-33,-89
51025,2018,113,330,99,313,14,17
51025,2019,111,329,68,210,43,119
51025,2020,112,310,96,273,16,37
51025,2021,54,149,77,244,-23,-95
51027,2011,179,584,174,563,5,21
51027,2012,131,453,177,585,-46,-132
51027,2013,37,124,129,451,-92,-327
51027,2014,43,141,95,304,-52,-163
51027,2015,58,207,123,410,-65,-203
51027,2016,85,286,137,405,-52,-119
51027,2017,107,335,117,381,-10,-46
51027,2018,59,200,95,292,-36,-92
51027,2019,39,107,177,542,-138,-435
51027,2020,68,204,124,386,-56,-182
51027,2021,64,202,131,414,-67,-212
51029,2011,192,573,157,491,35,82
51029,2012,151,491,155,462,-4,29
51029,2013,105,308,139,430,-34,-122
51029,2014,90,264,71,211,19,53
51029,2015,128,371,123,355,5,16
51029,2016,168,503,115,334,53,169
51029,2017,132,378,89,261,43,117
51029,2018,119,352,90,281,29,71
51029,2019,134,387,109,354,25,33
51029,2020,162,461,90,259,72,202
51029,2021,128,368,83,243,45,125
51031,2011,1146,3467,1217,3697,-71,-230
51031,2012,1130,3446,1087,3259,43,187
51031,2013,1081,3226,977,2885,104,341
51031,2014,821,2421,834,2423,-13,-2
51031,2015,1134,3375,1111,3225,23,150
51031,2016,1463,4480,1495,4498,-32,-18
51031,2017,1148,3388,1131,3228,17,160
51031,2018,1070,3123,1176,3481,-106,-358
51031,2019,1213,3698,1211,3558,2,140
51031,2020,1164,3395,1088,3118,76,277
51031,2021,1102,3104,1047,2973,55,131
51033,2011,655,2013,679,2147,-24,-134
51033,2012,801,2466,603,1889,198,577
51033,2013,706,2119,569,1752,137,367
51033,2014,461,1383,439,1288,22,95
51033,2015,686,2060,520,1601,166,459
51033,2016,1078,3230,773,2387,305,843
51033,2017,810,2368,643,1980,167,388
51033,2018,699,2065,576,1756,123,309
51033,2019,883,2637,700,2147,183,490
51033,2020,976,2799,577,1703,399,1096
51033,2021,879,2568,576,1674,303,894
51035,2011,341,1052,340,1055,1,-3
51035,2012,350,1137,308,939,42,198
51035,2013,296,925,260,837,36,88
51035,2014,249,784,181,555,68,229
51035,2015,318,970,288,874,30,96
51035,2016,382,1159,378,1099,4,60
51035,2017,329,984,331,970,-2,14
51035,2018,267,790,262,765,5,25
51035,2019,263,809,299,932,-36,-123
51035,2020,315,900,281,809,34,91
51035,2021,277,808,288,829,-11,-21
51036,2011,112,331,127,359,-15,-28
51036,2012,92,257,109,324,-17,-67
51036,2013,79,227,83,252,-4,-25
51036,2014,42,114,64,180,-22,-66
51036,2015,104,302,77,211,27,91
51036,2016,162,461,71,190,91,271
51036,2017,84,246,67,200,17,46
51036,2018,59,164,70,208,-11,-44
51036,2019,71,203,67,222,4,-19
51036,2020,63,165,31,83,32,82
51036,2021,103,286,59,176,44,110
51037,2011,144,450,144,487,0,-37
51037,2012,114,380,135,439,-21,-59
51037,2013,55,174,104,362,-49,-188
51037,2014,25,78,42,132,-17,-54
51037,2015,76,254,102,294,-26,-40
51037,2016,104,318,108,328,-4,-10
51037,2017,50,154,120,369,-70,-215
51037,2018,73,227,81,248,-8,-21
51037,2019,84,285,72,240,12,45
51037,2020,63,202,67,184,-4,18
51037,2021,49,155,74,215,-25,-60
51041,2011,7599,22824,7504,22320,95,504
51041,2012,8224,24892,7485,21999,739,2893
51041,2013,6782,20257,6314,18256,468,2001
51041,2014,4763,13949,4806,13533,-43,416
51041,2015,7250,21734,6680,18958,570,2776
51041,2016,11160,33667,9463,27280,1697,6387
51041,2017,8162,24045,7336,20716,826,3329
51041,2018,8354,24307,7016,19702,1338,4605
51041,2019,9287,27809,7646,21665,1641,6144
51041,2020,9710,27835,7647,21214,2063,6621
51041,2021,9510,26933,7546,20399,1964,6534
51043,2011,346,999,305,854,41,145
51043,2012,325,949,303,914,22,35
51043,2013,330,1024,198,568,132,456
51043,2014,170,515,180,501,-10,14
51043,2015,334,987,277,787,57,200
51043,2016,507,1476,391,1107,116,369
51043,2017,352,1042,270,738,82,304
51043,2018,298,869,262,743,36,126
51043,2019,366,1093,367,1042,-1,51
51043,2020,451,1351,250,715,201,636
51043,2021,397,1166,268,766,129,400
51045,2011,73,221,70,222,3,-1
51045,2012,45,124,64,174,-19,-50
51045,2016,31,86,45,130,-14,-44
51045,2017,29,85,22,74,7,11
51045,2018,20,62,21,58,-1,4
51045,2019,43,141,NA,NA,NA,NA
51047,2011,883,2755,775,2452,108,303
51047,2012,941,2968,801,2492,140,476
51047,2013,823,2632,651,2004,172,628
51047,2014,592,1735,493,1439,99,296
51047,2015,912,2900,638,1913,274,987
51047,2016,1350,4199,1012,3132,338,1067
51047,2017,1011,3210,768,2286,243,924
51047,2018,918,2844,635,1892,283,952
51047,2019,1059,3297,827,2558,232,739
51047,2020,1053,3200,822,2428,231,772
51047,2021,1012,3078,702,2029,310,1049
51049,2011,166,506,182,570,-16,-64
51049,2012,184,591,145,479,39,112
51049,2013,144,442,105,336,39,106
51049,2014,77,247,93,283,-16,-36
51049,2015,129,350,133,416,-4,-66
51049,2016,185,514,175,532,10,-18
51049,2017,157,478,128,392,29,86
51049,2018,143,426,116,337,27,89
51049,2019,156,501,153,447,3,54
51049,2020,177,502,130,371,47,131
51049,2021,164,483,136,406,28,77
51051,2011,109,339,93,298,16,41
51051,2012,86,298,109,378,-23,-80
51051,2013,82,288,48,140,34,148
51051,2014,32,97,44,142,-12,-45
51051,2015,69,205,64,228,5,-23
51051,2016,43,149,73,244,-30,-95
51051,2017,45,135,82,254,-37,-119
51051,2018,53,172,50,149,3,23
51051,2019,103,314,50,157,53,157
51051,2020,47,143,53,164,-6,-21
51051,2021,54,152,64,181,-10,-29
51053,2011,705,2163,600,1753,105,410
51053,2012,621,1897,653,1968,-32,-71
51053,2013,485,1491,468,1388,17,103
51053,2014,453,1403,446,1285,7,118
51053,2015,605,1809,508,1492,97,317
51053,2016,748,2261,643,1880,105,381
51053,2017,643,1933,523,1497,120,436
51053,2018,535,1548,531,1562,4,-14
51053,2019,603,1813,521,1568,82,245
51053,2020,611,1754,495,1410,116,344
51053,2021,627,1827,432,1256,195,571
51057,2011,151,473,164,478,-13,-5
51057,2012,137,425,156,470,-19,-45
51057,2013,46,150,35,109,11,41
51057,2014,21,59,NA,NA,NA,NA
51057,2015,59,194,72,220,-13,-26
51057,2016,84,240,80,258,4,-18
51057,2017,37,112,110,347,-73,-235
51057,2018,90,247,45,131,45,116
51057,2019,84,246,103,300,-19,-54
51057,2020,105,308,71,207,34,101
51057,2021,61,178,74,189,-13,-11
51059,2011,34357,98054,36729,104636,-2372,-6582
51059,2012,35202,101284,39989,115444,-4787,-14160
51059,2013,30106,85859,38140,110000,-8034,-24141
51059,2014,21445,59512,25426,70815,-3981,-11303
51059,2015,31853,91180,38290,109883,-6437,-18703
51059,2016,45558,131216,52919,155173,-7361,-23957
51059,2017,33874,94916,39278,111425,-5404,-16509
51059,2018,32830,90846,38032,106492,-5202,-15646
51059,2019,35209,98225,40835,117594,-5626,-19369
51059,2020,34867,94871,40817,114767,-5950,-19896
51059,2021,33826,91342,39805,108903,-5979,-17561
51061,2011,1463,4393,1308,3775,155,618
51061,2012,1738,5321,1385,3963,353,1358
51061,2013,1485,4554,1177,3432,308,1122
51061,2014,856,2547,891,2491,-35,56
51061,2015,1528,4678,1258,3654,270,1024
51061,2016,2277,7132,1838,5328,439,1804
51061,2017,1701,5214,1352,3815,349,1399
51061,2018,1599,4821,1349,3805,250,1016
51061,2019,1887,5929,1480,4399,407,1530
51061,2020,1964,5919,1481,4253,483,1666
51061,2021,1677,5070,1238,3451,439,1619
51063,2011,177,540,162,475,15,65
51063,2012,167,481,161,487,6,-6
51063,2013,96,300,76,221,20,79
51063,2014,55,183,85,238,-30,-55
51063,2015,145,437,99,305,46,132
51063,2016,162,503,165,505,-3,-2
51063,2017,117,340,93,260,24,80
51063,2018,124,347,97,277,27,70
51063,2019,128,384,147,417,-19,-33
51063,2020,127,341,83,242,44,99
51063,2021,134,383,90,243,44,140
51065,2011,431,1251,455,1351,-24,-100
51065,2012,451,1348,407,1259,44,89
51065,2013,387,1168,285,806,102,362
51065,2014,254,736,264,734,-10,2
51065,2015,397,1110,382,1071,15,39
51065,2016,581,1687,468,1353,113,334
51065,2017,436,1222,399,1178,37,44
51065,2018,436,1246,316,928,120,318
51065,2019,497,1444,341,993,156,451
51065,2020,567,1645,354,976,213,669
51065,2021,543,1495,440,1214,103,281
51067,2011,607,1839,589,1756,18,83
51067,2012,673,2081,629,1807,44,274
51067,2013,521,1590,584,1715,-63,-125
51067,2014,406,1226,348,999,58,227
51067,2015,529,1572,545,1560,-16,12
51067,2016,802,2347,651,1914,151,433
51067,2017,460,1338,577,1680,-117,-342
51067,2018,584,1724,545,1565,39,159
51067,2019,725,2169,546,1563,179,606
51067,2020,738,2131,605,1714,133,417
51067,2021,586,1657,532,1505,54,152
51069,2011,1795,5310,1601,4743,194,567
51069,2012,2016,5968,1579,4774,437,1194
51069,2013,1722,5164,1489,4447,233,717
51069,2014,1294,3812,988,2805,306,1007
51069,2015,1868,5615,1548,4468,320,1147
51069,2016,2636,7941,1988,5662,648,2279
51069,2017,2119,6189,1550,4468,569,1721
51069,2018,2003,5865,1585,4527,418,1338
51069,2019,2449,7470,1722,4987,727,2483
51069,2020,2382,7012,1642,4604,740,2408
51069,2021,2208,6440,1697,4727,511,1713
51071,2011,158,474,210,652,-52,-178
51071,2012,135,394,189,569,-54,-175
51071,2013,135,411,136,396,-1,15
51071,2014,107,297,127,339,-20,-42
51071,2015,178,499,114,330,64,169
51071,2016,236,772,180,553,56,219
51071,2017,140,408,145,419,-5,-11
51071,2018,139,413,125,380,14,33
51071,2019,207,604,151,427,56,177
51071,2020,161,443,155,444,6,-1
51071,2021,136,392,134,405,2,-13
51073,2011,522,1486,497,1400,25,86
51073,2012,607,1835,509,1441,98,394
51073,2013,507,1519,419,1222,88,297
51073,2014,334,963,332,903,2,60
51073,2015,525,1507,378,1082,147,425
51073,2016,776,2356,554,1570,222,786
51073,2017,527,1531,467,1304,60,227
51073,2018,497,1448,469,1345,28,103
51073,2019,579,1736,527,1480,52,256
51073,2020,650,1887,437,1212,213,675
51073,2021,577,1663,404,1104,173,559
51075,2011,421,1254,380,1105,41,149
51075,2012,480,1453,311,880,169,573
51075,2013,429,1310,398,1092,31,218
51075,2014,368,1049,260,721,108,328
51075,2015,524,1578,372,1049,152,529
51075,2016,713,2155,517,1435,196,720
51075,2017,599,1781,405,1140,194,641
51075,2018,622,1811,495,1368,127,443
51075,2019,790,2366,514,1428,276,938
51075,2020,814,2416,537,1480,277,936
51075,2021,786,2257,546,1479,240,778
51077,2011,139,446,191,586,-52,-140
51077,2012,188,563,192,617,-4,-54
51077,2013,126,385,139,402,-13,-17
51077,2014,106,307,121,370,-15,-63
51077,2015,157,481,130,374,27,107
51077,2016,206,615,242,698,-36,-83
51077,2017,154,454,153,461,1,-7
51077,2018,168,504,161,457,7,47
51077,2019,151,453,152,452,-1,1
51077,2020,143,424,154,443,-11,-19
51077,2021,129,356,157,447,-28,-91
51079,2011,300,869,287,938,13,-69
51079,2012,354,1061,265,815,89,246
51079,2013,278,842,231,705,47,137
51079,2014,181,547,193,563,-12,-16
51079,2015,271,840,268,809,3,31
51079,2016,439,1348,344,1049,95,299
51079,2017,329,1005,266,806,63,199
51079,2018,364,1106,245,724,119,382
51079,2019,375,1123,328,962,47,161
51079,2020,345,1060,270,784,75,276
51079,2021,378,1059,288,834,90,225
51081,2011,191,650,148,487,43,163
51081,2012,169,533,186,596,-17,-63
51081,2013,131,423,110,351,21,72
51081,2014,101,333,128,433,-27,-100
51081,2015,126,402,98,322,28,80
51081,2016,176,581,158,485,18,96
51081,2017,134,444,85,255,49,189
51081,2018,127,403,88,304,39,99
51081,2019,109,331,76,236,33,95
51081,2020,83,260,73,213,10,47
51081,2021,74,230,98,300,-24,-70
51083,2011,133,434,195,618,-62,-184
51083,2012,172,544,235,739,-63,-195
51083,2013,189,602,136,417,53,185
51083,2014,132,401,98,298,34,103
51083,2015,133,413,155,460,-22,-47
51083,2016,171,513,223,694,-52,-181
51083,2017,119,349,161,489,-42,-140
51083,2018,86,256,145,439,-59,-183
51083,2019,161,481,159,478,2,3
51083,2020,161,485,118,363,43,122
51083,2021,134,387,163,474,-29,-87
51085,2011,2073,6072,1773,4984,300,1088
51085,2012,2060,6145,1859,5101,201,1044
51085,2013,2007,5976,1653,4616,354,1360
51085,2014,1421,4155,1304,3462,117,693
51085,2015,2163,6473,1800,4852,363,1621
51085,2016,3056,9255,2348,6492,708,2763
51085,2017,2243,6620,1943,5407,300,1213
51085,2018,2148,6362,1921,5141,227,1221
51085,2019,2567,7480,2085,5842,482,1638
51085,2020,2616,7529,1937,5197,679,2332
51085,2021,2518,7345,1965,5293,553,2052
51087,2011,9323,26357,8942,25246,381,1111
51087,2012,9607,27189,9557,27263,50,-74
51087,2013,8132,22869,8401,23968,-269,-1099
51087,2014,6001,16510,6004,16806,-3,-296
51087,2015,8578,23580,9076,25760,-498,-2180
51087,2016,12127,33715,12063,34603,64,-888
51087,2017,9369,25605,9184,25651,185,-46
51087,2018,9064,24695,8819,24834,245,-139
51087,2019,9518,25907,9584,27090,-66,-1183
51087,2020,9486,25136,9674,26689,-188,-1553
51087,2021,9303,24371,9732,26441,-429,-2070
51089,2011,656,2071,679,2149,-23,-78
51089,2012,640,2020,717,2223,-77,-203
51089,2013,556,1745,539,1697,17,48
51089,2014,428,1329,503,1534,-75,-205
51089,2015,610,1893,559,1755,51,138
51089,2016,704,2222,702,2121,2,101
51089,2017,577,1737,546,1668,31,69
51089,2018,537,1635,556,1674,-19,-39
51089,2019,591,1833,588,1768,3,65
51089,2020,599,1751,563,1657,36,94
51089,2021,589,1737,562,1567,27,170
51093,2011,720,2274,648,1858,72,416
51093,2012,814,2503,689,1978,125,525
51093,2013,690,2128,653,1961,37,167
51093,2014,521,1553,454,1256,67,297
51093,2015,801,2459,689,1970,112,489
51093,2016,1168,3624,838,2449,330,1175
51093,2017,817,2491,694,2012,123,479
51093,2018,806,2417,668,1885,138,532
51093,2019,944,2896,702,2071,242,825
51093,2020,1027,3208,706,2017,321,1191
51093,2021,916,2752,600,1737,316,1015
51095,2011,1833,5489,1399,3936,434,1553
51095,2012,1870,5732,1605,4566,265,1166
51095,2013,1448,4411,1307,3758,141,653
51095,2014,1027,2994,878,2408,149,586
51095,2015,1607,4745,1233,3463,374,1282
51095,2016,2253,6795,2055,5814,198,981
51095,2017,1564,4528,1480,4169,84,359
51095,2018,1571,4550,1456,3989,115,561
51095,2019,1679,4983,1429,3987,250,996
51095,2020,1957,5634,1491,4158,466,1476
51095,2021,1670,4769,1546,4237,124,532
51097,2011,81,241,116,351,-35,-110
51097,2012,105,320,74,221,31,99
51097,2013,31,97,28,81,3,16
51097,2014,29,91,33,103,-4,-12
51097,2015,85,247,44,139,41,108
51097,2016,93,290,45,148,48,142
51097,2017,88,256,73,217,15,39
51097,2018,64,191,57,175,7,16
51097,2019,108,327,37,114,71,213
51097,2020,78,225,26,80,52,145
51097,2021,55,157,30,81,25,76
51099,2011,565,1828,465,1410,100,418
51099,2012,530,1649,505,1602,25,47
51099,2013,445,1359,323,996,122,363
51099,2014,296,892,296,863,0,29
51099,2015,549,1745,398,1236,151,509
51099,2016,753,2282,611,1867,142,415
51099,2017,581,1704,451,1363,130,341
51099,2018,449,1382,420,1270,29,112
51099,2019,645,1989,397,1188,248,801
51099,2020,623,1888,441,1276,182,612
51099,2021,610,1830,346,968,264,862
51101,2011,318,928,324,956,-6,-28
51101,2012,363,1063,321,965,42,98
51101,2013,283,853,238,694,45,159
51101,2014,170,494,200,592,-30,-98
51101,2015,327,933,277,819,50,114
51101,2016,532,1566,367,1088,165,478
51101,2017,410,1167,265,749,145,418
51101,2018,357,995,262,772,95,223
51101,2019,428,1280,245,731,183,549
51101,2020,344,954,290,847,54,107
51101,2021,396,1068,252,706,144,362
51103,2011,117,326,112,340,5,-14
51103,2012,119,340,142,396,-23,-56
51103,2013,54,157,51,169,3,-12
51103,2014,50,145,47,133,3,12
51103,2015,46,141,51,150,-5,-9
51103,2016,106,315,77,217,29,98
51103,2017,57,167,47,132,10,35
51103,2018,68,205,41,129,27,76
51103,2019,90,250,75,215,15,35
51103,2020,87,243,59,161,28,82
51103,2021,75,210,65,190,10,20
51105,2011,133,437,121,376,12,61
51105,2012,109,352,127,423,-18,-71
51105,2013,62,190,74,229,-12,-39
51105,2014,44,151,48,170,-4,-19
51105,2015,48,168,92,282,-44,-114
51105,2016,72,222,148,467,-76,-245
51105,2017,56,160,57,188,-1,-28
51105,2018,58,191,81,240,-23,-49
51105,2019,79,267,124,397,-45,-130
51105,2020,107,330,92,280,15,50
51105,2021,55,159,111,320,-56,-161
51107,2011,10517,32287,8135,24083,2382,8204
51107,2012,11734,36686,8997,26927,2737,9759
51107,2013,10084,31070,8014,23742,2070,7328
51107,2014,6706,19980,5563,15916,1143,4064
51107,2015,10791,33273,8166,23985,2625,9288
51107,2016,16056,49905,11988,35465,4068,14440
51107,2017,11238,34077,9373,27282,1865,6795
51107,2018,10581,31340,9170,26352,1411,4988
51107,2019,11735,35236,10175,29951,1560,5285
51107,2020,11655,34174,10719,31067,936,3107
51107,2021,10621,30610,11009,31105,-388,-495
51109,2011,629,1850,549,1610,80,240
51109,2012,622,1851,557,1668,65,183
51109,2013,517,1573,420,1235,97,338
51109,2014,392,1145,353,1013,39,132
51109,2015,716,2057,436,1269,280,788
51109,2016,1091,3242,634,1936,457,1306
51109,2017,861,2531,496,1473,365,1058
51109,2018,763,2244,520,1499,243,745
51109,2019,1011,3026,558,1619,453,1407
51109,2020,1030,2997,491,1399,539,1598
51109,2021,999,2896,568,1578,431,1318
51111,2011,146,449,143,447,3,2
51111,2012,126,398,127,385,-1,13
51111,2013,82,273,70,207,12,66
51111,2014,72,207,78,255,-6,-48
51111,2015,74,217,84,255,-10,-38
51111,2016,95,290,111,340,-16,-50
51111,2017,74,212,66,213,8,-1
51111,2018,76,236,110,312,-34,-76
51111,2019,86,272,111,334,-25,-62
51111,2020,94,278,49,148,45,130
51111,2021,65,196,96,302,-31,-106
51113,2011,219,704,156,471,63,233
51113,2012,208,629,182,554,26,75
51113,2013,124,396,113,364,11,32
51113,2014,110,343,92,264,18,79
51113,2015,136,426,157,485,-21,-59
51113,2016,275,856,175,532,100,324
51113,2017,142,425,160,491,-18,-66
51113,2018,142,452,123,369,19,83
51113,2019,200,639,165,506,35,133
51113,2020,163,500,144,443,19,57
51113,2021,128,395,129,357,-1,38
51115,2011,86,250,94,254,-8,-4
51115,2012,94,282,106,305,-12,-23
51115,2013,57,183,65,199,-8,-16
51115,2014,50,139,39,106,11,33
51115,2015,39,101,57,155,-18,-54
51115,2016,70,210,67,193,3,17
51115,2017,68,204,45,128,23,76
51115,2018,72,215,44,135,28,80
51115,2019,73,212,101,301,-28,-89
51115,2020,73,214,55,164,18,50
51115,2021,57,188,62,176,-5,12
51117,2011,245,770,283,860,-38,-90
51117,2012,298,900,303,901,-5,-1
51117,2013,177,553,306,940,-129,-387
51117,2014,96,302,123,374,-27,-72
51117,2015,196,592,172,520,24,72
51117,2016,303,905,227,671,76,234
51117,2017,228,682,201,572,27,110
51117,2018,191,603,199,593,-8,10
51117,2019,231,688,215,667,16,21
51117,2020,187,551,220,645,-33,-94
51117,2021,253,757,202,558,51,199
51119,2011,135,389,103,287,32,102
51119,2012,144,401,139,405,5,-4
51119,2013,120,340,56,144,64,196
51119,2014,32,90,36,110,-4,-20
51119,2015,104,310,34,94,70,216
51119,2016,98,281,76,233,22,48
51119,2017,72,218,70,201,2,17
51119,2018,75,212,47,143,28,69
51119,2019,141,404,48,157,93,247
51119,2020,140,395,42,125,98,270
51119,2021,122,343,52,139,70,204
51121,2011,1173,3248,1531,4105,-358,-857
51121,2012,1327,3663,1621,4313,-294,-650
51121,2013,850,2385,1160,3178,-310,-793
51121,2014,602,1668,681,1870,-79,-202
51121,2015,999,2772,1251,3391,-252,-619
51121,2016,1341,3842,2091,5700,-750,-1858
51121,2017,1000,2758,1333,3505,-333,-747
51121,2018,915,2527,1273,3355,-358,-828
51121,2019,894,2455,1438,3767,-544,-1312
51121,2020,803,2223,1439,3641,-636,-1418
51121,2021,908,2465,1484,3769,-576,-1304
51125,2011,178,529,200,601,-22,-72
51125,2012,255,749,197,563,58,186
51125,2013,127,376,147,431,-20,-55
51125,2014,78,220,138,385,-60,-165
51125,2015,145,422,168,496,-23,-74
51125,2016,230,681,195,578,35,103
51125,2017,149,435,170,495,-21,-60
51125,2018,138,364,142,432,-4,-68
51125,2019,214,633,147,441,67,192
51125,2020,142,393,155,447,-13,-54
51125,2021,110,318,164,454,-54,-136
51127,2011,444,1345,332,965,112,380
51127,2012,438,1301,355,1044,83,257
51127,2013,438,1292,322,926,116,366
51127,2014,289,847,227,658,62,189
51127,2015,483,1435,328,912,155,523
51127,2016,750,2279,446,1330,304,949
51127,2017,557,1691,352,985,205,706
51127,2018,545,1616,317,859,228,757
51127,2019,676,1980,379,1109,297,871
51127,2020,650,1950,360,978,290,972
51127,2021,701,2095,367,1019,334,1076
51131,2011,131,385,154,464,-23,-79
51131,2012,120,389,136,409,-16,-20
51131,2013,131,414,111,329,20,85
51131,2014,118,371,93,297,25,74
51131,2015,81,255,113,329,-32,-74
51131,2016,108,313,145,439,-37,-126
51131,2017,96,298,116,333,-20,-35
51131,2018,123,337,77,239,46,98
51131,2019,105,318,198,566,-93,-248
51131,2020,107,328,120,320,-13,8
51131,2021,105,285,72,215,33,70
51133,2011,150,476,111,341,39,135
51133,2012,142,417,142,427,0,-10
51133,2013,135,453,80,236,55,217
51133,2014,73,219,101,331,-28,-112
51133,2015,121,363,102,323,19,40
51133,2016,159,475,130,396,29,79
51133,2017,96,264,112,346,-16,-82
51133,2018,101,308,81,264,20,44
51133,2019,131,415,89,257,42,158
51133,2020,136,369,74,207,62,162
51133,2021,144,408,75,212,69,196
51135,2011,163,497,206,672,-43,-175
51135,2012,191,597,172,528,19,69
51135,2013,116,361,93,303,23,58
51135,2014,101,322,93,264,8,58
51135,2015,114,348,126,389,-12,-41
51135,2016,128,396,163,482,-35,-86
51135,2017,106,348,108,340,-2,8
51135,2018,94,277,126,374,-32,-97
51135,2019,156,476,131,410,25,66
51135,2020,140,428,120,367,20,61
51135,2021,158,468,136,394,22,74
51137,2011,756,2302,787,2426,-31,-124
51137,2012,875,2648,688,2132,187,516
51137,2013,703,2151,605,1864,98,287
51137,2014,525,1576,497,1467,28,109
51137,2015,775,2305,606,1842,169,463
51137,2016,1258,3837,885,2700,373,1137
51137,2017,903,2667,734,2201,169,466
51137,2018,906,2674,706,2130,200,544
51137,2019,1085,3450,792,2364,293,1086
51137,2020,1107,3287,790,2299,317,988
51137,2021,975,2899,781,2207,194,692
51139,2011,184,569,193,562,-9,7
51139,2012,166,506,210,623,-44,-117
51139,2013,112,320,154,423,-42,-103
51139,2014,88,246,94,268,-6,-22
51139,2015,180,548,170,469,10,79
51139,2016,312,915,234,689,78,226
51139,2017,188,559,158,463,30,96
51139,2018,156,457,174,485,-18,-28
51139,2019,247,728,189,505,58,223
51139,2020,197,554,199,572,-2,-18
51139,2021,193,548,176,510,17,38
51141,2011,169,532,157,494,12,38
51141,2012,152,494,160,469,-8,25
51141,2013,76,250,111,348,-35,-98
51141,2014,90,279,90,286,0,-7
51141,2015,93,313,128,369,-35,-56
51141,2016,109,341,118,384,-9,-43
51141,2017,128,397,111,336,17,61
51141,2018,109,348,95,292,14,56
51141,2019,105,339,117,344,-12,-5
51141,2020,112,332,105,308,7,24
51141,2021,105,306,126,358,-21,-52
51143,2011,831,2565,793,2476,38,89
51143,2012,822,2575,808,2497,14,78
51143,2013,739,2327,744,2271,-5,56
51143,2014,571,1797,605,1819,-34,-22
51143,2015,747,2337,720,2180,27,157
51143,2016,937,2876,897,2681,40,195
51143,2017,739,2216,718,2052,21,164
51143,2018,729,2107,716,2059,13,48
51143,2019,715,2194,764,2375,-49,-181
51143,2020,712,2084,708,1991,4,93
51143,2021,722,2115,651,1855,71,260
51145,2011,480,1454,374,1044,106,410
51145,2012,512,1528,442,1238,70,290
51145,2013,477,1412,405,1130,72,282
51145,2014,369,1045,272,703,97,342
51145,2015,563,1730,411,1060,152,670
51145,2016,876,2712,544,1548,332,1164
51145,2017,616,1884,505,1393,111,491
51145,2018,660,2003,479,1298,181,705
51145,2019,718,2198,511,1419,207,779
51145,2020,721,2163,476,1332,245,831
51145,2021,642,1853,477,1298,165,555
51147,2011,234,741,339,958,-105,-217
51147,2012,272,802,306,958,-34,-156
51147,2013,184,573,198,600,-14,-27
51147,2014,197,592,193,586,4,6
51147,2015,189,569,178,519,11,50
51147,2016,244,735,287,856,-43,-121
51147,2017,205,647,231,643,-26,4
51147,2018,205,592,238,729,-33,-137
51147,2019,250,746,183,572,67,174
51147,2020,229,679,262,753,-33,-74
51147,2021,217,622,245,709,-28,-87
51149,2011,985,3416,945,3245,40,171
51149,2012,975,3384,1006,3310,-31,74
51149,2013,893,2981,848,2696,45,285
51149,2014,646,2059,534,1623,112,436
51149,2015,912,2982,871,2772,41,210
51149,2016,1382,4749,1235,4135,147,614
51149,2017,1126,3809,913,2856,213,953
51149,2018,960,3205,864,2743,96,462
51149,2019,1017,3350,867,2892,150,458
51149,2020,1027,3337,964,3068,63,269
51149,2021,968,3080,943,2900,25,180
51153,2011,14089,43430,13263,40163,826,3267
51153,2012,14631,44988,14263,43503,368,1485
51153,2013,11813,36203,12496,38093,-683,-1890
51153,2014,9066,27218,8669,25288,397,1930
51153,2015,13084,39958,13199,39872,-115,86
51153,2016,18565,57477,18791,57665,-226,-188
51153,2017,13324,40275,13886,41399,-562,-1124
51153,2018,13021,39016,13485,39942,-464,-926
51153,2019,14431,44386,14839,44575,-408,-189
51153,2020,14453,42822,15324,44992,-871,-2170
51153,2021,13160,38419,14645,41982,-1485,-3563
51155,2011,453,1331,421,1247,32,84
51155,2012,465,1320,422,1211,43,109
51155,2013,396,1133,426,1218,-30,-85
51155,2014,309,915,269,771,40,144
51155,2015,398,1132,372,1130,26,2
51155,2016,574,1630,505,1428,69,202
51155,2017,428,1204,386,1107,42,97
51155,2018,422,1161,377,1089,45,72
51155,2019,502,1431,372,1020,130,411
51155,2020,481,1308,382,1006,99,302
51155,2021,467,1292,346,954,121,338
51157,2011,113,331,111,331,2,0
51157,2012,134,391,107,332,27,59
51157,2013,61,202,134,429,-73,-227
51157,2014,60,155,52,146,8,9
51157,2015,74,235,82,240,-8,-5
51157,2016,147,437,120,357,27,80
51157,2017,77,231,84,245,-7,-14
51157,2018,91,255,90,245,1,10
51157,2019,108,329,89,252,19,77
51157,2020,106,329,79,236,27,93
51157,2021,69,192,59,162,10,30
51159,2011,106,340,120,411,-14,-71
51159,2012,135,476,95,301,40,175
51159,2013,95,301,111,371,-16,-70
51159,2014,59,191,90,288,-31,-97
51159,2015,84,280,94,309,-10,-29
51159,2016,109,355,111,342,-2,13
51159,2017,118,394,67,220,51,174
51159,2018,94,304,75,230,19,74
51159,2019,134,415,97,333,37,82
51159,2020,96,280,87,259,9,21
51159,2021,85,247,79,227,6,20
51161,2011,2327,6948,2273,6464,54,484
51161,2012,2489,7192,2321,6624,168,568
51161,2013,2119,6194,2075,5927,44,267
51161,2014,1556,4392,1586,4423,-30,-31
51161,2015,2230,6459,2323,6479,-93,-20
51161,2016,3148,9152,2992,8466,156,686
51161,2017,2231,6436,2195,6154,36,282
51161,2018,2269,6369,2181,6150,88,219
51161,2019,2274,6502,2339,6679,-65,-177
51161,2020,2441,6745,2366,6493,75,252
51161,2021,2140,5867,2224,5987,-84,-120
51163,2011,365,1057,269,820,96,237
51163,2012,262,808,301,948,-39,-140
51163,2013,249,771,194,558,55,213
51163,2014,203,610,158,464,45,146
51163,2015,268,821,226,680,42,141
51163,2016,321,973,350,1050,-29,-77
51163,2017,280,815,250,710,30,105
51163,2018,219,657,224,653,-5,4
51163,2019,263,867,244,741,19,126
51163,2020,249,768,193,565,56,203
51163,2021,209,594,197,580,12,14
51165,2011,1212,3668,1152,3375,60,293
51165,2012,1207,3697,1143,3313,64,384
51165,2013,1054,3154,1053,3000,1,154
51165,2014,794,2301,789,2261,5,40
51165,2015,1159,3435,997,2779,162,656
51165,2016,1591,4744,1328,3795,263,949
51165,2017,1283,3801,1020,2985,263,816
51165,2018,1215,3545,1017,2927,198,618
51165,2019,1290,3843,1222,3524,68,319
51165,2020,1343,3939,1084,3033,259,906
51165,2021,1322,3852,1112,3072,210,780
51167,2011,268,850,282,854,-14,-4
51167,2012,246,773,279,886,-33,-113
51167,2013,196,628,206,633,-10,-5
51167,2014,137,452,131,390,6,62
51167,2015,191,608,198,607,-7,1
51167,2016,237,745,328,1020,-91,-275
51167,2017,210,713,232,700,-22,13
51167,2018,205,652,208,632,-3,20
51167,2019,240,759,214,680,26,79
51167,2020,232,724,253,743,-21,-19
51167,2021,222,681,241,655,-19,26
51169,2011,219,690,262,820,-43,-130
51169,2012,251,796,263,817,-12,-21
51169,2013,157,508,220,705,-63,-197
51169,2014,110,356,179,523,-69,-167
51169,2015,174,531,204,614,-30,-83
51169,2016,260,808,226,696,34,112
51169,2017,149,457,205,601,-56,-144
51169,2018,185,596,194,581,-9,15
51169,2019,195,645,203,607,-8,38
51169,2020,219,695,209,615,10,80
51169,2021,190,608,212,634,-22,-26
51171,2011,608,1834,556,1670,52,164
51171,2012,640,1902,585,1713,55,189
51171,2013,577,1701,420,1240,157,461
51171,2014,361,1034,386,1125,-25,-91
51171,2015,588,1746,550,1576,38,170
51171,2016,810,2349,659,1875,151,474
51171,2017,693,1964,585,1676,108,288
51171,2018,647,1859,567,1601,80,258
51171,2019,851,2486,577,1705,274,781
51171,2020,769,2192,525,1476,244,716
51171,2021,731,1999,567,1551,164,448
51173,2011,206,634,255,792,-49,-158
51173,2012,186,606,252,714,-66,-108
51173,2013,179,561,186,575,-7,-14
51173,2014,122,381,161,510,-39,-129
51173,2015,167,505,227,681,-60,-176
51173,2016,231,712,284,861,-53,-149
51173,2017,177,536,222,660,-45,-124
51173,2018,153,442,165,495,-12,-53
51173,2019,172,557,217,607,-45,-50
51173,2020,201,590,209,618,-8,-28
51173,2021,195,569,193,555,2,14
51175,2011,283,903,271,842,12,61
51175,2012,274,812,239,737,35,75
51175,2013,225,707,160,502,65,205
51175,2014,143,474,136,424,7,50
51175,2015,245,768,206,619,39,149
51175,2016,301,942,236,734,65,208
51175,2017,267,850,160,495,107,355
51175,2018,189,590,217,674,-28,-84
51175,2019,257,815,148,470,109,345
51175,2020,215,659,164,478,51,181
51175,2021,240,746,198,571,42,175
51177,2011,3018,9366,2931,8854,87,512
51177,2012,3296,10277,2932,8965,364,1312
51177,2013,2925,8964,2560,7583,365,1381
51177,2014,2009,6039,1763,5127,246,912
51177,2015,3002,9142,2724,7968,278,1174
51177,2016,4582,13950,3789,11263,793,2687
51177,2017,3591,10953,2937,8458,654,2495
51177,2018,3570,10702,2893,8372,677,2330
51177,2019,4023,12362,3065,9023,958,3339
51177,2020,4489,13573,3170,9173,1319,4400
51177,2021,4070,12043,3224,9075,846,2968
51179,2011,3849,12428,3636,11284,213,1144
51179,2012,4189,13576,3916,12125,273,1451
51179,2013,3711,11935,3270,10183,441,1752
51179,2014,2432,7645,2277,6598,155,1047
51179,2015,4015,13090,3519,10667,496,2423
51179,2016,6115,20134,4947,15271,1168,4863
51179,2017,4448,14348,3812,11410,636,2938
51179,2018,4535,14444,3597,10722,938,3722
51179,2019,5106,16739,4076,12311,1030,4428
51179,2020,5283,16691,4365,12947,918,3744
51179,2021,4855,15050,4105,11853,750,3197
51181,2011,70,212,100,300,-30,-88
51181,2012,77,238,62,195,15,43
51181,2013,22,78,26,83,-4,-5
51181,2015,27,75,28,98,-1,-23
51181,2016,52,157,27,90,25,67
51181,2017,20,60,NA,NA,NA,NA
51181,2018,23,70,22,79,1,-9
51181,2019,29,95,30,87,-1,8
51181,2020,52,155,32,97,20,58
51181,2021,35,106,27,79,8,27
51183,2011,184,576,214,679,-30,-103
51183,2012,160,494,178,570,-18,-76
51183,2013,85,262,87,290,-2,-28
51183,2014,75,234,66,213,9,21
51183,2015,95,290,142,432,-47,-142
51183,2016,96,288,150,478,-54,-190
51183,2017,53,155,101,314,-48,-159
51183,2018,95,286,124,377,-29,-91
51183,2019,84,256,99,294,-15,-38
51183,2020,87,247,98,298,-11,-51
51183,2021,114,330,77,227,37,103
51185,2011,356,1122,379,1224,-23,-102
51185,2012,369,1199,359,1130,10,69
51185,2013,265,827,267,826,-2,1
51185,2014,228,686,203,650,25,36
51185,2015,259,808,259,832,0,-24
51185,2016,304,954,319,1006,-15,-52
51185,2017,234,747,275,852,-41,-105
51185,2018,278,856,256,796,22,60
51185,2019,297,929,275,833,22,96
51185,2020,277,845,286,848,-9,-3
51185,2021,279,861,292,883,-13,-22
51187,2011,814,2401,628,1864,186,537
51187,2012,839,2458,641,1864,198,594
51187,2013,660,1966,545,1614,115,352
51187,2014,491,1444,394,1129,97,315
51187,2015,777,2274,645,1891,132,383
51187,2016,1223,3681,808,2368,415,1313
51187,2017,789,2223,738,2095,51,128
51187,2018,810,2347,712,2070,98,277
51187,2019,973,2914,805,2362,168,552
51187,2020,1011,2926,788,2266,223,660
51187,2021,849,2358,700,1971,149,387
51191,2011,684,2020,672,1987,12,33
51191,2012,726,2195,668,2031,58,164
51191,2013,605,1810,609,1819,-4,-9
51191,2014,430,1323,448,1327,-18,-4
51191,2015,568,1729,558,1635,10,94
51191,2016,821,2519,697,2079,124,440
51191,2017,624,1853,564,1691,60,162
51191,2018,562,1652,571,1677,-9,-25
51191,2019,678,2026,616,1884,62,142
51191,2020,635,1860,599,1735,36,125
51191,2021,663,1889,597,1695,66,194
51193,2011,314,938,268,874,46,64
51193,2012,343,1069,350,1197,-7,-128
51193,2013,235,693,238,762,-3,-69
51193,2014,151,520,138,445,13,75
51193,2015,267,815,192,612,75,203
51193,2016,404,1240,258,800,146,440
51193,2017,277,874,182,566,95,308
51193,2018,291,859,179,550,112,309
51193,2019,337,1005,301,941,36,64
51193,2020,362,1026,259,724,103,302
51193,2021,339,973,214,614,125,359
51195,2011,333,1043,417,1332,-84,-289
51195,2012,370,1207,419,1394,-49,-187
51195,2013,273,843,372,1192,-99,-349
51195,2014,264,850,253,782,11,68
51195,2015,239,799,315,970,-76,-171
51195,2016,297,966,409,1251,-112,-285
51195,2017,266,842,345,1058,-79,-216
51195,2018,234,691,289,929,-55,-238
51195,2019,228,768,361,1126,-133,-358
51195,2020,249,753,321,948,-72,-195
51195,2021,305,875,314,920,-9,-45
51197,2011,287,840,193,574,94,266
51197,2012,221,655,263,772,-42,-117
51197,2013,229,719,178,536,51,183
51197,2014,112,335,157,446,-45,-111
51197,2015,197,580,190,563,7,17
51197,2016,298,849,262,789,36,60
51197,2017,197,584,231,657,-34,-73
51197,2018,198,574,181,505,17,69
51197,2019,225,625,199,565,26,60
51197,2020,255,716,214,606,41,110
51197,2021,215,626,219,637,-4,-11
51199,2011,1743,5492,1919,5774,-176,-282
51199,2012,1842,5883,2011,6141,-169,-258
51199,2013,1644,5243,1651,4850,-7,393
51199,2014,1062,3152,1120,3086,-58,66
51199,2015,1693,5319,1826,5430,-133,-111
51199,2016,2643,8499,2494,7869,149,630
51199,2017,1706,5378,1869,5642,-163,-264
51199,2018,1853,5749,1804,5393,49,356
51199,2019,1990,6235,1997,6111,-7,124
51199,2020,2179,6664,1926,5687,253,977
51199,2021,1910,5795,1803,5205,107,590
51510,2011,9755,24503,10039,26623,-284,-2120
51510,2012,10617,26592,10753,28739,-136,-2147
51510,2013,8773,22037,9462,25316,-689,-3279
51510,2014,6311,15918,6246,16537,65,-619
51510,2015,9762,24471,9892,26749,-130,-2278
51510,2016,13060,32564,14074,38173,-1014,-5609
51510,2017,9475,23512,10438,27731,-963,-4219
51510,2018,9257,22885,9594,25319,-337,-2434
51510,2019,9342,23291,10660,28856,-1318,-5565
51510,2020,9362,22541,10717,28139,-1355,-5598
51510,2021,9624,23013,9831,25477,-207,-2464
51515,2011,169,509,204,605,-35,-96
51515,2012,200,602,198,610,2,-8
51520,2011,483,1422,467,1385,16,37
51520,2012,434,1343,484,1469,-50,-126
51520,2013,367,1103,410,1211,-43,-108
51520,2014,327,970,311,951,16,19
51520,2015,389,1133,391,1169,-2,-36
51520,2016,473,1431,538,1633,-65,-202
51520,2017,347,1038,438,1232,-91,-194
51520,2018,384,1135,382,1130,2,5
51520,2019,411,1229,407,1262,4,-33
51520,2020,386,1086,378,1096,8,-10
51520,2021,378,1052,450,1324,-72,-272
51530,2011,121,397,103,317,18,80
51530,2012,99,326,104,339,-5,-13
51530,2013,80,234,103,314,-23,-80
51530,2014,63,209,74,244,-11,-35
51530,2015,97,293,127,388,-30,-95
51530,2016,129,386,143,437,-14,-51
51530,2017,66,193,107,316,-41,-123
51530,2018,100,281,92,289,8,-8
51530,2019,84,273,87,285,-3,-12
51530,2020,75,219,88,264,-13,-45
51530,2021,74,234,72,220,2,14
51540,2011,1426,3766,1910,5155,-484,-1389
51540,2012,1535,4042,1799,4845,-264,-803
51540,2013,1258,3326,1415,3831,-157,-505
51540,2014,880,2308,864,2403,16,-95
51540,2015,1302,3355,1512,4080,-210,-725
51540,2016,1803,4708,2525,6653,-722,-1945
51540,2017,1219,3169,1779,4651,-560,-1482
51540,2018,1237,3159,1695,4423,-458,-1264
51540,2019,1276,3249,1888,5046,-612,-1797
51540,2020,1124,2824,1777,4599,-653,-1775
51540,2021,1114,2824,1758,4382,-644,-1558
51550,2011,7030,21636,6567,19854,463,1782
51550,2012,7580,23505,7053,21433,527,2072
51550,2013,6330,19419,5916,17652,414,1767
51550,2014,4545,13467,4466,12927,79,540
51550,2015,6740,20908,6461,19037,279,1871
51550,2016,9745,30532,8960,27243,785,3289
51550,2017,7006,21502,6586,19352,420,2150
51550,2018,6819,20905,6448,18990,371,1915
51550,2019,7595,23461,7022,21232,573,2229
51550,2020,7701,22855,7128,20951,573,1904
51550,2021,7442,21968,7002,19853,440,2115
51570,2011,630,1846,600,1703,30,143
51570,2012,602,1749,648,1848,-46,-99
51570,2013,603,1781,575,1624,28,157
51570,2014,446,1301,518,1510,-72,-209
51570,2015,641,1829,603,1706,38,123
51570,2016,834,2447,815,2330,19,117
51570,2017,653,1899,616,1834,37,65
51570,2018,645,1870,645,1893,0,-23
51570,2019,645,1906,612,1790,33,116
51570,2020,664,1865,593,1673,71,192
51570,2021,637,1809,594,1630,43,179
51580,2011,108,349,169,494,-61,-145
51580,2012,118,350,124,384,-6,-34
51580,2013,107,345,104,315,3,30
51580,2014,88,258,87,270,1,-12
51580,2015,100,299,110,328,-10,-29
51580,2016,127,367,143,420,-16,-53
51580,2017,99,298,114,338,-15,-40
51580,2018,107,301,109,330,-2,-29
51580,2019,100,314,94,268,6,46
51580,2020,109,327,106,341,3,-14
51580,2021,107,310,110,341,-3,-31
51590,2011,644,2031,771,2355,-127,-324
51590,2012,650,2007,797,2486,-147,-479
51590,2013,591,1798,634,1994,-43,-196
51590,2014,473,1446,488,1526,-15,-80
51590,2015,552,1684,623,1936,-71,-252
51590,2016,675,1963,903,2729,-228,-766
51590,2017,514,1509,659,1971,-145,-462
51590,2018,545,1617,600,1743,-55,-126
51590,2019,563,1733,608,1891,-45,-158
51590,2020,563,1609,545,1594,18,15
51590,2021,534,1574,549,1602,-15,-28
51595,2011,144,479,175,588,-31,-109
51595,2012,142,450,168,562,-26,-112
51595,2013,101,327,107,347,-6,-20
51595,2014,101,348,80,260,21,88
51595,2015,75,258,124,397,-49,-139
51595,2016,110,338,128,423,-18,-85
51595,2017,85,255,111,369,-26,-114
51595,2018,88,304,91,288,-3,16
51595,2019,76,236,84,262,-8,-26
51595,2020,98,295,63,200,35,95
51595,2021,70,218,74,230,-4,-12
51600,2011,963,2630,1273,3575,-310,-945
51600,2012,1051,2969,1156,3169,-105,-200
51600,2013,898,2556,1077,3003,-179,-447
51600,2014,696,1980,722,1972,-26,8
51600,2015,940,2674,992,2675,-52,-1
51600,2016,1216,3445,1355,3781,-139,-336
51600,2017,1065,2928,1032,2867,33,61
51600,2018,1014,2759,1073,2923,-59,-164
51600,2019,1121,3115,1095,3019,26,96
51600,2020,1104,2920,1135,3025,-31,-105
51600,2021,970,2564,1046,2737,-76,-173
51610,2011,579,1607,510,1410,69,197
51610,2012,517,1526,537,1477,-20,49
51610,2013,523,1421,469,1305,54,116
51610,2014,321,913,343,920,-22,-7
51610,2015,445,1245,494,1371,-49,-126
51610,2016,853,2285,656,1843,197,442
51610,2017,613,1629,512,1398,101,231
51610,2018,620,1653,526,1374,94,279
51610,2019,555,1460,678,1807,-123,-347
51610,2020,574,1447,636,1679,-62,-232
51610,2021,659,1642,527,1330,132,312
51620,2011,185,561,233,745,-48,-184
51620,2012,238,740,239,702,-1,38
51620,2013,161,513,181,602,-20,-89
51620,2014,117,381,136,427,-19,-46
51620,2015,172,529,194,629,-22,-100
51620,2016,202,650,195,624,7,26
51620,2017,160,516,195,650,-35,-134
51620,2018,155,496,168,524,-13,-28
51620,2019,154,499,201,638,-47,-139
51620,2020,151,475,144,454,7,21
51620,2021,123,354,140,404,-17,-50
51630,2011,1460,4263,1366,4092,94,171
51630,2012,1485,4227,1483,4318,2,-91
51630,2013,1199,3479,1391,4023,-192,-544
51630,2014,942,2626,1019,2928,-77,-302
51630,2015,1306,3650,1398,3964,-92,-314
51630,2016,1705,4844,1804,5111,-99,-267
51630,2017,1345,3760,1366,3901,-21,-141
51630,2018,1241,3503,1390,3927,-149,-424
51630,2019,1452,4148,1383,4010,69,138
51630,2020,1383,3778,1449,4121,-66,-343
51630,2021,1374,3801,1319,3659,55,142
51640,2011,209,761,175,590,34,171
51640,2012,182,641,173,560,9,81
51640,2013,143,456,175,558,-32,-102
51640,2014,111,351,135,433,-24,-82
51640,2015,140,402,162,513,-22,-111
51640,2016,199,566,184,554,15,12
51640,2017,156,468,176,514,-20,-46
51640,2018,132,375,126,377,6,-2
51640,2019,151,442,166,500,-15,-58
51640,2020,142,415,163,468,-21,-53
51640,2021,141,416,137,397,4,19
51650,2011,4560,13253,4863,14268,-303,-1015
51650,2012,4669,13524,5117,15010,-448,-1486
51650,2013,3830,11096,4171,12155,-341,-1059
51650,2014,2850,8033,3196,9228,-346,-1195
51650,2015,3953,11117,4441,12699,-488,-1582
51650,2016,5017,14357,5766,16748,-749,-2391
51650,2017,4130,11703,4284,12450,-154,-747
51650,2018,3993,11279,4173,11813,-180,-534
51650,2019,4105,11921,4374,12565,-269,-644
51650,2020,4434,12358,4386,12257,48,101
51650,2021,4227,11418,4480,12470,-253,-1052
51660,2011,972,2850,1079,3121,-107,-271
51660,2012,902,2535,1122,3268,-220,-733
51660,2013,809,2275,948,2771,-139,-496
51660,2014,605,1692,659,1868,-54,-176
51660,2015,801,2129,1064,3050,-263,-921
51660,2016,993,2713,1509,4313,-516,-1600
51660,2017,694,1932,1191,3407,-497,-1475
51660,2018,760,2108,1041,2966,-281,-858
51660,2019,819,2269,1166,3380,-347,-1111
51660,2020,794,2159,1189,3406,-395,-1247
51660,2021,841,2222,1278,3529,-437,-1307
51670,2011,581,1791,707,2181,-126,-390
51670,2012,628,1924,681,2075,-53,-151
51670,2013,647,1947,646,1914,1,33
51670,2014,573,1794,530,1638,43,156
51670,2015,751,2251,693,2080,58,171
51670,2016,852,2560,906,2770,-54,-210
51670,2017,706,2095,712,2141,-6,-46
51670,2018,735,2192,654,2026,81,166
51670,2019,709,2191,752,2313,-43,-122
51670,2020,767,2231,719,2111,48,120
51670,2021,681,1956,658,1960,23,-4
51678,2011,109,322,184,533,-75,-211
51678,2012,108,371,97,300,11,71
51678,2013,72,196,95,287,-23,-91
51678,2014,57,147,98,275,-41,-128
51678,2015,99,293,89,263,10,30
51678,2016,138,411,132,392,6,19
51678,2017,75,222,119,340,-44,-118
51678,2018,90,270,93,265,-3,5
51678,2019,76,231,108,347,-32,-116
51678,2020,73,211,89,280,-16,-69
51678,2021,67,198,87,241,-20,-43
51680,2011,1473,4203,1721,5025,-248,-822
51680,2012,1551,4541,1805,5358,-254,-817
51680,2013,1192,3379,1532,4482,-340,-1103
51680,2014,977,2739,1097,3206,-120,-467
51680,2015,1309,3598,1722,5028,-413,-1430
51680,2016,1959,5436,2296,6850,-337,-1414
51680,2017,1311,3676,1675,4905,-364,-1229
51680,2018,1385,3929,1674,4713,-289,-784
51680,2019,1404,3895,1787,5388,-383,-1493
51680,2020,1411,3852,1830,5267,-419,-1415
51680,2021,1443,3870,1694,4774,-251,-904
51683,2011,1739,5419,1669,5140,70,279
51683,2012,1919,5754,1808,5631,111,123
51683,2013,1653,5108,1788,5583,-135,-475
51683,2014,1359,4199,1292,4009,67,190
51683,2015,1673,4982,1668,5178,5,-196
51683,2016,2204,6523,2250,6762,-46,-239
51683,2017,1705,5034,1746,5290,-41,-256
51683,2018,1582,4605,1761,5365,-179,-760
51683,2019,1729,5111,1734,5266,-5,-155
51683,2020,1807,5066,1707,5019,100,47
51683,2021,1604,4385,1698,4850,-94,-465
51685,2011,788,2403,697,2202,91,201
51685,2012,825,2538,799,2490,26,48
51685,2013,643,1988,757,2306,-114,-318
51685,2014,563,1775,476,1505,87,270
51685,2015,752,2308,723,2175,29,133
51685,2016,1197,3575,835,2546,362,1029
51685,2017,823,2436,776,2347,47,89
51685,2018,727,2084,780,2344,-53,-260
51685,2019,771,2235,766,2290,5,-55
51685,2020,713,2025,721,2081,-8,-56
51685,2021,647,1839,716,2082,-69,-243
51690,2011,332,1054,384,1217,-52,-163
51690,2012,378,1204,363,1159,15,45
51690,2013,270,842,271,859,-1,-17
51690,2014,248,759,236,723,12,36
51690,2015,276,862,324,1019,-48,-157
51690,2016,346,1041,355,1112,-9,-71
51690,2017,290,919,317,952,-27,-33
51690,2018,266,794,304,934,-38,-140
51690,2019,290,879,317,1010,-27,-131
51690,2020,294,848,312,921,-18,-73
51690,2021,277,765,269,805,8,-40
51700,2011,6042,17790,6543,19563,-501,-1773
51700,2012,6178,18376,6620,19960,-442,-1584
51700,2013,5067,14770,5530,16493,-463,-1723
51700,2014,3851,10992,4060,11744,-209,-752
51700,2015,5169,14658,5646,16666,-477,-2008
51700,2016,6568,19056,8009,23757,-1441,-4701
51700,2017,5170,14904,5670,16535,-500,-1631
51700,2018,5036,14294,5410,15665,-374,-1371
51700,2019,5055,14324,5779,17142,-724,-2818
51700,2020,5230,14475,5972,17088,-742,-2613
51700,2021,4978,13736,5510,15418,-532,-1682
51710,2011,8680,24770,9375,27255,-695,-2485
51710,2012,8673,24724,10143,30032,-1470,-5308
51710,2013,7161,20270,8499,24960,-1338,-4690
51710,2014,5676,15846,6311,18146,-635,-2300
51710,2015,7613,21380,9015,26122,-1402,-4742
51710,2016,9355,26424,11367,33212,-2012,-6788
51710,2017,7779,21300,8477,24204,-698,-2904
51710,2018,7628,20965,8639,24654,-1011,-3689
51710,2019,7769,21645,9033,26315,-1264,-4670
51710,2020,7821,20994,9155,25286,-1334,-4292
51710,2021,7803,20820,9049,24900,-1246,-4080
51720,2011,105,331,91,278,14,53
51720,2012,104,336,94,315,10,21
51720,2013,92,294,89,258,3,36
51720,2014,71,219,94,312,-23,-93
51720,2015,86,261,81,259,5,2
51720,2016,107,315,88,281,19,34
51720,2017,103,329,79,248,24,81
51720,2018,90,292,80,236,10,56
51720,2019,80,271,85,298,-5,-27
51720,2020,99,283,84,263,15,20
51720,2021,81,233,83,238,-2,-5
51730,2011,1034,3002,1217,3758,-183,-756
51730,2012,1059,3136,1118,3430,-59,-294
51730,2013,927,2742,1126,3413,-199,-671
51730,2014,870,2496,918,2783,-48,-287
51730,2015,953,2760,1219,3631,-266,-871
51730,2016,1214,3479,1497,4434,-283,-955
51730,2017,1070,3107,1199,3528,-129,-421
51730,2018,999,2902,1124,3355,-125,-453
51730,2019,1094,3154,1153,3402,-59,-248
51730,2020,1135,3166,1162,3267,-27,-101
51730,2021,1007,2776,1125,3143,-118,-367
51735,2011,188,582,215,602,-27,-20
51735,2012,193,591,169,485,24,106
51735,2013,188,582,176,507,12,75
51735,2014,129,373,135,364,-6,9
51735,2015,195,613,193,507,2,106
51735,2016,313,1007,218,616,95,391
51735,2017,237,712,190,541,47,171
51735,2018,202,624,190,529,12,95
51735,2019,264,866,168,457,96,409
51735,2020,215,634,242,708,-27,-74
51735,2021,191,569,162,444,29,125
51740,2011,3273,9774,3199,9676,74,98
51740,2012,3201,9412,3301,10055,-100,-643
51740,2013,2712,8232,2889,8735,-177,-503
51740,2014,2217,6474,2234,6573,-17,-99
51740,2015,2651,7788,3013,9072,-362,-1284
51740,2016,3547,10466,3734,11405,-187,-939
51740,2017,2894,8421,2850,8550,44,-129
51740,2018,2734,8062,2807,8424,-73,-362
51740,2019,3000,8870,2902,8792,98,78
51740,2020,3190,8982,3116,8977,74,5
51740,2021,2972,8301,2959,8558,13,-257
51750,2011,299,843,353,993,-54,-150
51750,2012,334,905,308,826,26,79
51750,2013,311,895,282,765,29,130
51750,2014,182,517,219,645,-37,-128
51750,2015,260,783,345,952,-85,-169
51750,2016,345,943,443,1239,-98,-296
51750,2017,301,832,312,857,-11,-25
51750,2018,273,766,312,810,-39,-44
51750,2019,303,834,327,863,-24,-29
51750,2020,297,751,288,790,9,-39
51750,2021,381,976,380,1027,1,-51
51760,2011,8274,22541,8340,23248,-66,-707
51760,2012,8411,22541,8796,24270,-385,-1729
51760,2013,7687,20380,8125,22464,-438,-2084
51760,2014,6400,16890,5789,15984,611,906
51760,2015,8443,21758,8740,23838,-297,-2080
51760,2016,10750,27492,11948,32195,-1198,-4703
51760,2017,8761,22224,9108,24306,-347,-2082
51760,2018,8265,20936,9153,24152,-888,-3216
51760,2019,8586,21706,9660,25952,-1074,-4246
51760,2020,9034,22226,10055,26084,-1021,-3858
51760,2021,9367,22484,9898,25147,-531,-2663
51770,2011,2549,7172,2648,7666,-99,-494
51770,2012,2586,7088,2711,7988,-125,-900
51770,2013,2207,6073,2329,6812,-122,-739
51770,2014,1709,4610,1674,4845,35,-235
51770,2015,2292,6202,2562,7341,-270,-1139
51770,2016,2906,7947,3513,10164,-607,-2217
51770,2017,2251,6029,2454,7014,-203,-985
51770,2018,2266,6139,2382,6629,-116,-490
51770,2019,2308,6058,2666,7514,-358,-1456
51770,2020,2213,5735,2694,7364,-481,-1629
51770,2021,2028,5211,2531,6944,-503,-1733
51775,2011,746,2223,799,2323,-53,-100
51775,2012,736,2162,800,2289,-64,-127
51775,2013,620,1790,731,2105,-111,-315
51775,2014,507,1444,544,1525,-37,-81
51775,2015,717,2087,744,2124,-27,-37
51775,2016,983,2915,940,2700,43,215
51775,2017,713,2041,707,1992,6,49
51775,2018,734,2093,735,2136,-1,-43
51775,2019,716,2115,724,2090,-8,25
51775,2020,773,2108,765,2121,8,-13
51775,2021,709,1958,659,1817,50,141
51790,2011,689,1925,655,1883,34,42
51790,2012,634,1754,609,1669,25,85
51790,2013,595,1636,553,1582,42,54
51790,2014,473,1288,485,1371,-12,-83
51790,2015,614,1676,606,1750,8,-74
51790,2016,823,2283,803,2267,20,16
51790,2017,707,1956,654,1815,53,141
51790,2018,638,1805,626,1776,12,29
51790,2019,686,1853,720,2172,-34,-319
51790,2020,663,1788,631,1746,32,42
51790,2021,629,1707,682,1875,-53,-168
51800,2011,2041,6400,1920,6028,121,372
51800,2012,2364,7278,2017,6259,347,1019
51800,2013,2070,6481,1646,5097,424,1384
51800,2014,1528,4641,1315,3949,213,692
51800,2015,2245,7007,1836,5471,409,1536
51800,2016,3288,10358,2580,8033,708,2325
51800,2017,2386,7334,2016,6046,370,1288
51800,2018,2512,7515,1873,5602,639,1913
51800,2019,2766,8463,2158,6549,608,1914
51800,2020,3021,9144,2231,6555,790,2589
51800,2021,3059,9006,2141,6085,918,2921
51810,2011,13508,39592,14251,42295,-743,-2703
51810,2012,14122,41846,14975,44443,-853,-2597
51810,2013,11696,34167,12755,37962,-1059,-3795
51810,2014,8488,23913,8567,24291,-79,-378
51810,2015,11956,34694,13295,39072,-1339,-4378
51810,2016,16029,47270,17840,53509,-1811,-6239
51810,2017,12147,34996,12860,37306,-713,-2310
51810,2018,11714,33688,12508,36114,-794,-2426
51810,2019,12451,36247,13055,38584,-604,-2337
51810,2020,12381,34790,13864,39566,-1483,-4776
51810,2021,11819,32785,13429,37972,-1610,-5187
51820,2011,576,1643,629,1926,-53,-283
51820,2012,603,1719,620,1851,-17,-132
51820,2013,557,1594,528,1547,29,47
51820,2014,473,1355,413,1229,60,126
51820,2015,640,1766,556,1630,84,136
51820,2016,933,2663,818,2436,115,227
51820,2017,604,1703,653,1866,-49,-163
51820,2018,679,1946,651,1900,28,46
51820,2019,743,2146,645,1931,98,215
51820,2020,701,1937,651,1848,50,89
51820,2021,750,2010,570,1664,180,346
51830,2011,450,1313,591,1662,-141,-349
51830,2012,531,1483,520,1490,11,-7
51830,2013,387,1098,442,1278,-55,-180
51830,2014,340,975,339,988,1,-13
51830,2015,330,939,481,1391,-151,-452
51830,2016,492,1391,579,1646,-87,-255
51830,2017,441,1238,464,1309,-23,-71
51830,2018,355,980,558,1589,-203,-609
51830,2019,431,1211,470,1344,-39,-133
51830,2020,429,1186,547,1490,-118,-304
51830,2021,394,1065,420,1143,-26,-78
51840,2011,1016,2999,973,2821,43,178
51840,2012,1042,3083,1060,3083,-18,0
51840,2013,881,2554,1008,2944,-127,-390
51840,2014,673,1872,762,2218,-89,-346
51840,2015,936,2581,959,2798,-23,-217
51840,2016,1163,3231,1301,3697,-138,-466
51840,2017,869,2391,1154,3266,-285,-875
51840,2018,874,2434,895,2521,-21,-87
51840,2019,931,2574,1102,3161,-171,-587
51840,2020,947,2503,1015,2780,-68,-277
51840,2021,907,2438,996,2706,-89,-268
53001,2011,244,927,306,1121,-62,-194
53001,2012,209,828,270,984,-61,-156
53001,2013,197,762,274,1007,-77,-245
53001,2014,157,611,234,887,-77,-276
53001,2015,198,732,265,1017,-67,-285
53001,2016,293,1108,264,898,29,210
53001,2017,199,758,319,1094,-120,-336
53001,2018,181,641,259,875,-78,-234
53001,2019,217,708,310,952,-93,-244
53001,2020,306,935,370,1099,-64,-164
53001,2021,297,853,325,912,-28,-59
53003,2011,440,1276,404,1157,36,119
53003,2012,512,1475,434,1246,78,229
53003,2013,390,1114,378,1089,12,25
53003,2014,298,856,281,795,17,61
53003,2015,415,1166,400,1110,15,56
53003,2016,472,1329,495,1363,-23,-34
53003,2017,436,1237,391,1071,45,166
53003,2018,368,1030,381,1053,-13,-23
53003,2019,462,1272,384,1108,78,164
53003,2020,381,1040,377,1016,4,24
53003,2021,382,1022,352,971,30,51
53005,2011,3632,11725,3609,11354,23,371
53005,2012,4143,13491,3636,11327,507,2164
53005,2013,3447,11316,3254,10164,193,1152
53005,2014,2683,8562,2271,6886,412,1676
53005,2015,3700,11845,3325,10178,375,1667
53005,2016,5454,17664,4252,13171,1202,4493
53005,2017,4038,12623,3687,11403,351,1220
53005,2018,4007,12136,3432,10317,575,1819
53005,2019,4361,13500,3654,11102,707,2398
53005,2020,4529,13263,3926,11369,603,1894
53005,2021,4418,12743,3692,10314,726,2429
53007,2011,1539,4622,1582,4715,-43,-93
53007,2012,1694,5031,1516,4507,178,524
53007,2013,1429,4301,1303,3856,126,445
53007,2014,1136,3275,1115,3253,21,22
53007,2015,1690,4977,1501,4529,189,448
53007,2016,2382,7102,2050,6083,332,1019
53007,2017,1660,4829,1614,4782,46,47
53007,2018,1657,4711,1543,4414,114,297
53007,2019,2068,5987,1703,4854,365,1133
53007,2020,1975,5480,1622,4509,353,971
53007,2021,1802,4983,1683,4532,119,451
53009,2011,958,2681,906,2484,52,197
53009,2012,1098,3082,928,2496,170,586
53009,2013,812,2257,648,1761,164,496
53009,2014,544,1449,494,1261,50,188
53009,2015,924,2512,707,1927,217,585
53009,2016,1646,4486,900,2447,746,2039
53009,2017,1150,3118,705,1869,445,1249
53009,2018,998,2657,681,1807,317,850
53009,2019,1343,3652,709,1846,634,1806
53009,2020,1323,3461,789,1990,534,1471
53009,2021,1052,2719,828,2122,224,597
53011,2011,9051,27218,7839,22928,1212,4290
53011,2012,10056,30452,7978,23575,2078,6877
53011,2013,8769,26300,6813,19825,1956,6475
53011,2014,6820,20484,5359,15269,1461,5215
53011,2015,10415,30924,7647,22220,2768,8704
53011,2016,15134,44470,10939,32156,4195,12314
53011,2017,11292,31948,8740,24852,2552,7096
53011,2018,11025,30893,8558,24071,2467,6822
53011,2019,12721,35709,9299,26519,3422,9190
53011,2020,13486,36656,10063,27925,3423,8731
53011,2021,13261,35187,10116,27694,3145,7493
53013,2011,60,186,33,92,27,94
53013,2012,40,113,37,115,3,-2
53013,2013,38,121,35,105,3,16
53013,2014,20,61,31,100,-11,-39
53013,2015,32,84,29,87,3,-3
53013,2016,37,118,48,154,-11,-36
53013,2017,35,112,39,127,-4,-15
53013,2018,26,73,40,120,-14,-47
53013,2019,45,162,47,145,-2,17
53013,2020,79,216,35,101,44,115
53013,2021,49,131,36,95,13,36
53015,2011,1467,4310,1539,4572,-72,-262
53015,2012,1713,5193,1570,4741,143,452
53015,2013,1401,4283,1244,3654,157,629
53015,2014,1227,3629,999,2881,228,748
53015,2015,1858,5675,1386,4016,472,1659
53015,2016,2818,8719,1951,5765,867,2954
53015,2017,2279,6698,1627,4662,652,2036
53015,2018,2083,6139,1670,4821,413,1318
53015,2019,2263,6828,1780,5283,483,1545
53015,2020,2479,7098,1868,5325,611,1773
53015,2021,2324,6564,1570,4329,754,2235
53017,2011,1059,3375,996,3070,63,305
53017,2012,1035,3321,1057,3347,-22,-26
53017,2013,994,3141,917,2858,77,283
53017,2014,801,2544,739,2246,62,298
53017,2015,1160,3653,987,3049,173,604
53017,2016,1515,4729,1372,4262,143,467
53017,2017,1240,3841,1064,3264,176,577
53017,2018,1114,3355,1002,2952,112,403
53017,2019,1320,3946,1100,3362,220,584
53017,2020,1332,3802,1021,2976,311,826
53017,2021,1289,3587,1131,3159,158,428
53019,2011,92,281,112,355,-20,-74
53019,2012,107,340,83,238,24,102
53019,2013,60,178,71,208,-11,-30
53019,2015,54,149,58,182,-4,-33
53019,2016,108,314,99,305,9,9
53019,2017,76,243,67,214,9,29
53019,2018,52,159,101,319,-49,-160
53019,2019,54,157,69,193,-15,-36
53019,2020,106,343,50,140,56,203
53019,2021,90,267,65,205,25,62
53021,2011,2148,7328,1944,6572,204,756
53021,2012,2053,7001,2163,7470,-110,-469
53021,2013,1917,6447,1833,6319,84,128
53021,2014,1505,4950,1472,5019,33,-69
53021,2015,2029,6634,1966,6690,63,-56
53021,2016,2700,8817,2341,7783,359,1034
53021,2017,2401,7876,1981,6552,420,1324
53021,2018,2107,6611,2016,6405,91,206
53021,2019,2333,7321,2106,6815,227,506
53021,2020,2332,6924,2288,6821,44,103
53021,2021,2103,6087,2180,6489,-77,-402
53023,2011,15,50,NA,NA,NA,NA
53023,2012,10,34,13,46,-3,-12
53025,2011,1234,4021,1315,4302,-81,-281
53025,2012,1282,4196,1320,4326,-38,-130
53025,2013,1010,3221,1026,3383,-16,-162
53025,2014,767,2472,1004,3374,-237,-902
53025,2015,1047,3434,1169,3691,-122,-257
53025,2016,1531,4709,1368,4196,163,513
53025,2017,1292,3998,1062,3306,230,692
53025,2018,1170,3504,1048,3146,122,358
53025,2019,1480,4535,1195,3497,285,1038
53025,2020,1810,5160,1344,3777,466,1383
53025,2021,1724,4759,1508,4051,216,708
53027,2011,984,2793,1037,3008,-53,-215
53027,2012,921,2671,1127,3219,-206,-548
53027,2013,816,2351,949,2722,-133,-371
53027,2014,686,1952,643,1800,43,152
53027,2015,1046,2953,973,2749,73,204
53027,2016,1759,5079,1209,3333,550,1746
53027,2017,1257,3561,905,2494,352,1067
53027,2018,1323,3750,895,2520,428,1230
53027,2019,1525,4340,964,2780,561,1560
53027,2020,1678,4545,1158,3128,520,1417
53027,2021,1511,4133,982,2630,529,1503
53029,2011,1986,5864,2030,6018,-44,-154
53029,2012,2204,6458,2146,6419,58,39
53029,2013,2000,5955,1621,4897,379,1058
53029,2014,1405,4018,1263,3456,142,562
53029,2015,2205,6489,1800,5122,405,1367
53029,2016,3557,10792,2593,7739,964,3053
53029,2017,2591,7558,2006,5818,585,1740
53029,2018,2363,6738,1956,5695,407,1043
53029,2019,2722,7905,2071,6019,651,1886
53029,2020,2546,7152,2166,6157,380,995
53029,2021,2302,6395,2083,5772,219,623
53031,2011,580,1561,457,1223,123,338
53031,2012,601,1583,543,1489,58,94
53031,2013,542,1489,366,982,176,507
53031,2014,338,897,315,815,23,82
53031,2015,541,1444,409,1097,132,347
53031,2016,940,2494,562,1498,378,996
53031,2017,677,1808,429,1139,248,669
53031,2018,630,1651,436,1125,194,526
53031,2019,758,1995,444,1176,314,819
53031,2020,727,1911,439,1137,288,774
53031,2021,654,1665,444,1135,210,530
53033,2011,48698,130538,44989,122897,3709,7641
53033,2012,51202,138285,47864,132306,3338,5979
53033,2013,46874,124328,43768,121043,3106,3285
53033,2014,35818,92839,32469,87788,3349,5051
53033,2015,52587,137926,49534,135652,3053,2274
53033,2016,73600,192654,74922,208274,-1322,-15620
53033,2017,58152,149145,59206,161712,-1054,-12567
53033,2018,58136,148007,55703,149869,2433,-1862
53033,2019,58480,148076,64555,175644,-6075,-27568
53033,2020,59181,146264,69678,187099,-10497,-40835
53033,2021,63182,153303,68123,180727,-4941,-27424
53035,2011,5203,15407,5694,16804,-491,-1397
53035,2012,5487,16255,5887,17612,-400,-1357
53035,2013,4780,14097,4756,13715,24,382
53035,2014,4178,11811,3042,8395,1136,3416
53035,2015,5707,16652,4849,13915,858,2737
53035,2016,8602,25613,7229,21396,1373,4217
53035,2017,6653,19039,5633,16272,1020,2767
53035,2018,6308,18090,5451,15602,857,2488
53035,2019,6679,19088,6224,18265,455,823
53035,2020,6916,19500,5905,16523,1011,2977
53035,2021,6628,18389,5682,15669,946,2720
53037,2011,798,2161,808,2131,-10,30
53037,2012,847,2398,959,2583,-112,-185
53037,2013,735,1964,728,1941,7,23
53037,2014,638,1639,463,1225,175,414
53037,2015,962,2611,777,1970,185,641
53037,2016,1315,3597,1096,2764,219,833
53037,2017,1084,2953,901,2279,183,674
53037,2018,1015,2747,874,2244,141,503
53037,2019,1225,3436,954,2475,271,961
53037,2020,1205,3272,955,2436,250,836
53037,2021,1139,3048,959,2373,180,675
53039,2011,350,1118,314,936,36,182
53039,2012,378,1144,336,982,42,162
53039,2013,316,903,263,797,53,106
53039,2014,229,656,233,681,-4,-25
53039,2015,341,996,249,742,92,254
53039,2016,481,1423,340,998,141,425
53039,2017,389,1126,259,763,130,363
53039,2018,373,1052,254,725,119,327
53039,2019,474,1388,277,771,197,617
53039,2020,429,1194,251,705,178,489
53039,2021,441,1220,293,806,148,414
53041,2011,1214,3714,1317,3925,-103,-211
53041,2012,1263,3756,1351,3950,-88,-194
53041,2013,1110,3312,1124,3187,-14,125
53041,2014,850,2474,813,2354,37,120
53041,2015,1365,4084,997,2882,368,1202
53041,2016,2152,6489,1382,4072,770,2417
53041,2017,1668,4905,1144,3246,524,1659
53041,2018,1641,4932,1190,3356,451,1576
53041,2019,1925,5867,1224,3467,701,2400
53041,2020,2010,5840,1189,3230,821,2610
53041,2021,1755,5049,1258,3404,497,1645
53043,2011,150,445,143,448,7,-3
53043,2012,148,450,170,499,-22,-49
53043,2013,119,377,151,425,-32,-48
53043,2014,68,212,90,243,-22,-31
53043,2015,125,366,124,366,1,0
53043,2016,246,804,189,542,57,262
53043,2017,116,367,120,362,-4,5
53043,2018,154,465,127,350,27,115
53043,2019,193,629,121,345,72,284
53043,2020,271,812,109,297,162,515
53043,2021,220,631,132,359,88,272
53045,2011,1165,3345,1143,3251,22,94
53045,2012,1218,3409,1192,3473,26,-64
53045,2013,1092,3154,948,2787,144,367
53045,2014,874,2515,845,2340,29,175
53045,2015,1300,3707,1088,3087,212,620
53045,2016,2092,6021,1344,3817,748,2204
53045,2017,1772,5090,1223,3417,549,1673
53045,2018,1668,4722,1178,3301,490,1421
53045,2019,2079,6112,1253,3505,826,2607
53045,2020,2070,5780,1394,3753,676,2027
53045,2021,1689,4705,1209,3219,480,1486
53047,2011,479,1444,558,1705,-79,-261
53047,2012,492,1477,568,1703,-76,-226
53047,2013,410,1230,422,1265,-12,-35
53047,2014,318,936,344,1042,-26,-106
53047,2015,520,1440,392,1174,128,266
53047,2016,645,1959,530,1535,115,424
53047,2017,503,1525,419,1237,84,288
53047,2018,523,1498,368,1041,155,457
53047,2019,602,1719,431,1255,171,464
53047,2020,630,1750,427,1161,203,589
53047,2021,631,1803,392,1045,239,758
53049,2011,309,872,322,929,-13,-57
53049,2012,367,1060,327,929,40,131
53049,2013,288,846,217,629,71,217
53049,2014,220,632,157,426,63,206
53049,2015,281,774,253,703,28,71
53049,2016,563,1563,303,860,260,703
53049,2017,427,1209,218,608,209,601
53049,2018,384,1081,278,768,106,313
53049,2019,511,1396,259,693,252,703
53049,2020,573,1588,246,674,327,914
53049,2021,406,1061,263,669,143,392
53051,2011,197,622,404,1267,-207,-645
53051,2012,185,575,225,715,-40,-140
53051,2013,175,553,156,477,19,76
53051,2014,139,445,160,484,-21,-39
53051,2015,180,535,168,533,12,2
53051,2016,267,826,212,637,55,189
53051,2017,193,587,226,665,-33,-78
53051,2018,210,652,176,513,34,139
53051,2019,331,1077,223,633,108,444
53051,2020,379,1158,233,672,146,486
53051,2021,299,912,265,751,34,161
53053,2011,20120,60557,19709,58916,411,1641
53053,2012,21949,66700,20662,62627,1287,4073
53053,2013,19715,59434,17668,53398,2047,6036
53053,2014,14948,43461,12946,37173,2002,6288
53053,2015,23221,69049,18163,53610,5058,15439
53053,2016,33310,100264,26768,80795,6542,19469
53053,2017,25267,74031,21937,64650,3330,9381
53053,2018,23486,68176,21274,61347,2212,6829
53053,2019,25356,74476,22404,66809,2952,7667
53053,2020,25937,73427,24791,71261,1146,2166
53053,2021,24926,69754,24141,68481,785,1273
53055,2011,205,532,176,434,29,98
53055,2012,231,608,183,467,48,141
53055,2013,145,372,160,417,-15,-45
53055,2014,122,331,129,326,-7,5
53055,2015,157,438,148,385,9,53
53055,2016,327,895,174,427,153,468
53055,2017,258,686,155,390,103,296
53055,2018,201,505,162,406,39,99
53055,2019,352,946,184,471,168,475
53055,2020,366,967,176,442,190,525
53055,2021,252,666,202,512,50,154
53057,2011,2148,6136,2102,6064,46,72
53057,2012,2333,6700,2027,5736,306,964
53057,2013,2022,5798,1608,4406,414,1392
53057,2014,1476,4119,1292,3555,184,564
53057,2015,2227,6204,1763,4980,464,1224
53057,2016,3490,9944,2468,6882,1022,3062
53057,2017,2624,7223,1942,5347,682,1876
53057,2018,2466,6705,1892,5118,574,1587
53057,2019,2941,8176,2083,5743,858,2433
53057,2020,2718,7315,2183,5924,535,1391
53057,2021,2723,7320,2183,5770,540,1550
53059,2011,195,577,189,567,6,10
53059,2012,212,661,164,508,48,153
53059,2013,198,654,144,428,54,226
53059,2014,158,452,112,348,46,104
53059,2015,206,662,138,419,68,243
53059,2016,261,767,186,563,75,204
53059,2017,238,707,184,540,54,167
53059,2018,218,623,179,512,39,111
53059,2019,228,678,146,410,82,268
53059,2020,241,689,189,521,52,168
53059,2021,305,893,167,428,138,465
53061,2011,17667,50870,15416,43938,2251,6932
53061,2012,18812,53644,16386,47207,2426,6437
53061,2013,16489,46771,14043,39126,2446,7645
53061,2014,12468,34469,10951,29728,1517,4741
53061,2015,19455,54842,14871,40857,4584,13985
53061,2016,27122,77209,22462,63480,4660,13729
53061,2017,20272,56793,18256,50469,2016,6324
53061,2018,18977,52123,17211,47204,1766,4919
53061,2019,21107,58308,18920,52647,2187,5661
53061,2020,22235,60441,19937,54696,2298,5745
53061,2021,21408,57485,20333,55758,1075,1727
53063,2011,7194,20782,7480,21687,-286,-905
53063,2012,7656,22291,7688,21993,-32,298
53063,2013,6673,19090,5822,16475,851,2615
53063,2014,4858,13410,4338,11871,520,1539
53063,2015,7698,22018,6277,17581,1421,4437
53063,2016,11786,34278,8639,24262,3147,10016
53063,2017,9100,25928,6676,18420,2424,7508
53063,2018,8542,23817,6860,18823,1682,4994
53063,2019,9522,26887,7616,21493,1906,5394
53063,2020,10052,27859,8172,22277,1880,5582
53063,2021,9741,26468,8131,21733,1610,4735
53065,2011,721,2223,633,1934,88,289
53065,2012,679,2107,703,2084,-24,23
53065,2013,557,1715,513,1527,44,188
53065,2014,442,1388,440,1237,2,151
53065,2015,657,2051,628,1826,29,225
53065,2016,967,3037,754,2224,213,813
53065,2017,735,2220,573,1632,162,588
53065,2018,753,2275,613,1802,140,473
53065,2019,959,3026,674,1987,285,1039
53065,2020,845,2533,614,1736,231,797
53065,2021,893,2592,540,1515,353,1077
53067,2011,6688,20127,6250,18370,438,1757
53067,2012,7213,21918,6462,19268,751,2650
53067,2013,5757,17172,5351,15632,406,1540
53067,2014,4411,12542,3860,10765,551,1777
53067,2015,7129,21006,5620,16280,1509,4726
53067,2016,10400,31571,7945,23625,2455,7946
53067,2017,7865,22843,6250,17867,1615,4976
53067,2018,7609,22202,6443,18187,1166,4015
53067,2019,8173,24261,6927,20110,1246,4151
53067,2020,8437,24223,7141,20270,1296,3953
53067,2021,8031,22355,7039,19758,992,2597
53069,2011,53,171,29,85,24,86
53069,2012,56,183,56,163,0,20
53069,2013,20,68,27,96,-7,-28
53069,2015,36,127,35,105,1,22
53069,2016,60,204,38,123,22,81
53069,2017,36,108,28,96,8,12
53069,2018,28,97,30,86,-2,11
53069,2019,50,154,30,88,20,66
53069,2020,83,255,37,101,46,154
53069,2021,29,87,28,77,1,10
53071,2011,750,2295,863,2600,-113,-305
53071,2012,781,2358,882,2619,-101,-261
53071,2013,662,2020,679,2052,-17,-32
53071,2014,445,1402,491,1445,-46,-43
53071,2015,638,1918,749,2205,-111,-287
53071,2016,983,3008,994,2981,-11,27
53071,2017,782,2273,720,2085,62,188
53071,2018,691,2004,693,1947,-2,57
53071,2019,743,2136,707,2077,36,59
53071,2020,925,2540,854,2317,71,223
53071,2021,775,2130,791,2122,-16,8
53073,2011,2992,7968,3195,8263,-203,-295
53073,2012,3272,8764,3401,8931,-129,-167
53073,2013,2533,6678,2650,6905,-117,-227
53073,2014,2060,5125,1754,4384,306,741
53073,2015,3375,8819,2717,6881,658,1938
53073,2016,4910,13143,3865,9958,1045,3185
53073,2017,3691,9581,3032,7625,659,1956
53073,2018,3486,9035,3062,7624,424,1411
53073,2019,3846,9898,3576,9021,270,877
53073,2020,4124,10444,3468,8654,656,1790
53073,2021,4196,10434,3670,8919,526,1515
53075,2011,774,2068,986,2535,-212,-467
53075,2012,842,2240,1028,2715,-186,-475
53075,2013,611,1604,770,1980,-159,-376
53075,2014,441,1140,481,1208,-40,-68
53075,2015,663,1737,974,2430,-311,-693
53075,2016,985,2612,1363,3458,-378,-846
53075,2017,645,1655,1051,2632,-406,-977
53075,2018,610,1576,1024,2545,-414,-969
53075,2019,680,1820,1082,2610,-402,-790
53075,2020,805,2117,964,2344,-159,-227
53075,2021,914,2270,1072,2581,-158,-311
53077,2011,2127,6752,2755,8567,-628,-1815
53077,2012,2244,7171,2787,8733,-543,-1562
53077,2013,1745,5475,2251,6854,-506,-1379
53077,2014,1587,5091,1717,5161,-130,-70
53077,2015,1987,6100,2265,6752,-278,-652
53077,2016,2628,7860,3273,9984,-645,-2124
53077,2017,2082,6006,2439,7345,-357,-1339
53077,2018,1884,5366,2158,6200,-274,-834
53077,2019,2023,5828,2487,7200,-464,-1372
53077,2020,2277,6333,2639,7098,-362,-765
53077,2021,2285,6105,2694,7190,-409,-1085
54001,2011,158,473,167,493,-9,-20
54001,2012,142,440,179,528,-37,-88
54001,2013,221,722,203,598,18,124
54001,2014,109,318,111,351,-2,-33
54001,2015,92,277,176,495,-84,-218
54001,2016,183,509,204,626,-21,-117
54001,2017,111,323,133,405,-22,-82
54001,2018,143,441,117,325,26,116
54001,2019,145,465,132,406,13,59
54001,2020,146,417,144,411,2,6
54001,2021,101,296,135,383,-34,-87
54003,2011,1969,5720,1510,4427,459,1293
54003,2012,2088,6109,1482,4337,606,1772
54003,2013,1811,5268,1196,3471,615,1797
54003,2014,1382,3998,895,2573,487,1425
54003,2015,1959,5749,1201,3457,758,2292
54003,2016,2874,8351,1756,5262,1118,3089
54003,2017,2377,6806,1495,4348,882,2458
54003,2018,2240,6522,1501,4307,739,2215
54003,2019,2841,8175,1528,4570,1313,3605
54003,2020,2991,8517,1633,4642,1358,3875
54003,2021,2875,8200,1572,4344,1303,3856
54005,2011,230,738,236,726,-6,12
54005,2012,190,613,249,794,-59,-181
54005,2013,146,451,179,526,-33,-75
54005,2014,102,332,113,338,-11,-6
54005,2015,147,491,150,475,-3,16
54005,2016,178,580,244,771,-66,-191
54005,2017,135,417,160,498,-25,-81
54005,2018,96,264,160,487,-64,-223
54005,2019,138,425,157,475,-19,-50
54005,2020,128,396,213,607,-85,-211
54005,2021,108,331,191,546,-83,-215
54007,2011,87,266,106,331,-19,-65
54007,2012,86,266,79,255,7,11
54007,2013,27,84,69,206,-42,-122
54007,2015,47,150,24,78,23,72
54007,2016,74,219,48,151,26,68
54007,2017,25,69,20,57,5,12
54007,2021,25,75,20,57,5,18
54009,2011,320,923,328,926,-8,-3
54009,2012,303,899,299,901,4,-2
54009,2013,317,902,288,834,29,68
54009,2014,215,594,236,675,-21,-81
54009,2015,320,909,277,797,43,112
54009,2016,357,1037,375,1058,-18,-21
54009,2017,279,808,304,847,-25,-39
54009,2018,288,815,288,841,0,-26
54009,2019,274,797,309,900,-35,-103
54009,2020,311,816,309,828,2,-12
54009,2021,311,840,322,881,-11,-41
54011,2011,1384,3854,1434,4111,-50,-257
54011,2012,1315,3729,1422,4042,-107,-313
54011,2013,1168,3308,1121,3222,47,86
54011,2014,954,2643,852,2442,102,201
54011,2015,1094,3091,1144,3327,-50,-236
54011,2016,1252,3624,1632,4770,-380,-1146
54011,2017,951,2702,1270,3610,-319,-908
54011,2018,984,2783,1040,2918,-56,-135
54011,2019,1129,3215,1278,3695,-149,-480
54011,2020,1268,3444,1279,3558,-11,-114
54011,2021,1136,3019,1197,3277,-61,-258
54013,2011,27,98,78,255,-51,-157
54013,2012,37,97,25,79,12,18
54015,2011,119,410,115,373,4,37
54015,2012,81,274,116,370,-35,-96
54015,2013,27,74,49,158,-22,-84
54015,2014,49,159,28,76,21,83
54015,2015,39,125,74,228,-35,-103
54015,2016,78,253,57,181,21,72
54015,2017,41,115,39,118,2,-3
54015,2018,44,138,51,166,-7,-28
54015,2019,36,121,59,180,-23,-59
54015,2020,34,103,44,124,-10,-21
54015,2021,35,98,52,148,-17,-50
54017,2011,64,183,58,192,6,-9
54017,2012,64,203,80,256,-16,-53
54017,2013,171,563,120,402,51,161
54017,2014,75,216,52,158,23,58
54017,2015,73,222,61,184,12,38
54017,2016,103,319,88,261,15,58
54017,2017,47,141,59,185,-12,-44
54017,2018,44,141,63,197,-19,-56
54017,2019,53,164,53,159,0,5
54017,2020,53,158,56,167,-3,-9
54017,2021,41,116,51,145,-10,-29
54019,2011,496,1534,478,1457,18,77
54019,2012,464,1389,479,1430,-15,-41
54019,2013,365,1128,384,1188,-19,-60
54019,2014,286,859,304,889,-18,-30
54019,2015,334,1012,366,1108,-32,-96
54019,2016,384,1177,420,1289,-36,-112
54019,2017,315,894,355,1052,-40,-158
54019,2018,308,940,302,901,6,39
54019,2019,336,1052,370,1169,-34,-117
54019,2020,336,1000,355,1028,-19,-28
54019,2021,287,828,371,1083,-84,-255
54021,2011,62,204,49,157,13,47
54021,2012,33,93,54,170,-21,-77
54021,2013,20,66,27,84,-7,-18
54021,2014,23,72,NA,NA,NA,NA
54021,2015,48,157,NA,NA,NA,NA
54021,2021,20,57,21,56,-1,1
54023,2011,99,294,144,444,-45,-150
54023,2012,96,289,106,325,-10,-36
54023,2013,76,228,56,174,20,54
54023,2014,97,291,25,81,72,210
54023,2015,85,269,81,253,4,16
54023,2016,99,324,122,363,-23,-39
54023,2017,69,202,77,236,-8,-34
54023,2018,46,123,70,213,-24,-90
54023,2019,78,253,70,201,8,52
54023,2020,84,236,65,182,19,54
54023,2021,77,218,44,127,33,91
54025,2011,278,814,289,841,-11,-27
54025,2012,263,772,246,737,17,35
54025,2013,175,502,147,454,28,48
54025,2014,135,423,55,165,80,258
54025,2015,173,520,157,460,16,60
54025,2016,222,683,231,714,-9,-31
54025,2017,154,456,167,483,-13,-27
54025,2018,158,490,133,397,25,93
54025,2019,221,618,180,541,41,77
54025,2020,168,472,168,476,0,-4
54025,2021,142,422,169,489,-27,-67
54027,2011,275,791,301,897,-26,-106
54027,2012,206,596,268,795,-62,-199
54027,2013,167,519,169,510,-2,9
54027,2014,144,436,151,445,-7,-9
54027,2015,206,635,213,618,-7,17
54027,2016,240,740,242,691,-2,49
54027,2017,184,513,212,645,-28,-132
54027,2018,165,502,200,601,-35,-99
54027,2019,186,578,187,540,-1,38
54027,2020,246,695,203,585,43,110
54027,2021,181,537,214,625,-33,-88
54029,2011,426,1189,388,1116,38,73
54029,2012,362,1063,365,1064,-3,-1
54029,2013,336,951,347,984,-11,-33
54029,2014,248,721,221,628,27,93
54029,2015,326,961,332,983,-6,-22
54029,2016,474,1358,403,1170,71,188
54029,2017,337,960,316,892,21,68
54029,2018,344,1008,305,863,39,145
54029,2019,372,1050,318,901,54,149
54029,2020,351,931,297,798,54,133
54029,2021,356,935,341,914,15,21
54031,2011,139,426,126,395,13,31
54031,2012,136,418,127,373,9,45
54031,2013,81,252,107,332,-26,-80
54031,2014,47,148,68,188,-21,-40
54031,2015,85,252,76,250,9,2
54031,2016,123,342,100,340,23,2
54031,2017,88,267,69,192,19,75
54031,2018,86,269,77,216,9,53
54031,2019,79,220,95,313,-16,-93
54031,2020,77,222,100,288,-23,-66
54031,2021,72,210,83,242,-11,-32
54033,2011,678,1974,689,1990,-11,-16
54033,2012,702,2061,710,2039,-8,22
54033,2013,707,2081,882,2716,-175,-635
54033,2014,442,1268,544,1513,-102,-245
54033,2015,671,1996,656,1870,15,126
54033,2016,724,2107,802,2300,-78,-193
54033,2017,579,1697,585,1654,-6,43
54033,2018,539,1510,566,1624,-27,-114
54033,2019,593,1713,755,2248,-162,-535
54033,2020,637,1803,708,1951,-71,-148
54033,2021,652,1815,706,1924,-54,-109
54035,2011,280,853,236,700,44,153
54035,2012,247,771,273,796,-26,-25
54035,2013,159,490,172,540,-13,-50
54035,2014,173,524,105,330,68,194
54035,2015,221,645,208,621,13,24
54035,2016,286,840,280,836,6,4
54035,2017,226,645,189,551,37,94
54035,2018,177,540,193,525,-16,15
54035,2019,208,623,204,609,4,14
54035,2020,224,714,212,587,12,127
54035,2021,189,564,247,706,-58,-142
54037,2011,1008,2986,898,2609,110,377
54037,2012,1161,3397,907,2630,254,767
54037,2013,884,2677,728,2074,156,603
54037,2014,608,1781,580,1676,28,105
54037,2015,931,2739,789,2293,142,446
54037,2016,1396,4245,1153,3364,243,881
54037,2017,1103,3275,894,2557,209,718
54037,2018,1006,2894,837,2420,169,474
54037,2019,1231,3650,998,2851,233,799
54037,2020,1308,3855,1023,2919,285,936
54037,2021,1199,3318,940,2683,259,635
54039,2011,2178,6105,2386,6780,-208,-675
54039,2012,2214,6224,2514,7185,-300,-961
54039,2013,1624,4607,1838,5331,-214,-724
54039,2014,1225,3428,1279,3705,-54,-277
54039,2015,1614,4548,1867,5372,-253,-824
54039,2016,1919,5451,2515,7305,-596,-1854
54039,2017,1420,4001,1782,5091,-362,-1090
54039,2018,1401,3924,1583,4515,-182,-591
54039,2019,1655,4701,1816,5338,-161,-637
54039,2020,1618,4416,1803,5044,-185,-628
54039,2021,1628,4406,1652,4566,-24,-160
54041,2011,204,601,197,580,7,21
54041,2012,195,616,183,557,12,59
54041,2013,133,428,132,417,1,11
54041,2014,96,299,112,332,-16,-33
54041,2015,121,372,187,581,-66,-209
54041,2016,195,619,214,658,-19,-39
54041,2017,132,396,148,412,-16,-16
54041,2018,135,369,108,319,27,50
54041,2019,144,452,143,413,1,39
54041,2020,135,405,139,405,-4,0
54041,2021,196,541,145,406,51,135
54043,2011,270,857,252,823,18,34
54043,2012,258,830,274,836,-16,-6
54043,2013,214,686,227,711,-13,-25
54043,2014,144,443,166,503,-22,-60
54043,2015,161,516,212,641,-51,-125
54043,2016,212,679,262,832,-50,-153
54043,2017,180,565,209,672,-29,-107
54043,2018,146,435,198,597,-52,-162
54043,2019,131,403,227,669,-96,-266
54043,2020,185,544,221,650,-36,-106
54043,2021,190,537,175,497,15,40
54045,2011,262,788,464,1278,-202,-490
54045,2012,202,651,292,855,-90,-204
54045,2013,136,440,214,673,-78,-233
54045,2014,146,469,195,617,-49,-148
54045,2015,137,428,196,647,-59,-219
54045,2016,172,568,209,642,-37,-74
54045,2017,128,406,163,498,-35,-92
54045,2018,123,406,143,430,-20,-24
54045,2019,137,445,104,313,33,132
54045,2020,139,402,180,511,-41,-109
54045,2021,96,304,205,584,-109,-280
54047,2011,82,264,184,612,-102,-348
54047,2012,114,367,148,475,-34,-108
54047,2013,34,105,103,318,-69,-213
54047,2014,32,96,101,318,-69,-222
54047,2015,47,146,112,339,-65,-193
54047,2016,82,266,120,398,-38,-132
54047,2017,72,231,142,469,-70,-238
54047,2018,45,137,143,460,-98,-323
54047,2019,27,85,122,391,-95,-306
54047,2020,37,100,142,429,-105,-329
54047,2021,23,66,110,311,-87,-245
54049,2011,566,1572,801,2320,-235,-748
54049,2012,622,1749,626,1826,-4,-77
54049,2013,607,1777,516,1442,91,335
54049,2014,435,1210,384,1061,51,149
54049,2015,571,1578,527,1510,44,68
54049,2016,748,2069,630,1782,118,287
54049,2017,535,1476,548,1537,-13,-61
54049,2018,485,1338,498,1363,-13,-25
54049,2019,614,1735,547,1550,67,185
54049,2020,633,1697,546,1495,87,202
54049,2021,586,1581,553,1506,33,75
54051,2011,446,1345,376,1112,70,233
54051,2012,317,920,405,1174,-88,-254
54051,2013,399,1192,309,940,90,252
54051,2014,366,1068,267,797,99,271
54051,2015,289,866,302,884,-13,-18
54051,2016,354,994,381,1093,-27,-99
54051,2017,258,717,300,854,-42,-137
54051,2018,259,711,288,848,-29,-137
54051,2019,276,774,254,683,22,91
54051,2020,254,703,289,811,-35,-108
54051,2021,277,773,306,839,-29,-66
54053,2011,184,588,219,665,-35,-77
54053,2012,201,603,170,528,31,75
54053,2013,195,657,153,470,42,187
54053,2014,112,353,154,458,-42,-105
54053,2015,173,565,167,505,6,60
54053,2016,260,837,216,671,44,166
54053,2017,261,810,160,477,101,333
54053,2018,155,482,164,493,-9,-11
54053,2019,200,598,134,412,66,186
54053,2020,188,491,205,615,-17,-124
54053,2021,192,597,210,588,-18,9
54055,2011,458,1398,459,1372,-1,26
54055,2012,493,1445,485,1450,8,-5
54055,2013,329,994,260,778,69,216
54055,2014,287,889,197,586,90,303
54055,2015,316,969,321,928,-5,41
54055,2016,415,1267,386,1170,29,97
54055,2017,295,903,299,924,-4,-21
54055,2018,271,808,291,848,-20,-40
54055,2019,362,1097,339,1075,23,22
54055,2020,359,1042,299,869,60,173
54055,2021,351,1020,275,805,76,215
54057,2011,326,1001,249,720,77,281
54057,2012,259,730,302,913,-43,-183
54057,2013,207,656,241,712,-34,-56
54057,2014,155,463,248,704,-93,-241
54057,2015,237,719,238,682,-1,37
54057,2016,323,947,271,818,52,129
54057,2017,270,794,221,625,49,169
54057,2018,231,687,189,550,42,137
54057,2019,214,609,263,755,-49,-146
54057,2020,240,690,223,600,17,90
54057,2021,218,642,196,527,22,115
54059,2011,197,686,234,773,-37,-87
54059,2012,191,651,214,716,-23,-65
54059,2013,123,430,175,632,-52,-202
54059,2014,81,270,130,424,-49,-154
54059,2015,87,304,167,562,-80,-258
54059,2016,117,395,190,627,-73,-232
54059,2017,87,282,150,478,-63,-196
54059,2018,92,297,122,406,-30,-109
54059,2019,83,280,135,448,-52,-168
54059,2020,97,305,128,391,-31,-86
54059,2021,105,313,146,448,-41,-135
54061,2011,1562,4145,1451,3829,111,316
54061,2012,1631,4342,1539,4042,92,300
54061,2013,1050,2804,1080,2904,-30,-100
54061,2014,898,2273,818,2218,80,55
54061,2015,1090,2775,1312,3463,-222,-688
54061,2016,1345,3603,1843,4864,-498,-1261
54061,2017,1102,2891,1151,3009,-49,-118
54061,2018,1087,2824,1164,3095,-77,-271
54061,2019,1113,2927,1412,3713,-299,-786
54061,2020,1091,2799,1384,3609,-293,-810
54061,2021,1347,3381,1241,3217,106,164
54063,2011,134,405,144,426,-10,-21
54063,2012,137,458,123,355,14,103
54063,2013,115,355,119,364,-4,-9
54063,2014,84,253,115,361,-31,-108
54063,2015,141,433,171,513,-30,-80
54063,2016,169,537,194,616,-25,-79
54063,2017,123,392,126,381,-3,11
54063,2018,84,263,109,330,-25,-67
54063,2019,131,404,147,444,-16,-40
54063,2020,128,387,106,315,22,72
54063,2021,109,335,113,343,-4,-8
54065,2011,251,740,192,572,59,168
54065,2012,225,664,206,592,19,72
54065,2013,150,433,110,321,40,112
54065,2014,94,274,140,427,-46,-153
54065,2015,207,621,140,397,67,224
54065,2016,244,805,203,581,41,224
54065,2017,238,707,171,507,67,200
54065,2018,185,541,203,583,-18,-42
54065,2019,218,646,193,528,25,118
54065,2020,227,629,205,588,22,41
54065,2021,214,634,148,427,66,207
54067,2011,216,645,194,600,22,45
54067,2012,188,592,197,605,-9,-13
54067,2013,129,415,101,307,28,108
54067,2014,84,241,83,254,1,-13
54067,2015,62,187,127,360,-65,-173
54067,2016,156,464,116,334,40,130
54067,2017,103,310,156,458,-53,-148
54067,2018,93,297,115,323,-22,-26
54067,2019,127,393,154,520,-27,-127
54067,2020,147,444,105,311,42,133
54067,2021,65,182,141,425,-76,-243
54069,2011,590,1650,728,2097,-138,-447
54069,2012,602,1706,625,1725,-23,-19
54069,2013,503,1440,665,1920,-162,-480
54069,2014,429,1211,511,1452,-82,-241
54069,2015,510,1444,564,1588,-54,-144
54069,2016,618,1736,761,2106,-143,-370
54069,2017,508,1466,537,1463,-29,3
54069,2018,478,1364,575,1582,-97,-218
54069,2019,515,1390,578,1578,-63,-188
54069,2020,517,1425,589,1598,-72,-173
54069,2021,476,1308,613,1640,-137,-332
54071,2011,54,173,51,144,3,29
54071,2012,37,115,38,119,-1,-4
54071,2016,24,77,NA,NA,NA,NA
54073,2011,109,372,116,346,-7,26
54073,2012,83,261,69,203,14,58
54073,2013,40,123,49,142,-9,-19
54073,2014,27,85,31,89,-4,-4
54073,2015,65,187,65,213,0,-26
54073,2016,107,325,76,223,31,102
54073,2017,51,153,39,112,12,41
54073,2018,31,97,60,169,-29,-72
54073,2019,43,115,67,192,-24,-77
54073,2020,59,173,39,109,20,64
54073,2021,59,161,77,223,-18,-62
54075,2011,14,40,33,95,-19,-55
54075,2012,20,66,40,116,-20,-50
54077,2011,339,1037,309,885,30,152
54077,2012,306,887,321,925,-15,-38
54077,2013,291,855,187,522,104,333
54077,2014,202,579,194,554,8,25
54077,2015,312,869,237,656,75,213
54077,2016,364,1067,327,968,37,99
54077,2017,260,723,227,652,33,71
54077,2018,242,695,216,642,26,53
54077,2019,266,773,224,609,42,164
54077,2020,304,854,259,705,45,149
54077,2021,222,635,231,626,-9,9
54079,2011,1043,3186,955,2828,88,358
54079,2012,1107,3378,911,2712,196,666
54079,2013,923,2779,794,2324,129,455
54079,2014,643,1971,630,1806,13,165
54079,2015,937,2825,725,2129,212,696
54079,2016,1209,3736,937,2793,272,943
54079,2017,928,2775,747,2185,181,590
54079,2018,819,2402,668,1929,151,473
54079,2019,981,3002,861,2475,120,527
54079,2020,898,2657,800,2258,98,399
54079,2021,859,2442,784,2179,75,263
54081,2011,657,1965,647,1886,10,79
54081,2012,637,1867,701,2028,-64,-161
54081,2013,517,1580,524,1528,-7,52
54081,2014,382,1084,386,1127,-4,-43
54081,2015,478,1406,422,1234,56,172
54081,2016,571,1715,536,1588,35,127
54081,2017,447,1292,392,1152,55,140
54081,2018,413,1206,325,989,88,217
54081,2019,502,1513,456,1347,46,166
54081,2020,513,1443,466,1325,47,118
54081,2021,533,1525,408,1142,125,383
54083,2011,161,471,188,511,-27,-40
54083,2012,197,584,178,514,19,70
54083,2013,132,384,205,652,-73,-268
54083,2014,101,305,124,345,-23,-40
54083,2015,163,479,128,367,35,112
54083,2016,195,602,246,714,-51,-112
54083,2017,117,361,148,428,-31,-67
54083,2018,99,287,147,426,-48,-139
54083,2019,149,465,143,405,6,60
54083,2020,107,314,108,311,-1,3
54083,2021,110,319,172,477,-62,-158
54085,2011,91,278,284,893,-193,-615
54085,2012,78,246,90,282,-12,-36
54085,2013,32,99,66,195,-34,-96
54085,2014,24,75,36,111,-12,-36
54085,2015,54,156,38,118,16,38
54085,2016,59,192,111,343,-52,-151
54085,2017,42,132,45,146,-3,-14
54085,2018,39,107,37,111,2,-4
54085,2019,34,120,46,148,-12,-28
54085,2020,38,110,51,158,-13,-48
54085,2021,37,117,37,98,0,19
54087,2011,131,407,185,618,-54,-211
54087,2012,125,385,143,448,-18,-63
54087,2013,66,208,88,264,-22,-56
54087,2014,44,138,79,251,-35,-113
54087,2015,101,323,99,310,2,13
54087,2016,154,489,125,400,29,89
54087,2017,103,323,89,269,14,54
54087,2018,57,171,69,219,-12,-48
54087,2019,76,250,103,314,-27,-64
54087,2020,69,208,82,243,-13,-35
54087,2021,91,286,85,258,6,28
54089,2011,132,432,141,442,-9,-10
54089,2012,117,363,128,401,-11,-38
54089,2013,37,104,74,230,-37,-126
54089,2014,32,97,85,247,-53,-150
54089,2015,98,309,124,413,-26,-104
54089,2016,143,458,105,338,38,120
54089,2017,118,350,115,338,3,12
54089,2018,24,70,96,308,-72,-238
54089,2019,124,403,85,256,39,147
54089,2020,95,295,109,319,-14,-24
54089,2021,58,169,82,243,-24,-74
54091,2011,334,1023,210,604,124,419
54091,2012,182,523,217,638,-35,-115
54091,2013,337,1024,303,923,34,101
54091,2014,197,609,158,462,39,147
54091,2015,247,733,234,665,13,68
54091,2016,317,973,242,704,75,269
54091,2017,221,655,194,558,27,97
54091,2018,232,687,221,651,11,36
54091,2019,252,787,228,671,24,116
54091,2020,257,735,250,715,7,20
54091,2021,203,545,213,582,-10,-37
54093,2011,61,182,93,304,-32,-122
54093,2012,44,129,50,147,-6,-18
54093,2013,21,59,29,77,-8,-18
54093,2014,30,91,27,70,3,21
54093,2015,31,86,37,121,-6,-35
54093,2016,87,258,43,140,44,118
54093,2017,40,118,36,101,4,17
54093,2018,20,55,39,110,-19,-55
54093,2019,30,85,35,112,-5,-27
54093,2020,21,61,21,59,0,2
54093,2021,23,64,26,69,-3,-5
54095,2011,89,270,98,317,-9,-47
54095,2012,82,256,87,272,-5,-16
54095,2013,56,186,71,211,-15,-25
54095,2014,57,155,44,129,13,26
54095,2015,77,244,68,214,9,30
54095,2016,95,301,113,351,-18,-50
54095,2017,67,207,65,194,2,13
54095,2018,51,168,63,204,-12,-36
54095,2019,60,213,56,174,4,39
54095,2020,72,191,68,211,4,-20
54095,2021,48,136,63,183,-15,-47
54097,2011,220,631,190,588,30,43
54097,2012,201,579,180,542,21,37
54097,2013,191,610,198,617,-7,-7
54097,2014,101,292,129,400,-28,-108
54097,2015,200,583,184,515,16,68
54097,2016,187,557,192,604,-5,-47
54097,2017,148,437,169,526,-21,-89
54097,2018,142,440,150,455,-8,-15
54097,2019,181,522,165,492,16,30
54097,2020,172,480,190,554,-18,-74
54097,2021,171,480,139,388,32,92
54099,2011,618,1947,604,1764,14,183
54099,2012,509,1542,524,1624,-15,-82
54099,2013,385,1193,455,1339,-70,-146
54099,2014,363,1088,378,1098,-15,-10
54099,2015,455,1420,451,1337,4,83
54099,2016,480,1528,574,1751,-94,-223
54099,2017,521,1532,419,1224,102,308
54099,2018,422,1233,464,1312,-42,-79
54099,2019,489,1482,488,1507,1,-25
54099,2020,506,1463,481,1383,25,80
54099,2021,416,1187,486,1371,-70,-184
54101,2011,28,87,49,159,-21,-72
54101,2012,40,132,48,157,-8,-25
54101,2013,20,61,46,151,-26,-90
54101,2014,22,76,25,74,-3,2
54101,2015,31,102,33,100,-2,2
54101,2016,31,97,56,167,-25,-70
54101,2017,29,92,30,88,-1,4
54101,2018,28,88,32,108,-4,-20
54101,2019,35,132,42,145,-7,-13
54101,2020,31,94,41,144,-10,-50
54101,2021,30,94,NA,NA,NA,NA
54103,2011,142,436,182,539,-40,-103
54103,2012,114,350,182,554,-68,-204
54103,2013,125,382,126,374,-1,8
54103,2014,66,207,139,385,-73,-178
54103,2015,111,350,138,414,-27,-64
54103,2016,126,397,171,514,-45,-117
54103,2017,86,252,67,207,19,45
54103,2018,88,276,73,232,15,44
54103,2019,56,174,83,275,-27,-101
54103,2020,68,211,94,257,-26,-46
54103,2021,63,183,48,136,15,47
54105,2011,187,596,85,240,102,356
54105,2012,31,89,64,200,-33,-111
54105,2013,44,144,63,199,-19,-55
54105,2014,45,149,49,145,-4,4
54105,2015,45,134,47,128,-2,6
54105,2016,87,289,63,197,24,92
54105,2017,49,153,58,167,-9,-14
54105,2018,46,131,54,149,-8,-18
54105,2019,45,135,61,217,-16,-82
54105,2020,43,134,58,169,-15,-35
54105,2021,46,138,34,90,12,48
54107,2011,769,2192,641,1851,128,341
54107,2012,712,2038,665,1932,47,106
54107,2013,588,1708,590,1686,-2,22
54107,2014,494,1375,488,1383,6,-8
54107,2015,601,1739,654,1818,-53,-79
54107,2016,798,2319,789,2306,9,13
54107,2017,544,1569,635,1777,-91,-208
54107,2018,520,1422,632,1830,-112,-408
54107,2019,707,2095,634,1859,73,236
54107,2020,667,1845,590,1612,77,233
54107,2021,674,1801,645,1793,29,8
54109,2011,84,284,174,527,-90,-243
54109,2012,109,348,121,377,-12,-29
54109,2013,43,142,76,224,-33,-82
54109,2014,40,131,64,178,-24,-47
54109,2015,43,133,77,233,-34,-100
54109,2016,48,146,168,545,-120,-399
54109,2017,63,206,87,260,-24,-54
54109,2018,57,188,70,205,-13,-17
54109,2019,47,163,51,169,-4,-6
54109,2020,66,219,70,213,-4,6
54109,2021,38,127,96,255,-58,-128
55001,2011,398,1154,321,899,77,255
55001,2012,424,1225,312,855,112,370
55001,2013,286,820,269,742,17,78
55001,2014,181,533,150,410,31,123
55001,2015,383,1089,283,784,100,305
55001,2016,558,1565,366,1006,192,559
55001,2017,413,1159,270,757,143,402
55001,2018,424,1157,328,909,96,248
55001,2019,476,1316,316,897,160,419
55001,2020,544,1491,310,860,234,631
55001,2021,515,1381,326,869,189,512
55003,2011,153,475,205,564,-52,-89
55003,2012,167,464,150,430,17,34
55003,2013,126,371,122,369,4,2
55003,2014,44,126,89,250,-45,-124
55003,2015,85,247,113,347,-28,-100
55003,2016,136,348,147,400,-11,-52
55003,2017,108,313,104,312,4,1
55003,2018,96,283,122,353,-26,-70
55003,2019,64,183,128,386,-64,-203
55003,2020,114,322,112,337,2,-15
55003,2021,118,325,126,341,-8,-16
55005,2011,593,1712,581,1596,12,116
55005,2012,605,1659,710,1957,-105,-298
55005,2013,480,1384,559,1554,-79,-170
55005,2014,359,981,417,1145,-58,-164
55005,2015,476,1343,634,1729,-158,-386
55005,2016,694,1984,807,2272,-113,-288
55005,2017,575,1616,573,1538,2,78
55005,2018,610,1704,566,1559,44,145
55005,2019,618,1693,628,1757,-10,-64
55005,2020,662,1771,651,1763,11,8
55005,2021,694,1875,622,1611,72,264
55007,2011,206,577,190,558,16,19
55007,2012,191,537,177,471,14,66
55007,2013,102,313,130,377,-28,-64
55007,2014,93,253,76,222,17,31
55007,2015,129,388,112,312,17,76
55007,2016,212,582,141,372,71,210
55007,2017,140,412,151,426,-11,-14
55007,2018,153,413,119,341,34,72
55007,2019,196,565,106,292,90,273
55007,2020,176,506,120,331,56,175
55007,2021,147,391,116,320,31,71
55009,2011,3507,9702,3483,9613,24,89
55009,2012,3742,10426,3637,10133,105,293
55009,2013,2985,8210,3181,8737,-196,-527
55009,2014,2337,6349,1971,5257,366,1092
55009,2015,3611,9703,3471,9324,140,379
55009,2016,4847,13331,5070,14017,-223,-686
55009,2017,3496,9416,3586,9709,-90,-293
55009,2018,3405,9046,3503,9399,-98,-353
55009,2019,3554,9478,3676,10103,-122,-625
55009,2020,3808,9945,3672,9831,136,114
55009,2021,3882,9801,3828,9884,54,-83
55011,2011,161,456,233,666,-72,-210
55011,2012,175,492,238,659,-63,-167
55011,2013,153,454,218,622,-65,-168
55011,2014,137,373,94,236,43,137
55011,2015,153,429,203,580,-50,-151
55011,2016,235,676,232,655,3,21
55011,2017,160,468,151,418,9,50
55011,2018,203,560,177,506,26,54
55011,2019,153,472,166,455,-13,17
55011,2020,164,454,149,423,15,31
55011,2021,164,441,155,405,9,36
55013,2011,227,658,264,741,-37,-83
55013,2012,244,684,204,577,40,107
55013,2013,151,420,115,346,36,74
55013,2014,57,156,62,156,-5,0
55013,2015,175,493,86,261,89,232
55013,2016,356,1024,182,509,174,515
55013,2017,261,726,114,312,147,414
55013,2018,257,731,147,395,110,336
55013,2019,391,1080,161,458,230,622
55013,2020,329,887,116,319,213,568
55013,2021,263,726,167,436,96,290
55015,2011,1531,4917,1245,3690,286,1227
55015,2012,1221,3717,1289,3830,-68,-113
55015,2013,1057,3173,1120,3299,-63,-126
55015,2014,760,2281,724,1997,36,284
55015,2015,1209,3607,1255,3672,-46,-65
55015,2016,1919,5683,1648,4795,271,888
55015,2017,1281,3683,1211,3545,70,138
55015,2018,1267,3649,1223,3545,44,104
55015,2019,1350,3922,1281,3678,69,244
55015,2020,1383,3946,1189,3336,194,610
55015,2021,1323,3671,1304,3538,19,133
55017,2011,1141,3208,1035,3015,106,193
55017,2012,1218,3431,1086,3130,132,301
55017,2013,1043,2910,993,2793,50,117
55017,2014,642,1786,694,1856,-52,-70
55017,2015,971,2788,1045,2851,-74,-63
55017,2016,1617,4486,1427,4044,190,442
55017,2017,1098,3037,1008,2728,90,309
55017,2018,1102,2992,1038,2875,64,117
55017,2019,1279,3545,1038,2839,241,706
55017,2020,1325,3600,1078,2926,247,674
55017,2021,1272,3416,1127,3004,145,412
55019,2011,384,1214,478,1567,-94,-353
55019,2012,445,1330,492,1462,-47,-132
55019,2013,402,1265,384,1178,18,87
55019,2014,279,827,350,1054,-71,-227
55019,2015,372,1144,409,1226,-37,-82
55019,2016,523,1533,579,1692,-56,-159
55019,2017,408,1219,433,1238,-25,-19
55019,2018,352,981,424,1223,-72,-242
55019,2019,403,1173,455,1322,-52,-149
55019,2020,362,1005,481,1397,-119,-392
55019,2021,397,1124,398,1129,-1,-5
55021,2011,1343,3780,1332,3709,11,71
55021,2012,1343,3747,1395,3755,-52,-8
55021,2013,1185,3258,1155,3221,30,37
55021,2014,722,2001,783,2091,-61,-90
55021,2015,1257,3530,1241,3331,16,199
55021,2016,2035,5685,1779,4937,256,748
55021,2017,1489,4039,1307,3571,182,468
55021,2018,1299,3516,1215,3258,84,258
55021,2019,1436,3966,1367,3691,69,275
55021,2020,1423,3761,1232,3214,191,547
55021,2021,1318,3477,1272,3326,46,151
55023,2011,207,562,275,793,-68,-231
55023,2012,202,580,224,592,-22,-12
55023,2013,238,662,182,492,56,170
55023,2014,108,319,109,294,-1,25
55023,2015,179,507,232,623,-53,-116
55023,2016,234,647,233,642,1,5
55023,2017,144,409,202,540,-58,-131
55023,2018,119,326,143,408,-24,-82
55023,2019,205,546,194,538,11,8
55023,2020,174,476,169,438,5,38
55023,2021,210,508,172,429,38,79
55025,2011,9613,25232,9655,25328,-42,-96
55025,2012,10275,26684,10447,27766,-172,-1082
55025,2013,8445,21975,8956,23181,-511,-1206
55025,2014,5684,14120,5312,13424,372,696
55025,2015,9696,24870,9627,24919,69,-49
55025,2016,13655,35378,15615,40584,-1960,-5206
55025,2017,9641,24559,10883,27522,-1242,-2963
55025,2018,9508,23934,10429,26166,-921,-2232
55025,2019,9865,24824,11608,29733,-1743,-4909
55025,2020,9816,24319,12028,30254,-2212,-5935
55025,2021,10699,26115,12416,30557,-1717,-4442
55027,2011,1681,4742,1726,4958,-45,-216
55027,2012,1814,5195,1755,4829,59,366
55027,2013,1441,4110,1468,4055,-27,55
55027,2014,1056,2992,1036,2781,20,211
55027,2015,1607,4483,1661,4614,-54,-131
55027,2016,2517,7065,2195,6133,322,932
55027,2017,1819,5187,1731,4738,88,449
55027,2018,1657,4504,1655,4526,2,-22
55027,2019,1971,5428,1715,4798,256,630
55027,2020,2096,5585,1729,4547,367,1038
55027,2021,1824,4927,1611,4227,213,700
55029,2011,346,967,280,725,66,242
55029,2012,351,936,313,817,38,119
55029,2013,267,744,247,662,20,82
55029,2014,159,405,179,463,-20,-58
55029,2015,271,737,220,551,51,186
55029,2016,552,1513,420,1090,132,423
55029,2017,363,951,254,649,109,302
55029,2018,302,791,288,753,14,38
55029,2019,393,1092,276,718,117,374
55029,2020,375,1001,246,632,129,369
55029,2021,415,1137,327,816,88,321
55031,2011,437,1179,507,1367,-70,-188
55031,2012,539,1484,550,1521,-11,-37
55031,2013,404,1072,447,1178,-43,-106
55031,2014,265,714,322,826,-57,-112
55031,2015,415,1116,471,1222,-56,-106
55031,2016,708,1905,631,1719,77,186
55031,2017,517,1381,497,1333,20,48
55031,2018,532,1384,457,1172,75,212
55031,2019,541,1413,491,1278,50,135
55031,2020,541,1368,456,1192,85,176
55031,2021,523,1310,434,1114,89,196
55033,2011,746,2105,689,1879,57,226
55033,2012,789,2175,804,2198,-15,-23
55033,2013,579,1687,713,1914,-134,-227
55033,2014,415,1114,444,1220,-29,-106
55033,2015,682,1864,726,1959,-44,-95
55033,2016,1028,2903,962,2624,66,279
55033,2017,646,1848,679,1802,-33,46
55033,2018,682,1915,687,1797,-5,118
55033,2019,742,1997,760,2102,-18,-105
55033,2020,783,2081,786,2057,-3,24
55033,2021,800,2114,788,2018,12,96
55035,2011,1975,5394,2000,5270,-25,124
55035,2012,1969,5242,2248,6022,-279,-780
55035,2013,1738,4624,1862,4951,-124,-327
55035,2014,1202,3097,1155,3026,47,71
55035,2015,1959,5111,2009,5251,-50,-140
55035,2016,2472,6712,2910,7746,-438,-1034
55035,2017,1784,4656,1986,5238,-202,-582
55035,2018,1711,4579,2038,5289,-327,-710
55035,2019,1963,5255,2088,5498,-125,-243
55035,2020,2067,5348,1977,5204,90,144
55035,2021,2161,5441,2118,5498,43,-57
55037,2011,53,151,60,157,-7,-6
55037,2012,47,150,42,117,5,33
55037,2013,37,112,74,189,-37,-77
55037,2014,32,81,24,61,8,20
55037,2015,38,95,35,100,3,-5
55037,2016,59,162,35,99,24,63
55037,2017,50,126,41,122,9,4
55037,2018,35,100,37,98,-2,2
55037,2019,38,104,28,71,10,33
55037,2020,78,215,37,96,41,119
55039,2011,1418,3982,1422,4050,-4,-68
55039,2012,1504,4318,1553,4215,-49,103
55039,2013,1260,3536,1330,3634,-70,-98
55039,2014,911,2532,941,2499,-30,33
55039,2015,1469,4110,1516,3998,-47,112
55039,2016,2192,5992,1987,5370,205,622
55039,2017,1525,4127,1524,4115,1,12
55039,2018,1561,4272,1460,3819,101,453
55039,2019,1614,4495,1613,4231,1,264
55039,2020,1769,4576,1682,4356,87,220
55039,2021,1573,4193,1665,4245,-92,-52
55041,2011,36,102,93,269,-57,-167
55041,2012,73,192,94,272,-21,-80
55041,2016,74,216,30,89,44,127
55041,2017,26,70,28,70,-2,0
55041,2018,20,54,NA,NA,NA,NA
55041,2019,47,128,47,130,0,-2
55041,2020,76,213,27,69,49,144
55041,2021,41,112,21,55,20,57
55043,2011,606,1729,669,1809,-63,-80
55043,2012,604,1680,675,1812,-71,-132
55043,2013,555,1584,694,1897,-139,-313
55043,2014,353,969,393,1074,-40,-105
55043,2015,530,1456,617,1632,-87,-176
55043,2016,735,2081,890,2398,-155,-317
55043,2017,575,1534,680,1872,-105,-338
55043,2018,482,1313,583,1517,-101,-204
55043,2019,586,1653,669,1833,-83,-180
55043,2020,587,1584,498,1313,89,271
55043,2021,579,1502,626,1544,-47,-42
55045,2011,640,1839,557,1620,83,219
55045,2012,659,1861,631,1763,28,98
55045,2013,510,1401,511,1475,-1,-74
55045,2014,405,1151,368,985,37,166
55045,2015,550,1554,501,1373,49,181
55045,2016,832,2353,722,1988,110,365
55045,2017,583,1691,503,1336,80,355
55045,2018,519,1429,498,1372,21,57
55045,2019,617,1741,524,1468,93,273
55045,2020,582,1581,508,1369,74,212
55045,2021,589,1604,498,1343,91,261
55047,2011,333,950,337,936,-4,14
55047,2012,333,957,392,1117,-59,-160
55047,2013,290,862,313,929,-23,-67
55047,2014,194,574,196,568,-2,6
55047,2015,266,751,286,854,-20,-103
55047,2016,529,1541,454,1283,75,258
55047,2017,343,1018,296,833,47,185
55047,2018,328,941,330,917,-2,24
55047,2019,353,1027,329,892,24,135
55047,2020,394,1080,357,987,37,93
55047,2021,352,951,300,782,52,169
55049,2011,372,1055,407,1155,-35,-100
55049,2012,454,1305,443,1250,11,55
55049,2013,360,1013,376,1105,-16,-92
55049,2014,280,773,255,713,25,60
55049,2015,426,1202,427,1214,-1,-12
55049,2016,659,1833,575,1578,84,255
55049,2017,418,1166,428,1180,-10,-14
55049,2018,403,1137,398,1115,5,22
55049,2019,455,1253,450,1278,5,-25
55049,2020,474,1290,344,945,130,345
55049,2021,388,1072,383,999,5,73
55051,2011,35,100,44,107,-9,-7
55051,2012,24,69,35,95,-11,-26
55051,2013,54,159,37,91,17,68
55051,2014,22,62,22,55,0,7
55051,2015,35,93,25,71,10,22
55051,2016,59,168,30,77,29,91
55051,2017,49,142,28,73,21,69
55051,2018,38,101,32,81,6,20
55051,2019,53,147,35,88,18,59
55051,2020,46,137,27,73,19,64
55051,2021,35,96,35,89,0,7
55053,2011,267,765,274,786,-7,-21
55053,2012,242,681,245,662,-3,19
55053,2013,211,614,224,653,-13,-39
55053,2014,170,496,191,551,-21,-55
55053,2015,202,564,237,664,-35,-100
55053,2016,325,967,288,859,37,108
55053,2017,270,759,216,636,54,123
55053,2018,253,702,250,699,3,3
55053,2019,265,757,262,726,3,31
55053,2020,235,645,236,666,-1,-21
55053,2021,195,565,222,619,-27,-54
55055,2011,1729,5006,1670,4679,59,327
55055,2012,1853,5292,1708,4826,145,466
55055,2013,1543,4334,1490,4265,53,69
55055,2014,1094,3040,1087,2943,7,97
55055,2015,1829,5096,1596,4438,233,658
55055,2016,2561,7231,2363,6666,198,565
55055,2017,1837,5107,1629,4518,208,589
55055,2018,1678,4710,1571,4325,107,385
55055,2019,1909,5281,1675,4634,234,647
55055,2020,1861,5081,1605,4344,256,737
55055,2021,1725,4610,1618,4322,107,288
55057,2011,429,1243,441,1280,-12,-37
55057,2012,470,1355,400,1165,70,190
55057,2013,350,1000,339,1009,11,-9
55057,2014,240,707,289,811,-49,-104
55057,2015,367,1050,353,984,14,66
55057,2016,617,1804,542,1558,75,246
55057,2017,440,1265,388,1087,52,178
55057,2018,400,1112,387,1085,13,27
55057,2019,481,1363,390,1108,91,255
55057,2020,510,1401,437,1179,73,222
55057,2021,457,1197,438,1218,19,-21
55059,2011,2513,7236,2612,7626,-99,-390
55059,2012,2870,8291,2654,7605,216,686
55059,2013,2494,7141,2340,6635,154,506
55059,2014,1810,5049,1733,4841,77,208
55059,2015,2675,7527,2470,6887,205,640
55059,2016,3996,11274,3352,9392,644,1882
55059,2017,3066,8567,2695,7379,371,1188
55059,2018,3028,8310,2649,7191,379,1119
55059,2019,3194,8724,2787,7651,407,1073
55059,2020,3185,8681,2835,7601,350,1080
55059,2021,3171,8439,3051,8001,120,438
55061,2011,257,756,270,768,-13,-12
55061,2012,260,790,327,956,-67,-166
55061,2013,261,779,263,733,-2,46
55061,2014,174,496,195,537,-21,-41
55061,2015,256,743,259,701,-3,42
55061,2016,378,1104,360,1005,18,99
55061,2017,276,807,324,888,-48,-81
55061,2018,306,890,308,839,-2,51
55061,2019,292,841,271,770,21,71
55061,2020,278,799,269,726,9,73
55061,2021,260,726,298,806,-38,-80
55063,2011,1584,4200,1556,4156,28,44
55063,2012,1649,4360,1794,4724,-145,-364
55063,2013,1256,3261,1378,3546,-122,-285
55063,2014,979,2534,921,2295,58,239
55063,2015,1389,3539,1681,4369,-292,-830
55063,2016,2041,5378,2287,6107,-246,-729
55063,2017,1396,3569,1621,4209,-225,-640
55063,2018,1400,3555,1459,3778,-59,-223
55063,2019,1414,3749,1724,4430,-310,-681
55063,2020,1397,3561,1709,4363,-312,-802
55063,2021,1496,3707,1830,4615,-334,-908
55065,2011,250,767,266,786,-16,-19
55065,2012,293,856,302,887,-9,-31
55065,2013,215,653,252,710,-37,-57
55065,2014,160,473,198,545,-38,-72
55065,2015,248,713,265,750,-17,-37
55065,2016,367,1066,421,1259,-54,-193
55065,2017,273,740,227,639,46,101
55065,2018,199,539,264,743,-65,-204
55065,2019,266,842,265,718,1,124
55065,2020,252,699,226,652,26,47
55065,2021,236,614,271,745,-35,-131
55067,2011,170,494,192,534,-22,-40
55067,2012,176,507,169,488,7,19
55067,2013,89,259,139,404,-50,-145
55067,2014,50,139,37,95,13,44
55067,2015,141,396,118,332,23,64
55067,2016,234,669,200,539,34,130
55067,2017,187,537,121,360,66,177
55067,2018,105,292,133,365,-28,-73
55067,2019,203,570,123,376,80,194
55067,2020,188,509,150,392,38,117
55067,2021,108,290,118,319,-10,-29
55069,2011,289,790,346,956,-57,-166
55069,2012,328,933,382,1054,-54,-121
55069,2013,205,591,274,763,-69,-172
55069,2014,149,392,212,575,-63,-183
55069,2015,262,736,321,857,-59,-121
55069,2016,522,1411,384,1083,138,328
55069,2017,299,810,270,787,29,23
55069,2018,232,627,281,748,-49,-121
55069,2019,364,1042,345,924,19,118
55069,2020,385,1043,316,858,69,185
55069,2021,281,754,317,847,-36,-93
55071,2011,707,2027,886,2411,-179,-384
55071,2012,777,2202,878,2400,-101,-198
55071,2013,682,1948,742,2056,-60,-108
55071,2014,453,1205,488,1321,-35,-116
55071,2015,709,1956,780,2059,-71,-103
55071,2016,1114,3155,1130,3114,-16,41
55071,2017,798,2242,856,2270,-58,-28
55071,2018,815,2217,824,2157,-9,60
55071,2019,954,2660,828,2264,126,396
55071,2020,891,2418,876,2280,15,138
55071,2021,901,2432,944,2403,-43,29
55073,2011,1690,4915,1666,4541,24,374
55073,2012,1787,5094,1765,4946,22,148
55073,2013,1450,4122,1497,4176,-47,-54
55073,2014,1048,2845,1009,2693,39,152
55073,2015,1583,4396,1690,4574,-107,-178
55073,2016,2247,6250,2185,6018,62,232
55073,2017,1527,4102,1667,4497,-140,-395
55073,2018,1669,4527,1538,4008,131,519
55073,2019,1806,4979,1749,4841,57,138
55073,2020,1737,4655,1750,4502,-13,153
55073,2021,1701,4520,1708,4439,-7,81
55075,2011,597,1650,516,1382,81,268
55075,2012,624,1731,579,1545,45,186
55075,2013,536,1493,462,1294,74,199
55075,2014,323,883,386,1044,-63,-161
55075,2015,501,1393,495,1352,6,41
55075,2016,718,1997,629,1687,89,310
55075,2017,605,1669,553,1466,52,203
55075,2018,550,1488,502,1373,48,115
55075,2019,611,1734,517,1433,94,301
55075,2020,632,1697,509,1366,123,331
55075,2021,709,1912,536,1402,173,510
55077,2011,274,805,328,923,-54,-118
55077,2012,315,882,262,745,53,137
55077,2013,235,687,249,709,-14,-22
55077,2014,135,396,169,451,-34,-55
55077,2015,242,714,246,686,-4,28
55077,2016,470,1313,322,881,148,432
55077,2017,314,904,251,698,63,206
55077,2018,289,804,286,799,3,5
55077,2019,302,850,265,700,37,150
55077,2020,340,946,231,614,109,332
55077,2021,255,709,287,776,-32,-67
55078,2011,41,126,74,240,-33,-114
55078,2012,48,166,72,226,-24,-60
55078,2013,49,151,34,112,15,39
55078,2014,39,124,58,188,-19,-64
55078,2015,52,169,81,253,-29,-84
55078,2016,61,190,55,175,6,15
55078,2017,49,160,61,193,-12,-33
55078,2018,34,109,56,181,-22,-72
55078,2019,55,169,58,200,-3,-31
55078,2020,43,140,59,170,-16,-30
55078,2021,35,124,58,168,-23,-44
55079,2011,13788,36386,16246,44894,-2458,-8508
55079,2012,14541,38547,17516,48784,-2975,-10237
55079,2013,12031,31255,15088,41847,-3057,-10592
55079,2014,9119,23338,10331,27988,-1212,-4650
55079,2015,12647,32149,16894,47142,-4247,-14993
55079,2016,16345,41987,24708,69318,-8363,-27331
55079,2017,12931,32952,16343,44714,-3412,-11762
55079,2018,12833,32419,15616,41990,-2783,-9571
55079,2019,13456,33890,17888,49719,-4432,-15829
55079,2020,13272,33086,19175,51147,-5903,-18061
55079,2021,14114,34299,17968,47274,-3854,-12975
55081,2011,611,1792,596,1742,15,50
55081,2012,580,1638,603,1736,-23,-98
55081,2013,447,1259,489,1361,-42,-102
55081,2014,337,969,400,1162,-63,-193
55081,2015,443,1264,525,1421,-82,-157
55081,2016,690,1959,703,2073,-13,-114
55081,2017,510,1384,522,1436,-12,-52
55081,2018,495,1390,503,1425,-8,-35
55081,2019,556,1548,549,1601,7,-53
55081,2020,523,1461,555,1511,-32,-50
55081,2021,544,1571,552,1466,-8,105
55083,2011,633,1802,576,1643,57,159
55083,2012,630,1752,675,1881,-45,-129
55083,2013,583,1642,515,1467,68,175
55083,2014,365,1011,408,1122,-43,-111
55083,2015,639,1818,661,1784,-22,34
55083,2016,1023,2959,744,2086,279,873
55083,2017,708,2044,549,1530,159,514
55083,2018,638,1853,528,1454,110,399
55083,2019,809,2318,525,1418,284,900
55083,2020,784,2236,574,1561,210,675
55083,2021,758,2089,618,1636,140,453
55085,2011,541,1504,541,1450,0,54
55085,2012,595,1686,559,1481,36,205
55085,2013,447,1230,377,1044,70,186
55085,2014,305,835,293,752,12,83
55085,2015,494,1374,436,1197,58,177
55085,2016,751,2049,673,1813,78,236
55085,2017,602,1654,453,1218,149,436
55085,2018,474,1286,402,1100,72,186
55085,2019,710,1942,475,1323,235,619
55085,2020,637,1693,472,1241,165,452
55085,2021,548,1460,472,1214,76,246
55087,2011,3950,11088,3923,11095,27,-7
55087,2012,4136,11586,4033,11279,103,307
55087,2013,3761,10520,3462,9598,299,922
55087,2014,2560,6888,2554,7017,6,-129
55087,2015,4198,11547,3982,10919,216,628
55087,2016,5835,16377,5641,15807,194,570
55087,2017,4222,11530,4145,11232,77,298
55087,2018,4031,10994,3780,10298,251,696
55087,2019,4305,11761,4146,11435,159,326
55087,2020,4193,11282,4213,11165,-20,117
55087,2021,4345,11439,3952,10433,393,1006
55089,2011,1641,4586,1544,4076,97,510
55089,2012,1793,5086,1741,4684,52,402
55089,2013,1507,4247,1434,3763,73,484
55089,2014,1020,2794,1036,2602,-16,192
55089,2015,1577,4530,1481,3893,96,637
55089,2016,2692,7821,2069,5538,623,2283
55089,2017,1744,4938,1582,4142,162,796
55089,2018,1734,4744,1616,4196,118,548
55089,2019,2076,5927,1637,4251,439,1676
55089,2020,2116,5746,1545,4073,571,1673
55089,2021,1888,5134,1761,4482,127,652
55091,2011,110,341,136,391,-26,-50
55091,2012,90,270,91,264,-1,6
55091,2013,105,293,86,261,19,32
55091,2015,86,235,86,238,0,-3
55091,2016,132,392,155,439,-23,-47
55091,2017,120,346,98,281,22,65
55091,2018,59,191,105,337,-46,-146
55091,2019,104,314,98,292,6,22
55091,2020,89,270,97,251,-8,19
55091,2021,92,253,88,247,4,6
55093,2011,664,1886,802,2228,-138,-342
55093,2012,815,2261,789,2039,26,222
55093,2013,675,1858,815,2216,-140,-358
55093,2014,557,1515,559,1424,-2,91
55093,2015,827,2295,810,2130,17,165
55093,2016,1144,3244,1092,2955,52,289
55093,2017,869,2450,856,2312,13,138
55093,2018,772,2152,815,2149,-43,3
55093,2019,892,2519,873,2382,19,137
55093,2020,972,2694,753,1982,219,712
55093,2021,827,2235,817,2091,10,144
55095,2011,651,1807,728,2016,-77,-209
55095,2012,749,2128,713,1914,36,214
55095,2013,704,1965,556,1546,148,419
55095,2014,434,1221,479,1274,-45,-53
55095,2015,755,2135,625,1721,130,414
55095,2016,1142,3224,878,2390,264,834
55095,2017,825,2288,645,1764,180,524
55095,2018,797,2194,648,1755,149,439
55095,2019,902,2511,690,1778,212,733
55095,2020,922,2511,639,1697,283,814
55095,2021,894,2467,695,1823,199,644
55097,2011,1011,2658,1003,2706,8,-48
55097,2012,957,2604,1036,2760,-79,-156
55097,2013,740,1959,849,2215,-109,-256
55097,2014,519,1346,628,1577,-109,-231
55097,2015,935,2432,1001,2648,-66,-216
55097,2016,1292,3494,1495,3952,-203,-458
55097,2017,876,2331,998,2590,-122,-259
55097,2018,833,2134,1008,2610,-175,-476
55097,2019,1040,2776,1079,2788,-39,-12
55097,2020,992,2581,1150,2879,-158,-298
55097,2021,1020,2659,1073,2676,-53,-17
55099,2011,104,283,101,285,3,-2
55099,2012,81,221,103,296,-22,-75
55099,2013,26,78,55,142,-29,-64
55099,2014,27,82,NA,NA,NA,NA
55099,2015,56,159,45,145,11,14
55099,2016,110,339,100,268,10,71
55099,2017,70,203,47,136,23,67
55099,2018,43,131,42,120,1,11
55099,2019,78,238,53,148,25,90
55099,2020,50,133,82,220,-32,-87
55099,2021,71,198,72,198,-1,0
55101,2011,2862,8264,2670,7518,192,746
55101,2012,2935,8387,2937,8276,-2,111
55101,2013,2561,7240,2659,7305,-98,-65
55101,2014,1896,5449,1848,4984,48,465
55101,2015,2946,8371,2704,7493,242,878
55101,2016,4375,12604,3756,10623,619,1981
55101,2017,3167,8946,3025,8208,142,738
55101,2018,2926,8106,2823,7735,103,371
55101,2019,3380,9679,3118,8702,262,977
55101,2020,3525,9538,3146,8511,379,1027
55101,2021,3554,9569,3259,8484,295,1085
55103,2011,235,676,250,683,-15,-7
55103,2012,240,673,275,790,-35,-117
55103,2013,236,714,266,784,-30,-70
55103,2014,126,355,176,500,-50,-145
55103,2015,209,607,266,724,-57,-117
55103,2016,336,960,313,869,23,91
55103,2017,220,623,220,623,0,0
55103,2018,195,535,214,596,-19,-61
55103,2019,262,729,224,621,38,108
55103,2020,223,600,224,612,-1,-12
55103,2021,260,727,184,493,76,234
55105,2011,1986,5831,1997,5763,-11,68
55105,2012,2157,6300,2013,5678,144,622
55105,2013,1699,4855,1655,4659,44,196
55105,2014,1109,3143,1085,2937,24,206
55105,2015,1943,5410,1755,4685,188,725
55105,2016,3041,8412,2468,6774,573,1638
55105,2017,2183,5863,1930,5229,253,634
55105,2018,2167,5888,1922,5181,245,707
55105,2019,2436,6598,1967,5391,469,1207
55105,2020,2469,6575,2055,5531,414,1044
55105,2021,2403,6358,2045,5342,358,1016
55107,2011,103,309,169,476,-66,-167
55107,2012,175,488,146,434,29,54
55107,2013,106,286,121,336,-15,-50
55107,2014,82,226,117,325,-35,-99
55107,2015,131,365,145,391,-14,-26
55107,2016,185,547,192,538,-7,9
55107,2017,124,356,141,375,-17,-19
55107,2018,126,351,125,337,1,14
55107,2019,161,463,149,403,12,60
55107,2020,135,382,163,416,-28,-34
55107,2021,171,493,106,292,65,201
55109,2011,1712,4775,1456,4092,256,683
55109,2012,1867,5109,1589,4330,278,779
55109,2013,1515,4287,1345,3669,170,618
55109,2014,1045,2893,1036,2730,9,163
55109,2015,1610,4453,1548,4204,62,249
55109,2016,2675,7554,2106,5932,569,1622
55109,2017,1889,5254,1617,4404,272,850
55109,2018,1873,5166,1574,4248,299,918
55109,2019,2290,6549,1693,4668,597,1881
55109,2020,2120,5854,1677,4525,443,1329
55109,2021,1988,5327,1661,4340,327,987
55111,2011,1173,3334,1108,3096,65,238
55111,2012,1244,3491,1193,3320,51,171
55111,2013,1121,3183,948,2647,173,536
55111,2014,686,1848,634,1723,52,125
55111,2015,1072,2884,989,2713,83,171
55111,2016,1604,4471,1483,4092,121,379
55111,2017,1139,3147,1036,2802,103,345
55111,2018,1036,2867,1059,2806,-23,61
55111,2019,1197,3246,1116,2938,81,308
55111,2020,1105,2905,1066,2822,39,83
55111,2021,1104,2913,983,2508,121,405
55113,2011,156,442,146,397,10,45
55113,2012,162,447,150,413,12,34
55113,2013,67,200,82,225,-15,-25
55113,2014,56,164,56,158,0,6
55113,2015,82,238,45,120,37,118
55113,2016,144,395,132,368,12,27
55113,2017,68,196,69,203,-1,-7
55113,2018,70,211,69,204,1,7
55113,2019,149,448,70,209,79,239
55113,2020,110,299,66,172,44,127
55113,2021,129,340,93,256,36,84
55115,2011,663,1941,681,2006,-18,-65
55115,2012,653,1936,683,1947,-30,-11
55115,2013,701,2016,589,1649,112,367
55115,2014,347,1008,502,1375,-155,-367
55115,2015,663,1852,589,1660,74,192
55115,2016,870,2518,803,2268,67,250
55115,2017,698,1970,658,1882,40,88
55115,2018,626,1759,620,1749,6,10
55115,2019,688,1967,685,1909,3,58
55115,2020,663,1838,638,1702,25,136
55115,2021,718,1969,596,1668,122,301
55117,2011,1104,3198,1250,3610,-146,-412
55117,2012,1293,3611,1320,3934,-27,-323
55117,2013,1115,3159,1019,2733,96,426
55117,2014,756,2138,815,2138,-59,0
55117,2015,1097,3103,1167,3080,-70,23
55117,2016,1598,4406,1580,4371,18,35
55117,2017,1167,3148,1131,2999,36,149
55117,2018,1137,3005,1202,3166,-65,-161
55117,2019,1301,3575,1257,3348,44,227
55117,2020,1313,3405,1284,3307,29,98
55117,2021,1308,3437,1261,3260,47,177
55119,2011,182,536,223,618,-41,-82
55119,2012,210,653,208,579,2,74
55119,2013,111,352,175,471,-64,-119
55119,2014,88,235,112,308,-24,-73
55119,2015,182,523,199,558,-17,-35
55119,2016,215,644,225,623,-10,21
55119,2017,200,604,194,568,6,36
55119,2018,158,445,157,411,1,34
55119,2019,196,558,202,610,-6,-52
55119,2020,203,578,177,471,26,107
55119,2021,188,536,195,506,-7,30
55121,2011,483,1655,446,1277,37,378
55121,2012,488,1539,515,1480,-27,59
55121,2013,405,1126,465,1344,-60,-218
55121,2014,285,817,344,951,-59,-134
55121,2015,440,1219,400,1117,40,102
55121,2016,555,1627,581,1686,-26,-59
55121,2017,383,1104,419,1209,-36,-105
55121,2018,421,1255,431,1171,-10,84
55121,2019,423,1263,439,1241,-16,22
55121,2020,457,1250,448,1238,9,12
55121,2021,410,1145,431,1147,-21,-2
55123,2011,432,1219,402,1167,30,52
55123,2012,420,1237,430,1200,-10,37
55123,2013,333,927,364,1048,-31,-121
55123,2014,219,623,265,745,-46,-122
55123,2015,417,1193,351,978,66,215
55123,2016,474,1438,514,1435,-40,3
55123,2017,358,999,377,1020,-19,-21
55123,2018,305,854,343,980,-38,-126
55123,2019,434,1231,401,1076,33,155
55123,2020,350,1003,389,1068,-39,-65
55123,2021,384,1071,376,1037,8,34
55125,2011,332,947,268,726,64,221
55125,2012,367,1025,267,726,100,299
55125,2013,230,635,147,403,83,232
55125,2014,112,316,182,472,-70,-156
55125,2015,274,734,201,536,73,198
55125,2016,475,1305,249,661,226,644
55125,2017,314,850,229,612,85,238
55125,2018,310,842,221,581,89,261
55125,2019,386,1104,257,709,129,395
55125,2020,451,1228,186,540,265,688
55125,2021,371,1002,279,732,92,270
55127,2011,1896,5472,1813,5127,83,345
55127,2012,2040,5763,1950,5488,90,275
55127,2013,1994,5674,1807,4989,187,685
55127,2014,1322,3665,1340,3634,-18,31
55127,2015,1980,5542,1873,5000,107,542
55127,2016,2864,8046,2474,6780,390,1266
55127,2017,2137,5966,1884,5037,253,929
55127,2018,2117,5854,1897,5027,220,827
55127,2019,2286,6411,1984,5255,302,1156
55127,2020,2337,6400,2016,5221,321,1179
55127,2021,2296,6212,2137,5518,159,694
55129,2011,215,585,213,652,2,-67
55129,2012,260,749,248,736,12,13
55129,2013,184,546,167,461,17,85
55129,2014,93,267,120,339,-27,-72
55129,2015,178,519,173,471,5,48
55129,2016,331,980,217,665,114,315
55129,2017,201,573,193,594,8,-21
55129,2018,194,575,205,596,-11,-21
55129,2019,264,750,191,561,73,189
55129,2020,250,679,149,400,101,279
55129,2021,196,550,257,680,-61,-130
55131,2011,2348,6566,2231,6037,117,529
55131,2012,2734,7738,2488,6704,246,1034
55131,2013,2272,6242,2092,5651,180,591
55131,2014,1644,4481,1450,3812,194,669
55131,2015,2565,7249,2342,6260,223,989
55131,2016,3844,11044,3228,8757,616,2287
55131,2017,2715,7560,2333,6218,382,1342
55131,2018,2644,7170,2381,6331,263,839
55131,2019,3044,8630,2540,6815,504,1815
55131,2020,3025,8289,2466,6418,559,1871
55131,2021,2890,7832,2372,6129,518,1703
55133,2011,8056,22445,7702,20639,354,1806
55133,2012,8760,24633,8504,22932,256,1701
55133,2013,7279,20172,7093,18739,186,1433
55133,2014,4826,12988,5088,12936,-262,52
55133,2015,8304,23201,7548,19560,756,3641
55133,2016,12350,35373,10879,29185,1471,6188
55133,2017,8411,23236,8000,21135,411,2101
55133,2018,8306,22732,7778,20052,528,2680
55133,2019,9511,26500,8284,21514,1227,4986
55133,2020,9198,24875,8129,21159,1069,3716
55133,2021,9101,24159,8114,20769,987,3390
55135,2011,981,2877,854,2425,127,452
55135,2012,941,2712,824,2320,117,392
55135,2013,785,2264,885,2508,-100,-244
55135,2014,548,1511,525,1402,23,109
55135,2015,802,2202,790,2184,12,18
55135,2016,1256,3568,1180,3285,76,283
55135,2017,843,2336,852,2347,-9,-11
55135,2018,849,2387,810,2173,39,214
55135,2019,974,2798,837,2295,137,503
55135,2020,834,2297,857,2286,-23,11
55135,2021,939,2504,919,2379,20,125
55137,2011,468,1321,566,1641,-98,-320
55137,2012,436,1261,433,1277,3,-16
55137,2013,326,971,333,903,-7,68
55137,2014,188,531,230,666,-42,-135
55137,2015,425,1248,337,916,88,332
55137,2016,649,1893,474,1357,175,536
55137,2017,421,1188,333,963,88,225
55137,2018,397,1172,359,1026,38,146
55137,2019,460,1318,364,1049,96,269
55137,2020,522,1443,384,1055,138,388
55137,2021,480,1304,347,955,133,349
55139,2011,3306,8920,3423,9342,-117,-422
55139,2012,3412,9251,3564,9708,-152,-457
55139,2013,3057,8135,3005,8216,52,-81
55139,2014,2099,5475,2277,5956,-178,-481
55139,2015,3393,9048,3460,9214,-67,-166
55139,2016,4830,13087,4910,13417,-80,-330
55139,2017,3436,9160,3484,9256,-48,-96
55139,2018,3325,8768,3394,9082,-69,-314
55139,2019,3628,9731,3794,10218,-166,-487
55139,2020,3750,9745,3587,9534,163,211
55139,2021,3732,9627,3787,9818,-55,-191
55141,2011,857,2398,1121,3135,-264,-737
55141,2012,922,2619,1196,3301,-274,-682
55141,2013,754,2109,912,2515,-158,-406
55141,2014,540,1444,604,1602,-64,-158
55141,2015,939,2567,959,2605,-20,-38
55141,2016,1274,3508,1447,4019,-173,-511
55141,2017,872,2482,1116,2988,-244,-506
55141,2018,848,2288,920,2423,-72,-135
55141,2019,948,2569,1075,2971,-127,-402
55141,2020,1133,3024,1016,2803,117,221
55141,2021,1013,2739,1077,2813,-64,-74
56001,2011,713,1775,921,2360,-208,-585
56001,2012,771,2056,855,2178,-84,-122
56001,2013,477,1234,672,1743,-195,-509
56001,2014,321,772,345,906,-24,-134
56001,2015,399,1016,605,1584,-206,-568
56001,2016,593,1610,896,2329,-303,-719
56001,2017,412,1024,604,1531,-192,-507
56001,2018,389,1005,558,1382,-169,-377
56001,2019,468,1221,641,1654,-173,-433
56001,2020,480,1251,609,1480,-129,-229
56001,2021,553,1380,630,1522,-77,-142
56003,2011,71,212,123,346,-52,-134
56003,2012,116,333,126,417,-10,-84
56003,2013,58,191,60,172,-2,19
56003,2014,47,120,52,153,-5,-33
56003,2015,43,128,74,222,-31,-94
56003,2016,85,260,75,226,10,34
56003,2017,75,216,74,229,1,-13
56003,2018,66,208,92,274,-26,-66
56003,2019,69,206,70,193,-1,13
56003,2020,69,202,64,215,5,-13
56003,2021,102,299,81,225,21,74
56005,2011,713,2033,650,1945,63,88
56005,2012,590,1733,785,2335,-195,-602
56005,2013,405,1197,405,1213,0,-16
56005,2014,287,782,210,572,77,210
56005,2015,304,869,547,1629,-243,-760
56005,2016,309,919,762,2317,-453,-1398
56005,2017,343,1001,325,953,18,48
56005,2018,307,898,311,883,-4,15
56005,2019,346,979,390,1140,-44,-161
56005,2020,294,808,401,1137,-107,-329
56005,2021,245,701,317,898,-72,-197
56007,2011,242,687,265,734,-23,-47
56007,2012,182,520,257,738,-75,-218
56007,2013,114,336,132,410,-18,-74
56007,2014,53,148,29,103,24,45
56007,2015,105,271,154,425,-49,-154
56007,2016,110,327,158,465,-48,-138
56007,2017,78,221,104,291,-26,-70
56007,2018,73,192,90,268,-17,-76
56007,2019,129,355,115,318,14,37
56007,2020,140,385,122,348,18,37
56007,2021,101,270,127,363,-26,-93
56009,2011,211,573,178,515,33,58
56009,2012,158,439,221,622,-63,-183
56009,2013,106,306,135,390,-29,-84
56009,2014,83,226,96,255,-13,-29
56009,2015,152,443,160,462,-8,-19
56009,2016,145,434,170,481,-25,-47
56009,2017,91,268,120,341,-29,-73
56009,2018,77,217,131,366,-54,-149
56009,2019,90,254,150,427,-60,-173
56009,2020,155,468,135,389,20,79
56009,2021,120,365,107,283,13,82
56011,2011,112,371,100,303,12,68
56011,2012,124,380,93,274,31,106
56011,2013,54,163,95,287,-41,-124
56011,2014,40,127,47,134,-7,-7
56011,2015,68,231,67,209,1,22
56011,2016,75,228,53,183,22,45
56011,2017,46,148,42,127,4,21
56011,2018,56,183,62,185,-6,-2
56011,2019,56,184,44,153,12,31
56011,2020,47,154,53,160,-6,-6
56011,2021,47,140,50,178,-3,-38
56013,2011,439,1112,328,951,111,161
56013,2012,347,991,459,1296,-112,-305
56013,2013,127,369,237,668,-110,-299
56013,2014,45,128,138,390,-93,-262
56013,2015,146,401,147,433,-1,-32
56013,2016,177,524,265,785,-88,-261
56013,2017,94,274,172,481,-78,-207
56013,2018,88,256,169,454,-81,-198
56013,2019,106,304,178,548,-72,-244
56013,2020,186,482,113,316,73,166
56013,2021,82,215,117,323,-35,-108
56015,2011,188,509,173,448,15,61
56015,2012,141,415,203,566,-62,-151
56015,2013,58,183,67,180,-9,3
56015,2014,46,129,68,203,-22,-74
56015,2015,46,129,76,205,-30,-76
56015,2016,95,287,83,225,12,62
56015,2017,50,132,82,243,-32,-111
56015,2018,63,174,61,172,2,2
56015,2019,105,327,74,198,31,129
56015,2020,113,313,94,263,19,50
56015,2021,33,92,83,214,-50,-122
56017,2011,37,117,42,115,-5,2
56017,2012,62,181,58,173,4,8
56017,2016,20,63,NA,NA,NA,NA
56019,2011,124,341,94,267,30,74
56019,2012,98,287,103,308,-5,-21
56019,2013,79,223,66,180,13,43
56019,2014,38,114,80,213,-42,-99
56019,2015,50,143,63,162,-13,-19
56019,2016,102,301,55,168,47,133
56019,2017,65,182,72,202,-7,-20
56019,2018,39,114,71,186,-32,-72
56019,2019,90,255,77,201,13,54
56019,2020,69,195,61,171,8,24
56019,2021,63,188,37,107,26,81
56021,2011,2349,6095,1663,4585,686,1510
56021,2012,1936,5667,2058,5830,-122,-163
56021,2013,1188,3433,1302,3760,-114,-327
56021,2014,891,2562,735,2022,156,540
56021,2015,1253,3578,1067,3025,186,553
56021,2016,1725,5038,1567,4597,158,441
56021,2017,1300,3710,1094,3052,206,658
56021,2018,1343,3770,1082,3038,261,732
56021,2019,1614,4631,1151,3301,463,1330
56021,2020,1645,4629,1191,3262,454,1367
56021,2021,1441,3975,1204,3280,237,695
56023,2011,245,719,229,680,16,39
56023,2012,272,872,181,563,91,309
56023,2013,113,343,111,349,2,-6
56023,2014,39,109,23,66,16,43
56023,2015,105,315,108,339,-3,-24
56023,2016,144,434,118,372,26,62
56023,2017,125,383,91,277,34,106
56023,2018,145,425,79,216,66,209
56023,2019,167,630,101,288,66,342
56023,2020,169,481,75,230,94,251
56023,2021,183,519,64,178,119,341
56025,2011,1644,4390,1034,2913,610,1477
56025,2012,1631,4584,1186,3248,445,1336
56025,2013,803,2306,879,2439,-76,-133
56025,2014,509,1395,559,1493,-50,-98
56025,2015,622,1746,1045,2889,-423,-1143
56025,2016,845,2409,1198,3464,-353,-1055
56025,2017,641,1785,692,1947,-51,-162
56025,2018,708,2021,548,1570,160,451
56025,2019,826,2329,700,1890,126,439
56025,2020,784,2119,748,2056,36,63
56025,2021,737,1957,608,1688,129,269
56027,2011,10,32,NA,NA,NA,NA
56027,2012,12,36,NA,NA,NA,NA
56029,2011,383,985,378,1061,5,-76
56029,2012,406,1202,354,985,52,217
56029,2013,207,585,251,760,-44,-175
56029,2014,106,303,148,374,-42,-71
56029,2015,200,570,193,535,7,35
56029,2016,226,660,274,778,-48,-118
56029,2017,162,471,211,581,-49,-110
56029,2018,119,337,217,611,-98,-274
56029,2019,157,426,238,652,-81,-226
56029,2020,165,476,168,460,-3,16
56029,2021,141,380,173,464,-32,-84
56031,2011,82,226,96,294,-14,-68
56031,2012,87,255,92,263,-5,-8
56031,2013,33,91,38,101,-5,-10
56031,2014,25,82,21,66,4,16
56031,2015,28,79,44,122,-16,-43
56031,2016,52,169,91,276,-39,-107
56031,2017,23,70,33,82,-10,-12
56031,2018,34,111,34,97,0,14
56031,2019,25,72,36,99,-11,-27
56031,2020,33,96,32,98,1,-2
56031,2021,38,103,36,110,2,-7
56033,2011,394,1051,352,959,42,92
56033,2012,390,1061,374,1040,16,21
56033,2013,317,896,236,632,81,264
56033,2014,202,538,145,401,57,137
56033,2015,247,655,189,499,58,156
56033,2016,303,864,257,721,46,143
56033,2017,209,564,192,536,17,28
56033,2018,222,582,179,514,43,68
56033,2019,271,752,200,536,71,216
56033,2020,245,641,178,479,67,162
56033,2021,214,582,214,582,0,0
56035,2011,135,361,88,288,47,73
56035,2012,95,300,93,298,2,2
56035,2013,35,99,29,93,6,6
56035,2014,21,60,NA,NA,NA,NA
56035,2015,48,170,NA,NA,NA,NA
56035,2016,54,178,26,84,28,94
56035,2017,79,235,NA,NA,NA,NA
56035,2018,20,59,21,72,-1,-13
56035,2019,44,127,22,62,22,65
56035,2020,28,76,20,53,8,23
56035,2021,20,55,NA,NA,NA,NA
56037,2011,716,2192,714,2245,2,-53
56037,2012,654,2093,787,2443,-133,-350
56037,2013,373,1187,453,1392,-80,-205
56037,2014,122,346,244,705,-122,-359
56037,2015,292,910,394,1244,-102,-334
56037,2016,316,972,623,1940,-307,-968
56037,2017,144,428,362,1115,-218,-687
56037,2018,206,644,371,1156,-165,-512
56037,2019,213,635,324,1052,-111,-417
56037,2020,226,645,277,801,-51,-156
56037,2021,193,550,228,637,-35,-87
56039,2011,317,867,383,983,-66,-116
56039,2012,379,1142,392,1060,-13,82
56039,2013,151,466,196,527,-45,-61
56039,2014,93,295,162,458,-69,-163
56039,2015,97,277,171,502,-74,-225
56039,2016,143,418,350,938,-207,-520
56039,2017,174,469,326,928,-152,-459
56039,2018,151,416,327,884,-176,-468
56039,2019,312,862,296,836,16,26
56039,2020,233,609,374,976,-141,-367
56039,2021,206,536,302,802,-96,-266
56041,2011,212,664,247,815,-35,-151
56041,2012,196,666,293,946,-97,-280
56041,2013,123,409,133,418,-10,-9
56041,2014,76,246,82,240,-6,6
56041,2015,121,411,153,507,-32,-96
56041,2016,161,505,196,647,-35,-142
56041,2017,100,309,86,257,14,52
56041,2018,115,367,102,348,13,19
56041,2019,130,426,98,292,32,134
56041,2020,172,529,80,238,92,291
56041,2021,126,365,128,372,-2,-7
56043,2011,34,103,54,161,-20,-58
56043,2012,62,185,82,241,-20,-56
56043,2018,23,70,NA,NA,NA,NA
56043,2021,24,68,20,63,4,5
56045,2011,44,118,51,154,-7,-36
56045,2012,55,152,74,206,-19,-54
56045,2013,24,81,27,79,-3,2
56045,2014,26,68,21,53,5,15
56045,2015,29,76,23,70,6,6
56045,2016,27,75,31,81,-4,-6
56045,2020,22,62,20,45,2,17
