GEOID,year,nInMigr,nOutMigr,netMigr
01001,1990,2923,2591,332
01001,1991,3109,2393,716
01001,1992,3315,2726,589
01001,1993,4366,2520,1846
01001,1994,3365,2669,696
01001,1995,3675,2895,780
01001,1996,3620,2961,659
01001,1997,3667,3162,505
01001,1998,3743,3226,517
01001,1999,4004,3389,615
01001,2000,3792,3308,484
01001,2001,4127,3532,595
01001,2002,4251,3672,579
01001,2003,4662,3799,863
01001,2004,4663,3903,760
01001,2005,5095,4214,881
01001,2006,4830,4155,675
01001,2007,4773,4247,526
01001,2008,4499,4231,268
01001,2009,4293,3767,526
01001,2010,4596,4233,363
01003,1990,6368,4030,2338
01003,1991,6861,3911,2950
01003,1992,7527,4071,3456
01003,1993,8022,4187,3835
01003,1994,7919,4651,3268
01003,1995,7889,4924,2965
01003,1996,8563,4935,3628
01003,1997,8218,5189,3029
01003,1998,7733,5576,2157
01003,1999,8409,5670,2739
01003,2000,8303,5934,2369
01003,2001,8265,6055,2210
01003,2002,8463,5955,2508
01003,2003,9604,5784,3820
01003,2004,10413,6236,4177
01003,2005,10747,6917,3830
01003,2006,9213,6780,2433
01003,2007,9444,7325,2119
01003,2008,9299,6868,2431
01003,2009,9517,6709,2808
01003,2010,9918,7430,2488
01005,1990,1264,1130,134
01005,1991,1158,1065,93
01005,1992,1242,1111,131
01005,1993,1129,1148,-19
01005,1994,986,1122,-136
01005,1995,1141,1078,63
01005,1996,1094,1197,-103
01005,1997,1125,1094,31
01005,1998,1068,1286,-218
01005,1999,1117,1156,-39
01005,2000,1164,1311,-147
01005,2001,1063,1269,-206
01005,2002,1049,1224,-175
01005,2003,1004,1289,-285
01005,2004,1049,1206,-157
01005,2005,1100,1196,-96
01005,2006,1043,1135,-92
01005,2007,1111,1243,-132
01005,2008,1017,1149,-132
01005,2009,997,1171,-174
01005,2010,1195,1112,83
01007,1990,827,621,206
01007,1991,813,673,140
01007,1992,946,789,157
01007,1993,853,796,57
01007,1994,1029,817,212
01007,1995,912,753,159
01007,1996,1100,874,226
01007,1997,1081,875,206
01007,1998,1321,898,423
01007,1999,1060,931,129
01007,2000,1016,899,117
01007,2001,935,1044,-109
01007,2002,988,875,113
01007,2003,948,897,51
01007,2004,1046,896,150
01007,2005,958,982,-24
01007,2006,1077,921,156
01007,2007,1100,1048,52
01007,2008,1068,1038,30
01007,2009,942,977,-35
01007,2010,922,996,-74
01009,1990,1917,1643,274
01009,1991,2001,1824,177
01009,1992,2121,1581,540
01009,1993,2295,1820,475
01009,1994,2351,1696,655
01009,1995,2241,1732,509
01009,1996,2905,1915,990
01009,1997,2818,1899,919
01009,1998,2812,2090,722
01009,1999,2617,2208,409
01009,2000,2785,2144,641
01009,2001,2763,2221,542
01009,2002,2795,2080,715
01009,2003,2819,2303,516
01009,2004,2584,2208,376
01009,2005,2769,2251,518
01009,2006,2956,2215,741
01009,2007,3039,2292,747
01009,2008,2963,2486,477
01009,2009,2572,2293,279
01009,2010,2385,2267,118
01011,1990,413,509,-96
01011,1991,371,487,-116
01011,1992,368,514,-146
01011,1993,517,518,-1
01011,1994,413,513,-100
01011,1995,383,357,26
01011,1996,428,531,-103
01011,1997,424,449,-25
01011,1998,396,464,-68
01011,1999,387,504,-117
01011,2000,333,539,-206
01011,2001,339,483,-144
01011,2002,383,416,-33
01011,2003,317,430,-113
01011,2004,248,368,-120
01011,2005,285,381,-96
01011,2006,377,363,14
01011,2007,375,451,-76
01011,2008,345,374,-29
01011,2009,403,382,21
01011,2010,327,446,-119
01013,1990,708,809,-101
01013,1991,754,740,14
01013,1992,860,763,97
01013,1993,875,834,41
01013,1994,810,850,-40
01013,1995,832,933,-101
01013,1996,875,763,112
01013,1997,726,841,-115
01013,1998,728,864,-136
01013,1999,649,907,-258
01013,2000,641,813,-172
01013,2001,574,782,-208
01013,2002,696,718,-22
01013,2003,694,706,-12
01013,2004,751,689,62
01013,2005,696,769,-73
01013,2006,796,772,24
01013,2007,755,794,-39
01013,2008,711,859,-148
01013,2009,690,739,-49
01013,2010,768,748,20
01015,1990,5948,6632,-684
01015,1991,6431,5743,688
01015,1992,6720,6789,-69
01015,1993,6109,6667,-558
01015,1994,6709,6416,293
01015,1995,6102,6493,-391
01015,1996,6149,5931,218
01015,1997,5867,6405,-538
01015,1998,5402,6281,-879
01015,1999,4742,8588,-3846
01015,2000,4636,5034,-398
01015,2001,4758,4744,14
01015,2002,4755,4403,352
01015,2003,4563,4591,-28
01015,2004,4217,4199,18
01015,2005,4682,4437,245
01015,2006,4417,4389,28
01015,2007,4634,4557,77
01015,2008,4452,4196,256
01015,2009,4151,4173,-22
01015,2010,3812,4478,-666
01017,1990,1374,1453,-79
01017,1991,1394,1380,14
01017,1992,1516,1587,-71
01017,1993,1393,1491,-98
01017,1994,1647,1502,145
01017,1995,1489,1787,-298
01017,1996,1632,1866,-234
01017,1997,1605,1602,3
01017,1998,1402,1752,-350
01017,1999,1580,1611,-31
01017,2000,1517,1615,-98
01017,2001,1526,1703,-177
01017,2002,1299,1594,-295
01017,2003,1366,1542,-176
01017,2004,1431,1497,-66
01017,2005,1485,1646,-161
01017,2006,1614,1483,131
01017,2007,1573,1853,-280
01017,2008,1390,1443,-53
01017,2009,1531,1505,26
01017,2010,1881,1521,360
01019,1990,898,830,68
01019,1991,925,786,139
01019,1992,965,697,268
01019,1993,1020,837,183
01019,1994,1110,770,340
01019,1995,1250,941,309
01019,1996,1230,970,260
01019,1997,1067,909,158
01019,1998,1051,1027,24
01019,1999,1149,927,222
01019,2000,1003,935,68
01019,2001,1046,886,160
01019,2002,1000,907,93
01019,2003,996,883,113
01019,2004,965,859,106
01019,2005,1149,915,234
01019,2006,1025,961,64
01019,2007,947,948,-1
01019,2008,1008,906,102
01019,2009,920,755,165
01019,2010,965,857,108
01021,1990,1311,963,348
01021,1991,1223,1109,114
01021,1992,1301,1167,134
01021,1993,1280,941,339
01021,1994,1456,1090,366
01021,1995,1547,1148,399
01021,1996,1622,1065,557
01021,1997,1573,1247,326
01021,1998,1722,1319,403
01021,1999,1743,1203,540
01021,2000,1493,1402,91
01021,2001,1625,1350,275
01021,2002,1535,1246,289
01021,2003,1590,1319,271
01021,2004,1647,1432,215
01021,2005,1774,1596,178
01021,2006,1893,1471,422
01021,2007,1781,1760,21
01021,2008,1956,1705,251
01021,2009,1831,1630,201
01021,2010,1706,1656,50
01023,1990,453,504,-51
01023,1991,573,527,46
01023,1992,531,581,-50
01023,1993,466,541,-75
01023,1994,495,554,-59
01023,1995,457,677,-220
01023,1996,556,507,49
01023,1997,475,549,-74
01023,1998,365,658,-293
01023,1999,469,583,-114
01023,2000,388,509,-121
01023,2001,393,569,-176
01023,2002,376,492,-116
01023,2003,389,491,-102
01023,2004,352,585,-233
01023,2005,428,439,-11
01023,2006,410,483,-73
01023,2007,417,484,-67
01023,2008,458,476,-18
01023,2009,399,403,-4
01023,2010,404,553,-149
01025,1990,1104,1025,79
01025,1991,1085,1015,70
01025,1992,1057,1039,18
01025,1993,1114,938,176
01025,1994,930,1100,-170
01025,1995,1061,1064,-3
01025,1996,1277,1020,257
01025,1997,862,1107,-245
01025,1998,957,948,9
01025,1999,842,1013,-171
01025,2000,897,1093,-196
01025,2001,811,1069,-258
01025,2002,805,915,-110
01025,2003,833,942,-109
01025,2004,789,973,-184
01025,2005,972,879,93
01025,2006,813,962,-149
01025,2007,947,1071,-124
01025,2008,934,1044,-110
01025,2009,789,952,-163
01025,2010,903,919,-16
01027,1990,495,488,7
01027,1991,591,550,41
01027,1992,643,540,103
01027,1993,622,536,86
01027,1994,580,591,-11
01027,1995,574,517,57
01027,1996,690,516,174
01027,1997,592,544,48
01027,1998,663,677,-14
01027,1999,583,515,68
01027,2000,604,626,-22
01027,2001,584,592,-8
01027,2002,555,582,-27
01027,2003,494,590,-96
01027,2004,477,539,-62
01027,2005,601,618,-17
01027,2006,580,523,57
01027,2007,679,649,30
01027,2008,676,588,88
01027,2009,543,729,-186
01027,2010,543,571,-28
01029,1990,591,613,-22
01029,1991,662,516,146
01029,1992,664,554,110
01029,1993,544,528,16
01029,1994,619,569,50
01029,1995,736,590,146
01029,1996,930,500,430
01029,1997,702,584,118
01029,1998,668,571,97
01029,1999,740,639,101
01029,2000,690,640,50
01029,2001,743,541,202
01029,2002,661,570,91
01029,2003,575,686,-111
01029,2004,640,652,-12
01029,2005,716,619,97
01029,2006,752,589,163
01029,2007,741,654,87
01029,2008,768,683,85
01029,2009,689,660,29
01029,2010,656,717,-61
01031,1990,3431,3580,-149
01031,1991,4041,3332,709
01031,1992,3998,3832,166
01031,1993,3990,3661,329
01031,1994,3864,3771,93
01031,1995,3195,3587,-392
01031,1996,3072,3313,-241
01031,1997,3144,3104,40
01031,1998,3396,3542,-146
01031,1999,3216,3509,-293
01031,2000,3344,3389,-45
01031,2001,3768,3472,296
01031,2002,3845,3416,429
01031,2003,3628,3192,436
01031,2004,3587,3272,315
01031,2005,3987,3547,440
01031,2006,4218,3388,830
01031,2007,4324,3538,786
01031,2008,4384,3796,588
01031,2009,4387,3925,462
01031,2010,4120,4306,-186
01033,1990,2529,2269,260
01033,1991,2365,2369,-4
01033,1992,2419,2182,237
01033,1993,2267,2403,-136
01033,1994,2315,2321,-6
01033,1995,2338,2185,153
01033,1996,2572,2321,251
01033,1997,2407,2609,-202
01033,1998,2077,2501,-424
01033,1999,2338,2235,103
01033,2000,2170,2165,5
01033,2001,2150,2281,-131
01033,2002,2101,2158,-57
01033,2003,2276,2070,206
01033,2004,2165,2146,19
01033,2005,2392,2202,190
01033,2006,2334,2212,122
01033,2007,2534,2331,203
01033,2008,2438,2296,142
01033,2009,2295,2064,231
01033,2010,2243,2332,-89
01035,1990,719,638,81
01035,1991,592,717,-125
01035,1992,559,635,-76
01035,1993,696,592,104
01035,1994,563,641,-78
01035,1995,666,648,18
01035,1996,679,632,47
01035,1997,488,598,-110
01035,1998,462,541,-79
01035,1999,549,645,-96
01035,2000,510,634,-124
01035,2001,492,637,-145
01035,2002,463,581,-118
01035,2003,514,600,-86
01035,2004,465,567,-102
01035,2005,664,507,157
01035,2006,470,548,-78
01035,2007,626,705,-79
01035,2008,487,542,-55
01035,2009,455,454,1
01035,2010,509,489,20
01037,1990,634,579,55
01037,1991,636,679,-43
01037,1992,686,658,28
01037,1993,747,708,39
01037,1994,721,643,78
01037,1995,631,866,-235
01037,1996,809,829,-20
01037,1997,848,799,49
01037,1998,910,861,49
01037,1999,878,811,67
01037,2000,815,836,-21
01037,2001,664,831,-167
01037,2002,639,659,-20
01037,2003,627,812,-185
01037,2004,661,744,-83
01037,2005,680,726,-46
01037,2006,726,695,31
01037,2007,728,690,38
01037,2008,827,811,16
01037,2009,706,636,70
01037,2010,535,710,-175
01039,1990,1411,1335,76
01039,1991,1628,1386,242
01039,1992,1749,1531,218
01039,1993,1415,1590,-175
01039,1994,1598,1322,276
01039,1995,1451,1319,132
01039,1996,1317,1424,-107
01039,1997,1375,1402,-27
01039,1998,1318,1308,10
01039,1999,1215,1499,-284
01039,2000,1281,1518,-237
01039,2001,1284,1304,-20
01039,2002,1330,1256,74
01039,2003,1228,1182,46
01039,2004,1258,1064,194
01039,2005,1591,1309,282
01039,2006,1401,1308,93
01039,2007,1457,1474,-17
01039,2008,1456,1364,92
01039,2009,1408,1252,156
01039,2010,1519,1248,271
01041,1990,590,584,6
01041,1991,651,707,-56
01041,1992,636,688,-52
01041,1993,616,602,14
01041,1994,762,607,155
01041,1995,674,644,30
01041,1996,751,659,92
01041,1997,626,689,-63
01041,1998,597,603,-6
01041,1999,751,638,113
01041,2000,647,631,16
01041,2001,619,669,-50
01041,2002,710,663,47
01041,2003,688,687,1
01041,2004,648,587,61
01041,2005,729,610,119
01041,2006,717,653,64
01041,2007,710,670,40
01041,2008,710,610,100
01041,2009,645,727,-82
01041,2010,654,614,40
01043,1990,2600,2042,558
01043,1991,2753,2012,741
01043,1992,2958,2213,745
01043,1993,2873,2165,708
01043,1994,2912,2386,526
01043,1995,3192,2213,979
01043,1996,2913,2511,402
01043,1997,2911,2390,521
01043,1998,3000,2544,456
01043,1999,2806,2588,218
01043,2000,2682,2660,22
01043,2001,2683,2555,128
01043,2002,2751,2479,272
01043,2003,2844,2448,396
01043,2004,2978,2550,428
01043,2005,2755,2528,227
01043,2006,3043,2416,627
01043,2007,3078,2367,711
01043,2008,2813,2656,157
01043,2009,2643,2439,204
01043,2010,2503,2678,-175
01045,1990,5860,6387,-527
01045,1991,6246,5530,716
01045,1992,5897,6928,-1031
01045,1993,6014,6070,-56
01045,1994,5729,6293,-564
01045,1995,5089,6268,-1179
01045,1996,4903,5489,-586
01045,1997,4723,5241,-518
01045,1998,5091,5288,-197
01045,1999,5050,5353,-303
01045,2000,4958,5294,-336
01045,2001,5174,5396,-222
01045,2002,5119,5362,-243
01045,2003,5028,5582,-554
01045,2004,4998,5687,-689
01045,2005,5257,5466,-209
01045,2006,5308,5344,-36
01045,2007,5133,5318,-185
01045,2008,5130,5695,-565
01045,2009,5178,5199,-21
01045,2010,5117,5571,-454
01047,1990,1564,1929,-365
01047,1991,1666,1821,-155
01047,1992,1673,1900,-227
01047,1993,1634,1934,-300
01047,1994,1568,1704,-136
01047,1995,1489,1777,-288
01047,1996,1427,1868,-441
01047,1997,1356,1843,-487
01047,1998,1347,1642,-295
01047,1999,1102,1791,-689
01047,2000,1273,1640,-367
01047,2001,1131,1798,-667
01047,2002,1286,1680,-394
01047,2003,1240,1587,-347
01047,2004,1218,1587,-369
01047,2005,1311,1639,-328
01047,2006,1225,1579,-354
01047,2007,1310,1583,-273
01047,2008,1090,1630,-540
01047,2009,1215,1299,-84
01047,2010,1154,1534,-380
01049,1990,2259,1880,379
01049,1991,2413,2039,374
01049,1992,2368,2066,302
01049,1993,2773,2146,627
01049,1994,2436,2831,-395
01049,1995,2315,2452,-137
01049,1996,2500,2483,17
01049,1997,4135,2283,1852
01049,1998,3376,2863,513
01049,1999,3163,2767,396
01049,2000,3418,2795,623
01049,2001,2451,2844,-393
01049,2002,2606,2346,260
01049,2003,2665,2538,127
01049,2004,2269,2291,-22
01049,2005,2475,2415,60
01049,2006,2567,2313,254
01049,2007,2620,2459,161
01049,2008,2717,2642,75
01049,2009,2605,2584,21
01049,2010,2583,2474,109
01051,1990,3606,2882,724
01051,1991,3862,3073,789
01051,1992,4169,3142,1027
01051,1993,4247,3327,920
01051,1994,4374,3364,1010
01051,1995,4429,3186,1243
01051,1996,4514,3331,1183
01051,1997,4684,3440,1244
01051,1998,4791,3712,1079
01051,1999,4758,3714,1044
01051,2000,4257,3791,466
01051,2001,4567,3688,879
01051,2002,4880,3747,1133
01051,2003,4832,3961,871
01051,2004,5514,3976,1538
01051,2005,5999,4529,1470
01051,2006,6050,4511,1539
01051,2007,5436,5132,304
01051,2008,5263,4887,376
01051,2009,5558,4539,1019
01051,2010,5198,4946,252
01053,1990,1424,1404,20
01053,1991,1436,1370,66
01053,1992,1526,1438,88
01053,1993,1438,1432,6
01053,1994,1458,1466,-8
01053,1995,1429,1767,-338
01053,1996,1697,1401,296
01053,1997,1412,1433,-21
01053,1998,1383,1543,-160
01053,1999,1302,1430,-128
01053,2000,1286,1377,-91
01053,2001,1274,1337,-63
01053,2002,1189,1443,-254
01053,2003,1269,1322,-53
01053,2004,1259,1446,-187
01053,2005,1432,1442,-10
01053,2006,1292,1284,8
01053,2007,1403,1410,-7
01053,2008,1379,1468,-89
01053,2009,1166,1192,-26
01053,2010,1274,1398,-124
01055,1990,3484,3596,-112
01055,1991,3681,3714,-33
01055,1992,3583,3514,69
01055,1993,3789,3446,343
01055,1994,3504,3726,-222
01055,1995,3180,2953,227
01055,1996,4866,3299,1567
01055,1997,3646,3509,137
01055,1998,3425,3822,-397
01055,1999,3469,4127,-658
01055,2000,3355,3696,-341
01055,2001,3385,3381,4
01055,2002,3533,3408,125
01055,2003,3525,3398,127
01055,2004,3492,3454,38
01055,2005,3746,3408,338
01055,2006,3635,3352,283
01055,2007,3710,3537,173
01055,2008,3602,3472,130
01055,2009,3352,3143,209
01055,2010,3430,3309,121
01057,1990,752,670,82
01057,1991,797,839,-42
01057,1992,715,778,-63
01057,1993,684,684,0
01057,1994,780,739,41
01057,1995,663,635,28
01057,1996,784,721,63
01057,1997,822,848,-26
01057,1998,754,761,-7
01057,1999,790,843,-53
01057,2000,753,798,-45
01057,2001,742,760,-18
01057,2002,745,762,-17
01057,2003,728,753,-25
01057,2004,622,548,74
01057,2005,566,699,-133
01057,2006,624,741,-117
01057,2007,726,699,27
01057,2008,638,693,-55
01057,2009,599,602,-3
01057,2010,568,609,-41
01059,1990,1229,1071,158
01059,1991,1382,1045,337
01059,1992,1327,1122,205
01059,1993,1394,1106,288
01059,1994,1412,1254,158
01059,1995,1485,1319,166
01059,1996,1329,1250,79
01059,1997,1398,1397,1
01059,1998,1282,1310,-28
01059,1999,1161,1350,-189
01059,2000,1071,1329,-258
01059,2001,926,1331,-405
01059,2002,1003,1161,-158
01059,2003,1106,1266,-160
01059,2004,1111,1114,-3
01059,2005,1222,1196,26
01059,2006,1073,1289,-216
01059,2007,1317,1102,215
01059,2008,1425,1399,26
01059,2009,1360,1535,-175
01059,2010,1445,1963,-518
01061,1990,1375,1047,328
01061,1991,1295,1336,-41
01061,1992,1322,1135,187
01061,1993,1290,1153,137
01061,1994,1362,1201,161
01061,1995,1177,1104,73
01061,1996,1215,1175,40
01061,1997,1257,1179,78
01061,1998,1406,1291,115
01061,1999,1479,1347,132
01061,2000,1128,1378,-250
01061,2001,1259,1299,-40
01061,2002,1230,1177,53
01061,2003,1191,1146,45
01061,2004,1253,1141,112
01061,2005,1514,1274,240
01061,2006,1445,1325,120
01061,2007,1451,1241,210
01061,2008,1257,1278,-21
01061,2009,1333,1179,154
01061,2010,1261,1304,-43
01063,1990,402,385,17
01063,1991,358,390,-32
01063,1992,334,447,-113
01063,1993,315,396,-81
01063,1994,399,493,-94
01063,1995,378,375,3
01063,1996,358,435,-77
01063,1997,318,397,-79
01063,1998,328,428,-100
01063,1999,313,407,-94
01063,2000,399,423,-24
01063,2001,316,371,-55
01063,2002,322,352,-30
01063,2003,266,393,-127
01063,2004,330,378,-48
01063,2005,265,533,-268
01063,2006,339,364,-25
01063,2007,386,472,-86
01063,2008,350,461,-111
01063,2009,235,434,-199
01063,2010,307,332,-25
01065,1990,820,680,140
01065,1991,789,685,104
01065,1992,817,831,-14
01065,1993,821,764,57
01065,1994,827,791,36
01065,1995,811,717,94
01065,1996,762,816,-54
01065,1997,839,652,187
01065,1998,667,671,-4
01065,1999,762,628,134
01065,2000,670,722,-52
01065,2001,630,721,-91
01065,2002,708,685,23
01065,2003,718,815,-97
01065,2004,700,628,72
01065,2005,746,745,1
01065,2006,760,665,95
01065,2007,872,811,61
01065,2008,794,759,35
01065,2009,668,732,-64
01065,2010,583,774,-191
01067,1990,931,781,150
01067,1991,824,903,-79
01067,1992,927,799,128
01067,1993,981,923,58
01067,1994,955,963,-8
01067,1995,817,1190,-373
01067,1996,1167,848,319
01067,1997,957,890,67
01067,1998,874,917,-43
01067,1999,962,806,156
01067,2000,846,892,-46
01067,2001,849,841,8
01067,2002,881,819,62
01067,2003,954,837,117
01067,2004,906,837,69
01067,2005,1037,883,154
01067,2006,994,843,151
01067,2007,916,861,55
01067,2008,1069,894,175
01067,2009,962,869,93
01067,2010,989,875,114
01069,1990,4399,4197,202
01069,1991,4640,4164,476
01069,1992,4703,4093,610
01069,1993,4171,4413,-242
01069,1994,4462,4452,10
01069,1995,4422,4560,-138
01069,1996,4794,4247,547
01069,1997,4538,4422,116
01069,1998,4574,4485,89
01069,1999,4680,4624,56
01069,2000,4601,4520,81
01069,2001,4462,4335,127
01069,2002,4889,4052,837
01069,2003,5069,4356,713
01069,2004,4901,4266,635
01069,2005,5536,4596,940
01069,2006,5524,4479,1045
01069,2007,5382,4773,609
01069,2008,5548,4870,678
01069,2009,5459,4816,643
01069,2010,5592,5261,331
01071,1990,2093,1831,262
01071,1991,2156,1915,241
01071,1992,2266,1969,297
01071,1993,2028,2071,-43
01071,1994,2370,2173,197
01071,1995,2333,1805,528
01071,1996,1962,2023,-61
01071,1997,2153,1771,382
01071,1998,2014,1999,15
01071,1999,2103,1912,191
01071,2000,1860,1838,22
01071,2001,1837,1973,-136
01071,2002,1787,1799,-12
01071,2003,1727,1863,-136
01071,2004,1704,1809,-105
01071,2005,1953,1719,234
01071,2006,1862,1770,92
01071,2007,1966,1673,293
01071,2008,1753,1792,-39
01071,2009,1552,1683,-131
01071,2010,1714,1584,130
01073,1990,22025,22481,-456
01073,1991,21751,22664,-913
01073,1992,23113,23635,-522
01073,1993,22911,23399,-488
01073,1994,22884,23479,-595
01073,1995,20899,23751,-2852
01073,1996,21409,25015,-3606
01073,1997,21833,24516,-2683
01073,1998,21927,25539,-3612
01073,1999,22200,25148,-2948
01073,2000,21247,24742,-3495
01073,2001,20972,24590,-3618
01073,2002,21161,23864,-2703
01073,2003,21326,24242,-2916
01073,2004,21520,24875,-3355
01073,2005,22992,25042,-2050
01073,2006,21775,25903,-4128
01073,2007,23647,25609,-1962
01073,2008,22233,24407,-2174
01073,2009,20104,23007,-2903
01073,2010,20805,23059,-2254
01075,1990,581,619,-38
01075,1991,624,681,-57
01075,1992,645,596,49
01075,1993,564,645,-81
01075,1994,601,662,-61
01075,1995,599,657,-58
01075,1996,616,577,39
01075,1997,632,595,37
01075,1998,592,580,12
01075,1999,627,608,19
01075,2000,476,719,-243
01075,2001,525,655,-130
01075,2002,487,638,-151
01075,2003,460,583,-123
01075,2004,542,591,-49
01075,2005,433,658,-225
01075,2006,580,524,56
01075,2007,537,615,-78
01075,2008,502,480,22
01075,2009,534,522,12
01075,2010,434,555,-121
01077,1990,3421,2887,534
01077,1991,3458,2905,553
01077,1992,3536,2944,592
01077,1993,3446,3223,223
01077,1994,3402,3170,232
01077,1995,3191,2892,299
01077,1996,3118,3255,-137
01077,1997,3350,3223,127
01077,1998,3257,3284,-27
01077,1999,3194,3234,-40
01077,2000,2887,3354,-467
01077,2001,2875,3192,-317
01077,2002,2965,2938,27
01077,2003,3216,2956,260
01077,2004,3165,3104,61
01077,2005,3479,3037,442
01077,2006,3404,3023,381
01077,2007,3545,3194,351
01077,2008,3502,3274,228
01077,2009,2958,2983,-25
01077,2010,3033,3071,-38
01079,1990,1404,1146,258
01079,1991,1335,1379,-44
01079,1992,1461,1228,233
01079,1993,1269,1389,-120
01079,1994,1304,1157,147
01079,1995,1534,1351,183
01079,1996,1442,1322,120
01079,1997,1398,1362,36
01079,1998,1505,1289,216
01079,1999,1442,1312,130
01079,2000,1290,1378,-88
01079,2001,1276,1420,-144
01079,2002,1154,1334,-180
01079,2003,1212,1345,-133
01079,2004,1342,1291,51
01079,2005,1120,1361,-241
01079,2006,1366,1286,80
01079,2007,1375,1332,43
01079,2008,1323,1271,52
01079,2009,1307,1280,27
01079,2010,1203,1270,-67
01081,1990,5222,5268,-46
01081,1991,5479,5209,270
01081,1992,6043,5109,934
01081,1993,5665,5647,18
01081,1994,5859,5260,599
01081,1995,5914,5196,718
01081,1996,7411,5690,1721
01081,1997,6984,6030,954
01081,1998,6831,6170,661
01081,1999,6834,6317,517
01081,2000,6699,6377,322
01081,2001,6577,6188,389
01081,2002,6724,6012,712
01081,2003,7064,6283,781
01081,2004,7896,6262,1634
01081,2005,8161,6740,1421
01081,2006,7833,6852,981
01081,2007,8284,7520,764
01081,2008,8618,7232,1386
01081,2009,8008,7157,851
01081,2010,9274,7278,1996
01083,1990,2761,2025,736
01083,1991,2912,2162,750
01083,1992,2892,2353,539
01083,1993,2650,2496,154
01083,1994,2679,2548,131
01083,1995,2792,2418,374
01083,1996,2870,2449,421
01083,1997,3689,2450,1239
01083,1998,3256,2760,496
01083,1999,3156,2668,488
01083,2000,3029,2522,507
01083,2001,3006,2674,332
01083,2002,3194,2770,424
01083,2003,3499,2699,800
01083,2004,3522,2567,955
01083,2005,4247,2707,1540
01083,2006,4494,2793,1701
01083,2007,4862,3059,1803
01083,2008,4868,3003,1865
01083,2009,4621,3235,1386
01083,2010,4970,3525,1445
01085,1990,576,655,-79
01085,1991,590,654,-64
01085,1992,706,660,46
01085,1993,627,634,-7
01085,1994,643,648,-5
01085,1995,636,754,-118
01085,1996,694,745,-51
01085,1997,586,569,17
01085,1998,615,620,-5
01085,1999,632,650,-18
01085,2000,558,675,-117
01085,2001,592,607,-15
01085,2002,532,666,-134
01085,2003,539,743,-204
01085,2004,545,649,-104
01085,2005,635,793,-158
01085,2006,639,813,-174
01085,2007,689,813,-124
01085,2008,585,729,-144
01085,2009,710,673,37
01085,2010,625,769,-144
01087,1990,771,1122,-351
01087,1991,969,1077,-108
01087,1992,1043,1096,-53
01087,1993,1043,1168,-125
01087,1994,955,1067,-112
01087,1995,902,1065,-163
01087,1996,968,1219,-251
01087,1997,896,1088,-192
01087,1998,908,1121,-213
01087,1999,901,1027,-126
01087,2000,868,990,-122
01087,2001,754,1010,-256
01087,2002,756,918,-162
01087,2003,762,994,-232
01087,2004,770,1019,-249
01087,2005,926,1014,-88
01087,2006,999,1173,-174
01087,2007,1121,1144,-23
01087,2008,1016,1277,-261
01087,2009,953,1073,-120
01087,2010,914,1211,-297
01089,1990,13830,12298,1532
01089,1991,14839,11291,3548
01089,1992,14899,12216,2683
01089,1993,12926,13444,-518
01089,1994,11887,13835,-1948
01089,1995,11650,12444,-794
01089,1996,12572,12823,-251
01089,1997,14943,12809,2134
01089,1998,12418,12411,7
01089,1999,12474,11624,850
01089,2000,12817,11656,1161
01089,2001,12761,10607,2154
01089,2002,12818,10747,2071
01089,2003,12580,10842,1738
01089,2004,13798,11159,2639
01089,2005,15720,11830,3890
01089,2006,15631,11873,3758
01089,2007,17099,12394,4705
01089,2008,17077,12509,4568
01089,2009,14995,12274,2721
01089,2010,15536,13800,1736
01091,1990,846,916,-70
01091,1991,964,959,5
01091,1992,972,888,84
01091,1993,874,1002,-128
01091,1994,958,1061,-103
01091,1995,882,951,-69
01091,1996,922,908,14
01091,1997,845,1039,-194
01091,1998,760,995,-235
01091,1999,900,910,-10
01091,2000,696,977,-281
01091,2001,816,815,1
01091,2002,752,911,-159
01091,2003,651,771,-120
01091,2004,701,826,-125
01091,2005,837,876,-39
01091,2006,807,841,-34
01091,2007,809,958,-149
01091,2008,824,845,-21
01091,2009,726,783,-57
01091,2010,649,881,-232
01093,1990,902,1139,-237
01093,1991,1070,1004,66
01093,1992,1245,990,255
01093,1993,1177,1022,155
01093,1994,1196,1046,150
01093,1995,1312,1033,279
01093,1996,1237,1291,-54
01093,1997,1121,1158,-37
01093,1998,836,1154,-318
01093,1999,942,1086,-144
01093,2000,852,1135,-283
01093,2001,857,1059,-202
01093,2002,857,926,-69
01093,2003,944,917,27
01093,2004,1037,1019,18
01093,2005,1190,1040,150
01093,2006,1109,1049,60
01093,2007,1059,1155,-96
01093,2008,1085,1181,-96
01093,2009,1098,954,144
01093,2010,1043,952,91
01095,1990,3471,3012,459
01095,1991,3858,2819,1039
01095,1992,4255,2836,1419
01095,1993,4609,3292,1317
01095,1994,4756,3317,1439
01095,1995,4210,3382,828
01095,1996,4002,4629,-627
01095,1997,3764,5215,-1451
01095,1998,4164,4190,-26
01095,1999,3867,4040,-173
01095,2000,3700,4006,-306
01095,2001,3843,3400,443
01095,2002,3662,3502,160
01095,2003,3749,3604,145
01095,2004,3685,3430,255
01095,2005,4139,3543,596
01095,2006,3967,3502,465
01095,2007,4088,3751,337
01095,2008,3975,3642,333
01095,2009,3937,4004,-67
01095,2010,4017,3840,177
01097,1990,13037,12473,564
01097,1991,13391,11750,1641
01097,1992,13860,12434,1426
01097,1993,12225,12711,-486
01097,1994,11406,12996,-1590
01097,1995,11137,12235,-1098
01097,1996,11430,12142,-712
01097,1997,11260,12459,-1199
01097,1998,11247,12534,-1287
01097,1999,10930,12389,-1459
01097,2000,10290,12048,-1758
01097,2001,9682,12290,-2608
01097,2002,9533,11232,-1699
01097,2003,9758,11072,-1314
01097,2004,9996,10879,-883
01097,2005,12594,11371,1223
01097,2006,11665,11508,157
01097,2007,11944,11608,336
01097,2008,11727,11466,261
01097,2009,10541,11241,-700
01097,2010,10538,12033,-1495
01099,1990,993,1340,-347
01099,1991,894,879,15
01099,1992,970,950,20
01099,1993,822,889,-67
01099,1994,853,920,-67
01099,1995,803,1383,-580
01099,1996,1216,1068,148
01099,1997,773,1065,-292
01099,1998,667,887,-220
01099,1999,659,942,-283
01099,2000,716,916,-200
01099,2001,699,858,-159
01099,2002,642,782,-140
01099,2003,661,774,-113
01099,2004,758,797,-39
01099,2005,715,876,-161
01099,2006,714,872,-158
01099,2007,721,911,-190
01099,2008,669,836,-167
01099,2009,664,822,-158
01099,2010,652,800,-148
01101,1990,12305,12051,254
01101,1991,12608,11623,985
01101,1992,12916,12571,345
01101,1993,12904,12869,35
01101,1994,12338,13310,-972
01101,1995,11664,13011,-1347
01101,1996,11666,12964,-1298
01101,1997,11060,12666,-1606
01101,1998,10808,13565,-2757
01101,1999,10920,13002,-2082
01101,2000,10310,12369,-2059
01101,2001,10824,12084,-1260
01101,2002,10256,12136,-1880
01101,2003,10798,11999,-1201
01101,2004,10865,12144,-1279
01101,2005,13390,12368,1022
01101,2006,12536,13130,-594
01101,2007,12236,14424,-2188
01101,2008,11152,12951,-1799
01101,2009,10662,12120,-1458
01101,2010,11084,12754,-1670
01103,1990,5274,4551,723
01103,1991,5400,4620,780
01103,1992,5714,4798,916
01103,1993,5413,5145,268
01103,1994,5398,5052,346
01103,1995,5074,4984,90
01103,1996,5273,5010,263
01103,1997,5256,4958,298
01103,1998,5143,5196,-53
01103,1999,4870,4995,-125
01103,2000,4621,4855,-234
01103,2001,4448,4871,-423
01103,2002,4753,4352,401
01103,2003,4444,4776,-332
01103,2004,4824,4561,263
01103,2005,5177,4475,702
01103,2006,5145,4671,474
01103,2007,5126,4744,382
01103,2008,4887,4623,264
01103,2009,4726,4354,372
01103,2010,4785,4889,-104
01105,1990,373,554,-181
01105,1991,476,507,-31
01105,1992,509,544,-35
01105,1993,509,459,50
01105,1994,434,436,-2
01105,1995,429,456,-27
01105,1996,475,490,-15
01105,1997,497,472,25
01105,1998,384,475,-91
01105,1999,380,527,-147
01105,2000,314,438,-124
01105,2001,288,394,-106
01105,2002,342,376,-34
01105,2003,271,403,-132
01105,2004,306,463,-157
01105,2005,350,460,-110
01105,2006,321,449,-128
01105,2007,383,514,-131
01105,2008,354,437,-83
01105,2009,388,485,-97
01105,2010,351,428,-77
01107,1990,773,737,36
01107,1991,810,669,141
01107,1992,799,772,27
01107,1993,752,782,-30
01107,1994,685,727,-42
01107,1995,740,674,66
01107,1996,647,737,-90
01107,1997,699,656,43
01107,1998,653,672,-19
01107,1999,671,779,-108
01107,2000,692,770,-78
01107,2001,701,708,-7
01107,2002,537,796,-259
01107,2003,601,707,-106
01107,2004,613,717,-104
01107,2005,692,711,-19
01107,2006,623,786,-163
01107,2007,682,653,29
01107,2008,685,726,-41
01107,2009,601,651,-50
01107,2010,599,738,-139
01109,1990,1265,1122,143
01109,1991,1171,1130,41
01109,1992,1346,1199,147
01109,1993,1424,1180,244
01109,1994,1337,1344,-7
01109,1995,1248,1347,-99
01109,1996,1421,1354,67
01109,1997,1303,1369,-66
01109,1998,1243,1464,-221
01109,1999,1271,1315,-44
01109,2000,1161,1446,-285
01109,2001,1221,1343,-122
01109,2002,1283,1342,-59
01109,2003,1419,1281,138
01109,2004,1335,1278,57
01109,2005,1370,1349,21
01109,2006,1260,1418,-158
01109,2007,1505,1542,-37
01109,2008,1442,1415,27
01109,2009,1502,1336,166
01109,2010,1339,1513,-174
01111,1990,833,796,37
01111,1991,850,712,138
01111,1992,787,750,37
01111,1993,830,819,11
01111,1994,810,842,-32
01111,1995,880,926,-46
01111,1996,976,1168,-192
01111,1997,795,818,-23
01111,1998,924,759,165
01111,1999,952,811,141
01111,2000,828,754,74
01111,2001,882,852,30
01111,2002,797,906,-109
01111,2003,917,749,168
01111,2004,872,789,83
01111,2005,951,898,53
01111,2006,837,834,3
01111,2007,977,798,179
01111,2008,861,847,14
01111,2009,817,724,93
01111,2010,945,720,225
01113,1990,4006,3408,598
01113,1991,4397,3343,1054
01113,1992,4303,3747,556
01113,1993,4324,3460,864
01113,1994,3971,3707,264
01113,1995,3809,3633,176
01113,1996,3421,4289,-868
01113,1997,3475,3885,-410
01113,1998,3405,3739,-334
01113,1999,3405,3698,-293
01113,2000,3459,3747,-288
01113,2001,3583,3821,-238
01113,2002,3303,3541,-238
01113,2003,3531,3371,160
01113,2004,3880,3756,124
01113,2005,4344,3866,478
01113,2006,4260,4086,174
01113,2007,4548,4324,224
01113,2008,4872,4371,501
01113,2009,5356,4428,928
01113,2010,6316,4775,1541
01115,1990,3152,2297,855
01115,1991,3181,2349,832
01115,1992,3524,2578,946
01115,1993,3356,2497,859
01115,1994,3671,2642,1029
01115,1995,3484,2431,1053
01115,1996,3692,2755,937
01115,1997,3595,2665,930
01115,1998,3998,2732,1266
01115,1999,3733,2758,975
01115,2000,3551,2846,705
01115,2001,3711,3059,652
01115,2002,3782,2946,836
01115,2003,4154,2934,1220
01115,2004,4634,3095,1539
01115,2005,5456,3173,2283
01115,2006,5496,3314,2182
01115,2007,4949,3577,1372
01115,2008,4757,3525,1232
01115,2009,4267,3644,623
01115,2010,4021,3851,170
01117,1990,6224,4975,1249
01117,1991,7233,5217,2016
01117,1992,8153,5489,2664
01117,1993,8400,5790,2610
01117,1994,8635,5611,3024
01117,1995,10486,7465,3021
01117,1996,11353,7890,3463
01117,1997,11285,8422,2863
01117,1998,12108,8788,3320
01117,1999,11662,9083,2579
01117,2000,11330,8750,2580
01117,2001,11455,8902,2553
01117,2002,12094,8598,3496
01117,2003,12762,9119,3643
01117,2004,13512,9766,3746
01117,2005,14260,9847,4413
01117,2006,12807,10050,2757
01117,2007,13337,10554,2783
01117,2008,12002,10088,1914
01117,2009,11063,10150,913
01117,2010,10979,10115,864
01119,1990,526,566,-40
01119,1991,525,630,-105
01119,1992,574,642,-68
01119,1993,641,556,85
01119,1994,580,642,-62
01119,1995,513,537,-24
01119,1996,466,683,-217
01119,1997,526,663,-137
01119,1998,501,643,-142
01119,1999,482,681,-199
01119,2000,441,617,-176
01119,2001,460,655,-195
01119,2002,453,511,-58
01119,2003,453,531,-78
01119,2004,388,603,-215
01119,2005,429,565,-136
01119,2006,368,566,-198
01119,2007,454,542,-88
01119,2008,427,539,-112
01119,2009,428,442,-14
01119,2010,344,495,-151
01121,1990,2726,2689,37
01121,1991,2783,2710,73
01121,1992,2745,2738,7
01121,1993,2897,2673,224
01121,1994,2813,2470,343
01121,1995,2597,2361,236
01121,1996,2742,2742,0
01121,1997,2788,2690,98
01121,1998,2992,2792,200
01121,1999,2876,2923,-47
01121,2000,2663,2854,-191
01121,2001,2833,2760,73
01121,2002,2589,2929,-340
01121,2003,2715,2692,23
01121,2004,3248,3166,82
01121,2005,3326,3257,69
01121,2006,3186,3216,-30
01121,2007,3293,3348,-55
01121,2008,3263,3281,-18
01121,2009,2783,3238,-455
01121,2010,3008,3004,4
01123,1990,1825,1624,201
01123,1991,1748,1773,-25
01123,1992,2056,1788,268
01123,1993,2089,1820,269
01123,1994,1890,2261,-371
01123,1995,1779,1371,408
01123,1996,1635,1586,49
01123,1997,1628,1566,62
01123,1998,1655,1745,-90
01123,1999,1484,1849,-365
01123,2000,1448,1655,-207
01123,2001,1370,1665,-295
01123,2002,1395,1532,-137
01123,2003,1420,1420,0
01123,2004,1674,1679,-5
01123,2005,1847,1630,217
01123,2006,1781,1675,106
01123,2007,1891,1707,184
01123,2008,2011,2014,-3
01123,2009,1943,1938,5
01123,2010,1867,2957,-1090
01125,1990,6256,5136,1120
01125,1991,5631,5996,-365
01125,1992,5799,5573,226
01125,1993,5864,5251,613
01125,1994,6476,5519,957
01125,1995,5979,6027,-48
01125,1996,6657,5773,884
01125,1997,6267,6513,-246
01125,1998,6280,6455,-175
01125,1999,5961,6380,-419
01125,2000,6098,6602,-504
01125,2001,5985,6160,-175
01125,2002,5868,5877,-9
01125,2003,6214,5944,270
01125,2004,6681,6026,655
01125,2005,7813,6141,1672
01125,2006,7001,6478,523
01125,2007,7472,6737,735
01125,2008,6986,6586,400
01125,2009,6559,6358,201
01125,2010,6919,6392,527
01127,1990,2364,2168,196
01127,1991,2264,2042,222
01127,1992,2363,2252,111
01127,1993,2396,2134,262
01127,1994,2545,2329,216
01127,1995,2479,2006,473
01127,1996,2510,2314,196
01127,1997,2284,2180,104
01127,1998,2249,2205,44
01127,1999,2194,2326,-132
01127,2000,2205,2160,45
01127,2001,1994,2095,-101
01127,2002,1970,2179,-209
01127,2003,1989,2013,-24
01127,2004,2196,1929,267
01127,2005,2395,2285,110
01127,2006,2118,2114,4
01127,2007,2365,2040,325
01127,2008,2197,2103,94
01127,2009,2081,1900,181
01127,2010,2054,2060,-6
01129,1990,610,607,3
01129,1991,640,721,-81
01129,1992,699,633,66
01129,1993,586,628,-42
01129,1994,671,624,47
01129,1995,612,554,58
01129,1996,713,666,47
01129,1997,647,656,-9
01129,1998,594,625,-31
01129,1999,667,642,25
01129,2000,598,789,-191
01129,2001,592,658,-66
01129,2002,586,644,-58
01129,2003,619,700,-81
01129,2004,609,667,-58
01129,2005,623,707,-84
01129,2006,566,696,-130
01129,2007,755,766,-11
01129,2008,719,712,7
01129,2009,727,584,143
01129,2010,621,763,-142
01131,1990,729,551,178
01131,1991,494,619,-125
01131,1992,524,538,-14
01131,1993,464,555,-91
01131,1994,403,499,-96
01131,1995,437,501,-64
01131,1996,410,541,-131
01131,1997,437,481,-44
01131,1998,479,536,-57
01131,1999,438,507,-69
01131,2000,400,534,-134
01131,2001,485,471,14
01131,2002,418,457,-39
01131,2003,399,503,-104
01131,2004,410,453,-43
01131,2005,451,495,-44
01131,2006,372,504,-132
01131,2007,448,495,-47
01131,2008,436,566,-130
01131,2009,389,487,-98
01131,2010,415,488,-73
01133,1990,875,964,-89
01133,1991,982,851,131
01133,1992,1196,946,250
01133,1993,1262,914,348
01133,1994,1271,1041,230
01133,1995,907,690,217
01133,1996,1097,979,118
01133,1997,964,876,88
01133,1998,1099,866,233
01133,1999,1150,991,159
01133,2000,884,1060,-176
01133,2001,972,1010,-38
01133,2002,922,929,-7
01133,2003,868,923,-55
01133,2004,904,889,15
01133,2005,1038,928,110
01133,2006,965,1047,-82
01133,2007,988,1073,-85
01133,2008,999,967,32
01133,2009,830,1028,-198
01133,2010,918,878,40
02013,1990,280,173,107
02013,1991,208,266,-58
02013,1992,184,304,-120
02013,1993,150,249,-99
02013,1994,246,225,21
02013,1995,202,221,-19
02013,1996,269,269,0
02013,1997,200,267,-67
02013,1998,200,234,-34
02013,1999,182,263,-81
02013,2000,200,295,-95
02013,2001,176,206,-30
02013,2002,180,178,2
02013,2003,163,206,-43
02013,2004,197,184,13
02013,2005,154,223,-69
02013,2006,184,180,4
02013,2007,178,163,15
02013,2008,249,220,29
02013,2009,225,183,42
02013,2010,194,226,-32
02016,1990,535,1522,-987
02016,1991,2101,2331,-230
02016,1992,2213,1698,515
02016,1993,1225,2762,-1537
02016,1994,870,2404,-1534
02016,1995,720,905,-185
02016,1996,600,781,-181
02016,1997,449,814,-365
02016,1998,512,651,-139
02016,1999,434,566,-132
02016,2000,415,501,-86
02016,2001,394,474,-80
02016,2002,469,431,38
02016,2003,416,509,-93
02016,2004,370,476,-106
02016,2005,385,588,-203
02016,2006,352,499,-147
02016,2007,343,628,-285
02016,2008,432,445,-13
02016,2009,318,464,-146
02016,2010,358,415,-57
02020,1990,18970,16819,2151
02020,1991,22174,17183,4991
02020,1992,20132,20190,-58
02020,1993,17487,18461,-974
02020,1994,16304,20542,-4238
02020,1995,15619,19579,-3960
02020,1996,15816,17526,-1710
02020,1997,16386,16586,-200
02020,1998,16387,17534,-1147
02020,1999,15245,17380,-2135
02020,2000,16536,16621,-85
02020,2001,17326,16412,914
02020,2002,16986,17588,-602
02020,2003,16525,17598,-1073
02020,2004,16338,18532,-2194
02020,2005,18751,18910,-159
02020,2006,16204,19599,-3395
02020,2007,17579,18919,-1340
02020,2008,20396,19106,1290
02020,2009,18497,17492,1005
02020,2010,18159,20092,-1933
02050,1990,558,604,-46
02050,1991,480,528,-48
02050,1992,496,504,-8
02050,1993,471,528,-57
02050,1994,496,463,33
02050,1995,453,526,-73
02050,1996,522,627,-105
02050,1997,526,604,-78
02050,1998,514,603,-89
02050,1999,495,633,-138
02050,2000,467,600,-133
02050,2001,565,568,-3
02050,2002,551,625,-74
02050,2003,498,630,-132
02050,2004,514,654,-140
02050,2005,519,771,-252
02050,2006,487,731,-244
02050,2007,534,710,-176
02050,2008,490,691,-201
02050,2009,557,627,-70
02050,2010,623,667,-44
02060,1990,125,130,-5
02060,1991,252,195,57
02060,1992,279,235,44
02060,1993,201,353,-152
02060,1994,143,257,-114
02060,1995,129,104,25
02060,1996,166,152,14
02060,1997,119,133,-14
02060,1998,95,142,-47
02060,1999,76,168,-92
02060,2000,96,149,-53
02060,2001,88,122,-34
02060,2002,85,118,-33
02060,2003,100,122,-22
02060,2004,113,90,23
02060,2005,81,154,-73
02060,2006,76,127,-51
02060,2007,0,0,0
02060,2008,87,197,-110
02060,2009,90,62,28
02060,2010,99,88,11
02068,1990,288,141,147
02068,1991,297,239,58
02068,1992,242,247,-5
02068,1993,278,171,107
02068,1994,230,232,-2
02068,1995,317,228,89
02068,1996,223,269,-46
02068,1997,234,287,-53
02068,1998,202,274,-72
02068,1999,244,263,-19
02068,2000,233,258,-25
02068,2001,232,233,-1
02068,2002,205,224,-19
02068,2003,293,279,14
02068,2004,209,295,-86
02068,2005,224,210,14
02068,2006,183,208,-25
02068,2007,185,211,-26
02068,2008,173,161,12
02068,2009,180,188,-8
02068,2010,198,182,16
02070,1990,253,260,-7
02070,1991,257,226,31
02070,1992,216,214,2
02070,1993,240,270,-30
02070,1994,211,282,-71
02070,1995,205,226,-21
02070,1996,195,245,-50
02070,1997,226,244,-18
02070,1998,252,249,3
02070,1999,246,285,-39
02070,2000,200,280,-80
02070,2001,252,245,7
02070,2002,220,299,-79
02070,2003,219,249,-30
02070,2004,215,272,-57
02070,2005,229,280,-51
02070,2006,230,258,-28
02070,2007,195,311,-116
02070,2008,217,255,-38
02070,2009,238,239,-1
02070,2010,220,205,15
02090,1990,8288,7691,597
02090,1991,9787,8727,1060
02090,1992,9801,10777,-976
02090,1993,8116,8073,43
02090,1994,7340,9688,-2348
02090,1995,8684,8930,-246
02090,1996,7816,8464,-648
02090,1997,7249,7769,-520
02090,1998,7868,8830,-962
02090,1999,6974,8374,-1400
02090,2000,7520,7695,-175
02090,2001,8126,8226,-100
02090,2002,7892,8269,-377
02090,2003,8439,8918,-479
02090,2004,7242,7908,-666
02090,2005,6805,8589,-1784
02090,2006,8771,7805,966
02090,2007,7811,9672,-1861
02090,2008,6998,8613,-1615
02090,2009,8784,8022,762
02090,2010,8796,9848,-1052
02100,1990,201,199,2
02100,1991,165,233,-68
02100,1992,174,167,7
02100,1993,226,144,82
02100,1994,194,202,-8
02100,1995,165,181,-16
02100,1996,156,128,28
02100,1997,177,174,3
02100,1998,160,198,-38
02100,1999,189,165,24
02100,2000,123,185,-62
02100,2001,164,176,-12
02100,2002,143,148,-5
02100,2003,116,159,-43
02100,2004,144,130,14
02100,2005,163,146,17
02100,2006,167,159,8
02100,2007,129,137,-8
02100,2008,167,120,47
02100,2009,119,107,12
02100,2010,133,83,50
02105,1990,0,0,0
02105,1991,0,0,0
02105,1992,0,0,0
02105,1993,0,0,0
02105,1994,0,0,0
02105,1995,0,0,0
02105,1996,0,0,0
02105,1997,0,0,0
02105,1998,0,0,0
02105,1999,0,0,0
02105,2000,0,0,0
02105,2001,0,0,0
02105,2002,0,0,0
02105,2003,0,0,0
02105,2004,0,0,0
02105,2005,0,0,0
02105,2006,0,0,0
02105,2007,119,132,-13
02105,2008,90,146,-56
02105,2009,116,101,15
02105,2010,100,115,-15
02110,1990,2307,1964,343
02110,1991,2063,2076,-13
02110,1992,1840,1952,-112
02110,1993,1856,2140,-284
02110,1994,1841,1727,114
02110,1995,1895,1731,164
02110,1996,1825,1861,-36
02110,1997,1575,1937,-362
02110,1998,1755,1984,-229
02110,1999,1579,1924,-345
02110,2000,1607,1925,-318
02110,2001,1713,1896,-183
02110,2002,1786,1767,19
02110,2003,1637,1882,-245
02110,2004,1493,1906,-413
02110,2005,1528,1932,-404
02110,2006,1543,1906,-363
02110,2007,1599,1490,109
02110,2008,1576,1968,-392
02110,2009,1732,1587,145
02110,2010,1899,1594,305
02122,1990,3303,2685,618
02122,1991,2946,2781,165
02122,1992,2736,2714,22
02122,1993,2970,2387,583
02122,1994,3009,2583,426
02122,1995,3018,2486,532
02122,1996,2677,2738,-61
02122,1997,2533,2420,113
02122,1998,2766,2563,203
02122,1999,2412,2728,-316
02122,2000,2693,2650,43
02122,2001,2957,2546,411
02122,2002,2640,2708,-68
02122,2003,2530,2514,16
02122,2004,2555,2605,-50
02122,2005,2851,2652,199
02122,2006,2768,2252,516
02122,2007,2784,2702,82
02122,2008,2857,2392,465
02122,2009,2622,2342,280
02122,2010,2775,2498,277
02130,1990,1357,1417,-60
02130,1991,1103,1293,-190
02130,1992,1152,1187,-35
02130,1993,1156,1216,-60
02130,1994,1029,1163,-134
02130,1995,1061,1048,13
02130,1996,719,1432,-713
02130,1997,780,1274,-494
02130,1998,900,1092,-192
02130,1999,785,1162,-377
02130,2000,822,1039,-217
02130,2001,730,1032,-302
02130,2002,723,985,-262
02130,2003,807,980,-173
02130,2004,813,865,-52
02130,2005,847,890,-43
02130,2006,727,928,-201
02130,2007,817,947,-130
02130,2008,779,947,-168
02130,2009,833,821,12
02130,2010,781,833,-52
02150,1990,1794,1656,138
02150,1991,1535,1609,-74
02150,1992,1615,1725,-110
02150,1993,1699,1545,154
02150,1994,1349,1692,-343
02150,1995,1505,1627,-122
02150,1996,1312,1727,-415
02150,1997,1156,1619,-463
02150,1998,1335,1714,-379
02150,1999,1284,1312,-28
02150,2000,1020,1435,-415
02150,2001,995,1273,-278
02150,2002,951,1397,-446
02150,2003,949,1256,-307
02150,2004,969,1325,-356
02150,2005,1037,1261,-224
02150,2006,1115,1375,-260
02150,2007,1127,1225,-98
02150,2008,1264,1318,-54
02150,2009,1123,1275,-152
02150,2010,1126,1209,-83
02164,1990,0,93,-93
02164,1991,127,128,-1
02164,1992,88,127,-39
02164,1993,93,105,-12
02164,1994,76,94,-18
02164,1995,72,133,-61
02164,1996,97,110,-13
02164,1997,132,148,-16
02164,1998,113,126,-13
02164,1999,116,166,-50
02164,2000,105,187,-82
02164,2001,105,163,-58
02164,2002,120,132,-12
02164,2003,105,114,-9
02164,2004,80,102,-22
02164,2005,89,96,-7
02164,2006,110,96,14
02164,2007,91,122,-31
02164,2008,93,108,-15
02164,2009,96,125,-29
02164,2010,107,130,-23
02170,1990,3509,2311,1198
02170,1991,3623,2268,1355
02170,1992,3329,2448,881
02170,1993,3637,2402,1235
02170,1994,3639,2564,1075
02170,1995,3704,2623,1081
02170,1996,3519,2524,995
02170,1997,3494,2630,864
02170,1998,3916,2664,1252
02170,1999,4121,2918,1203
02170,2000,4052,2859,1193
02170,2001,4734,2957,1777
02170,2002,5139,3120,2019
02170,2003,5477,3073,2404
02170,2004,5803,3454,2349
02170,2005,6255,3487,2768
02170,2006,5650,3997,1653
02170,2007,5839,4060,1779
02170,2008,5874,4088,1786
02170,2009,5841,4103,1738
02170,2010,5627,4568,1059
02180,1990,404,498,-94
02180,1991,390,409,-19
02180,1992,290,362,-72
02180,1993,304,363,-59
02180,1994,353,418,-65
02180,1995,388,440,-52
02180,1996,368,424,-56
02180,1997,368,419,-51
02180,1998,283,465,-182
02180,1999,288,442,-154
02180,2000,309,406,-97
02180,2001,335,424,-89
02180,2002,338,413,-75
02180,2003,383,373,10
02180,2004,363,467,-104
02180,2005,240,453,-213
02180,2006,268,391,-123
02180,2007,315,441,-126
02180,2008,336,390,-54
02180,2009,360,312,48
02180,2010,391,345,46
02185,1990,399,412,-13
02185,1991,474,337,137
02185,1992,400,422,-22
02185,1993,407,396,11
02185,1994,427,353,74
02185,1995,365,376,-11
02185,1996,371,364,7
02185,1997,326,496,-170
02185,1998,371,394,-23
02185,1999,259,406,-147
02185,2000,291,460,-169
02185,2001,279,465,-186
02185,2002,261,350,-89
02185,2003,204,456,-252
02185,2004,199,405,-206
02185,2005,209,445,-236
02185,2006,251,413,-162
02185,2007,287,345,-58
02185,2008,328,417,-89
02185,2009,342,318,24
02185,2010,313,383,-70
02188,1990,289,383,-94
02188,1991,293,320,-27
02188,1992,298,303,-5
02188,1993,234,277,-43
02188,1994,241,327,-86
02188,1995,218,283,-65
02188,1996,262,269,-7
02188,1997,276,315,-39
02188,1998,247,373,-126
02188,1999,289,351,-62
02188,2000,294,348,-54
02188,2001,304,381,-77
02188,2002,298,337,-39
02188,2003,280,300,-20
02188,2004,257,348,-91
02188,2005,269,322,-53
02188,2006,215,291,-76
02188,2007,235,357,-122
02188,2008,230,328,-98
02188,2009,260,327,-67
02188,2010,321,354,-33
02195,1990,0,0,0
02195,1991,0,0,0
02195,1992,0,0,0
02195,1993,0,0,0
02195,1994,0,0,0
02195,1995,0,0,0
02195,1996,0,0,0
02195,1997,0,0,0
02195,1998,0,0,0
02195,1999,0,0,0
02195,2000,0,0,0
02195,2001,0,0,0
02195,2002,0,0,0
02195,2003,0,0,0
02195,2004,0,0,0
02195,2005,0,0,0
02195,2006,0,0,0
02195,2007,0,0,0
02195,2008,183,237,-54
02195,2009,185,161,24
02195,2010,220,231,-11
02198,1990,0,0,0
02198,1991,0,0,0
02198,1992,0,0,0
02198,1993,0,0,0
02198,1994,0,0,0
02198,1995,0,0,0
02198,1996,0,0,0
02198,1997,0,0,0
02198,1998,0,0,0
02198,1999,0,0,0
02198,2000,0,0,0
02198,2001,0,0,0
02198,2002,0,0,0
02198,2003,0,0,0
02198,2004,0,0,0
02198,2005,0,0,0
02198,2006,0,0,0
02198,2007,0,0,0
02198,2008,236,260,-24
02198,2009,284,199,85
02198,2010,312,209,103
02201,1990,476,444,32
02201,1991,391,482,-91
02201,1992,475,384,91
02201,1993,476,457,19
02201,1994,502,420,82
02201,1995,381,390,-9
02201,1996,375,439,-64
02201,1997,316,428,-112
02201,1998,267,397,-130
02201,1999,323,408,-85
02201,2000,276,478,-202
02201,2001,243,400,-157
02201,2002,324,328,-4
02201,2003,259,285,-26
02201,2004,253,325,-72
02201,2005,304,291,13
02201,2006,236,317,-81
02201,2007,286,291,-5
02201,2008,0,0,0
02201,2009,0,0,0
02201,2010,0,0,0
02220,1990,740,734,6
02220,1991,700,729,-29
02220,1992,813,753,60
02220,1993,678,1007,-329
02220,1994,565,795,-230
02220,1995,612,842,-230
02220,1996,630,673,-43
02220,1997,554,760,-206
02220,1998,603,773,-170
02220,1999,695,776,-81
02220,2000,550,772,-222
02220,2001,679,634,45
02220,2002,538,603,-65
02220,2003,602,706,-104
02220,2004,605,627,-22
02220,2005,608,678,-70
02220,2006,538,744,-206
02220,2007,478,541,-63
02220,2008,564,580,-16
02220,2009,523,510,13
02220,2010,561,651,-90
02230,1990,0,0,0
02230,1991,0,0,0
02230,1992,0,0,0
02230,1993,0,0,0
02230,1994,0,0,0
02230,1995,0,0,0
02230,1996,0,0,0
02230,1997,0,0,0
02230,1998,0,0,0
02230,1999,0,0,0
02230,2000,0,0,0
02230,2001,0,0,0
02230,2002,0,0,0
02230,2003,0,0,0
02230,2004,0,0,0
02230,2005,0,0,0
02230,2006,0,0,0
02230,2007,90,106,-16
02230,2008,83,96,-13
02230,2009,80,97,-17
02230,2010,57,90,-33
02231,1990,333,428,-95
02231,1991,335,385,-50
02231,1992,376,323,53
02231,1993,287,230,57
02231,1994,0,0,0
02231,1995,0,0,0
02231,1996,0,0,0
02231,1997,0,0,0
02231,1998,0,0,0
02231,1999,0,0,0
02231,2000,0,0,0
02231,2001,0,0,0
02231,2002,0,0,0
02231,2003,0,0,0
02231,2004,0,0,0
02231,2005,0,0,0
02231,2006,0,0,0
02231,2007,0,0,0
02231,2008,0,0,0
02231,2009,0,0,0
02231,2010,0,0,0
02232,1990,0,0,0
02232,1991,0,0,0
02232,1992,0,0,0
02232,1993,0,0,0
02232,1994,224,276,-52
02232,1995,312,302,10
02232,1996,241,273,-32
02232,1997,213,273,-60
02232,1998,241,329,-88
02232,1999,267,280,-13
02232,2000,267,310,-43
02232,2001,207,298,-91
02232,2002,231,342,-111
02232,2003,219,242,-23
02232,2004,197,209,-12
02232,2005,169,203,-34
02232,2006,204,191,13
02232,2007,0,0,0
02232,2008,0,0,0
02232,2009,0,0,0
02232,2010,0,0,0
02240,1990,396,607,-211
02240,1991,813,779,34
02240,1992,858,835,23
02240,1993,851,816,35
02240,1994,846,822,24
02240,1995,665,906,-241
02240,1996,712,861,-149
02240,1997,645,649,-4
02240,1998,607,801,-194
02240,1999,486,593,-107
02240,2000,307,777,-470
02240,2001,338,479,-141
02240,2002,499,401,98
02240,2003,575,376,199
02240,2004,766,402,364
02240,2005,701,486,215
02240,2006,592,531,61
02240,2007,542,608,-66
02240,2008,619,584,35
02240,2009,615,578,37
02240,2010,602,623,-21
02261,1990,1059,905,154
02261,1991,836,931,-95
02261,1992,813,825,-12
02261,1993,852,902,-50
02261,1994,943,935,8
02261,1995,855,961,-106
02261,1996,848,854,-6
02261,1997,797,946,-149
02261,1998,738,838,-100
02261,1999,808,738,70
02261,2000,705,866,-161
02261,2001,783,875,-92
02261,2002,740,869,-129
02261,2003,733,804,-71
02261,2004,651,775,-124
02261,2005,701,819,-118
02261,2006,551,818,-267
02261,2007,597,773,-176
02261,2008,671,795,-124
02261,2009,712,696,16
02261,2010,727,763,-36
02270,1990,130,179,-49
02270,1991,0,116,-116
02270,1992,145,135,10
02270,1993,120,161,-41
02270,1994,113,181,-68
02270,1995,115,149,-34
02270,1996,160,188,-28
02270,1997,130,213,-83
02270,1998,170,228,-58
02270,1999,156,224,-68
02270,2000,182,280,-98
02270,2001,226,260,-34
02270,2002,223,241,-18
02270,2003,228,203,25
02270,2004,174,278,-104
02270,2005,256,328,-72
02270,2006,273,265,8
02270,2007,231,283,-52
02270,2008,267,330,-63
02270,2009,241,351,-110
02270,2010,245,244,1
02275,1990,0,0,0
02275,1991,0,0,0
02275,1992,0,0,0
02275,1993,0,0,0
02275,1994,0,0,0
02275,1995,0,0,0
02275,1996,0,0,0
02275,1997,0,0,0
02275,1998,0,0,0
02275,1999,0,0,0
02275,2000,0,0,0
02275,2001,0,0,0
02275,2002,0,0,0
02275,2003,0,0,0
02275,2004,0,0,0
02275,2005,0,0,0
02275,2006,0,0,0
02275,2007,0,0,0
02275,2008,93,133,-40
02275,2009,115,99,16
02275,2010,106,112,-6
02280,1990,527,572,-45
02280,1991,485,562,-77
02280,1992,439,400,39
02280,1993,446,487,-41
02280,1994,353,487,-134
02280,1995,410,507,-97
02280,1996,412,459,-47
02280,1997,309,445,-136
02280,1998,365,425,-60
02280,1999,411,437,-26
02280,2000,334,448,-114
02280,2001,300,444,-144
02280,2002,291,430,-139
02280,2003,307,324,-17
02280,2004,306,377,-71
02280,2005,289,409,-120
02280,2006,328,352,-24
02280,2007,285,371,-86
02280,2008,0,0,0
02280,2009,0,0,0
02280,2010,0,0,0
02282,1990,0,0,0
02282,1991,0,0,0
02282,1992,0,0,0
02282,1993,0,0,0
02282,1994,79,46,33
02282,1995,87,62,25
02282,1996,67,76,-9
02282,1997,52,80,-28
02282,1998,59,70,-11
02282,1999,60,93,-33
02282,2000,69,82,-13
02282,2001,63,95,-32
02282,2002,37,61,-24
02282,2003,20,34,-14
02282,2004,39,26,13
02282,2005,23,42,-19
02282,2006,27,26,1
02282,2007,31,55,-24
02282,2008,41,27,14
02282,2009,32,40,-8
02282,2010,35,53,-18
02290,1990,383,665,-282
02290,1991,486,608,-122
02290,1992,404,554,-150
02290,1993,354,550,-196
02290,1994,286,393,-107
02290,1995,341,408,-67
02290,1996,307,353,-46
02290,1997,329,369,-40
02290,1998,313,451,-138
02290,1999,316,426,-110
02290,2000,282,414,-132
02290,2001,347,402,-55
02290,2002,344,394,-50
02290,2003,338,395,-57
02290,2004,285,438,-153
02290,2005,252,464,-212
02290,2006,286,318,-32
02290,2007,282,418,-136
02290,2008,297,424,-127
02290,2009,278,262,16
02290,2010,296,324,-28
04001,1990,8503,9167,-664
04001,1991,7689,8583,-894
04001,1992,7333,7554,-221
04001,1993,6573,6590,-17
04001,1994,7320,6501,819
04001,1995,6508,6444,64
04001,1996,6055,6201,-146
04001,1997,5333,8221,-2888
04001,1998,5657,6566,-909
04001,1999,5477,8031,-2554
04001,2000,4731,6232,-1501
04001,2001,5226,5817,-591
04001,2002,5238,5126,112
04001,2003,5090,5234,-144
04001,2004,5060,5181,-121
04001,2005,5126,4641,485
04001,2006,4829,4832,-3
04001,2007,5137,4823,314
04001,2008,5408,4705,703
04001,2009,4827,4501,326
04001,2010,4671,4345,326
04003,1990,9246,9285,-39
04003,1991,10015,8167,1848
04003,1992,10869,9591,1278
04003,1993,10900,8677,2223
04003,1994,10687,9409,1278
04003,1995,9348,10410,-1062
04003,1996,9617,9335,282
04003,1997,9279,9573,-294
04003,1998,8886,9567,-681
04003,1999,9328,8937,391
04003,2000,9371,9327,44
04003,2001,9395,9023,372
04003,2002,9363,8661,702
04003,2003,9357,8140,1217
04003,2004,10112,8631,1481
04003,2005,10057,9190,867
04003,2006,9285,9091,194
04003,2007,9486,9501,-15
04003,2008,9841,9364,477
04003,2009,9728,9026,702
04003,2010,8860,8758,102
04005,1990,9017,8225,792
04005,1991,9147,8079,1068
04005,1992,9559,7911,1648
04005,1993,9154,8323,831
04005,1994,9422,8388,1034
04005,1995,8848,8591,257
04005,1996,8778,8562,216
04005,1997,8607,9426,-819
04005,1998,8524,9369,-845
04005,1999,8782,8856,-74
04005,2000,8721,9146,-425
04005,2001,9111,8362,749
04005,2002,8240,8327,-87
04005,2003,8396,8198,198
04005,2004,8309,8507,-198
04005,2005,8169,8483,-314
04005,2006,7973,8438,-465
04005,2007,8090,8633,-543
04005,2008,8002,8241,-239
04005,2009,7018,7522,-504
04005,2010,6856,8289,-1433
04007,1990,2931,2523,408
04007,1991,3253,2376,877
04007,1992,3304,2329,975
04007,1993,3329,2351,978
04007,1994,3670,2395,1275
04007,1995,3371,2442,929
04007,1996,3330,2584,746
04007,1997,3192,2661,531
04007,1998,2942,2778,164
04007,1999,2838,2707,131
04007,2000,2670,2747,-77
04007,2001,3007,2793,214
04007,2002,2614,2776,-162
04007,2003,2734,2755,-21
04007,2004,3026,2761,265
04007,2005,3256,2662,594
04007,2006,2807,2247,560
04007,2007,2809,2629,180
04007,2008,2474,2552,-78
04007,2009,2195,2277,-82
04007,2010,2296,2359,-63
04009,1990,1398,1134,264
04009,1991,1381,1195,186
04009,1992,1554,1141,413
04009,1993,1239,1017,222
04009,1994,1644,1199,445
04009,1995,1527,1108,419
04009,1996,1407,1205,202
04009,1997,1472,1282,190
04009,1998,1322,1244,78
04009,1999,1274,1364,-90
04009,2000,1331,1434,-103
04009,2001,1170,1559,-389
04009,2002,1187,1458,-271
04009,2003,1158,1372,-214
04009,2004,1323,1233,90
04009,2005,1523,1240,283
04009,2006,1852,1060,792
04009,2007,2208,1341,867
04009,2008,1882,1552,330
04009,2009,1176,1621,-445
04009,2010,1320,1405,-85
04011,1990,683,472,211
04011,1991,693,445,248
04011,1992,625,516,109
04011,1993,537,520,17
04011,1994,643,597,46
04011,1995,626,605,21
04011,1996,563,586,-23
04011,1997,541,729,-188
04011,1998,407,805,-398
04011,1999,589,604,-15
04011,2000,465,660,-195
04011,2001,355,818,-463
04011,2002,306,599,-293
04011,2003,404,469,-65
04011,2004,452,464,-12
04011,2005,613,450,163
04011,2006,677,480,197
04011,2007,781,596,185
04011,2008,654,741,-87
04011,2009,487,793,-306
04011,2010,590,452,138
04012,1990,1069,1207,-138
04012,1991,1096,1212,-116
04012,1992,1046,1132,-86
04012,1993,1149,1048,101
04012,1994,1187,1083,104
04012,1995,1199,997,202
04012,1996,1078,1043,35
04012,1997,1018,1048,-30
04012,1998,1112,1122,-10
04012,1999,984,1089,-105
04012,2000,1098,1050,48
04012,2001,1096,1182,-86
04012,2002,1085,990,95
04012,2003,1025,925,100
04012,2004,1135,919,216
04012,2005,1022,1017,5
04012,2006,953,911,42
04012,2007,1001,1055,-54
04012,2008,1000,873,127
04012,2009,930,893,37
04012,2010,900,838,62
04013,1990,101486,94548,6938
04013,1991,101106,86564,14542
04013,1992,107313,83782,23531
04013,1993,122338,78961,43377
04013,1994,131568,83868,47700
04013,1995,128779,83944,44835
04013,1996,130197,88862,41335
04013,1997,134213,92298,41915
04013,1998,131061,94514,36547
04013,1999,130538,99164,31374
04013,2000,133789,99608,34181
04013,2001,132006,102114,29892
04013,2002,127789,100338,27451
04013,2003,137467,99875,37592
04013,2004,160182,103643,56539
04013,2005,163730,119756,43974
04013,2006,143197,124149,19048
04013,2007,136562,125012,11550
04013,2008,127436,130832,-3396
04013,2009,108715,122159,-13444
04013,2010,123424,123737,-313
04015,1990,11102,6777,4325
04015,1991,10475,6531,3944
04015,1992,11100,6985,4115
04015,1993,11209,6997,4212
04015,1994,11124,7318,3806
04015,1995,10698,7458,3240
04015,1996,10211,8298,1913
04015,1997,9923,8180,1743
04015,1998,10718,7649,3069
04015,1999,11464,7796,3668
04015,2000,11265,8282,2983
04015,2001,12491,8221,4270
04015,2002,12218,7516,4702
04015,2003,13648,8167,5481
04015,2004,14154,8524,5630
04015,2005,13953,9141,4812
04015,2006,11692,9342,2350
04015,2007,10578,10420,158
04015,2008,9929,9959,-30
04015,2009,9456,8603,853
04015,2010,9978,8841,1137
04017,1990,5955,6222,-267
04017,1991,5906,5607,299
04017,1992,6396,4964,1432
04017,1993,5707,5455,252
04017,1994,6480,5152,1328
04017,1995,6507,5436,1071
04017,1996,6165,5026,1139
04017,1997,6091,5346,745
04017,1998,5775,5559,216
04017,1999,5995,5264,731
04017,2000,5869,5737,132
04017,2001,6678,5142,1536
04017,2002,6053,5054,999
04017,2003,6102,5252,850
04017,2004,6258,5462,796
04017,2005,6561,5225,1336
04017,2006,6186,5256,930
04017,2007,6155,5601,554
04017,2008,5972,5969,3
04017,2009,5438,5347,91
04017,2010,5141,5817,-676
04019,1990,31244,30790,454
04019,1991,33741,26607,7134
04019,1992,36726,27797,8929
04019,1993,40519,27824,12695
04019,1994,40154,28873,11281
04019,1995,33777,29794,3983
04019,1996,34102,30359,3743
04019,1997,33814,30011,3803
04019,1998,35194,29913,5281
04019,1999,39274,30708,8566
04019,2000,35916,31395,4521
04019,2001,36557,29951,6606
04019,2002,33909,29377,4532
04019,2003,35600,29421,6179
04019,2004,38063,30170,7893
04019,2005,39379,30630,8749
04019,2006,36446,30504,5942
04019,2007,35380,32465,2915
04019,2008,33039,31934,1105
04019,2009,29590,30122,-532
04019,2010,29612,31097,-1485
04021,1990,7559,7359,200
04021,1991,7832,6632,1200
04021,1992,8008,6915,1093
04021,1993,8452,6984,1468
04021,1994,9423,6855,2568
04021,1995,8503,6386,2117
04021,1996,8757,6826,1931
04021,1997,9429,7139,2290
04021,1998,10614,7167,3447
04021,1999,11694,7932,3762
04021,2000,11313,8097,3216
04021,2001,13357,8618,4739
04021,2002,14743,8700,6043
04021,2003,16048,9719,6329
04021,2004,21930,11839,10091
04021,2005,33312,12415,20897
04021,2006,34409,13463,20946
04021,2007,31262,15830,15432
04021,2008,31861,24979,6882
04021,2009,29904,9778,20126
04021,2010,23981,26347,-2366
04023,1990,1613,1544,69
04023,1991,1549,1413,136
04023,1992,1570,1403,167
04023,1993,1571,1488,83
04023,1994,1454,1736,-282
04023,1995,1309,2090,-781
04023,1996,1462,1617,-155
04023,1997,1505,1666,-161
04023,1998,1555,1660,-105
04023,1999,1599,1701,-102
04023,2000,1501,1736,-235
04023,2001,1537,1742,-205
04023,2002,1698,1834,-136
04023,2003,1744,1760,-16
04023,2004,2004,1559,445
04023,2005,1947,1639,308
04023,2006,1908,1840,68
04023,2007,1913,1897,16
04023,2008,1869,1840,29
04023,2009,1665,1897,-232
04023,2010,1557,1827,-270
04025,1990,9274,6464,2810
04025,1991,9792,6140,3652
04025,1992,10960,6346,4614
04025,1993,12130,6695,5435
04025,1994,12528,7149,5379
04025,1995,11616,7315,4301
04025,1996,11282,7510,3772
04025,1997,11486,7706,3780
04025,1998,11641,8031,3610
04025,1999,12122,7769,4353
04025,2000,11635,8020,3615
04025,2001,12006,7956,4050
04025,2002,11928,8013,3915
04025,2003,13136,8533,4603
04025,2004,14443,8527,5916
04025,2005,15479,8962,6517
04025,2006,12984,9126,3858
04025,2007,11745,9986,1759
04025,2008,10333,10323,10
04025,2009,9642,9375,267
04025,2010,10380,10113,267
04027,1990,10735,9199,1536
04027,1991,12136,8482,3654
04027,1992,11748,9388,2360
04027,1993,10304,11518,-1214
04027,1994,10342,10308,34
04027,1995,9261,9816,-555
04027,1996,9291,8614,677
04027,1997,8549,8713,-164
04027,1998,9133,8348,785
04027,1999,8670,8784,-114
04027,2000,8616,8299,317
04027,2001,8570,8362,208
04027,2002,8651,7469,1182
04027,2003,9400,6976,2424
04027,2004,10118,7497,2621
04027,2005,9924,7597,2327
04027,2006,9536,8052,1484
04027,2007,9958,8283,1675
04027,2008,9253,8570,683
04027,2009,9171,8145,1026
04027,2010,8546,8445,101
05001,1990,842,998,-156
05001,1991,875,981,-106
05001,1992,810,956,-146
05001,1993,850,971,-121
05001,1994,834,931,-97
05001,1995,768,818,-50
05001,1996,779,984,-205
05001,1997,783,879,-96
05001,1998,906,878,28
05001,1999,681,962,-281
05001,2000,741,814,-73
05001,2001,782,947,-165
05001,2002,693,846,-153
05001,2003,743,730,13
05001,2004,763,795,-32
05001,2005,721,899,-178
05001,2006,628,853,-225
05001,2007,735,850,-115
05001,2008,740,827,-87
05001,2009,733,825,-92
05001,2010,642,764,-122
05003,1990,1096,1042,54
05003,1991,984,989,-5
05003,1992,954,947,7
05003,1993,934,1030,-96
05003,1994,911,992,-81
05003,1995,886,980,-94
05003,1996,963,1050,-87
05003,1997,915,949,-34
05003,1998,817,945,-128
05003,1999,880,970,-90
05003,2000,745,1021,-276
05003,2001,829,892,-63
05003,2002,688,898,-210
05003,2003,712,842,-130
05003,2004,686,926,-240
05003,2005,700,869,-169
05003,2006,677,846,-169
05003,2007,808,818,-10
05003,2008,710,941,-231
05003,2009,727,722,5
05003,2010,692,815,-123
05005,1990,2285,1664,621
05005,1991,2462,1513,949
05005,1992,2769,1608,1161
05005,1993,2766,1542,1224
05005,1994,2606,1498,1108
05005,1995,2421,1732,689
05005,1996,2326,1813,513
05005,1997,2266,1944,322
05005,1998,2230,1748,482
05005,1999,2382,1873,509
05005,2000,2187,1919,268
05005,2001,2384,1903,481
05005,2002,2224,1692,532
05005,2003,2558,1766,792
05005,2004,2498,1752,746
05005,2005,2658,1740,918
05005,2006,2442,1772,670
05005,2007,2201,1904,297
05005,2008,2147,1776,371
05005,2009,1887,1617,270
05005,2010,1766,1588,178
05007,1990,7926,5508,2418
05007,1991,8699,5550,3149
05007,1992,9898,5957,3941
05007,1993,10002,6114,3888
05007,1994,10833,6630,4203
05007,1995,11344,7453,3891
05007,1996,10980,8406,2574
05007,1997,10958,8471,2487
05007,1998,11280,8007,3273
05007,1999,11668,8163,3505
05007,2000,11183,8557,2626
05007,2001,12061,8396,3665
05007,2002,13047,8471,4576
05007,2003,14043,9162,4881
05007,2004,13972,9419,4553
05007,2005,15571,9975,5596
05007,2006,15049,10325,4724
05007,2007,15041,10602,4439
05007,2008,14345,11034,3311
05007,2009,12400,10568,1832
05007,2010,14720,11585,3135
05009,1990,1752,1554,198
05009,1991,1930,1475,455
05009,1992,2145,1532,613
05009,1993,2308,1728,580
05009,1994,2147,1776,371
05009,1995,2176,1817,359
05009,1996,2080,2063,17
05009,1997,1870,1907,-37
05009,1998,1846,1890,-44
05009,1999,2099,1781,318
05009,2000,1990,1648,342
05009,2001,1974,1738,236
05009,2002,1812,1762,50
05009,2003,1881,1550,331
05009,2004,2029,1540,489
05009,2005,2152,1691,461
05009,2006,2145,1614,531
05009,2007,1889,1781,108
05009,2008,1709,1689,20
05009,2009,1628,1463,165
05009,2010,1775,1550,225
05011,1990,440,472,-32
05011,1991,494,566,-72
05011,1992,543,443,100
05011,1993,552,594,-42
05011,1994,516,484,32
05011,1995,488,527,-39
05011,1996,524,595,-71
05011,1997,547,596,-49
05011,1998,488,478,10
05011,1999,533,528,5
05011,2000,505,539,-34
05011,2001,472,529,-57
05011,2002,449,485,-36
05011,2003,418,496,-78
05011,2004,387,486,-99
05011,2005,429,535,-106
05011,2006,467,534,-67
05011,2007,466,571,-105
05011,2008,480,593,-113
05011,2009,431,470,-39
05011,2010,455,484,-29
05013,1990,263,273,-10
05013,1991,270,301,-31
05013,1992,269,263,6
05013,1993,251,245,6
05013,1994,268,294,-26
05013,1995,212,282,-70
05013,1996,310,284,26
05013,1997,250,241,9
05013,1998,232,233,-1
05013,1999,250,281,-31
05013,2000,222,254,-32
05013,2001,266,245,21
05013,2002,242,272,-30
05013,2003,231,271,-40
05013,2004,293,258,35
05013,2005,271,251,20
05013,2006,190,268,-78
05013,2007,185,265,-80
05013,2008,192,246,-54
05013,2009,196,235,-39
05013,2010,196,238,-42
05015,1990,1369,1107,262
05015,1991,1384,1011,373
05015,1992,1766,1071,695
05015,1993,1814,1146,668
05015,1994,1697,1256,441
05015,1995,1644,1291,353
05015,1996,1463,1575,-112
05015,1997,1274,1407,-133
05015,1998,1435,1534,-99
05015,1999,1384,1425,-41
05015,2000,1434,1380,54
05015,2001,1311,1265,46
05015,2002,1426,1289,137
05015,2003,1326,1407,-81
05015,2004,1476,1304,172
05015,2005,1349,1296,53
05015,2006,1360,1262,98
05015,2007,1373,1269,104
05015,2008,1339,1211,128
05015,2009,1432,1195,237
05015,2010,1232,1396,-164
05017,1990,672,853,-181
05017,1991,715,738,-23
05017,1992,706,754,-48
05017,1993,644,787,-143
05017,1994,672,776,-104
05017,1995,615,779,-164
05017,1996,714,756,-42
05017,1997,631,838,-207
05017,1998,640,809,-169
05017,1999,655,764,-109
05017,2000,650,834,-184
05017,2001,602,858,-256
05017,2002,616,746,-130
05017,2003,570,718,-148
05017,2004,500,634,-134
05017,2005,488,615,-127
05017,2006,457,636,-179
05017,2007,440,694,-254
05017,2008,458,569,-111
05017,2009,444,466,-22
05017,2010,435,501,-66
05019,1990,1077,1100,-23
05019,1991,1165,1067,98
05019,1992,1367,1105,262
05019,1993,1340,1159,181
05019,1994,1140,1177,-37
05019,1995,1142,1260,-118
05019,1996,1272,1259,13
05019,1997,1158,1370,-212
05019,1998,1253,1515,-262
05019,1999,1149,1358,-209
05019,2000,1144,1192,-48
05019,2001,1097,1289,-192
05019,2002,1091,1145,-54
05019,2003,1160,1206,-46
05019,2004,1030,1164,-134
05019,2005,1088,1199,-111
05019,2006,1074,1170,-96
05019,2007,1095,1256,-161
05019,2008,1081,1219,-138
05019,2009,880,1052,-172
05019,2010,949,1112,-163
05021,1990,859,875,-16
05021,1991,817,846,-29
05021,1992,866,849,17
05021,1993,810,794,16
05021,1994,784,815,-31
05021,1995,987,894,93
05021,1996,771,834,-63
05021,1997,754,892,-138
05021,1998,834,836,-2
05021,1999,721,865,-144
05021,2000,732,824,-92
05021,2001,697,816,-119
05021,2002,750,766,-16
05021,2003,697,744,-47
05021,2004,700,751,-51
05021,2005,786,844,-58
05021,2006,679,831,-152
05021,2007,709,809,-100
05021,2008,666,788,-122
05021,2009,649,624,25
05021,2010,592,650,-58
05023,1990,1273,929,344
05023,1991,1353,982,371
05023,1992,1556,913,643
05023,1993,1437,1044,393
05023,1994,1516,1044,472
05023,1995,1612,1018,594
05023,1996,1580,1246,334
05023,1997,1564,1195,369
05023,1998,1735,1290,445
05023,1999,1676,1407,269
05023,2000,1564,1370,194
05023,2001,1661,1341,320
05023,2002,1717,1313,404
05023,2003,1702,1319,383
05023,2004,1336,989,347
05023,2005,1351,1176,175
05023,2006,1291,1098,193
05023,2007,1377,1145,232
05023,2008,1487,1121,366
05023,2009,1431,1220,211
05023,2010,1382,1299,83
05025,1990,396,351,45
05025,1991,408,404,4
05025,1992,427,354,73
05025,1993,471,388,83
05025,1994,406,337,69
05025,1995,496,384,112
05025,1996,488,470,18
05025,1997,440,376,64
05025,1998,485,386,99
05025,1999,405,457,-52
05025,2000,513,449,64
05025,2001,429,468,-39
05025,2002,473,413,60
05025,2003,536,464,72
05025,2004,487,416,71
05025,2005,429,479,-50
05025,2006,555,512,43
05025,2007,533,638,-105
05025,2008,401,436,-35
05025,2009,449,411,38
05025,2010,386,369,17
05027,1990,1114,1158,-44
05027,1991,1091,1206,-115
05027,1992,1019,1106,-87
05027,1993,1224,1119,105
05027,1994,1163,1133,30
05027,1995,1095,1226,-131
05027,1996,1077,1160,-83
05027,1997,1050,1200,-150
05027,1998,803,1193,-390
05027,1999,988,1126,-138
05027,2000,876,1110,-234
05027,2001,942,998,-56
05027,2002,857,1093,-236
05027,2003,943,989,-46
05027,2004,794,975,-181
05027,2005,933,1007,-74
05027,2006,834,1062,-228
05027,2007,854,1122,-268
05027,2008,886,1088,-202
05027,2009,825,929,-104
05027,2010,842,925,-83
05029,1990,948,999,-51
05029,1991,916,950,-34
05029,1992,900,879,21
05029,1993,928,888,40
05029,1994,1024,861,163
05029,1995,901,938,-37
05029,1996,1039,883,156
05029,1997,976,1056,-80
05029,1998,1023,972,51
05029,1999,1025,994,31
05029,2000,1094,1008,86
05029,2001,1074,1019,55
05029,2002,916,879,37
05029,2003,978,962,16
05029,2004,963,859,104
05029,2005,960,921,39
05029,2006,1061,856,205
05029,2007,1026,1062,-36
05029,2008,1076,1017,59
05029,2009,917,948,-31
05029,2010,869,1016,-147
05031,1990,3466,3527,-61
05031,1991,4011,3226,785
05031,1992,4341,3236,1105
05031,1993,3895,3521,374
05031,1994,4197,3419,778
05031,1995,4153,3506,647
05031,1996,4212,3864,348
05031,1997,4282,3883,399
05031,1998,4025,3985,40
05031,1999,4258,3753,505
05031,2000,4011,3944,67
05031,2001,4315,4024,291
05031,2002,4224,3885,339
05031,2003,4560,3950,610
05031,2004,4290,4050,240
05031,2005,4829,4146,683
05031,2006,4826,4061,765
05031,2007,5101,4280,821
05031,2008,5044,4240,804
05031,2009,4560,4280,280
05031,2010,4743,4264,479
05033,1990,2915,2479,436
05033,1991,2934,2468,466
05033,1992,3197,2484,713
05033,1993,3341,2707,634
05033,1994,3655,2542,1113
05033,1995,3295,2643,652
05033,1996,3180,2947,233
05033,1997,3243,2898,345
05033,1998,3548,2857,691
05033,1999,3260,3042,218
05033,2000,3161,2795,366
05033,2001,3288,2840,448
05033,2002,3206,2915,291
05033,2003,3428,2881,547
05033,2004,3412,2956,456
05033,2005,3770,3005,765
05033,2006,3519,3120,399
05033,2007,3513,3176,337
05033,2008,3388,3003,385
05033,2009,3223,3140,83
05033,2010,2903,3072,-169
05035,1990,2249,2993,-744
05035,1991,2345,2765,-420
05035,1992,2606,2527,79
05035,1993,2262,2769,-507
05035,1994,2291,2628,-337
05035,1995,2224,2606,-382
05035,1996,2365,2527,-162
05035,1997,2503,2600,-97
05035,1998,2569,2600,-31
05035,1999,2620,2547,73
05035,2000,2457,2568,-111
05035,2001,2271,2675,-404
05035,2002,2243,2551,-308
05035,2003,2307,2337,-30
05035,2004,2213,2342,-129
05035,2005,2468,2447,21
05035,2006,2281,2375,-94
05035,2007,2623,2561,62
05035,2008,2471,2454,17
05035,2009,2263,2324,-61
05035,2010,2047,2553,-506
05037,1990,842,946,-104
05037,1991,928,983,-55
05037,1992,918,912,6
05037,1993,788,1036,-248
05037,1994,973,812,161
05037,1995,990,935,55
05037,1996,1060,997,63
05037,1997,1032,985,47
05037,1998,989,1053,-64
05037,1999,934,1073,-139
05037,2000,988,960,28
05037,2001,905,1079,-174
05037,2002,864,1003,-139
05037,2003,861,973,-112
05037,2004,1024,972,52
05037,2005,940,1182,-242
05037,2006,787,1039,-252
05037,2007,1009,953,56
05037,2008,829,919,-90
05037,2009,849,937,-88
05037,2010,843,894,-51
05039,1990,477,482,-5
05039,1991,441,492,-51
05039,1992,439,467,-28
05039,1993,450,512,-62
05039,1994,492,475,17
05039,1995,345,496,-151
05039,1996,426,523,-97
05039,1997,419,481,-62
05039,1998,313,416,-103
05039,1999,380,473,-93
05039,2000,350,433,-83
05039,2001,274,415,-141
05039,2002,339,405,-66
05039,2003,360,366,-6
05039,2004,329,464,-135
05039,2005,324,431,-107
05039,2006,353,449,-96
05039,2007,348,405,-57
05039,2008,340,417,-77
05039,2009,321,423,-102
05039,2010,333,344,-11
05041,1990,735,965,-230
05041,1991,740,1009,-269
05041,1992,720,933,-213
05041,1993,700,962,-262
05041,1994,772,904,-132
05041,1995,680,839,-159
05041,1996,679,910,-231
05041,1997,697,895,-198
05041,1998,654,924,-270
05041,1999,662,795,-133
05041,2000,594,860,-266
05041,2001,556,835,-279
05041,2002,609,805,-196
05041,2003,631,807,-176
05041,2004,475,720,-245
05041,2005,611,735,-124
05041,2006,546,800,-254
05041,2007,591,745,-154
05041,2008,516,658,-142
05041,2009,499,601,-102
05041,2010,492,692,-200
05043,1990,878,935,-57
05043,1991,845,1058,-213
05043,1992,933,779,154
05043,1993,963,834,129
05043,1994,967,939,28
05043,1995,968,963,5
05043,1996,915,1041,-126
05043,1997,855,1008,-153
05043,1998,904,957,-53
05043,1999,845,1009,-164
05043,2000,1016,977,39
05043,2001,882,1055,-173
05043,2002,858,846,12
05043,2003,891,971,-80
05043,2004,929,880,49
05043,2005,947,1076,-129
05043,2006,938,988,-50
05043,2007,920,935,-15
05043,2008,834,924,-90
05043,2009,788,826,-38
05043,2010,810,873,-63
05045,1990,4129,3287,842
05045,1991,4440,2969,1471
05045,1992,4906,3187,1719
05045,1993,5234,3339,1895
05045,1994,5459,3449,2010
05045,1995,6119,4399,1720
05045,1996,6329,4551,1778
05045,1997,5956,4754,1202
05045,1998,5860,4681,1179
05045,1999,5770,5020,750
05045,2000,5852,4936,916
05045,2001,5855,5267,588
05045,2002,5762,4510,1252
05045,2003,6148,4843,1305
05045,2004,5677,4539,1138
05045,2005,6590,4855,1735
05045,2006,6352,5050,1302
05045,2007,6761,5610,1151
05045,2008,6200,5294,906
05045,2009,6845,5373,1472
05045,2010,6232,5536,696
05047,1990,828,799,29
05047,1991,835,670,165
05047,1992,881,729,152
05047,1993,1024,809,215
05047,1994,1048,795,253
05047,1995,1010,756,254
05047,1996,856,843,13
05047,1997,1004,811,193
05047,1998,852,934,-82
05047,1999,810,954,-144
05047,2000,923,806,117
05047,2001,852,849,3
05047,2002,848,812,36
05047,2003,929,869,60
05047,2004,901,786,115
05047,2005,931,854,77
05047,2006,910,771,139
05047,2007,910,862,48
05047,2008,898,896,2
05047,2009,839,785,54
05047,2010,787,835,-48
05049,1990,517,580,-63
05049,1991,630,623,7
05049,1992,612,454,158
05049,1993,674,529,145
05049,1994,678,521,157
05049,1995,611,524,87
05049,1996,663,505,158
05049,1997,616,525,91
05049,1998,612,547,65
05049,1999,713,600,113
05049,2000,730,722,8
05049,2001,749,700,49
05049,2002,737,653,84
05049,2003,858,601,257
05049,2004,654,525,129
05049,2005,662,613,49
05049,2006,705,549,156
05049,2007,677,567,110
05049,2008,582,594,-12
05049,2009,591,487,104
05049,2010,566,477,89
05051,1990,4419,3403,1016
05051,1991,4577,3108,1469
05051,1992,5158,3061,2097
05051,1993,5318,3170,2148
05051,1994,4664,3454,1210
05051,1995,4718,3377,1341
05051,1996,4705,3483,1222
05051,1997,4585,3540,1045
05051,1998,4745,3838,907
05051,1999,4838,3672,1166
05051,2000,4592,3754,838
05051,2001,4790,3926,864
05051,2002,4843,3606,1237
05051,2003,4847,3868,979
05051,2004,4837,3688,1149
05051,2005,5237,3816,1421
05051,2006,4703,3872,831
05051,2007,4758,3895,863
05051,2008,4528,3810,718
05051,2009,4192,3679,513
05051,2010,4444,3689,755
05053,1990,734,683,51
05053,1991,894,653,241
05053,1992,914,805,109
05053,1993,948,781,167
05053,1994,984,885,99
05053,1995,1201,979,222
05053,1996,1196,998,198
05053,1997,1152,995,157
05053,1998,1066,989,77
05053,1999,1041,943,98
05053,2000,1025,854,171
05053,2001,1173,1129,44
05053,2002,1170,995,175
05053,2003,1307,1025,282
05053,2004,959,853,106
05053,2005,1122,979,143
05053,2006,1000,940,60
05053,2007,1297,1142,155
05053,2008,881,862,19
05053,2009,922,813,109
05053,2010,904,887,17
05055,1990,1442,1217,225
05055,1991,1597,1222,375
05055,1992,1580,1275,305
05055,1993,1670,1096,574
05055,1994,1633,1167,466
05055,1995,1703,1377,326
05055,1996,1749,1410,339
05055,1997,1873,1418,455
05055,1998,1710,1435,275
05055,1999,1853,1373,480
05055,2000,1661,1509,152
05055,2001,1607,1510,97
05055,2002,1665,1450,215
05055,2003,1722,1469,253
05055,2004,1743,1386,357
05055,2005,1869,1401,468
05055,2006,1832,1635,197
05055,2007,1741,1594,147
05055,2008,1862,1609,253
05055,2009,1807,1550,257
05055,2010,1993,1599,394
05057,1990,1043,1075,-32
05057,1991,1112,958,154
05057,1992,1262,1060,202
05057,1993,1054,1207,-153
05057,1994,1109,1071,38
05057,1995,1109,1201,-92
05057,1996,1234,1315,-81
05057,1997,1106,1126,-20
05057,1998,1176,1179,-3
05057,1999,1045,1219,-174
05057,2000,945,1193,-248
05057,2001,1006,1160,-154
05057,2002,959,1140,-181
05057,2003,1007,1108,-101
05057,2004,916,1073,-157
05057,2005,995,1104,-109
05057,2006,909,1014,-105
05057,2007,862,1147,-285
05057,2008,892,929,-37
05057,2009,901,921,-20
05057,2010,910,1052,-142
05059,1990,1298,1312,-14
05059,1991,1605,1414,191
05059,1992,1615,1190,425
05059,1993,1694,1308,386
05059,1994,1579,1376,203
05059,1995,1555,1197,358
05059,1996,1466,1305,161
05059,1997,1508,1358,150
05059,1998,1317,1142,175
05059,1999,1334,1280,54
05059,2000,1245,1189,56
05059,2001,1281,1219,62
05059,2002,1357,1326,31
05059,2003,1345,1336,9
05059,2004,1563,1374,189
05059,2005,1702,1429,273
05059,2006,1597,1493,104
05059,2007,1626,1557,69
05059,2008,1468,1535,-67
05059,2009,1544,1414,130
05059,2010,1352,1419,-67
05061,1990,796,698,98
05061,1991,758,749,9
05061,1992,685,709,-24
05061,1993,733,785,-52
05061,1994,780,765,15
05061,1995,772,638,134
05061,1996,677,843,-166
05061,1997,671,763,-92
05061,1998,712,765,-53
05061,1999,605,797,-192
05061,2000,624,672,-48
05061,2001,619,718,-99
05061,2002,628,596,32
05061,2003,587,683,-96
05061,2004,701,666,35
05061,2005,613,780,-167
05061,2006,578,649,-71
05061,2007,711,631,80
05061,2008,614,719,-105
05061,2009,646,627,19
05061,2010,572,629,-57
05063,1990,1780,1536,244
05063,1991,1618,1535,83
05063,1992,1722,1460,262
05063,1993,1739,1443,296
05063,1994,1815,1565,250
05063,1995,1691,1684,7
05063,1996,1625,1713,-88
05063,1997,1780,1632,148
05063,1998,1691,1601,90
05063,1999,1688,1581,107
05063,2000,1631,1653,-22
05063,2001,1711,1740,-29
05063,2002,1603,1515,88
05063,2003,1679,1578,101
05063,2004,1534,1568,-34
05063,2005,1660,1553,107
05063,2006,1438,1552,-114
05063,2007,1646,1677,-31
05063,2008,1694,1526,168
05063,2009,1589,1498,91
05063,2010,1449,1410,39
05065,1990,720,602,118
05065,1991,717,560,157
05065,1992,728,580,148
05065,1993,844,475,369
05065,1994,880,637,243
05065,1995,759,616,143
05065,1996,778,616,162
05065,1997,762,633,129
05065,1998,702,636,66
05065,1999,766,618,148
05065,2000,747,669,78
05065,2001,664,630,34
05065,2002,649,522,127
05065,2003,622,595,27
05065,2004,720,580,140
05065,2005,787,679,108
05065,2006,661,659,2
05065,2007,725,546,179
05065,2008,640,623,17
05065,2009,599,545,54
05065,2010,571,600,-29
05067,1990,716,841,-125
05067,1991,710,826,-116
05067,1992,753,716,37
05067,1993,729,837,-108
05067,1994,675,787,-112
05067,1995,827,994,-167
05067,1996,696,961,-265
05067,1997,789,904,-115
05067,1998,806,991,-185
05067,1999,778,919,-141
05067,2000,648,980,-332
05067,2001,797,821,-24
05067,2002,640,800,-160
05067,2003,664,754,-90
05067,2004,678,730,-52
05067,2005,585,751,-166
05067,2006,633,736,-103
05067,2007,621,776,-155
05067,2008,657,693,-36
05067,2009,663,669,-6
05067,2010,584,614,-30
05069,1990,3423,4077,-654
05069,1991,3419,3817,-398
05069,1992,3434,3993,-559
05069,1993,3354,3873,-519
05069,1994,3134,3815,-681
05069,1995,2914,3726,-812
05069,1996,3007,3845,-838
05069,1997,3021,3795,-774
05069,1998,2820,3843,-1023
05069,1999,3053,3525,-472
05069,2000,2915,3790,-875
05069,2001,2829,3494,-665
05069,2002,2909,3510,-601
05069,2003,2721,3430,-709
05069,2004,2596,3306,-710
05069,2005,2970,3598,-628
05069,2006,2499,3737,-1238
05069,2007,2951,3594,-643
05069,2008,2629,3358,-729
05069,2009,2566,3049,-483
05069,2010,2385,3487,-1102
05071,1990,981,791,190
05071,1991,1036,918,118
05071,1992,1198,787,411
05071,1993,1394,981,413
05071,1994,1336,954,382
05071,1995,1503,1031,472
05071,1996,1348,1170,178
05071,1997,1302,1187,115
05071,1998,1166,1344,-178
05071,1999,1091,1194,-103
05071,2000,1049,1067,-18
05071,2001,1083,1032,51
05071,2002,1050,961,89
05071,2003,1109,1010,99
05071,2004,1074,927,147
05071,2005,1188,1000,188
05071,2006,1165,926,239
05071,2007,1100,1040,60
05071,2008,1041,1047,-6
05071,2009,1048,991,57
05071,2010,949,910,39
05073,1990,395,461,-66
05073,1991,378,498,-120
05073,1992,449,394,55
05073,1993,404,525,-121
05073,1994,418,456,-38
05073,1995,313,348,-35
05073,1996,303,393,-90
05073,1997,306,361,-55
05073,1998,322,395,-73
05073,1999,392,443,-51
05073,2000,315,423,-108
05073,2001,337,372,-35
05073,2002,343,329,14
05073,2003,273,374,-101
05073,2004,304,394,-90
05073,2005,283,358,-75
05073,2006,320,383,-63
05073,2007,297,341,-44
05073,2008,313,362,-49
05073,2009,311,307,4
05073,2010,293,333,-40
05075,1990,965,886,79
05075,1991,878,1012,-134
05075,1992,921,839,82
05075,1993,981,942,39
05075,1994,1031,917,114
05075,1995,866,904,-38
05075,1996,959,965,-6
05075,1997,843,979,-136
05075,1998,1010,885,125
05075,1999,744,1029,-285
05075,2000,893,846,47
05075,2001,956,1006,-50
05075,2002,783,862,-79
05075,2003,811,896,-85
05075,2004,743,894,-151
05075,2005,690,849,-159
05075,2006,748,702,46
05075,2007,819,813,6
05075,2008,766,823,-57
05075,2009,774,669,105
05075,2010,666,795,-129
05077,1990,497,557,-60
05077,1991,445,660,-215
05077,1992,492,570,-78
05077,1993,458,670,-212
05077,1994,391,615,-224
05077,1995,609,710,-101
05077,1996,607,763,-156
05077,1997,567,695,-128
05077,1998,429,620,-191
05077,1999,429,546,-117
05077,2000,486,603,-117
05077,2001,414,537,-123
05077,2002,391,689,-298
05077,2003,397,539,-142
05077,2004,357,421,-64
05077,2005,333,455,-122
05077,2006,335,475,-140
05077,2007,354,439,-85
05077,2008,328,505,-177
05077,2009,393,400,-7
05077,2010,364,435,-71
05079,1990,566,589,-23
05079,1991,635,581,54
05079,1992,574,585,-11
05079,1993,681,589,92
05079,1994,615,640,-25
05079,1995,624,511,113
05079,1996,625,578,47
05079,1997,516,590,-74
05079,1998,592,567,25
05079,1999,453,466,-13
05079,2000,461,570,-109
05079,2001,384,519,-135
05079,2002,349,437,-88
05079,2003,361,451,-90
05079,2004,540,574,-34
05079,2005,475,529,-54
05079,2006,493,546,-53
05079,2007,455,581,-126
05079,2008,496,555,-59
05079,2009,426,515,-89
05079,2010,462,488,-26
05081,1990,781,915,-134
05081,1991,703,917,-214
05081,1992,735,822,-87
05081,1993,709,763,-54
05081,1994,682,845,-163
05081,1995,684,750,-66
05081,1996,693,794,-101
05081,1997,670,770,-100
05081,1998,526,646,-120
05081,1999,655,671,-16
05081,2000,568,741,-173
05081,2001,666,612,54
05081,2002,558,584,-26
05081,2003,506,634,-128
05081,2004,577,595,-18
05081,2005,605,568,37
05081,2006,544,533,11
05081,2007,580,583,-3
05081,2008,666,521,145
05081,2009,517,608,-91
05081,2010,531,602,-71
05083,1990,1030,1095,-65
05083,1991,1084,889,195
05083,1992,1000,927,73
05083,1993,1072,915,157
05083,1994,1137,1002,135
05083,1995,1148,1047,101
05083,1996,1021,1032,-11
05083,1997,990,1109,-119
05083,1998,1056,1076,-20
05083,1999,1105,988,117
05083,2000,1000,1079,-79
05083,2001,1181,1111,70
05083,2002,1139,944,195
05083,2003,1155,1135,20
05083,2004,1021,996,25
05083,2005,1108,1040,68
05083,2006,1099,1024,75
05083,2007,1029,1100,-71
05083,2008,1006,1104,-98
05083,2009,935,1005,-70
05083,2010,952,974,-22
05085,1990,2942,2722,220
05085,1991,3428,2618,810
05085,1992,3990,2625,1365
05085,1993,3901,2796,1105
05085,1994,4055,2814,1241
05085,1995,4102,2932,1170
05085,1996,4211,3014,1197
05085,1997,3811,3391,420
05085,1998,4290,3318,972
05085,1999,4066,3151,915
05085,2000,4136,3548,588
05085,2001,4366,3524,842
05085,2002,4644,3649,995
05085,2003,5261,3813,1448
05085,2004,5070,3550,1520
05085,2005,5752,4060,1692
05085,2006,5299,4085,1214
05085,2007,5616,4352,1264
05085,2008,5443,4293,1150
05085,2009,5199,4347,852
05085,2010,5013,4525,488
05087,1990,862,574,288
05087,1991,855,606,249
05087,1992,845,723,122
05087,1993,927,667,260
05087,1994,956,817,139
05087,1995,902,807,95
05087,1996,810,771,39
05087,1997,880,777,103
05087,1998,764,742,22
05087,1999,832,674,158
05087,2000,772,724,48
05087,2001,801,827,-26
05087,2002,764,740,24
05087,2003,913,747,166
05087,2004,915,736,179
05087,2005,947,722,225
05087,2006,812,680,132
05087,2007,870,744,126
05087,2008,759,842,-83
05087,2009,611,696,-85
05087,2010,722,695,27
05089,1990,878,737,141
05089,1991,938,672,266
05089,1992,1137,676,461
05089,1993,1141,858,283
05089,1994,1240,683,557
05089,1995,1223,809,414
05089,1996,1133,1027,106
05089,1997,1223,825,398
05089,1998,1004,944,60
05089,1999,1236,1076,160
05089,2000,1115,918,197
05089,2001,1055,1034,21
05089,2002,947,845,102
05089,2003,1098,835,263
05089,2004,1093,840,253
05089,2005,1166,892,274
05089,2006,1038,864,174
05089,2007,984,823,161
05089,2008,923,946,-23
05089,2009,890,805,85
05089,2010,814,756,58
05091,1990,2371,2409,-38
05091,1991,2388,2431,-43
05091,1992,2527,2388,139
05091,1993,2585,2466,119
05091,1994,2584,2737,-153
05091,1995,2409,2374,35
05091,1996,2601,2492,109
05091,1997,2345,2422,-77
05091,1998,2483,2685,-202
05091,1999,2388,2547,-159
05091,2000,2652,2534,118
05091,2001,2660,2521,139
05091,2002,2792,2510,282
05091,2003,2775,2557,218
05091,2004,2803,2519,284
05091,2005,3022,2908,114
05091,2006,2580,2802,-222
05091,2007,2815,2652,163
05091,2008,2750,2749,1
05091,2009,2706,2709,-3
05091,2010,2708,2563,145
05093,1990,3242,3999,-757
05093,1991,3010,5023,-2013
05093,1992,2674,6024,-3350
05093,1993,2212,2639,-427
05093,1994,2023,2451,-428
05093,1995,1949,2403,-454
05093,1996,1971,2333,-362
05093,1997,2184,2399,-215
05093,1998,1806,2671,-865
05093,1999,1778,2422,-644
05093,2000,1621,2512,-891
05093,2001,1569,2511,-942
05093,2002,1288,2433,-1145
05093,2003,1639,2231,-592
05093,2004,1590,2119,-529
05093,2005,1605,2025,-420
05093,2006,1793,1994,-201
05093,2007,2076,2076,0
05093,2008,1925,2175,-250
05093,2009,1583,2022,-439
05093,2010,1714,2187,-473
05095,1990,445,648,-203
05095,1991,534,659,-125
05095,1992,468,611,-143
05095,1993,476,590,-114
05095,1994,433,618,-185
05095,1995,523,577,-54
05095,1996,522,569,-47
05095,1997,429,595,-166
05095,1998,450,579,-129
05095,1999,436,630,-194
05095,2000,445,608,-163
05095,2001,394,543,-149
05095,2002,441,483,-42
05095,2003,345,529,-184
05095,2004,398,487,-89
05095,2005,384,542,-158
05095,2006,359,501,-142
05095,2007,350,518,-168
05095,2008,406,499,-93
05095,2009,397,511,-114
05095,2010,411,412,-1
05097,1990,350,311,39
05097,1991,408,320,88
05097,1992,444,355,89
05097,1993,421,301,120
05097,1994,506,352,154
05097,1995,411,285,126
05097,1996,452,389,63
05097,1997,437,341,96
05097,1998,526,430,96
05097,1999,570,454,116
05097,2000,434,431,3
05097,2001,415,444,-29
05097,2002,415,380,35
05097,2003,419,382,37
05097,2004,488,433,55
05097,2005,439,391,48
05097,2006,364,348,16
05097,2007,460,381,79
05097,2008,435,415,20
05097,2009,359,359,0
05097,2010,352,364,-12
05099,1990,474,485,-11
05099,1991,535,589,-54
05099,1992,514,549,-35
05099,1993,532,449,83
05099,1994,461,477,-16
05099,1995,531,511,20
05099,1996,587,550,37
05099,1997,487,545,-58
05099,1998,514,471,43
05099,1999,469,603,-134
05099,2000,470,540,-70
05099,2001,441,563,-122
05099,2002,449,506,-57
05099,2003,416,490,-74
05099,2004,474,531,-57
05099,2005,500,556,-56
05099,2006,434,513,-79
05099,2007,434,599,-165
05099,2008,517,462,55
05099,2009,385,468,-83
05099,2010,447,411,36
05101,1990,458,438,20
05101,1991,421,486,-65
05101,1992,533,398,135
05101,1993,569,439,130
05101,1994,523,460,63
05101,1995,456,516,-60
05101,1996,540,422,118
05101,1997,445,479,-34
05101,1998,467,427,40
05101,1999,489,391,98
05101,2000,348,454,-106
05101,2001,445,422,23
05101,2002,464,395,69
05101,2003,352,434,-82
05101,2004,396,429,-33
05101,2005,475,429,46
05101,2006,388,416,-28
05101,2007,379,395,-16
05101,2008,360,424,-64
05101,2009,387,295,92
05101,2010,334,357,-23
05103,1990,1144,1751,-607
05103,1991,1171,1474,-303
05103,1992,1138,1337,-199
05103,1993,1201,1385,-184
05103,1994,1113,1547,-434
05103,1995,1161,1366,-205
05103,1996,1201,1336,-135
05103,1997,1122,1263,-141
05103,1998,1126,1338,-212
05103,1999,987,1267,-280
05103,2000,890,1324,-434
05103,2001,976,1268,-292
05103,2002,1007,1105,-98
05103,2003,1048,1267,-219
05103,2004,1073,1211,-138
05103,2005,1030,1296,-266
05103,2006,940,1166,-226
05103,2007,981,1201,-220
05103,2008,967,1170,-203
05103,2009,944,966,-22
05103,2010,863,1010,-147
05105,1990,573,504,69
05105,1991,618,443,175
05105,1992,611,508,103
05105,1993,741,441,300
05105,1994,712,484,228
05105,1995,797,453,344
05105,1996,780,594,186
05105,1997,741,577,164
05105,1998,556,534,22
05105,1999,612,517,95
05105,2000,630,588,42
05105,2001,673,593,80
05105,2002,562,548,14
05105,2003,640,560,80
05105,2004,594,541,53
05105,2005,636,627,9
05105,2006,657,526,131
05105,2007,627,647,-20
05105,2008,626,568,58
05105,2009,617,591,26
05105,2010,540,599,-59
05107,1990,842,1354,-512
05107,1991,1012,1201,-189
05107,1992,982,1155,-173
05107,1993,996,1103,-107
05107,1994,1018,1222,-204
05107,1995,948,1143,-195
05107,1996,949,1138,-189
05107,1997,914,1306,-392
05107,1998,878,1267,-389
05107,1999,759,1268,-509
05107,2000,720,1193,-473
05107,2001,651,1251,-600
05107,2002,724,1129,-405
05107,2003,731,1000,-269
05107,2004,716,1023,-307
05107,2005,607,1057,-450
05107,2006,612,993,-381
05107,2007,750,1064,-314
05107,2008,688,1033,-345
05107,2009,643,891,-248
05107,2010,709,920,-211
05109,1990,483,563,-80
05109,1991,515,454,61
05109,1992,533,458,75
05109,1993,525,518,7
05109,1994,615,432,183
05109,1995,599,546,53
05109,1996,652,626,26
05109,1997,637,576,61
05109,1998,505,578,-73
05109,1999,560,463,97
05109,2000,446,499,-53
05109,2001,480,497,-17
05109,2002,477,529,-52
05109,2003,449,477,-28
05109,2004,548,541,7
05109,2005,528,527,1
05109,2006,512,474,38
05109,2007,478,551,-73
05109,2008,486,553,-67
05109,2009,441,456,-15
05109,2010,479,501,-22
05111,1990,1040,1371,-331
05111,1991,1157,1165,-8
05111,1992,1190,1134,56
05111,1993,1098,1203,-105
05111,1994,1294,1128,166
05111,1995,1180,1038,142
05111,1996,1106,1157,-51
05111,1997,1300,1223,77
05111,1998,1130,1174,-44
05111,1999,1159,1134,25
05111,2000,1120,1187,-67
05111,2001,1087,1247,-160
05111,2002,1055,1097,-42
05111,2003,1132,1214,-82
05111,2004,1126,1095,31
05111,2005,1042,1207,-165
05111,2006,1132,1203,-71
05111,2007,1189,1314,-125
05111,2008,1167,1131,36
05111,2009,977,1024,-47
05111,2010,1053,988,65
05113,1990,936,926,10
05113,1991,967,774,193
05113,1992,1049,734,315
05113,1993,1076,784,292
05113,1994,1075,838,237
05113,1995,1189,815,374
05113,1996,1052,899,153
05113,1997,871,787,84
05113,1998,928,1036,-108
05113,1999,882,792,90
05113,2000,887,964,-77
05113,2001,878,848,30
05113,2002,863,897,-34
05113,2003,819,923,-104
05113,2004,845,810,35
05113,2005,1013,865,148
05113,2006,821,858,-37
05113,2007,913,910,3
05113,2008,901,756,145
05113,2009,775,777,-2
05113,2010,734,807,-73
05115,1990,3490,2700,790
05115,1991,3037,2666,371
05115,1992,3111,2621,490
05115,1993,3276,2477,799
05115,1994,3192,2622,570
05115,1995,2934,2682,252
05115,1996,2721,2785,-64
05115,1997,3013,2719,294
05115,1998,3012,2835,177
05115,1999,2784,2978,-194
05115,2000,2682,2739,-57
05115,2001,2693,2619,74
05115,2002,2496,2695,-199
05115,2003,2807,2483,324
05115,2004,2866,2558,308
05115,2005,3123,2677,446
05115,2006,2950,2769,181
05115,2007,3154,2745,409
05115,2008,2912,2835,77
05115,2009,2813,2614,199
05115,2010,2749,2787,-38
05117,1990,407,550,-143
05117,1991,364,477,-113
05117,1992,462,448,14
05117,1993,420,443,-23
05117,1994,448,442,6
05117,1995,423,418,5
05117,1996,506,499,7
05117,1997,428,396,32
05117,1998,390,456,-66
05117,1999,346,414,-68
05117,2000,431,398,33
05117,2001,379,421,-42
05117,2002,348,412,-64
05117,2003,301,387,-86
05117,2004,382,403,-21
05117,2005,377,395,-18
05117,2006,340,404,-64
05117,2007,335,391,-56
05117,2008,333,342,-9
05117,2009,355,395,-40
05117,2010,321,404,-83
05119,1990,18817,20426,-1609
05119,1991,19382,19131,251
05119,1992,19706,20530,-824
05119,1993,18465,22037,-3572
05119,1994,17823,20672,-2849
05119,1995,17723,19443,-1720
05119,1996,17262,20830,-3568
05119,1997,17187,19356,-2169
05119,1998,18114,19934,-1820
05119,1999,17778,19588,-1810
05119,2000,17608,19286,-1678
05119,2001,17454,19000,-1546
05119,2002,16741,18299,-1558
05119,2003,16760,18702,-1942
05119,2004,16863,18450,-1587
05119,2005,18430,19243,-813
05119,2006,18183,18892,-709
05119,2007,18501,19135,-634
05119,2008,17584,18185,-601
05119,2009,17494,18163,-669
05119,2010,17853,18152,-299
05121,1990,792,764,28
05121,1991,951,729,222
05121,1992,887,706,181
05121,1993,912,799,113
05121,1994,932,836,96
05121,1995,927,717,210
05121,1996,852,798,54
05121,1997,874,790,84
05121,1998,815,729,86
05121,1999,783,736,47
05121,2000,852,751,101
05121,2001,782,797,-15
05121,2002,668,699,-31
05121,2003,872,716,156
05121,2004,819,788,31
05121,2005,765,757,8
05121,2006,707,744,-37
05121,2007,862,752,110
05121,2008,727,762,-35
05121,2009,739,651,88
05121,2010,739,654,85
05123,1990,1142,1371,-229
05123,1991,1316,1497,-181
05123,1992,1117,1342,-225
05123,1993,1305,1311,-6
05123,1994,1365,1306,59
05123,1995,1261,1325,-64
05123,1996,1361,1467,-106
05123,1997,1179,1507,-328
05123,1998,1113,1528,-415
05123,1999,1120,1415,-295
05123,2000,1000,1408,-408
05123,2001,1007,1280,-273
05123,2002,1082,1321,-239
05123,2003,944,1316,-372
05123,2004,1043,1427,-384
05123,2005,1056,1373,-317
05123,2006,1043,1320,-277
05123,2007,930,1400,-470
05123,2008,1108,1244,-136
05123,2009,940,1249,-309
05123,2010,945,1174,-229
05125,1990,3845,3295,550
05125,1991,4036,3283,753
05125,1992,4296,3238,1058
05125,1993,4611,3362,1249
05125,1994,4628,3289,1339
05125,1995,3792,3404,388
05125,1996,4344,3443,901
05125,1997,4164,3498,666
05125,1998,4317,3665,652
05125,1999,4219,3454,765
05125,2000,4177,3584,593
05125,2001,4282,3671,611
05125,2002,4336,3607,729
05125,2003,4894,3738,1156
05125,2004,5828,4227,1601
05125,2005,6332,4292,2040
05125,2006,6544,4206,2338
05125,2007,6546,4910,1636
05125,2008,6645,4667,1978
05125,2009,6482,4941,1541
05125,2010,6283,4880,1403
05127,1990,512,487,25
05127,1991,577,458,119
05127,1992,483,486,-3
05127,1993,559,472,87
05127,1994,489,498,-9
05127,1995,636,546,90
05127,1996,657,541,116
05127,1997,500,714,-214
05127,1998,628,577,51
05127,1999,635,624,11
05127,2000,606,645,-39
05127,2001,562,566,-4
05127,2002,548,613,-65
05127,2003,583,629,-46
05127,2004,555,479,76
05127,2005,709,522,187
05127,2006,537,509,28
05127,2007,570,631,-61
05127,2008,516,572,-56
05127,2009,570,468,102
05127,2010,546,534,12
05129,1990,357,496,-139
05129,1991,394,409,-15
05129,1992,441,386,55
05129,1993,481,402,79
05129,1994,433,357,76
05129,1995,388,370,18
05129,1996,481,371,110
05129,1997,352,352,0
05129,1998,371,307,64
05129,1999,427,363,64
05129,2000,348,373,-25
05129,2001,311,357,-46
05129,2002,249,301,-52
05129,2003,354,287,67
05129,2004,403,336,67
05129,2005,431,344,87
05129,2006,328,266,62
05129,2007,376,354,22
05129,2008,361,388,-27
05129,2009,332,299,33
05129,2010,275,307,-32
05131,1990,6444,6201,243
05131,1991,6621,6289,332
05131,1992,6822,6107,715
05131,1993,6921,6994,-73
05131,1994,6920,6434,486
05131,1995,6752,6397,355
05131,1996,6428,6658,-230
05131,1997,6327,7018,-691
05131,1998,6319,6659,-340
05131,1999,6809,6253,556
05131,2000,6247,6462,-215
05131,2001,6201,6572,-371
05131,2002,5847,6389,-542
05131,2003,5909,6422,-513
05131,2004,6201,6150,51
05131,2005,6888,6432,456
05131,2006,6417,6408,9
05131,2007,6335,6663,-328
05131,2008,6354,6345,9
05131,2009,5855,6141,-286
05131,2010,6144,5813,331
05133,1990,944,754,190
05133,1991,1080,789,291
05133,1992,916,951,-35
05133,1993,934,916,18
05133,1994,895,920,-25
05133,1995,784,833,-49
05133,1996,776,898,-122
05133,1997,749,813,-64
05133,1998,742,808,-66
05133,1999,692,930,-238
05133,2000,590,815,-225
05133,2001,630,756,-126
05133,2002,592,693,-101
05133,2003,624,670,-46
05133,2004,680,607,73
05133,2005,527,708,-181
05133,2006,553,684,-131
05133,2007,672,639,33
05133,2008,697,666,31
05133,2009,652,564,88
05133,2010,640,701,-61
05135,1990,1205,840,365
05135,1991,1406,867,539
05135,1992,1339,977,362
05135,1993,1398,949,449
05135,1994,1331,1006,325
05135,1995,1177,901,276
05135,1996,1113,933,180
05135,1997,1099,904,195
05135,1998,1113,984,129
05135,1999,1125,876,249
05135,2000,1018,880,138
05135,2001,929,821,108
05135,2002,934,816,118
05135,2003,915,852,63
05135,2004,1113,995,118
05135,2005,1276,910,366
05135,2006,1016,983,33
05135,2007,1050,1068,-18
05135,2008,1012,955,57
05135,2009,920,982,-62
05135,2010,977,870,107
05137,1990,551,411,140
05137,1991,583,480,103
05137,1992,629,380,249
05137,1993,568,414,154
05137,1994,590,423,167
05137,1995,536,481,55
05137,1996,517,440,77
05137,1997,549,448,101
05137,1998,566,471,95
05137,1999,600,468,132
05137,2000,499,525,-26
05137,2001,584,477,107
05137,2002,561,471,90
05137,2003,552,437,115
05137,2004,527,387,140
05137,2005,633,449,184
05137,2006,515,422,93
05137,2007,601,450,151
05137,2008,509,485,24
05137,2009,518,421,97
05137,2010,547,387,160
05139,1990,1704,1998,-294
05139,1991,1890,1895,-5
05139,1992,1726,1902,-176
05139,1993,1634,1922,-288
05139,1994,1709,1801,-92
05139,1995,1513,1815,-302
05139,1996,1532,1941,-409
05139,1997,1480,1580,-100
05139,1998,1516,1850,-334
05139,1999,1473,1704,-231
05139,2000,1431,1772,-341
05139,2001,1771,1737,34
05139,2002,1537,1839,-302
05139,2003,1518,1863,-345
05139,2004,1433,1775,-342
05139,2005,1572,1608,-36
05139,2006,1356,1680,-324
05139,2007,1577,1676,-99
05139,2008,1574,1671,-97
05139,2009,1291,1631,-340
05139,2010,1543,1615,-72
05141,1990,899,699,200
05141,1991,778,745,33
05141,1992,1043,719,324
05141,1993,924,761,163
05141,1994,1022,689,333
05141,1995,893,652,241
05141,1996,996,689,307
05141,1997,831,757,74
05141,1998,913,717,196
05141,1999,885,737,148
05141,2000,825,664,161
05141,2001,711,704,7
05141,2002,731,624,107
05141,2003,744,639,105
05141,2004,878,729,149
05141,2005,972,805,167
05141,2006,814,745,69
05141,2007,905,822,83
05141,2008,815,822,-7
05141,2009,893,794,99
05141,2010,791,904,-113
05143,1990,8074,6692,1382
05143,1991,8732,6632,2100
05143,1992,9731,6869,2862
05143,1993,9493,7508,1985
05143,1994,10365,7699,2666
05143,1995,9602,8118,1484
05143,1996,9568,8966,602
05143,1997,8864,9222,-358
05143,1998,9120,9037,83
05143,1999,9656,8490,1166
05143,2000,9933,8657,1276
05143,2001,9889,9276,613
05143,2002,10147,8915,1232
05143,2003,10884,9525,1359
05143,2004,12177,9274,2903
05143,2005,12223,10276,1947
05143,2006,11009,10817,192
05143,2007,10036,11295,-1259
05143,2008,10246,10572,-326
05143,2009,9841,9293,548
05143,2010,10276,10009,267
05145,1990,3265,2565,700
05145,1991,3221,2601,620
05145,1992,3503,2672,831
05145,1993,3536,2402,1134
05145,1994,3798,2663,1135
05145,1995,3566,2821,745
05145,1996,3500,2833,667
05145,1997,3628,2851,777
05145,1998,3200,3096,104
05145,1999,3395,2911,484
05145,2000,3466,2882,584
05145,2001,3324,2986,338
05145,2002,3160,2919,241
05145,2003,3581,2924,657
05145,2004,3463,3017,446
05145,2005,3906,3171,735
05145,2006,3749,3232,517
05145,2007,4105,3374,731
05145,2008,3984,3262,722
05145,2009,3969,3301,668
05145,2010,3725,3460,265
05147,1990,411,478,-67
05147,1991,363,505,-142
05147,1992,403,419,-16
05147,1993,484,368,116
05147,1994,372,427,-55
05147,1995,307,317,-10
05147,1996,321,435,-114
05147,1997,305,381,-76
05147,1998,301,395,-94
05147,1999,314,426,-112
05147,2000,408,388,20
05147,2001,248,411,-163
05147,2002,305,386,-81
05147,2003,283,389,-106
05147,2004,338,367,-29
05147,2005,297,359,-62
05147,2006,287,439,-152
05147,2007,277,404,-127
05147,2008,272,381,-109
05147,2009,312,323,-11
05147,2010,288,276,12
05149,1990,1292,1298,-6
05149,1991,1271,1107,164
05149,1992,1302,1145,157
05149,1993,1331,1240,91
05149,1994,1305,1173,132
05149,1995,1310,1133,177
05149,1996,1239,1195,44
05149,1997,1165,1317,-152
05149,1998,1153,1344,-191
05149,1999,1116,1165,-49
05149,2000,1027,1174,-147
05149,2001,1045,1147,-102
05149,2002,1050,1150,-100
05149,2003,962,1216,-254
05149,2004,1003,1105,-102
05149,2005,1259,1053,206
05149,2006,1046,1077,-31
05149,2007,1212,1160,52
05149,2008,1208,1199,9
05149,2009,1132,1218,-86
05149,2010,1124,1302,-178
06001,1990,62687,71678,-8991
06001,1991,61078,69007,-7929
06001,1992,58604,71069,-12465
06001,1993,55995,70071,-14076
06001,1994,56929,68251,-11322
06001,1995,57632,64315,-6683
06001,1996,64223,63433,790
06001,1997,68283,65015,3268
06001,1998,67029,69076,-2047
06001,1999,72031,73197,-1166
06001,2000,75328,79756,-4428
06001,2001,63510,90170,-26660
06001,2002,61746,87334,-25588
06001,2003,60231,85617,-25386
06001,2004,59794,81976,-22182
06001,2005,60500,77576,-17076
06001,2006,58511,69436,-10925
06001,2007,63802,64582,-780
06001,2008,65485,66235,-750
06001,2009,61578,68061,-6483
06001,2010,63636,65659,-2023
06003,1990,0,75,-75
06003,1991,0,81,-81
06003,1992,82,62,20
06003,1993,83,83,0
06003,1994,78,56,22
06003,1995,84,78,6
06003,1996,60,89,-29
06003,1997,75,85,-10
06003,1998,75,88,-13
06003,1999,105,110,-5
06003,2000,91,89,2
06003,2001,78,79,-1
06003,2002,84,100,-16
06003,2003,131,102,29
06003,2004,79,119,-40
06003,2005,112,83,29
06003,2006,87,86,1
06003,2007,70,110,-40
06003,2008,82,83,-1
06003,2009,47,65,-18
06003,2010,42,78,-36
06005,1990,2321,1568,753
06005,1991,2079,1407,672
06005,1992,1789,1454,335
06005,1993,1779,1355,424
06005,1994,1728,1360,368
06005,1995,1528,1336,192
06005,1996,1618,1362,256
06005,1997,1698,1414,284
06005,1998,1844,1268,576
06005,1999,1899,1434,465
06005,2000,2120,1390,730
06005,2001,2154,1318,836
06005,2002,2069,1460,609
06005,2003,1901,1460,441
06005,2004,2109,1466,643
06005,2005,1971,1532,439
06005,2006,1681,1360,321
06005,2007,1575,1402,173
06005,2008,1322,1470,-148
06005,2009,1305,1387,-82
06005,2010,1373,1318,55
06007,1990,10014,7813,2201
06007,1991,9009,7941,1068
06007,1992,8598,7785,813
06007,1993,7949,7593,356
06007,1994,7885,7685,200
06007,1995,7409,7952,-543
06007,1996,7741,7402,339
06007,1997,8269,7649,620
06007,1998,8309,7901,408
06007,1999,8662,7344,1318
06007,2000,8805,7853,952
06007,2001,8934,7144,1790
06007,2002,8529,7172,1357
06007,2003,8251,7523,728
06007,2004,8285,7664,621
06007,2005,8137,7484,653
06007,2006,7655,7839,-184
06007,2007,7503,7392,111
06007,2008,7296,7468,-172
06007,2009,6473,6827,-354
06007,2010,6623,6766,-143
06009,1990,2982,1862,1120
06009,1991,2767,1831,936
06009,1992,2508,1872,636
06009,1993,2644,1740,904
06009,1994,2366,1824,542
06009,1995,2313,1794,519
06009,1996,2391,1793,598
06009,1997,2294,1827,467
06009,1998,2455,2055,400
06009,1999,2704,2029,675
06009,2000,2975,2052,923
06009,2001,2987,1796,1191
06009,2002,3034,1806,1228
06009,2003,3015,2106,909
06009,2004,3100,2148,952
06009,2005,3086,2281,805
06009,2006,2362,1983,379
06009,2007,2298,1979,319
06009,2008,1986,1991,-5
06009,2009,1925,1990,-65
06009,2010,1999,1993,6
06011,1990,1109,1133,-24
06011,1991,996,1063,-67
06011,1992,795,955,-160
06011,1993,865,951,-86
06011,1994,840,886,-46
06011,1995,723,793,-70
06011,1996,679,815,-136
06011,1997,646,977,-331
06011,1998,654,867,-213
06011,1999,600,773,-173
06011,2000,611,751,-140
06011,2001,630,781,-151
06011,2002,792,851,-59
06011,2003,876,783,93
06011,2004,1063,966,97
06011,2005,1061,1053,8
06011,2006,885,1044,-159
06011,2007,878,1028,-150
06011,2008,876,1016,-140
06011,2009,940,906,34
06011,2010,755,964,-209
06013,1990,44415,42394,2021
06013,1991,44975,41229,3746
06013,1992,44195,42102,2093
06013,1993,40922,42013,-1091
06013,1994,41334,40769,565
06013,1995,40432,39114,1318
06013,1996,45175,38786,6389
06013,1997,47007,39970,7037
06013,1998,47215,42563,4652
06013,1999,49124,44196,4928
06013,2000,54083,44521,9562
06013,2001,47249,46962,287
06013,2002,48055,48275,-220
06013,2003,46178,48193,-2015
06013,2004,46428,46943,-515
06013,2005,42393,47005,-4612
06013,2006,41260,41054,206
06013,2007,44338,39259,5079
06013,2008,45108,39640,5468
06013,2009,44565,38650,5915
06013,2010,44151,38949,5202
06015,1990,2143,1208,935
06015,1991,1300,1288,12
06015,1992,1221,1173,48
06015,1993,1188,1258,-70
06015,1994,1187,1174,13
06015,1995,1267,1173,94
06015,1996,1113,1137,-24
06015,1997,1062,1332,-270
06015,1998,956,1121,-165
06015,1999,986,1192,-206
06015,2000,1110,1217,-107
06015,2001,1227,1188,39
06015,2002,1211,1070,141
06015,2003,1280,995,285
06015,2004,1145,1077,68
06015,2005,1117,1128,-11
06015,2006,1123,1004,119
06015,2007,1165,1022,143
06015,2008,1108,991,117
06015,2009,950,950,0
06015,2010,1007,1046,-39
06017,1990,11121,7935,3186
06017,1991,10091,7685,2406
06017,1992,9928,7742,2186
06017,1993,9516,8001,1515
06017,1994,9059,7367,1692
06017,1995,8987,7228,1759
06017,1996,9311,7312,1999
06017,1997,9708,7424,2284
06017,1998,9674,7803,1871
06017,1999,10400,8061,2339
06017,2000,10977,8100,2877
06017,2001,10814,7774,3040
06017,2002,10560,8333,2227
06017,2003,11015,8590,2425
06017,2004,11484,8807,2677
06017,2005,10336,9193,1143
06017,2006,8414,8287,127
06017,2007,8530,7974,556
06017,2008,8577,7858,719
06017,2009,8187,7891,296
06017,2010,7756,7979,-223
06019,1990,29528,27364,2164
06019,1991,27259,27208,51
06019,1992,25698,27966,-2268
06019,1993,22956,27968,-5012
06019,1994,20980,27836,-6856
06019,1995,19929,25560,-5631
06019,1996,18956,25109,-6153
06019,1997,17853,25162,-7309
06019,1998,19362,23431,-4069
06019,1999,20231,22832,-2601
06019,2000,20839,22029,-1190
06019,2001,23628,20696,2932
06019,2002,23645,19961,3684
06019,2003,22054,21413,641
06019,2004,21267,22525,-1258
06019,2005,22134,23405,-1271
06019,2006,21209,22684,-1475
06019,2007,21340,22413,-1073
06019,2008,21959,22434,-475
06019,2009,20593,21249,-656
06019,2010,20248,21799,-1551
06021,1990,1412,1450,-38
06021,1991,1355,1355,0
06021,1992,1195,1285,-90
06021,1993,1179,1278,-99
06021,1994,1150,1199,-49
06021,1995,1081,1205,-124
06021,1996,963,1229,-266
06021,1997,977,1300,-323
06021,1998,1048,1209,-161
06021,1999,995,1162,-167
06021,2000,972,1199,-227
06021,2001,1139,1130,9
06021,2002,1235,1114,121
06021,2003,1172,1240,-68
06021,2004,1364,1301,63
06021,2005,1198,1129,69
06021,2006,1122,1172,-50
06021,2007,1151,1155,-4
06021,2008,1276,1291,-15
06021,2009,1129,1159,-30
06021,2010,1128,1158,-30
06023,1990,5431,5142,289
06023,1991,5156,4679,477
06023,1992,4898,4790,108
06023,1993,4392,5165,-773
06023,1994,4988,4524,464
06023,1995,4272,4936,-664
06023,1996,4450,4682,-232
06023,1997,4428,4882,-454
06023,1998,4420,5203,-783
06023,1999,4420,5197,-777
06023,2000,4589,4709,-120
06023,2001,4862,4653,209
06023,2002,4757,4822,-65
06023,2003,4614,4608,6
06023,2004,4281,4531,-250
06023,2005,4253,4761,-508
06023,2006,3807,4850,-1043
06023,2007,4297,4778,-481
06023,2008,4179,4406,-227
06023,2009,3912,3938,-26
06023,2010,3691,4249,-558
06025,1990,12299,8330,3969
06025,1991,12005,8112,3893
06025,1992,10946,8106,2840
06025,1993,8155,12386,-4231
06025,1994,7939,11187,-3248
06025,1995,7219,10963,-3744
06025,1996,6846,10506,-3660
06025,1997,6816,9277,-2461
06025,1998,6684,8650,-1966
06025,1999,6424,8764,-2340
06025,2000,6360,8143,-1783
06025,2001,5988,6645,-657
06025,2002,5999,5870,129
06025,2003,6060,5944,116
06025,2004,6246,5819,427
06025,2005,6885,5533,1352
06025,2006,6720,5663,1057
06025,2007,6585,6122,463
06025,2008,7113,5800,1313
06025,2009,6201,5642,559
06025,2010,5641,6110,-469
06027,1990,1111,1101,10
06027,1991,1145,1103,42
06027,1992,1119,1077,42
06027,1993,1061,982,79
06027,1994,979,986,-7
06027,1995,944,970,-26
06027,1996,936,953,-17
06027,1997,957,1084,-127
06027,1998,1008,1082,-74
06027,1999,963,968,-5
06027,2000,1016,957,59
06027,2001,1154,918,236
06027,2002,1022,998,24
06027,2003,880,966,-86
06027,2004,833,913,-80
06027,2005,986,931,55
06027,2006,902,937,-35
06027,2007,791,920,-129
06027,2008,871,767,104
06027,2009,752,845,-93
06027,2010,764,819,-55
06029,1990,31490,24701,6789
06029,1991,27751,24432,3319
06029,1992,24762,26978,-2216
06029,1993,24059,25793,-1734
06029,1994,20818,25670,-4852
06029,1995,20761,24626,-3865
06029,1996,20082,23461,-3379
06029,1997,19937,23546,-3609
06029,1998,20099,21229,-1130
06029,1999,19782,21493,-1711
06029,2000,21212,20054,1158
06029,2001,24278,19667,4611
06029,2002,26570,18820,7750
06029,2003,28447,19525,8922
06029,2004,30816,21585,9231
06029,2005,29763,23607,6156
06029,2006,28010,23528,4482
06029,2007,26247,25006,1241
06029,2008,24014,24198,-184
06029,2009,23970,22294,1676
06029,2010,22880,22708,172
06031,1990,7451,8006,-555
06031,1991,7859,7575,284
06031,1992,7383,8405,-1022
06031,1993,7365,7840,-475
06031,1994,7479,7334,145
06031,1995,6086,6349,-263
06031,1996,5895,6366,-471
06031,1997,5983,6638,-655
06031,1998,5769,6585,-816
06031,1999,6118,6394,-276
06031,2000,6509,6287,222
06031,2001,7134,6426,708
06031,2002,6965,6556,409
06031,2003,7639,6753,886
06031,2004,6854,7301,-447
06031,2005,7408,7423,-15
06031,2006,7127,7420,-293
06031,2007,6985,7596,-611
06031,2008,6826,7392,-566
06031,2009,6527,7268,-741
06031,2010,6742,7556,-814
06033,1990,3818,2535,1283
06033,1991,3225,2323,902
06033,1992,3058,2280,778
06033,1993,2720,2251,469
06033,1994,2492,2362,130
06033,1995,2369,2340,29
06033,1996,2432,2517,-85
06033,1997,2536,2248,288
06033,1998,2600,2309,291
06033,1999,3241,2290,951
06033,2000,3701,2270,1431
06033,2001,3437,2188,1249
06033,2002,3332,2481,851
06033,2003,3276,2585,691
06033,2004,3380,2654,726
06033,2005,3107,2633,474
06033,2006,2399,2349,50
06033,2007,2591,2267,324
06033,2008,2463,2411,52
06033,2009,2460,2161,299
06033,2010,2225,2302,-77
06035,1990,1963,1817,146
06035,1991,1874,1602,272
06035,1992,1723,1817,-94
06035,1993,1723,1958,-235
06035,1994,1884,1784,100
06035,1995,2879,2191,688
06035,1996,1860,1750,110
06035,1997,1454,1750,-296
06035,1998,1340,1578,-238
06035,1999,1389,1684,-295
06035,2000,1484,1625,-141
06035,2001,1496,1350,146
06035,2002,1535,1392,143
06035,2003,1404,1382,22
06035,2004,1467,1396,71
06035,2005,1443,1456,-13
06035,2006,1223,1245,-22
06035,2007,1483,1301,182
06035,2008,1541,1334,207
06035,2009,1075,1391,-316
06035,2010,1050,1445,-395
06037,1990,192431,338544,-146113
06037,1991,185932,315569,-129637
06037,1992,166212,328112,-161900
06037,1993,153659,334401,-180742
06037,1994,155669,311311,-155642
06037,1995,150613,270314,-119701
06037,1996,160817,256677,-95860
06037,1997,170826,243325,-72499
06037,1998,176987,238624,-61637
06037,1999,172737,244092,-71355
06037,2000,173941,238318,-64377
06037,2001,174406,236640,-62234
06037,2002,172295,241150,-68855
06037,2003,170749,259291,-88542
06037,2004,165767,282721,-116954
06037,2005,167096,306943,-139847
06037,2006,164035,298713,-134678
06037,2007,181563,257943,-76380
06037,2008,186838,241805,-54967
06037,2009,174918,240287,-65369
06037,2010,182829,229180,-46351
06039,1990,7378,5396,1982
06039,1991,6905,5152,1753
06039,1992,6474,5236,1238
06039,1993,5806,5718,88
06039,1994,5137,5517,-380
06039,1995,5142,5084,58
06039,1996,4691,5092,-401
06039,1997,4861,5192,-331
06039,1998,4624,4987,-363
06039,1999,4949,5121,-172
06039,2000,5132,4956,176
06039,2001,6057,4766,1291
06039,2002,6535,4813,1722
06039,2003,6512,4936,1576
06039,2004,6357,5298,1059
06039,2005,6637,5468,1169
06039,2006,5740,5299,441
06039,2007,5516,5259,257
06039,2008,5423,5810,-387
06039,2009,5974,5424,550
06039,2010,5371,5397,-26
06041,1990,13568,13553,15
06041,1991,13300,13758,-458
06041,1992,13060,13863,-803
06041,1993,12695,13895,-1200
06041,1994,11657,13755,-2098
06041,1995,10789,13142,-2353
06041,1996,11391,11583,-192
06041,1997,11582,11591,-9
06041,1998,10977,11900,-923
06041,1999,11402,12247,-845
06041,2000,11089,12085,-996
06041,2001,9755,12696,-2941
06041,2002,10804,12621,-1817
06041,2003,12603,12255,348
06041,2004,13657,11663,1994
06041,2005,13271,10765,2506
06041,2006,13264,9457,3807
06041,2007,12862,9378,3484
06041,2008,12443,9058,3385
06041,2009,9489,9096,393
06041,2010,9505,8835,670
06043,1990,1270,848,422
06043,1991,1243,941,302
06043,1992,1117,983,134
06043,1993,1184,1020,164
06043,1994,1065,959,106
06043,1995,1051,890,161
06043,1996,951,1080,-129
06043,1997,1067,864,203
06043,1998,924,1043,-119
06043,1999,1020,917,103
06043,2000,1133,1057,76
06043,2001,1092,898,194
06043,2002,1268,823,445
06043,2003,1118,916,202
06043,2004,1105,978,127
06043,2005,1137,884,253
06043,2006,1000,841,159
06043,2007,941,906,35
06043,2008,943,988,-45
06043,2009,924,806,118
06043,2010,808,845,-37
06045,1990,3752,3590,162
06045,1991,3278,3723,-445
06045,1992,3116,3496,-380
06045,1993,3163,3335,-172
06045,1994,3140,2995,145
06045,1995,2893,2931,-38
06045,1996,2954,3055,-101
06045,1997,2900,2957,-57
06045,1998,3057,3184,-127
06045,1999,3130,3057,73
06045,2000,3167,3277,-110
06045,2001,3143,3104,39
06045,2002,3106,2860,246
06045,2003,2686,3156,-470
06045,2004,2814,3426,-612
06045,2005,2511,3238,-727
06045,2006,2280,3010,-730
06045,2007,2679,2884,-205
06045,2008,2486,2708,-222
06045,2009,2315,2579,-264
06045,2010,2141,2632,-491
06047,1990,12306,11307,999
06047,1991,10991,11425,-434
06047,1992,11009,11750,-741
06047,1993,11063,11095,-32
06047,1994,8867,13949,-5082
06047,1995,7543,10827,-3284
06047,1996,7396,8074,-678
06047,1997,7788,8047,-259
06047,1998,8117,8064,53
06047,1999,8644,8176,468
06047,2000,10393,8069,2324
06047,2001,10582,8134,2448
06047,2002,9695,8665,1030
06047,2003,10994,9410,1584
06047,2004,11017,10062,955
06047,2005,10658,11008,-350
06047,2006,9986,10250,-264
06047,2007,9545,11292,-1747
06047,2008,9617,11994,-2377
06047,2009,10280,9680,600
06047,2010,9748,9407,341
06049,1990,537,485,52
06049,1991,547,519,28
06049,1992,508,576,-68
06049,1993,551,471,80
06049,1994,473,508,-35
06049,1995,489,455,34
06049,1996,454,477,-23
06049,1997,390,579,-189
06049,1998,482,564,-82
06049,1999,443,508,-65
06049,2000,480,538,-58
06049,2001,495,479,16
06049,2002,521,407,114
06049,2003,574,475,99
06049,2004,454,485,-31
06049,2005,547,476,71
06049,2006,412,481,-69
06049,2007,450,392,58
06049,2008,418,384,34
06049,2009,356,340,16
06049,2010,355,465,-110
06051,1990,793,1112,-319
06051,1991,981,944,37
06051,1992,995,899,96
06051,1993,1010,948,62
06051,1994,892,964,-72
06051,1995,788,939,-151
06051,1996,871,879,-8
06051,1997,781,986,-205
06051,1998,892,982,-90
06051,1999,885,940,-55
06051,2000,998,963,35
06051,2001,1016,1043,-27
06051,2002,859,1022,-163
06051,2003,830,985,-155
06051,2004,905,1036,-131
06051,2005,854,1033,-179
06051,2006,842,1037,-195
06051,2007,821,966,-145
06051,2008,864,940,-76
06051,2009,801,913,-112
06051,2010,846,921,-75
06053,1990,27878,30577,-2699
06053,1991,28900,28600,300
06053,1992,24207,34232,-10025
06053,1993,18888,40594,-21706
06053,1994,17676,22684,-5008
06053,1995,17069,19924,-2855
06053,1996,17941,18370,-429
06053,1997,17311,18450,-1139
06053,1998,16990,18909,-1919
06053,1999,17371,20595,-3224
06053,2000,17403,20385,-2982
06053,2001,16413,21005,-4592
06053,2002,15751,22122,-6371
06053,2003,15243,22446,-7203
06053,2004,14366,23978,-9612
06053,2005,15166,24078,-8912
06053,2006,15171,20976,-5805
06053,2007,16413,18877,-2464
06053,2008,15934,18399,-2465
06053,2009,16390,17472,-1082
06053,2010,17394,18034,-640
06055,1990,5828,5883,-55
06055,1991,6086,5026,1060
06055,1992,5440,5342,98
06055,1993,5199,5243,-44
06055,1994,5204,5338,-134
06055,1995,4313,4661,-348
06055,1996,5733,5347,386
06055,1997,5782,5473,309
06055,1998,5956,5824,132
06055,1999,6167,6136,31
06055,2000,7096,5432,1664
06055,2001,7076,6151,925
06055,2002,6830,6305,525
06055,2003,6280,7096,-816
06055,2004,5668,6393,-725
06055,2005,5933,6198,-265
06055,2006,5445,5438,7
06055,2007,5470,5303,167
06055,2008,5855,5482,373
06055,2009,6104,5659,445
06055,2010,5574,5335,239
06057,1990,5561,3944,1617
06057,1991,5671,4240,1431
06057,1992,5112,4201,911
06057,1993,4959,3907,1052
06057,1994,5008,3790,1218
06057,1995,4830,3545,1285
06057,1996,4803,3623,1180
06057,1997,5523,4335,1188
06057,1998,5637,4671,966
06057,1999,6219,4611,1608
06057,2000,5905,4697,1208
06057,2001,5551,4495,1056
06057,2002,5521,4767,754
06057,2003,5726,4780,946
06057,2004,5551,4809,742
06057,2005,4863,4658,205
06057,2006,4280,4167,113
06057,2007,4375,4090,285
06057,2008,4233,3968,265
06057,2009,4147,4000,147
06057,2010,4152,4062,90
06059,1990,113908,140016,-26108
06059,1991,112247,133397,-21150
06059,1992,104326,134952,-30626
06059,1993,104411,131996,-27585
06059,1994,102703,125453,-22750
06059,1995,97999,116362,-18363
06059,1996,107257,107380,-123
06059,1997,110471,109696,775
06059,1998,102900,117754,-14854
06059,1999,98620,114034,-15414
06059,2000,96398,111975,-15577
06059,2001,94072,114329,-20257
06059,2002,95031,115771,-20740
06059,2003,96174,121180,-25006
06059,2004,91424,130407,-38983
06059,2005,92958,134636,-41678
06059,2006,87942,123917,-35975
06059,2007,95818,105589,-9771
06059,2008,97908,101002,-3094
06059,2009,96401,100070,-3669
06059,2010,98112,95600,2512
06061,1990,15755,11586,4169
06061,1991,15583,11920,3663
06061,1992,14691,12370,2321
06061,1993,15121,11881,3240
06061,1994,15289,11264,4025
06061,1995,16632,11832,4800
06061,1996,16454,11877,4577
06061,1997,17766,11929,5837
06061,1998,19705,12310,7395
06061,1999,20818,13119,7699
06061,2000,23164,13492,9672
06061,2001,23369,13462,9907
06061,2002,24395,14539,9856
06061,2003,24889,16003,8886
06061,2004,24240,17762,6478
06061,2005,22752,17447,5305
06061,2006,20243,15813,4430
06061,2007,21521,15977,5544
06061,2008,21100,16855,4245
06061,2009,20398,16268,4130
06061,2010,20578,16196,4382
06063,1990,1499,1262,237
06063,1991,1467,1050,417
06063,1992,1407,1202,205
06063,1993,1207,1373,-166
06063,1994,1257,1203,54
06063,1995,1183,1188,-5
06063,1996,1169,1026,143
06063,1997,1145,1097,48
06063,1998,1195,1102,93
06063,1999,1152,1257,-105
06063,2000,1255,1110,145
06063,2001,1178,1080,98
06063,2002,1238,1103,135
06063,2003,1137,1022,115
06063,2004,1230,1114,116
06063,2005,1049,1140,-91
06063,2006,996,1045,-49
06063,2007,959,1138,-179
06063,2008,855,1076,-221
06063,2009,776,903,-127
06063,2010,791,883,-92
06065,1990,93003,64782,28221
06065,1991,83990,65185,18805
06065,1992,77181,69105,8076
06065,1993,74788,69274,5514
06065,1994,73754,67292,6462
06065,1995,70239,66593,3646
06065,1996,71349,61398,9951
06065,1997,74724,58971,15753
06065,1998,83770,57483,26287
06065,1999,87931,59090,28841
06065,2000,92196,59607,32589
06065,2001,103969,61331,42638
06065,2002,114863,62084,52779
06065,2003,122210,69529,52681
06065,2004,122955,78257,44698
06065,2005,133089,85318,47771
06065,2006,117348,83656,33692
06065,2007,98481,89824,8657
06065,2008,105600,93760,11840
06065,2009,111951,84229,27722
06065,2010,101085,86551,14534
06067,1990,58059,48292,9767
06067,1991,47234,49343,-2109
06067,1992,43498,51465,-7967
06067,1993,40998,50910,-9912
06067,1994,39357,45182,-5825
06067,1995,41718,43647,-1929
06067,1996,41053,42656,-1603
06067,1997,44056,43540,516
06067,1998,47792,43536,4256
06067,1999,52184,45398,6786
06067,2000,59732,44830,14902
06067,2001,60570,45898,14672
06067,2002,57479,47702,9777
06067,2003,56044,52192,3852
06067,2004,55199,59125,-3926
06067,2005,54686,60168,-5482
06067,2006,49086,52994,-3908
06067,2007,49832,52901,-3069
06067,2008,51686,52822,-1136
06067,2009,47270,48612,-1342
06067,2010,47163,48489,-1326
06069,1990,2592,2741,-149
06069,1991,2534,2258,276
06069,1992,2797,2426,371
06069,1993,2748,2322,426
06069,1994,2945,2244,701
06069,1995,3103,2157,946
06069,1996,3509,2177,1332
06069,1997,3824,2601,1223
06069,1998,4022,2781,1241
06069,1999,4351,3101,1250
06069,2000,3813,3548,265
06069,2001,3130,3477,-347
06069,2002,3102,3567,-465
06069,2003,3064,3928,-864
06069,2004,3195,4018,-823
06069,2005,2852,3800,-948
06069,2006,2478,3093,-615
06069,2007,2518,2797,-279
06069,2008,2749,3066,-317
06069,2009,2987,2685,302
06069,2010,2788,2608,180
06071,1990,106859,85351,21508
06071,1991,98429,85660,12769
06071,1992,88267,98338,-10071
06071,1993,83687,92819,-9132
06071,1994,81100,86692,-5592
06071,1995,75775,80545,-4770
06071,1996,75208,78802,-3594
06071,1997,78320,77487,833
06071,1998,83030,76839,6191
06071,1999,86346,76022,10324
06071,2000,89290,75212,14078
06071,2001,94717,77123,17594
06071,2002,99266,76957,22309
06071,2003,106606,80425,26181
06071,2004,108150,89353,18797
06071,2005,106893,100903,5990
06071,2006,99184,101415,-2231
06071,2007,89282,97956,-8674
06071,2008,91844,102078,-10234
06071,2009,99344,93364,5980
06071,2010,94903,92224,2679
06073,1990,121878,129284,-7406
06073,1991,124575,120672,3903
06073,1992,113897,137678,-23781
06073,1993,111494,131897,-20403
06073,1994,107861,128071,-20210
06073,1995,103817,114884,-11067
06073,1996,108516,110963,-2447
06073,1997,112051,103514,8537
06073,1998,118644,106213,12431
06073,1999,115294,113317,1977
06073,2000,116988,114147,2841
06073,2001,114896,122200,-7304
06073,2002,110196,126156,-15960
06073,2003,111318,129007,-17689
06073,2004,109195,141960,-32765
06073,2005,107591,137856,-30265
06073,2006,108606,119931,-11325
06073,2007,113753,116452,-2699
06073,2008,113152,113135,17
06073,2009,109000,108292,708
06073,2010,110301,110660,-359
06075,1990,41082,48927,-7845
06075,1991,41651,49973,-8322
06075,1992,40672,50351,-9679
06075,1993,39364,48486,-9122
06075,1994,39758,48161,-8403
06075,1995,39677,43549,-3872
06075,1996,40005,44620,-4615
06075,1997,40045,45090,-5045
06075,1998,39442,47136,-7694
06075,1999,41233,50330,-9097
06075,2000,39875,49412,-9537
06075,2001,36006,54469,-18463
06075,2002,37115,53858,-16743
06075,2003,36329,51272,-14943
06075,2004,37429,48394,-10965
06075,2005,38957,45007,-6050
06075,2006,38191,41504,-3313
06075,2007,39605,41830,-2225
06075,2008,40163,41915,-1752
06075,2009,38456,45671,-7215
06075,2010,40830,44029,-3199
06077,1990,23590,22503,1087
06077,1991,21518,21140,378
06077,1992,20595,21576,-981
06077,1993,20197,20729,-532
06077,1994,19273,20101,-828
06077,1995,18865,18725,140
06077,1996,19132,18581,551
06077,1997,20461,18491,1970
06077,1998,23844,18596,5248
06077,1999,26449,18954,7495
06077,2000,33520,20434,13086
06077,2001,30680,21642,9038
06077,2002,31140,22082,9058
06077,2003,33115,24148,8967
06077,2004,31716,26488,5228
06077,2005,28384,28787,-403
06077,2006,25393,27158,-1765
06077,2007,24241,27167,-2926
06077,2008,26613,27650,-1037
06077,2009,26423,24052,2371
06077,2010,25048,23671,1377
06079,1990,11171,11649,-478
06079,1991,11025,10625,400
06079,1992,10426,10391,35
06079,1993,10498,10087,411
06079,1994,10743,9570,1173
06079,1995,10504,9177,1327
06079,1996,10404,8893,1511
06079,1997,10517,8974,1543
06079,1998,10871,9066,1805
06079,1999,11317,9063,2254
06079,2000,11112,9421,1691
06079,2001,10554,9891,663
06079,2002,10254,9859,395
06079,2003,10114,10287,-173
06079,2004,10374,10327,47
06079,2005,10100,9997,103
06079,2006,9555,9372,183
06079,2007,10153,9100,1053
06079,2008,9708,9232,476
06079,2009,9351,8610,741
06079,2010,9363,8741,622
06081,1990,34808,40910,-6102
06081,1991,35813,39345,-3532
06081,1992,34525,38782,-4257
06081,1993,33427,37990,-4563
06081,1994,33052,37200,-4148
06081,1995,32784,35754,-2970
06081,1996,35412,37002,-1590
06081,1997,34501,39363,-4862
06081,1998,33775,42236,-8461
06081,1999,36874,44071,-7197
06081,2000,35618,47393,-11775
06081,2001,33783,50207,-16424
06081,2002,33395,46724,-13329
06081,2003,33179,44168,-10989
06081,2004,32601,41604,-9003
06081,2005,31781,39710,-7929
06081,2006,30760,35099,-4339
06081,2007,33760,32630,1130
06081,2008,33947,32873,1074
06081,2009,31859,34371,-2512
06081,2010,32916,32462,454
06083,1990,18372,20036,-1664
06083,1991,16875,19702,-2827
06083,1992,16150,20247,-4097
06083,1993,16175,18886,-2711
06083,1994,15114,18759,-3645
06083,1995,14162,18025,-3863
06083,1996,15473,16482,-1009
06083,1997,14629,16745,-2116
06083,1998,14945,17896,-2951
06083,1999,14893,18151,-3258
06083,2000,15004,18177,-3173
06083,2001,14671,18162,-3491
06083,2002,14630,18522,-3892
06083,2003,14424,19213,-4789
06083,2004,13867,19149,-5282
06083,2005,13743,18780,-5037
06083,2006,13324,16553,-3229
06083,2007,13396,15842,-2446
06083,2008,13709,14860,-1151
06083,2009,13024,14082,-1058
06083,2010,12890,14315,-1425
06085,1990,58017,78004,-19987
06085,1991,55903,73995,-18092
06085,1992,54973,73493,-18520
06085,1993,54364,73072,-18708
06085,1994,56035,69083,-13048
06085,1995,58955,64019,-5064
06085,1996,61591,67855,-6264
06085,1997,64126,76488,-12362
06085,1998,60520,85001,-24481
06085,1999,64779,88889,-24110
06085,2000,69904,101592,-31688
06085,2001,55804,105541,-49737
06085,2002,55846,90757,-34911
06085,2003,55315,83172,-27857
06085,2004,59169,76475,-17306
06085,2005,59661,72767,-13106
06085,2006,57301,66121,-8820
06085,2007,62456,62164,292
06085,2008,60312,62316,-2004
06085,2009,55503,62161,-6658
06085,2010,57778,60981,-3203
06087,1990,11231,14849,-3618
06087,1991,11989,13524,-1535
06087,1992,11244,13497,-2253
06087,1993,10760,13137,-2377
06087,1994,10337,12887,-2550
06087,1995,10003,11706,-1703
06087,1996,10806,11081,-275
06087,1997,11239,10914,325
06087,1998,10230,11701,-1471
06087,1999,10285,12300,-2015
06087,2000,9941,12671,-2730
06087,2001,8891,13244,-4353
06087,2002,8573,12960,-4387
06087,2003,8553,11949,-3396
06087,2004,8553,12009,-3456
06087,2005,8387,11244,-2857
06087,2006,8043,10081,-2038
06087,2007,8572,9261,-689
06087,2008,8843,8941,-98
06087,2009,8610,8684,-74
06087,2010,8602,9888,-1286
06089,1990,9391,5822,3569
06089,1991,8126,6068,2058
06089,1992,7237,6612,625
06089,1993,6906,6276,630
06089,1994,6674,6350,324
06089,1995,6248,5921,327
06089,1996,6417,5850,567
06089,1997,6641,5727,914
06089,1998,6528,6441,87
06089,1999,7271,5801,1470
06089,2000,8126,5577,2549
06089,2001,8586,5338,3248
06089,2002,8173,5498,2675
06089,2003,7584,6272,1312
06089,2004,7628,6611,1017
06089,2005,6975,6284,691
06089,2006,6391,5810,581
06089,2007,6748,6183,565
06089,2008,6256,6063,193
06089,2009,5934,5773,161
06089,2010,5806,5599,207
06091,1990,246,242,4
06091,1991,210,239,-29
06091,1992,244,218,26
06091,1993,176,197,-21
06091,1994,213,177,36
06091,1995,190,153,37
06091,1996,216,239,-23
06091,1997,200,186,14
06091,1998,173,205,-32
06091,1999,253,174,79
06091,2000,190,204,-14
06091,2001,214,213,1
06091,2002,204,163,41
06091,2003,201,225,-24
06091,2004,211,231,-20
06091,2005,252,205,47
06091,2006,149,199,-50
06091,2007,159,191,-32
06091,2008,155,187,-32
06091,2009,145,156,-11
06091,2010,153,177,-24
06093,1990,2474,2327,147
06093,1991,2374,2186,188
06093,1992,2061,2131,-70
06093,1993,2192,2056,136
06093,1994,2219,1966,253
06093,1995,1971,2041,-70
06093,1996,2038,1867,171
06093,1997,1867,2008,-141
06093,1998,1812,2145,-333
06093,1999,1952,2093,-141
06093,2000,1875,1988,-113
06093,2001,1984,1873,111
06093,2002,2062,1715,347
06093,2003,1944,1786,158
06093,2004,2064,1821,243
06093,2005,1893,1889,4
06093,2006,1701,1687,14
06093,2007,1818,1626,192
06093,2008,1658,1639,19
06093,2009,1516,1403,113
06093,2010,1504,1624,-120
06095,1990,26992,22209,4783
06095,1991,22912,21886,1026
06095,1992,22192,23691,-1499
06095,1993,20508,23374,-2866
06095,1994,20188,24258,-4070
06095,1995,19661,21872,-2211
06095,1996,18661,19081,-420
06095,1997,20169,19029,1140
06095,1998,22589,18963,3626
06095,1999,23818,19612,4206
06095,2000,24109,22309,1800
06095,2001,22491,22759,-268
06095,2002,21938,24084,-2146
06095,2003,21210,24222,-3012
06095,2004,21228,25010,-3782
06095,2005,21292,24512,-3220
06095,2006,19144,22064,-2920
06095,2007,18665,21514,-2849
06095,2008,19852,21208,-1356
06095,2009,19652,19633,19
06095,2010,19893,19573,320
06097,1990,18174,16024,2150
06097,1991,17660,15598,2062
06097,1992,16530,15690,840
06097,1993,16143,15554,589
06097,1994,16009,14759,1250
06097,1995,15318,14222,1096
06097,1996,16235,13342,2893
06097,1997,16744,13727,3017
06097,1998,17064,14871,2193
06097,1999,17190,15486,1704
06097,2000,17128,16934,194
06097,2001,14772,17735,-2963
06097,2002,14659,17318,-2659
06097,2003,14117,17496,-3379
06097,2004,13506,17841,-4335
06097,2005,13256,17132,-3876
06097,2006,12794,14980,-2186
06097,2007,13499,13386,113
06097,2008,13936,13161,775
06097,2009,12910,12293,617
06097,2010,12934,12424,510
06099,1990,20460,16825,3635
06099,1991,18753,16713,2040
06099,1992,17470,16538,932
06099,1993,15844,17233,-1389
06099,1994,15015,16439,-1424
06099,1995,14227,15353,-1126
06099,1996,14703,15281,-578
06099,1997,15238,14664,574
06099,1998,17341,14421,2920
06099,1999,18735,14811,3924
06099,2000,23435,15731,7704
06099,2001,24067,16346,7721
06099,2002,20987,16870,4117
06099,2003,19800,18849,951
06099,2004,21483,19625,1858
06099,2005,21659,21142,517
06099,2006,18699,20014,-1315
06099,2007,17138,21126,-3988
06099,2008,18487,20469,-1982
06099,2009,17633,18469,-836
06099,2010,16497,17522,-1025
06101,1990,5365,4302,1063
06101,1991,5190,4343,847
06101,1992,4816,4547,269
06101,1993,5088,4350,738
06101,1994,4591,4183,408
06101,1995,4131,4347,-216
06101,1996,4142,4161,-19
06101,1997,4123,4653,-530
06101,1998,4237,4150,87
06101,1999,4067,4209,-142
06101,2000,4285,4327,-42
06101,2001,4964,4176,788
06101,2002,5069,4037,1032
06101,2003,5155,4504,651
06101,2004,5729,4844,885
06101,2005,5962,4999,963
06101,2006,5089,4652,437
06101,2007,4811,5196,-385
06101,2008,4995,5525,-530
06101,2009,4592,5087,-495
06101,2010,4385,5296,-911
06103,1990,2967,2273,694
06103,1991,2704,2130,574
06103,1992,2316,2398,-82
06103,1993,2283,2051,232
06103,1994,2472,2064,408
06103,1995,2355,2365,-10
06103,1996,2108,2281,-173
06103,1997,2170,2158,12
06103,1998,2155,2295,-140
06103,1999,2422,2142,280
06103,2000,2498,2093,405
06103,2001,2583,2141,442
06103,2002,2740,2039,701
06103,2003,2718,2013,705
06103,2004,3098,2395,703
06103,2005,3048,2542,506
06103,2006,2816,2422,394
06103,2007,2966,2586,380
06103,2008,2735,2675,60
06103,2009,2647,2338,309
06103,2010,2431,2519,-88
06105,1990,798,760,38
06105,1991,704,645,59
06105,1992,609,581,28
06105,1993,764,572,192
06105,1994,588,607,-19
06105,1995,550,564,-14
06105,1996,580,708,-128
06105,1997,564,580,-16
06105,1998,521,596,-75
06105,1999,607,603,4
06105,2000,650,615,35
06105,2001,643,461,182
06105,2002,655,479,176
06105,2003,631,495,136
06105,2004,572,515,57
06105,2005,589,487,102
06105,2006,474,482,-8
06105,2007,538,528,10
06105,2008,557,543,14
06105,2009,419,434,-15
06105,2010,501,491,10
06107,1990,16743,14241,2502
06107,1991,15673,14408,1265
06107,1992,14804,14686,118
06107,1993,13510,14907,-1397
06107,1994,11919,15218,-3299
06107,1995,10706,14344,-3638
06107,1996,9565,12479,-2914
06107,1997,9925,12096,-2171
06107,1998,9574,11748,-2174
06107,1999,9700,12363,-2663
06107,2000,10344,11933,-1589
06107,2001,11252,11201,51
06107,2002,11952,9894,2058
06107,2003,12338,10135,2203
06107,2004,13094,11024,2070
06107,2005,12275,11722,553
06107,2006,11795,11356,439
06107,2007,11819,11738,81
06107,2008,12153,11283,870
06107,2009,11448,11205,243
06107,2010,11175,11119,56
06109,1990,3121,2175,946
06109,1991,2757,2199,558
06109,1992,2435,2046,389
06109,1993,2523,2291,232
06109,1994,2252,2109,143
06109,1995,2317,2145,172
06109,1996,2411,2092,319
06109,1997,2393,1915,478
06109,1998,2577,1976,601
06109,1999,2768,1966,802
06109,2000,2854,2174,680
06109,2001,2835,2129,706
06109,2002,2703,2040,663
06109,2003,2434,2215,219
06109,2004,2562,2251,311
06109,2005,2369,2317,52
06109,2006,2003,2070,-67
06109,2007,2083,2007,76
06109,2008,1975,2105,-130
06109,2009,1721,1983,-262
06109,2010,1736,1773,-37
06111,1990,33741,38918,-5177
06111,1991,33826,36500,-2674
06111,1992,31483,37486,-6003
06111,1993,32344,36660,-4316
06111,1994,29830,34779,-4949
06111,1995,28953,32877,-3924
06111,1996,30515,30809,-294
06111,1997,30144,30575,-431
06111,1998,30552,29244,1308
06111,1999,31053,29316,1737
06111,2000,30064,28983,1081
06111,2001,29887,28868,1019
06111,2002,29372,30193,-821
06111,2003,28976,32434,-3458
06111,2004,27318,36269,-8951
06111,2005,28996,35663,-6667
06111,2006,27258,31688,-4430
06111,2007,26522,29824,-3302
06111,2008,26497,27516,-1019
06111,2009,27159,26255,904
06111,2010,26363,26716,-353
06113,1990,9453,9525,-72
06113,1991,8843,9448,-605
06113,1992,8483,9738,-1255
06113,1993,8690,9669,-979
06113,1994,9082,9179,-97
06113,1995,8399,8615,-216
06113,1996,8233,8468,-235
06113,1997,8443,8739,-296
06113,1998,9059,8999,60
06113,1999,10153,9035,1118
06113,2000,10913,9393,1520
06113,2001,11449,9748,1701
06113,2002,10311,10703,-392
06113,2003,10586,10918,-332
06113,2004,10385,11683,-1298
06113,2005,11407,11365,42
06113,2006,10840,9813,1027
06113,2007,10908,10747,161
06113,2008,11115,10948,167
06113,2009,9581,10807,-1226
06113,2010,9364,10167,-803
06115,1990,5370,5399,-29
06115,1991,5384,4777,607
06115,1992,5402,5735,-333
06115,1993,5013,5269,-256
06115,1994,4513,5560,-1047
06115,1995,4202,4866,-664
06115,1996,4050,5085,-1035
06115,1997,4356,4831,-475
06115,1998,4365,4953,-588
06115,1999,4506,4642,-136
06115,2000,4781,4634,147
06115,2001,4869,4567,302
06115,2002,5247,4982,265
06115,2003,5369,5198,171
06115,2004,7040,5680,1360
06115,2005,7840,5992,1848
06115,2006,6247,5499,748
06115,2007,6166,6094,72
06115,2008,6198,6865,-667
06115,2009,5763,5679,84
06115,2010,5274,5508,-234
08001,1990,25907,23958,1949
08001,1991,28079,23841,4238
08001,1992,30218,25601,4617
08001,1993,30312,27397,2915
08001,1994,31178,26752,4426
08001,1995,29168,25899,3269
08001,1996,29444,26923,2521
08001,1997,30923,27333,3590
08001,1998,33031,29526,3505
08001,1999,36065,30996,5069
08001,2000,35301,32399,2902
08001,2001,37016,32290,4726
08001,2002,32789,31796,993
08001,2003,31941,30792,1149
08001,2004,33087,29166,3921
08001,2005,33415,29567,3848
08001,2006,32524,29779,2745
08001,2007,34786,31920,2866
08001,2008,36298,31124,5174
08001,2009,34334,31246,3088
08001,2010,33710,31899,1811
08003,1990,849,834,15
08003,1991,849,948,-99
08003,1992,956,1033,-77
08003,1993,981,979,2
08003,1994,1042,944,98
08003,1995,899,956,-57
08003,1996,917,879,38
08003,1997,865,964,-99
08003,1998,938,1046,-108
08003,1999,963,1065,-102
08003,2000,999,1148,-149
08003,2001,991,983,8
08003,2002,898,1053,-155
08003,2003,860,955,-95
08003,2004,909,990,-81
08003,2005,849,1024,-175
08003,2006,923,1033,-110
08003,2007,959,1015,-56
08003,2008,913,1019,-106
08003,2009,932,950,-18
08003,2010,860,913,-53
08005,1990,44635,38364,6271
08005,1991,47147,39293,7854
08005,1992,48498,42941,5557
08005,1993,48341,44008,4333
08005,1994,47902,43971,3931
08005,1995,43019,40962,2057
08005,1996,44703,41490,3213
08005,1997,46553,42173,4380
08005,1998,48286,44268,4018
08005,1999,48847,46595,2252
08005,2000,49948,46643,3305
08005,2001,48112,48621,-509
08005,2002,44921,46330,-1409
08005,2003,43066,44275,-1209
08005,2004,41568,42385,-817
08005,2005,42358,42477,-119
08005,2006,42300,39825,2475
08005,2007,44952,41891,3061
08005,2008,45564,42536,3028
08005,2009,45258,41439,3819
08005,2010,45351,41795,3556
08007,1990,0,365,-365
08007,1991,483,370,113
08007,1992,623,347,276
08007,1993,684,431,253
08007,1994,839,410,429
08007,1995,944,386,558
08007,1996,847,439,408
08007,1997,858,464,394
08007,1998,846,562,284
08007,1999,935,556,379
08007,2000,903,590,313
08007,2001,997,662,335
08007,2002,855,702,153
08007,2003,807,701,106
08007,2004,855,724,131
08007,2005,960,664,296
08007,2006,833,600,233
08007,2007,697,710,-13
08007,2008,680,763,-83
08007,2009,558,657,-99
08007,2010,604,670,-66
08009,1990,0,0,0
08009,1991,163,0,163
08009,1992,149,209,-60
08009,1993,169,187,-18
08009,1994,219,163,56
08009,1995,254,180,74
08009,1996,160,213,-53
08009,1997,216,239,-23
08009,1998,223,214,9
08009,1999,180,227,-47
08009,2000,213,193,20
08009,2001,165,270,-105
08009,2002,114,270,-156
08009,2003,154,162,-8
08009,2004,147,182,-35
08009,2005,136,190,-54
08009,2006,156,204,-48
08009,2007,168,183,-15
08009,2008,189,189,0
08009,2009,173,126,47
08009,2010,131,125,6
08011,1990,255,315,-60
08011,1991,321,240,81
08011,1992,319,262,57
08011,1993,328,300,28
08011,1994,316,280,36
08011,1995,279,281,-2
08011,1996,332,359,-27
08011,1997,389,341,48
08011,1998,354,336,18
08011,1999,325,423,-98
08011,2000,266,381,-115
08011,2001,306,326,-20
08011,2002,273,334,-61
08011,2003,277,293,-16
08011,2004,255,298,-43
08011,2005,240,269,-29
08011,2006,151,323,-172
08011,2007,230,227,3
08011,2008,268,208,60
08011,2009,238,221,17
08011,2010,194,242,-48
08013,1990,17985,15691,2294
08013,1991,19303,16146,3157
08013,1992,20308,17344,2964
08013,1993,20292,18110,2182
08013,1994,19857,18801,1056
08013,1995,20569,19720,849
08013,1996,20909,19778,1131
08013,1997,21905,19986,1919
08013,1998,24170,21019,3151
08013,1999,24228,22337,1891
08013,2000,23877,22110,1767
08013,2001,20804,22617,-1813
08013,2002,16901,20424,-3523
08013,2003,16938,18623,-1685
08013,2004,16330,18337,-2007
08013,2005,16870,17424,-554
08013,2006,16780,16721,59
08013,2007,17236,16803,433
08013,2008,16607,16402,205
08013,2009,15530,16231,-701
08013,2010,16308,15842,466
08014,1990,0,0,0
08014,1991,0,0,0
08014,1992,0,0,0
08014,1993,0,0,0
08014,1994,0,0,0
08014,1995,0,0,0
08014,1996,0,0,0
08014,1997,0,0,0
08014,1998,0,0,0
08014,1999,0,0,0
08014,2000,0,0,0
08014,2001,0,0,0
08014,2002,5294,4502,792
08014,2003,4966,4846,120
08014,2004,5480,4945,535
08014,2005,6112,4923,1189
08014,2006,6369,4685,1684
08014,2007,9652,8710,942
08014,2008,9376,8510,866
08014,2009,8923,8532,391
08014,2010,9378,8560,818
08015,1990,858,797,61
08015,1991,971,770,201
08015,1992,1112,762,350
08015,1993,1190,772,418
08015,1994,1232,746,486
08015,1995,1260,921,339
08015,1996,1137,884,253
08015,1997,994,910,84
08015,1998,1298,902,396
08015,1999,1192,991,201
08015,2000,1143,1015,128
08015,2001,1221,886,335
08015,2002,1056,1004,52
08015,2003,1075,1018,57
08015,2004,1024,974,50
08015,2005,1077,1025,52
08015,2006,1143,959,184
08015,2007,1100,874,226
08015,2008,1017,890,127
08015,2009,847,826,21
08015,2010,968,861,107
08017,1990,0,0,0
08017,1991,0,0,0
08017,1992,117,216,-99
08017,1993,154,180,-26
08017,1994,137,175,-38
08017,1995,156,161,-5
08017,1996,116,160,-44
08017,1997,207,151,56
08017,1998,102,183,-81
08017,1999,102,144,-42
08017,2000,126,143,-17
08017,2001,110,173,-63
08017,2002,88,181,-93
08017,2003,100,126,-26
08017,2004,96,124,-28
08017,2005,89,127,-38
08017,2006,75,133,-58
08017,2007,129,108,21
08017,2008,72,108,-36
08017,2009,102,107,-5
08017,2010,142,109,33
08019,1990,540,459,81
08019,1991,597,517,80
08019,1992,583,487,96
08019,1993,656,556,100
08019,1994,589,540,49
08019,1995,1819,1969,-150
08019,1996,1963,1763,200
08019,1997,1967,1850,117
08019,1998,2006,1869,137
08019,1999,1838,1907,-69
08019,2000,2004,1872,132
08019,2001,1842,1683,159
08019,2002,834,870,-36
08019,2003,769,1048,-279
08019,2004,716,717,-1
08019,2005,647,726,-79
08019,2006,678,647,31
08019,2007,636,661,-25
08019,2008,609,688,-79
08019,2009,580,558,22
08019,2010,588,632,-44
08021,1990,292,318,-26
08021,1991,217,303,-86
08021,1992,232,296,-64
08021,1993,348,257,91
08021,1994,343,324,19
08021,1995,315,286,29
08021,1996,312,351,-39
08021,1997,328,295,33
08021,1998,338,333,5
08021,1999,313,348,-35
08021,2000,342,418,-76
08021,2001,291,324,-33
08021,2002,265,307,-42
08021,2003,282,312,-30
08021,2004,327,301,26
08021,2005,318,363,-45
08021,2006,292,359,-67
08021,2007,321,324,-3
08021,2008,292,413,-121
08021,2009,344,258,86
08021,2010,302,303,-1
08023,1990,0,175,-175
08023,1991,0,206,-206
08023,1992,150,164,-14
08023,1993,164,134,30
08023,1994,251,176,75
08023,1995,278,155,123
08023,1996,226,232,-6
08023,1997,243,228,15
08023,1998,202,274,-72
08023,1999,240,195,45
08023,2000,162,232,-70
08023,2001,224,189,35
08023,2002,169,202,-33
08023,2003,175,143,32
08023,2004,154,210,-56
08023,2005,167,171,-4
08023,2006,165,164,1
08023,2007,155,178,-23
08023,2008,152,184,-32
08023,2009,209,164,45
08023,2010,217,135,82
08025,1990,209,213,-4
08025,1991,209,218,-9
08025,1992,219,191,28
08025,1993,270,170,100
08025,1994,210,191,19
08025,1995,275,200,75
08025,1996,239,279,-40
08025,1997,261,252,9
08025,1998,293,213,80
08025,1999,326,256,70
08025,2000,265,304,-39
08025,2001,242,237,5
08025,2002,224,228,-4
08025,2003,255,236,19
08025,2004,189,251,-62
08025,2005,222,201,21
08025,2006,193,200,-7
08025,2007,209,238,-29
08025,2008,187,229,-42
08025,2009,215,168,47
08025,2010,209,198,11
08027,1990,202,119,83
08027,1991,228,159,69
08027,1992,242,151,91
08027,1993,325,142,183
08027,1994,387,214,173
08027,1995,371,163,208
08027,1996,364,196,168
08027,1997,360,280,80
08027,1998,394,302,92
08027,1999,334,276,58
08027,2000,356,270,86
08027,2001,328,256,72
08027,2002,350,235,115
08027,2003,328,288,40
08027,2004,313,262,51
08027,2005,313,257,56
08027,2006,370,265,105
08027,2007,287,268,19
08027,2008,287,217,70
08027,2009,303,205,98
08027,2010,253,265,-12
08029,1990,1663,1205,458
08029,1991,1805,1313,492
08029,1992,1937,1207,730
08029,1993,2151,1194,957
08029,1994,2025,1292,733
08029,1995,1715,1322,393
08029,1996,1560,1350,210
08029,1997,1838,1327,511
08029,1998,1863,1427,436
08029,1999,1603,1428,175
08029,2000,1639,1377,262
08029,2001,1884,1375,509
08029,2002,1671,1400,271
08029,2003,1721,1404,317
08029,2004,1528,1389,139
08029,2005,1791,1471,320
08029,2006,1664,1331,333
08029,2007,1759,1321,438
08029,2008,1722,1339,383
08029,2009,1303,1472,-169
08029,2010,1188,1485,-297
08031,1990,41604,41305,299
08031,1991,46191,40809,5382
08031,1992,47373,44972,2401
08031,1993,44441,48893,-4452
08031,1994,44560,47017,-2457
08031,1995,39885,42194,-2309
08031,1996,41240,43783,-2543
08031,1997,41785,47801,-6016
08031,1998,45778,50505,-4727
08031,1999,49034,53842,-4808
08031,2000,48736,54304,-5568
08031,2001,45163,57724,-12561
08031,2002,43896,54822,-10926
08031,2003,42668,51791,-9123
08031,2004,42517,49954,-7437
08031,2005,44666,48507,-3841
08031,2006,45183,47700,-2517
08031,2007,50477,50175,302
08031,2008,52524,50669,1855
08031,2009,52959,49994,2965
08031,2010,54374,50134,4240
08033,1990,0,142,-142
08033,1991,0,112,-112
08033,1992,138,109,29
08033,1993,178,101,77
08033,1994,151,88,63
08033,1995,165,114,51
08033,1996,158,122,36
08033,1997,194,107,87
08033,1998,149,118,31
08033,1999,147,124,23
08033,2000,136,150,-14
08033,2001,145,117,28
08033,2002,146,183,-37
08033,2003,120,131,-11
08033,2004,124,124,0
08033,2005,202,120,82
08033,2006,145,119,26
08033,2007,139,127,12
08033,2008,74,105,-31
08033,2009,67,79,-12
08033,2010,99,111,-12
08035,1990,7936,4845,3091
08035,1991,9290,5326,3964
08035,1992,11040,5936,5104
08035,1993,11952,6430,5522
08035,1994,12908,6406,6502
08035,1995,16936,7904,9032
08035,1996,20360,9056,11304
08035,1997,21810,10913,10897
08035,1998,23757,12146,11611
08035,1999,25073,12958,12115
08035,2000,26629,14544,12085
08035,2001,24668,16048,8620
08035,2002,23934,16397,7537
08035,2003,24841,16588,8253
08035,2004,24818,17850,6968
08035,2005,26286,17807,8479
08035,2006,24254,16899,7355
08035,2007,23577,18085,5492
08035,2008,21256,17811,3445
08035,2009,19984,16869,3115
08035,2010,20324,17703,2621
08037,1990,2788,2147,641
08037,1991,2883,2282,601
08037,1992,2957,2304,653
08037,1993,3180,2410,770
08037,1994,3415,2639,776
08037,1995,3560,3043,517
08037,1996,3733,2979,754
08037,1997,4089,3266,823
08037,1998,4026,3673,353
08037,1999,3889,3930,-41
08037,2000,4024,3754,270
08037,2001,3923,3904,19
08037,2002,3651,3861,-210
08037,2003,3406,3520,-114
08037,2004,3314,3050,264
08037,2005,3367,3102,265
08037,2006,3629,3342,287
08037,2007,3665,3423,242
08037,2008,3739,3430,309
08037,2009,2961,4102,-1141
08037,2010,2851,3532,-681
08039,1990,1189,830,359
08039,1991,1195,834,361
08039,1992,1433,898,535
08039,1993,1929,945,984
08039,1994,2107,930,1177
08039,1995,2035,980,1055
08039,1996,1868,985,883
08039,1997,1882,1188,694
08039,1998,2056,1310,746
08039,1999,1947,1334,613
08039,2000,2085,1419,666
08039,2001,1911,1463,448
08039,2002,1464,1436,28
08039,2003,1435,1367,68
08039,2004,1693,1548,145
08039,2005,1723,1471,252
08039,2006,1440,1447,-7
08039,2007,1701,1385,316
08039,2008,1515,1215,300
08039,2009,1425,1403,22
08039,2010,1537,1403,134
08041,1990,36043,36178,-135
08041,1991,45500,31764,13736
08041,1992,47261,38941,8320
08041,1993,46519,36026,10493
08041,1994,43415,38348,5067
08041,1995,42345,40898,1447
08041,1996,39481,38295,1186
08041,1997,41121,37357,3764
08041,1998,41450,38255,3195
08041,1999,39927,37156,2771
08041,2000,45023,36845,8178
08041,2001,40805,39598,1207
08041,2002,36952,37003,-51
08041,2003,35806,34510,1296
08041,2004,39985,37646,2339
08041,2005,40700,35023,5677
08041,2006,37569,38175,-606
08041,2007,39312,36130,3182
08041,2008,38256,35705,2551
08041,2009,46568,35615,10953
08041,2010,43285,39500,3785
08043,1990,1791,1715,76
08043,1991,2198,1597,601
08043,1992,2801,1626,1175
08043,1993,2978,1770,1208
08043,1994,3117,1688,1429
08043,1995,2677,1925,752
08043,1996,2654,1935,719
08043,1997,2573,2029,544
08043,1998,2556,2173,383
08043,1999,2622,2113,509
08043,2000,2666,2085,581
08043,2001,2722,2291,431
08043,2002,2298,2173,125
08043,2003,2051,2151,-100
08043,2004,2289,1984,305
08043,2005,2254,1936,318
08043,2006,2057,1803,254
08043,2007,2088,1891,197
08043,2008,2050,1907,143
08043,2009,1886,1676,210
08043,2010,1987,1752,235
08045,1990,2976,2516,460
08045,1991,2557,2873,-316
08045,1992,3123,2181,942
08045,1993,3404,2183,1221
08045,1994,3085,2190,895
08045,1995,2885,2313,572
08045,1996,2951,2487,464
08045,1997,3264,2388,876
08045,1998,3399,2805,594
08045,1999,3364,2780,584
08045,2000,3276,2929,347
08045,2001,3308,2892,416
08045,2002,2736,2840,-104
08045,2003,2682,2842,-160
08045,2004,3178,2770,408
08045,2005,3733,2874,859
08045,2006,3762,2968,794
08045,2007,4303,3448,855
08045,2008,4282,3766,516
08045,2009,2722,4228,-1506
08045,2010,2874,3473,-599
08047,1990,262,222,40
08047,1991,307,314,-7
08047,1992,313,302,11
08047,1993,327,373,-46
08047,1994,313,301,12
08047,1995,902,775,127
08047,1996,1009,689,320
08047,1997,974,719,255
08047,1998,1145,762,383
08047,1999,1037,911,126
08047,2000,886,916,-30
08047,2001,868,867,1
08047,2002,485,513,-28
08047,2003,408,442,-34
08047,2004,424,391,33
08047,2005,414,398,16
08047,2006,441,444,-3
08047,2007,382,370,12
08047,2008,471,299,172
08047,2009,462,410,52
08047,2010,389,427,-38
08049,1990,764,753,11
08049,1991,952,749,203
08049,1992,977,799,178
08049,1993,917,878,39
08049,1994,1126,771,355
08049,1995,1121,836,285
08049,1996,1038,867,171
08049,1997,999,838,161
08049,1998,1195,932,263
08049,1999,1063,990,73
08049,2000,1080,1000,80
08049,2001,1141,976,165
08049,2002,1063,1023,40
08049,2003,1041,983,58
08049,2004,871,986,-115
08049,2005,1067,918,149
08049,2006,1005,938,67
08049,2007,1006,926,80
08049,2008,1014,1010,4
08049,2009,794,989,-195
08049,2010,736,975,-239
08051,1990,921,861,60
08051,1991,1060,859,201
08051,1992,1174,811,363
08051,1993,1127,944,183
08051,1994,1196,1020,176
08051,1995,1175,975,200
08051,1996,1133,1105,28
08051,1997,1144,1074,70
08051,1998,1112,1046,66
08051,1999,1031,1051,-20
08051,2000,1071,1118,-47
08051,2001,1069,1166,-97
08051,2002,973,1081,-108
08051,2003,982,885,97
08051,2004,993,1009,-16
08051,2005,1048,951,97
08051,2006,1036,990,46
08051,2007,987,1003,-16
08051,2008,893,959,-66
08051,2009,820,1001,-181
08051,2010,768,876,-108
08053,1990,0,0,0
08053,1991,0,51,-51
08053,1992,59,43,16
08053,1993,76,35,41
08053,1994,70,49,21
08053,1995,60,23,37
08053,1996,91,71,20
08053,1997,74,59,15
08053,1998,59,60,-1
08053,1999,59,74,-15
08053,2000,68,62,6
08053,2001,49,66,-17
08053,2002,60,74,-14
08053,2003,74,62,12
08053,2004,43,68,-25
08053,2005,66,57,9
08053,2006,65,69,-4
08053,2007,54,54,0
08053,2008,54,55,-1
08053,2009,45,51,-6
08053,2010,49,62,-13
08055,1990,265,276,-11
08055,1991,281,268,13
08055,1992,363,292,71
08055,1993,427,308,119
08055,1994,482,326,156
08055,1995,517,314,203
08055,1996,507,350,157
08055,1997,495,397,98
08055,1998,472,438,34
08055,1999,404,495,-91
08055,2000,447,450,-3
08055,2001,478,381,97
08055,2002,320,361,-41
08055,2003,350,436,-86
08055,2004,364,367,-3
08055,2005,438,392,46
08055,2006,363,355,8
08055,2007,437,379,58
08055,2008,378,446,-68
08055,2009,322,401,-79
08055,2010,303,415,-112
08057,1990,138,0,138
08057,1991,0,0,0
08057,1992,159,117,42
08057,1993,115,145,-30
08057,1994,122,236,-114
08057,1995,80,124,-44
08057,1996,124,116,8
08057,1997,127,117,10
08057,1998,124,110,14
08057,1999,123,115,8
08057,2000,83,113,-30
08057,2001,104,123,-19
08057,2002,101,138,-37
08057,2003,116,136,-20
08057,2004,124,161,-37
08057,2005,90,97,-7
08057,2006,94,113,-19
08057,2007,109,140,-31
08057,2008,126,102,24
08057,2009,65,82,-17
08057,2010,83,110,-27
08059,1990,36003,34989,1014
08059,1991,38383,35445,2938
08059,1992,40841,35846,4995
08059,1993,40433,37090,3343
08059,1994,38541,36891,1650
08059,1995,34930,33746,1184
08059,1996,35195,34321,874
08059,1997,36433,36139,294
08059,1998,39704,36443,3261
08059,1999,37874,38543,-669
08059,2000,37521,38307,-786
08059,2001,38527,41865,-3338
08059,2002,33769,39085,-5316
08059,2003,32094,37452,-5358
08059,2004,32726,36344,-3618
08059,2005,33512,34839,-1327
08059,2006,32645,32235,410
08059,2007,32452,30734,1718
08059,2008,31791,31237,554
08059,2009,31193,30735,458
08059,2010,31448,30039,1409
08061,1990,0,0,0
08061,1991,0,125,-125
08061,1992,139,114,25
08061,1993,107,148,-41
08061,1994,95,122,-27
08061,1995,109,91,18
08061,1996,107,103,4
08061,1997,113,107,6
08061,1998,89,97,-8
08061,1999,81,110,-29
08061,2000,82,148,-66
08061,2001,92,127,-35
08061,2002,69,111,-42
08061,2003,83,119,-36
08061,2004,103,99,4
08061,2005,76,83,-7
08061,2006,73,100,-27
08061,2007,52,58,-6
08061,2008,82,94,-12
08061,2009,88,60,28
08061,2010,81,66,15
08063,1990,0,390,-390
08063,1991,0,417,-417
08063,1992,371,448,-77
08063,1993,401,426,-25
08063,1994,334,317,17
08063,1995,350,361,-11
08063,1996,363,365,-2
08063,1997,423,310,113
08063,1998,508,423,85
08063,1999,386,503,-117
08063,2000,350,504,-154
08063,2001,416,389,27
08063,2002,333,429,-96
08063,2003,307,444,-137
08063,2004,351,448,-97
08063,2005,316,437,-121
08063,2006,304,360,-56
08063,2007,319,419,-100
08063,2008,442,350,92
08063,2009,346,376,-30
08063,2010,405,368,37
08065,1990,525,500,25
08065,1991,534,603,-69
08065,1992,518,621,-103
08065,1993,586,607,-21
08065,1994,693,604,89
08065,1995,472,545,-73
08065,1996,550,569,-19
08065,1997,534,570,-36
08065,1998,540,577,-37
08065,1999,541,663,-122
08065,2000,512,627,-115
08065,2001,436,601,-165
08065,2002,380,586,-206
08065,2003,441,523,-82
08065,2004,445,572,-127
08065,2005,458,506,-48
08065,2006,489,468,21
08065,2007,512,494,18
08065,2008,491,561,-70
08065,2009,365,495,-130
08065,2010,461,468,-7
08067,1990,2742,2126,616
08067,1991,2772,2068,704
08067,1992,2889,2009,880
08067,1993,3044,2258,786
08067,1994,3136,2240,896
08067,1995,2898,2266,632
08067,1996,2783,2431,352
08067,1997,2644,2502,142
08067,1998,2817,2529,288
08067,1999,3070,2466,604
08067,2000,3086,2701,385
08067,2001,3036,2597,439
08067,2002,2704,2611,93
08067,2003,2809,2680,129
08067,2004,2963,2618,345
08067,2005,2991,2662,329
08067,2006,2835,2572,263
08067,2007,2933,2612,321
08067,2008,2889,2615,274
08067,2009,2420,2388,32
08067,2010,2653,2537,116
08069,1990,13216,10679,2537
08069,1991,14097,10439,3658
08069,1992,15763,11273,4490
08069,1993,15960,11346,4614
08069,1994,15420,12365,3055
08069,1995,14743,12805,1938
08069,1996,15195,13152,2043
08069,1997,16390,13356,3034
08069,1998,17223,14041,3182
08069,1999,17159,14766,2393
08069,2000,18484,14930,3554
08069,2001,17445,15826,1619
08069,2002,15770,15469,301
08069,2003,15087,15201,-114
08069,2004,15552,15151,401
08069,2005,16162,14505,1657
08069,2006,16094,14256,1838
08069,2007,16768,14822,1946
08069,2008,16189,14567,1622
08069,2009,14757,13863,894
08069,2010,15566,14036,1530
08071,1990,448,601,-153
08071,1991,595,540,55
08071,1992,644,605,39
08071,1993,767,505,262
08071,1994,858,646,212
08071,1995,802,665,137
08071,1996,721,671,50
08071,1997,737,663,74
08071,1998,833,698,135
08071,1999,909,676,233
08071,2000,794,797,-3
08071,2001,863,698,165
08071,2002,810,743,67
08071,2003,769,893,-124
08071,2004,779,757,22
08071,2005,844,722,122
08071,2006,797,742,55
08071,2007,797,752,45
08071,2008,825,736,89
08071,2009,567,817,-250
08071,2010,534,759,-225
08073,1990,385,333,52
08073,1991,416,376,40
08073,1992,276,338,-62
08073,1993,384,350,34
08073,1994,375,322,53
08073,1995,369,322,47
08073,1996,324,338,-14
08073,1997,326,289,37
08073,1998,329,343,-14
08073,1999,329,382,-53
08073,2000,243,382,-139
08073,2001,254,244,10
08073,2002,241,281,-40
08073,2003,179,300,-121
08073,2004,228,321,-93
08073,2005,244,385,-141
08073,2006,267,291,-24
08073,2007,276,316,-40
08073,2008,234,276,-42
08073,2009,268,190,78
08073,2010,245,279,-34
08075,1990,791,981,-190
08075,1991,926,1029,-103
08075,1992,924,914,10
08075,1993,947,931,16
08075,1994,1062,863,199
08075,1995,1087,989,98
08075,1996,1016,1053,-37
08075,1997,820,1095,-275
08075,1998,1082,1114,-32
08075,1999,1351,1147,204
08075,2000,1302,1098,204
08075,2001,1101,1132,-31
08075,2002,947,1099,-152
08075,2003,903,1058,-155
08075,2004,814,1036,-222
08075,2005,946,955,-9
08075,2006,851,951,-100
08075,2007,926,1070,-144
08075,2008,883,876,7
08075,2009,798,853,-55
08075,2010,766,874,-108
08077,1990,6600,4745,1855
08077,1991,6025,5088,937
08077,1992,6519,4862,1657
08077,1993,6737,4693,2044
08077,1994,6482,4761,1721
08077,1995,6273,4818,1455
08077,1996,6420,4849,1571
08077,1997,6464,5000,1464
08077,1998,6717,5164,1553
08077,1999,6660,5316,1344
08077,2000,6433,5403,1030
08077,2001,6887,4873,2014
08077,2002,6671,4974,1697
08077,2003,6632,4981,1651
08077,2004,6633,5137,1496
08077,2005,8210,5272,2938
08077,2006,8327,5323,3004
08077,2007,8571,6164,2407
08077,2008,8805,6035,2770
08077,2009,5507,7441,-1934
08077,2010,6081,6264,-183
08079,1990,0,0,0
08079,1991,0,0,0
08079,1992,44,37,7
08079,1993,68,34,34
08079,1994,56,46,10
08079,1995,57,42,15
08079,1996,55,58,-3
08079,1997,67,39,28
08079,1998,59,41,18
08079,1999,66,50,16
08079,2000,71,79,-8
08079,2001,73,49,24
08079,2002,54,45,9
08079,2003,80,47,33
08079,2004,45,50,-5
08079,2005,43,42,1
08079,2006,50,38,12
08079,2007,60,58,2
08079,2008,28,65,-37
08079,2009,38,48,-10
08079,2010,40,32,8
08081,1990,817,856,-39
08081,1991,817,795,22
08081,1992,850,784,66
08081,1993,893,791,102
08081,1994,822,738,84
08081,1995,834,811,23
08081,1996,949,775,174
08081,1997,890,766,124
08081,1998,947,902,45
08081,1999,781,906,-125
08081,2000,762,844,-82
08081,2001,953,905,48
08081,2002,805,856,-51
08081,2003,737,771,-34
08081,2004,702,920,-218
08081,2005,931,814,117
08081,2006,934,869,65
08081,2007,874,783,91
08081,2008,938,907,31
08081,2009,733,761,-28
08081,2010,600,1022,-422
08083,1990,1407,1221,186
08083,1991,1356,1135,221
08083,1992,1537,1124,413
08083,1993,1592,1171,421
08083,1994,1614,1189,425
08083,1995,1515,1305,210
08083,1996,1347,1241,106
08083,1997,1267,1273,-6
08083,1998,1401,1251,150
08083,1999,1390,1346,44
08083,2000,1324,1419,-95
08083,2001,1441,1279,162
08083,2002,1409,1205,204
08083,2003,1392,1275,117
08083,2004,1335,1352,-17
08083,2005,1546,1294,252
08083,2006,1401,1309,92
08083,2007,1425,1425,0
08083,2008,1363,1180,183
08083,2009,1188,1189,-1
08083,2010,1148,1203,-55
08085,1990,1847,1451,396
08085,1991,1913,1491,422
08085,1992,2241,1410,831
08085,1993,2365,1534,831
08085,1994,2418,1583,835
08085,1995,2072,1572,500
08085,1996,2074,1680,394
08085,1997,1989,1679,310
08085,1998,2123,1786,337
08085,1999,2046,1746,300
08085,2000,2160,1797,363
08085,2001,2349,1700,649
08085,2002,1995,1695,300
08085,2003,2238,1798,440
08085,2004,2289,1759,530
08085,2005,2491,1837,654
08085,2006,2626,1652,974
08085,2007,2465,1726,739
08085,2008,2320,1759,561
08085,2009,1766,2108,-342
08085,2010,1719,2038,-319
08087,1990,1700,1420,280
08087,1991,1866,1671,195
08087,1992,1719,1710,9
08087,1993,2013,1686,327
08087,1994,1801,1733,68
08087,1995,1733,1617,116
08087,1996,1585,1656,-71
08087,1997,1308,1685,-377
08087,1998,1505,1697,-192
08087,1999,1461,1575,-114
08087,2000,1396,1679,-283
08087,2001,1413,1557,-144
08087,2002,1357,1491,-134
08087,2003,1224,1456,-232
08087,2004,1138,1481,-343
08087,2005,1227,1468,-241
08087,2006,1107,1338,-231
08087,2007,1292,1469,-177
08087,2008,1493,1502,-9
08087,2009,1230,1308,-78
08087,2010,1190,1315,-125
08089,1990,1032,1124,-92
08089,1991,1018,1129,-111
08089,1992,1197,998,199
08089,1993,1020,981,39
08089,1994,1246,1106,140
08089,1995,995,1002,-7
08089,1996,1169,1161,8
08089,1997,860,1090,-230
08089,1998,939,1047,-108
08089,1999,961,1255,-294
08089,2000,894,1138,-244
08089,2001,822,1154,-332
08089,2002,779,946,-167
08089,2003,708,903,-195
08089,2004,752,908,-156
08089,2005,780,918,-138
08089,2006,741,1008,-267
08089,2007,811,894,-83
08089,2008,845,867,-22
08089,2009,751,711,40
08089,2010,776,803,-27
08091,1990,207,126,81
08091,1991,206,154,52
08091,1992,323,185,138
08091,1993,305,175,130
08091,1994,330,223,107
08091,1995,330,271,59
08091,1996,297,252,45
08091,1997,284,222,62
08091,1998,326,209,117
08091,1999,376,280,96
08091,2000,271,257,14
08091,2001,325,265,60
08091,2002,324,315,9
08091,2003,318,235,83
08091,2004,306,234,72
08091,2005,310,279,31
08091,2006,402,258,144
08091,2007,405,265,140
08091,2008,296,306,-10
08091,2009,334,271,63
08091,2010,278,318,-40
08093,1990,1044,726,318
08093,1991,1114,863,251
08093,1992,1272,917,355
08093,1993,1584,864,720
08093,1994,1747,884,863
08093,1995,1777,966,811
08093,1996,1791,1070,721
08093,1997,1820,1282,538
08093,1998,1849,1291,558
08093,1999,1970,1496,474
08093,2000,1818,1361,457
08093,2001,1853,1367,486
08093,2002,1628,1401,227
08093,2003,1606,1444,162
08093,2004,1315,1224,91
08093,2005,1275,1182,93
08093,2006,1281,1049,232
08093,2007,1162,1121,41
08093,2008,956,1086,-130
08093,2009,1073,900,173
08093,2010,1015,1110,-95
08095,1990,0,261,-261
08095,1991,256,299,-43
08095,1992,289,226,63
08095,1993,282,251,31
08095,1994,289,225,64
08095,1995,245,247,-2
08095,1996,214,244,-30
08095,1997,229,246,-17
08095,1998,229,298,-69
08095,1999,216,294,-78
08095,2000,210,225,-15
08095,2001,311,298,13
08095,2002,220,286,-66
08095,2003,219,193,26
08095,2004,204,231,-27
08095,2005,200,225,-25
08095,2006,188,233,-45
08095,2007,232,226,6
08095,2008,232,246,-14
08095,2009,237,176,61
08095,2010,203,242,-39
08097,1990,1185,1319,-134
08097,1991,1277,1286,-9
08097,1992,1460,1240,220
08097,1993,1432,1392,40
08097,1994,1387,1392,-5
08097,1995,1045,1328,-283
08097,1996,1189,1177,12
08097,1997,1095,1322,-227
08097,1998,1094,1199,-105
08097,1999,945,1341,-396
08097,2000,1020,1071,-51
08097,2001,1034,1105,-71
08097,2002,1003,1068,-65
08097,2003,876,1052,-176
08097,2004,1158,1160,-2
08097,2005,1060,1174,-114
08097,2006,1086,1047,39
08097,2007,1231,1019,212
08097,2008,1127,1003,124
08097,2009,1055,1132,-77
08097,2010,918,1083,-165
08099,1990,739,874,-135
08099,1991,716,928,-212
08099,1992,765,827,-62
08099,1993,819,717,102
08099,1994,686,750,-64
08099,1995,759,807,-48
08099,1996,726,785,-59
08099,1997,658,739,-81
08099,1998,755,806,-51
08099,1999,601,821,-220
08099,2000,593,877,-284
08099,2001,583,786,-203
08099,2002,516,715,-199
08099,2003,542,771,-229
08099,2004,485,696,-211
08099,2005,492,756,-264
08099,2006,467,796,-329
08099,2007,577,613,-36
08099,2008,559,634,-75
08099,2009,553,639,-86
08099,2010,563,565,-2
08101,1990,4187,4542,-355
08101,1991,4400,4317,83
08101,1992,4802,3813,989
08101,1993,5000,4016,984
08101,1994,5024,4028,996
08101,1995,4936,4087,849
08101,1996,5242,4070,1172
08101,1997,5700,4240,1460
08101,1998,5788,4534,1254
08101,1999,5547,4839,708
08101,2000,6189,4764,1425
08101,2001,6436,4553,1883
08101,2002,5574,4916,658
08101,2003,5177,4927,250
08101,2004,5561,4938,623
08101,2005,5995,4999,996
08101,2006,6504,4834,1670
08101,2007,6066,5004,1062
08101,2008,5723,5135,588
08101,2009,5425,4565,860
08101,2010,5462,4932,530
08103,1990,526,489,37
08103,1991,519,492,27
08103,1992,611,530,81
08103,1993,487,448,39
08103,1994,507,459,48
08103,1995,431,529,-98
08103,1996,431,498,-67
08103,1997,417,490,-73
08103,1998,434,512,-78
08103,1999,460,500,-40
08103,2000,410,498,-88
08103,2001,453,409,44
08103,2002,394,460,-66
08103,2003,418,403,15
08103,2004,439,519,-80
08103,2005,539,415,124
08103,2006,541,444,97
08103,2007,606,550,56
08103,2008,623,507,116
08103,2009,427,655,-228
08103,2010,465,449,16
08105,1990,716,799,-83
08105,1991,681,770,-89
08105,1992,646,705,-59
08105,1993,847,663,184
08105,1994,856,620,236
08105,1995,898,930,-32
08105,1996,884,887,-3
08105,1997,816,890,-74
08105,1998,770,922,-152
08105,1999,837,853,-16
08105,2000,752,1041,-289
08105,2001,807,910,-103
08105,2002,925,859,66
08105,2003,798,746,52
08105,2004,738,947,-209
08105,2005,614,954,-340
08105,2006,650,860,-210
08105,2007,787,828,-41
08105,2008,707,862,-155
08105,2009,694,669,25
08105,2010,668,775,-107
08107,1990,1393,1139,254
08107,1991,1370,1184,186
08107,1992,1415,1075,340
08107,1993,1525,1157,368
08107,1994,1532,1244,288
08107,1995,1489,1301,188
08107,1996,1447,1354,93
08107,1997,1402,1376,26
08107,1998,1667,1402,265
08107,1999,1605,1380,225
08107,2000,1558,1371,187
08107,2001,1431,1472,-41
08107,2002,1421,1246,175
08107,2003,1355,1301,54
08107,2004,1452,1426,26
08107,2005,1435,1337,98
08107,2006,1593,1272,321
08107,2007,1757,1405,352
08107,2008,1695,1415,280
08107,2009,1237,1559,-322
08107,2010,1167,1426,-259
08109,1990,303,284,19
08109,1991,340,350,-10
08109,1992,352,331,21
08109,1993,421,294,127
08109,1994,418,400,18
08109,1995,225,170,55
08109,1996,192,153,39
08109,1997,192,167,25
08109,1998,182,161,21
08109,1999,210,134,76
08109,2000,204,170,34
08109,2001,201,144,57
08109,2002,210,162,48
08109,2003,238,174,64
08109,2004,258,251,7
08109,2005,164,204,-40
08109,2006,240,245,-5
08109,2007,262,198,64
08109,2008,243,219,24
08109,2009,208,180,28
08109,2010,255,248,7
08111,1990,0,0,0
08111,1991,0,0,0
08111,1992,69,74,-5
08111,1993,55,79,-24
08111,1994,83,72,11
08111,1995,75,66,9
08111,1996,49,64,-15
08111,1997,50,63,-13
08111,1998,62,64,-2
08111,1999,59,55,4
08111,2000,71,62,9
08111,2001,55,81,-26
08111,2002,53,54,-1
08111,2003,55,43,12
08111,2004,49,56,-7
08111,2005,59,51,8
08111,2006,39,57,-18
08111,2007,46,47,-1
08111,2008,49,59,-10
08111,2009,71,37,34
08111,2010,36,44,-8
08113,1990,477,282,195
08113,1991,521,359,162
08113,1992,629,437,192
08113,1993,567,419,148
08113,1994,589,481,108
08113,1995,666,520,146
08113,1996,611,565,46
08113,1997,627,579,48
08113,1998,569,606,-37
08113,1999,661,629,32
08113,2000,684,551,133
08113,2001,624,501,123
08113,2002,512,582,-70
08113,2003,508,567,-59
08113,2004,517,517,0
08113,2005,463,538,-75
08113,2006,567,441,126
08113,2007,481,527,-46
08113,2008,502,555,-53
08113,2009,461,541,-80
08113,2010,516,447,69
08115,1990,0,0,0
08115,1991,0,0,0
08115,1992,137,129,8
08115,1993,176,163,13
08115,1994,168,173,-5
08115,1995,203,159,44
08115,1996,139,183,-44
08115,1997,116,165,-49
08115,1998,159,130,29
08115,1999,176,143,33
08115,2000,140,208,-68
08115,2001,179,146,33
08115,2002,134,161,-27
08115,2003,112,180,-68
08115,2004,107,114,-7
08115,2005,103,139,-36
08115,2006,105,138,-33
08115,2007,148,140,8
08115,2008,143,145,-2
08115,2009,130,130,0
08115,2010,123,136,-13
08117,1990,2097,1759,338
08117,1991,2247,1732,515
08117,1992,2334,1804,530
08117,1993,2640,1979,661
08117,1994,2647,2020,627
08117,1995,2691,2316,375
08117,1996,2726,2383,343
08117,1997,2553,2500,53
08117,1998,2866,2333,533
08117,1999,2665,2668,-3
08117,2000,2807,2470,337
08117,2001,2525,2767,-242
08117,2002,2428,2576,-148
08117,2003,2332,2795,-463
08117,2004,2128,2455,-327
08117,2005,2314,2342,-28
08117,2006,2297,2268,29
08117,2007,2345,2417,-72
08117,2008,2310,2387,-77
08117,2009,2177,2328,-151
08117,2010,2154,2814,-660
08119,1990,1604,1394,210
08119,1991,2068,1396,672
08119,1992,2268,1383,885
08119,1993,2314,1449,865
08119,1994,2501,1415,1086
08119,1995,2346,1521,825
08119,1996,2302,1593,709
08119,1997,2114,1676,438
08119,1998,2308,1877,431
08119,1999,2206,1919,287
08119,2000,2339,1932,407
08119,2001,2161,2001,160
08119,2002,1964,1913,51
08119,2003,1653,1769,-116
08119,2004,2118,1959,159
08119,2005,2027,1796,231
08119,2006,1918,1744,174
08119,2007,1736,1776,-40
08119,2008,1664,1564,100
08119,2009,1751,1375,376
08119,2010,1654,1685,-31
08121,1990,289,276,13
08121,1991,228,332,-104
08121,1992,281,215,66
08121,1993,347,321,26
08121,1994,343,288,55
08121,1995,266,274,-8
08121,1996,238,265,-27
08121,1997,235,233,2
08121,1998,174,317,-143
08121,1999,250,194,56
08121,2000,209,275,-66
08121,2001,249,226,23
08121,2002,207,225,-18
08121,2003,189,260,-71
08121,2004,219,226,-7
08121,2005,268,237,31
08121,2006,235,273,-38
08121,2007,239,297,-58
08121,2008,250,260,-10
08121,2009,238,228,10
08121,2010,211,250,-39
08123,1990,8218,8228,-10
08123,1991,8683,7865,818
08123,1992,9779,7872,1907
08123,1993,10078,8397,1681
08123,1994,10085,8467,1618
08123,1995,9600,8516,1084
08123,1996,10187,8373,1814
08123,1997,10188,8680,1508
08123,1998,12460,8949,3511
08123,1999,13894,9468,4426
08123,2000,15858,9861,5997
08123,2001,16276,10163,6113
08123,2002,14113,10771,3342
08123,2003,13974,10672,3302
08123,2004,15791,11502,4289
08123,2005,15846,11864,3982
08123,2006,15353,11553,3800
08123,2007,15958,12974,2984
08123,2008,15473,13274,2199
08123,2009,14885,12586,2299
08123,2010,15089,13504,1585
08125,1990,500,518,-18
08125,1991,479,484,-5
08125,1992,487,475,12
08125,1993,490,470,20
08125,1994,517,427,90
08125,1995,576,565,11
08125,1996,626,567,59
08125,1997,537,538,-1
08125,1998,549,589,-40
08125,1999,520,583,-63
08125,2000,524,572,-48
08125,2001,448,566,-118
08125,2002,434,469,-35
08125,2003,406,528,-122
08125,2004,487,541,-54
08125,2005,497,519,-22
08125,2006,506,602,-96
08125,2007,521,526,-5
08125,2008,590,513,77
08125,2009,480,515,-35
08125,2010,486,549,-63
09001,1990,27396,34130,-6734
09001,1991,26360,34889,-8529
09001,1992,26708,33139,-6431
09001,1993,26751,32663,-5912
09001,1994,27834,33658,-5824
09001,1995,26909,31679,-4770
09001,1996,28082,33215,-5133
09001,1997,28526,32452,-3926
09001,1998,29068,32593,-3525
09001,1999,28318,32704,-4386
09001,2000,27161,32694,-5533
09001,2001,26883,32659,-5776
09001,2002,27028,32914,-5886
09001,2003,26568,33832,-7264
09001,2004,26961,34998,-8037
09001,2005,26209,34523,-8314
09001,2006,25036,31508,-6472
09001,2007,26152,29515,-3363
09001,2008,24877,26273,-1396
09001,2009,24463,24873,-410
09001,2010,25957,25607,350
09003,1990,23233,30301,-7068
09003,1991,20011,30438,-10427
09003,1992,21717,29760,-8043
09003,1993,20846,29531,-8685
09003,1994,21439,30271,-8832
09003,1995,20975,28535,-7560
09003,1996,21775,29039,-7264
09003,1997,23042,27357,-4315
09003,1998,24846,27424,-2578
09003,1999,26127,27754,-1627
09003,2000,25779,27488,-1709
09003,2001,25824,27140,-1316
09003,2002,25600,26310,-710
09003,2003,24217,27505,-3288
09003,2004,25778,27688,-1910
09003,2005,25725,28076,-2351
09003,2006,25279,28026,-2747
09003,2007,24976,28595,-3619
09003,2008,24261,26299,-2038
09003,2009,22261,25322,-3061
09003,2010,22812,25930,-3118
09005,1990,7846,7660,186
09005,1991,7346,7245,101
09005,1992,7321,7159,162
09005,1993,7083,7290,-207
09005,1994,7313,7341,-28
09005,1995,7137,6654,483
09005,1996,7252,7098,154
09005,1997,7445,7202,243
09005,1998,7797,7296,501
09005,1999,8047,7206,841
09005,2000,7824,6819,1005
09005,2001,8299,6873,1426
09005,2002,7723,6747,976
09005,2003,7818,7100,718
09005,2004,7681,7533,148
09005,2005,7515,6955,560
09005,2006,6730,6997,-267
09005,2007,6327,6519,-192
09005,2008,5615,6026,-411
09005,2009,5504,5728,-224
09005,2010,5401,5912,-511
09007,1990,6948,7270,-322
09007,1991,6974,7286,-312
09007,1992,7054,7282,-228
09007,1993,7046,7055,-9
09007,1994,7310,7157,153
09007,1995,7133,7187,-54
09007,1996,7610,7342,268
09007,1997,7797,7312,485
09007,1998,8081,7426,655
09007,1999,8832,7416,1416
09007,2000,8455,7559,896
09007,2001,8850,7395,1455
09007,2002,8598,7521,1077
09007,2003,7684,7916,-232
09007,2004,7812,7455,357
09007,2005,7984,7606,378
09007,2006,7217,7130,87
09007,2007,7525,7291,234
09007,2008,6570,6603,-33
09007,2009,6316,6732,-416
09007,2010,6404,6278,126
09009,1990,20550,26811,-6261
09009,1991,20042,26798,-6756
09009,1992,19757,25799,-6042
09009,1993,19471,25628,-6157
09009,1994,20976,25511,-4535
09009,1995,20313,24712,-4399
09009,1996,21768,25564,-3796
09009,1997,22647,25400,-2753
09009,1998,23193,26340,-3147
09009,1999,24163,26192,-2029
09009,2000,25424,25599,-175
09009,2001,26288,26362,-74
09009,2002,26444,25526,918
09009,2003,25422,27237,-1815
09009,2004,26802,28468,-1666
09009,2005,26478,28923,-2445
09009,2006,25592,28212,-2620
09009,2007,24549,27535,-2986
09009,2008,23421,25810,-2389
09009,2009,21944,24495,-2551
09009,2010,21220,25141,-3921
09011,1990,13189,15600,-2411
09011,1991,12256,16462,-4206
09011,1992,12324,14168,-1844
09011,1993,12574,13513,-939
09011,1994,13202,13250,-48
09011,1995,11961,13146,-1185
09011,1996,12954,14161,-1207
09011,1997,11626,14335,-2709
09011,1998,11547,12763,-1216
09011,1999,12215,12038,177
09011,2000,11518,12352,-834
09011,2001,12733,12085,648
09011,2002,12400,11934,466
09011,2003,12143,12576,-433
09011,2004,11940,12595,-655
09011,2005,11829,13276,-1447
09011,2006,10948,12657,-1709
09011,2007,11780,12304,-524
09011,2008,10849,11818,-969
09011,2009,9644,11191,-1547
09011,2010,10101,11668,-1567
09013,1990,6530,7190,-660
09013,1991,6301,6849,-548
09013,1992,6406,7124,-718
09013,1993,6613,7028,-415
09013,1994,6852,6898,-46
09013,1995,6294,6392,-98
09013,1996,6736,6611,125
09013,1997,6692,6684,8
09013,1998,7161,6648,513
09013,1999,7721,6743,978
09013,2000,7317,6363,954
09013,2001,7494,6533,961
09013,2002,7655,6373,1282
09013,2003,7023,6477,546
09013,2004,7300,7036,264
09013,2005,7258,6881,377
09013,2006,6803,6700,103
09013,2007,6949,6456,493
09013,2008,6184,6236,-52
09013,2009,6031,6093,-62
09013,2010,5898,6147,-249
09015,1990,4240,4341,-101
09015,1991,3575,4212,-637
09015,1992,3775,4091,-316
09015,1993,3726,3964,-238
09015,1994,4012,3883,129
09015,1995,3803,4088,-285
09015,1996,3933,4166,-233
09015,1997,4066,4246,-180
09015,1998,4376,4298,78
09015,1999,4049,4233,-184
09015,2000,4435,4166,269
09015,2001,4812,4099,713
09015,2002,5195,4198,997
09015,2003,5348,4427,921
09015,2004,5157,4679,478
09015,2005,5175,4690,485
09015,2006,4742,4764,-22
09015,2007,4408,4543,-135
09015,2008,3873,4412,-539
09015,2009,3772,3996,-224
09015,2010,3697,4233,-536
10001,1990,6483,5166,1317
10001,1991,6365,5332,1033
10001,1992,6561,5890,671
10001,1993,6161,6044,117
10001,1994,6849,6132,717
10001,1995,6591,6657,-66
10001,1996,6763,6712,51
10001,1997,6855,6477,378
10001,1998,7351,6655,696
10001,1999,7451,6909,542
10001,2000,7606,6963,643
10001,2001,8707,7039,1668
10001,2002,8727,6616,2111
10001,2003,10079,6782,3297
10001,2004,10546,7286,3260
10001,2005,10837,6958,3879
10001,2006,10821,8245,2576
10001,2007,10106,8258,1848
10001,2008,8997,7840,1157
10001,2009,8671,7587,1084
10001,2010,8656,7722,934
10003,1990,16473,15138,1335
10003,1991,15756,15271,485
10003,1992,15223,15246,-23
10003,1993,16277,15099,1178
10003,1994,16701,15739,962
10003,1995,15700,15473,227
10003,1996,16644,15859,785
10003,1997,16983,16811,172
10003,1998,17619,16480,1139
10003,1999,17559,16606,953
10003,2000,17433,17387,46
10003,2001,17324,17296,28
10003,2002,17499,17043,456
10003,2003,17627,18059,-432
10003,2004,18516,18589,-73
10003,2005,18800,20705,-1905
10003,2006,17787,18755,-968
10003,2007,17287,18445,-1158
10003,2008,16531,17042,-511
10003,2009,14744,16551,-1807
10003,2010,16157,16550,-393
10005,1990,5828,4012,1816
10005,1991,6146,3964,2182
10005,1992,6227,4045,2182
10005,1993,6470,4132,2338
10005,1994,6486,4438,2048
10005,1995,6716,4193,2523
10005,1996,6546,4644,1902
10005,1997,6785,4533,2252
10005,1998,7217,4749,2468
10005,1999,7448,4932,2516
10005,2000,7184,5101,2083
10005,2001,7762,5192,2570
10005,2002,8016,5030,2986
10005,2003,8049,5336,2713
10005,2004,8507,5408,3099
10005,2005,8675,5645,3030
10005,2006,8570,5618,2952
10005,2007,8773,5601,3172
10005,2008,7462,5763,1699
10005,2009,7670,5353,2317
10005,2010,7710,5880,1830
11001,1990,30978,44661,-13683
11001,1991,33401,45810,-12409
11001,1992,34567,47204,-12637
11001,1993,32769,47473,-14704
11001,1994,31971,47053,-15082
11001,1995,30216,43371,-13155
11001,1996,30813,42771,-11958
11001,1997,31659,41242,-9583
11001,1998,34429,39904,-5475
11001,1999,34278,40489,-6211
11001,2000,35717,38656,-2939
11001,2001,33275,40330,-7055
11001,2002,31668,40320,-8652
11001,2003,32974,39335,-6361
11001,2004,33307,39544,-6237
11001,2005,34601,38816,-4215
11001,2006,34189,38555,-4366
11001,2007,35808,38989,-3181
11001,2008,37016,34992,2024
11001,2009,37593,36080,1513
11001,2010,38592,37098,1494
12001,1990,11950,10605,1345
12001,1991,11865,10563,1302
12001,1992,11320,11044,276
12001,1993,11573,10758,815
12001,1994,12437,11290,1147
12001,1995,11707,11852,-145
12001,1996,11879,12113,-234
12001,1997,11931,12401,-470
12001,1998,12042,12935,-893
12001,1999,12409,12822,-413
12001,2000,12700,12820,-120
12001,2001,12865,12880,-15
12001,2002,12467,12672,-205
12001,2003,12852,12768,84
12001,2004,13173,13263,-90
12001,2005,14423,12940,1483
12001,2006,13407,13363,44
12001,2007,13187,14139,-952
12001,2008,12478,13686,-1208
12001,2009,11253,13252,-1999
12001,2010,12957,14030,-1073
12003,1990,986,799,187
12003,1991,977,835,142
12003,1992,1037,826,211
12003,1993,936,882,54
12003,1994,951,839,112
12003,1995,1116,917,199
12003,1996,1140,1043,97
12003,1997,1165,1082,83
12003,1998,1123,1096,27
12003,1999,1258,879,379
12003,2000,1085,1024,61
12003,2001,1184,895,289
12003,2002,1090,1142,-52
12003,2003,1288,1036,252
12003,2004,1331,943,388
12003,2005,1432,1080,352
12003,2006,1451,1102,349
12003,2007,1302,1150,152
12003,2008,1201,1130,71
12003,2009,1078,1172,-94
12003,2010,1096,1166,-70
12005,1990,9870,8434,1436
12005,1991,10967,7925,3042
12005,1992,11470,9397,2073
12005,1993,10366,9048,1318
12005,1994,10488,9038,1450
12005,1995,10495,9216,1279
12005,1996,9987,9189,798
12005,1997,10283,10412,-129
12005,1998,9853,9392,461
12005,1999,9280,9682,-402
12005,2000,10063,9394,669
12005,2001,10514,9055,1459
12005,2002,10496,8668,1828
12005,2003,10951,9019,1932
12005,2004,11573,8918,2655
12005,2005,10905,9948,957
12005,2006,9335,10212,-877
12005,2007,9819,10591,-772
12005,2008,9958,10110,-152
12005,2009,9701,9295,406
12005,2010,9734,10263,-529
12007,1990,1244,1049,195
12007,1991,1169,1141,28
12007,1992,1163,1033,130
12007,1993,1123,1201,-78
12007,1994,1139,1079,60
12007,1995,1064,930,134
12007,1996,1142,923,219
12007,1997,1186,1055,131
12007,1998,1078,1125,-47
12007,1999,1068,1121,-53
12007,2000,1168,1006,162
12007,2001,1144,1134,10
12007,2002,1310,1041,269
12007,2003,1355,1157,198
12007,2004,1434,1128,306
12007,2005,1455,1258,197
12007,2006,1414,1164,250
12007,2007,1438,1231,207
12007,2008,1264,1314,-50
12007,2009,1081,1230,-149
12007,2010,1207,1299,-92
12009,1990,27328,18842,8486
12009,1991,25807,18267,7540
12009,1992,26557,19214,7343
12009,1993,24794,19865,4929
12009,1994,25097,20077,5020
12009,1995,22265,20473,1792
12009,1996,23948,20167,3781
12009,1997,24566,19978,4588
12009,1998,24394,20134,4260
12009,1999,24617,19497,5120
12009,2000,26228,19342,6886
12009,2001,26841,18855,7986
12009,2002,26571,18260,8311
12009,2003,29690,18018,11672
12009,2004,29702,19914,9788
12009,2005,26919,22084,4835
12009,2006,24771,21058,3713
12009,2007,24000,21971,2029
12009,2008,21773,21135,638
12009,2009,21224,18739,2485
12009,2010,21387,20328,1059
12011,1990,70225,55270,14955
12011,1991,67150,55016,12134
12011,1992,76319,53942,22377
12011,1993,76000,59508,16492
12011,1994,75477,62134,13343
12011,1995,73169,61995,11174
12011,1996,77176,62955,14221
12011,1997,77182,65441,11741
12011,1998,76609,67095,9514
12011,1999,80887,68027,12860
12011,2000,83006,69943,13063
12011,2001,83378,73801,9577
12011,2002,82726,79167,3559
12011,2003,85721,82321,3400
12011,2004,87075,83720,3355
12011,2005,77186,92588,-15402
12011,2006,69116,97085,-27969
12011,2007,72883,85869,-12986
12011,2008,72103,77635,-5532
12011,2009,73879,72581,1298
12011,2010,90878,80029,10849
12013,1990,514,389,125
12013,1991,582,481,101
12013,1992,516,464,52
12013,1993,584,437,147
12013,1994,489,449,40
12013,1995,676,422,254
12013,1996,493,589,-96
12013,1997,518,533,-15
12013,1998,550,536,14
12013,1999,517,465,52
12013,2000,454,565,-111
12013,2001,545,510,35
12013,2002,561,460,101
12013,2003,540,506,34
12013,2004,670,425,245
12013,2005,664,602,62
12013,2006,689,568,121
12013,2007,673,653,20
12013,2008,642,612,30
12013,2009,619,570,49
12013,2010,608,611,-3
12015,1990,10266,5605,4661
12015,1991,8944,5864,3080
12015,1992,8887,5677,3210
12015,1993,9075,5818,3257
12015,1994,9670,6137,3533
12015,1995,8379,6178,2201
12015,1996,9253,6424,2829
12015,1997,9773,6636,3137
12015,1998,9847,6725,3122
12015,1999,10116,6950,3166
12015,2000,10482,6719,3763
12015,2001,11356,7403,3953
12015,2002,11644,7560,4084
12015,2003,12548,7812,4736
12015,2004,10952,10856,96
12015,2005,11662,9167,2495
12015,2006,10916,8408,2508
12015,2007,9849,8806,1043
12015,2008,8622,8562,60
12015,2009,8945,7618,1327
12015,2010,8996,7752,1244
12017,1990,7714,4630,3084
12017,1991,7275,4332,2943
12017,1992,7879,5364,2515
12017,1993,7072,4259,2813
12017,1994,7630,4240,3390
12017,1995,7142,4458,2684
12017,1996,7239,4756,2483
12017,1997,7556,4524,3032
12017,1998,7569,4489,3080
12017,1999,7774,4922,2852
12017,2000,8160,4913,3247
12017,2001,8226,5110,3116
12017,2002,8374,4957,3417
12017,2003,9020,4957,4063
12017,2004,9849,5402,4447
12017,2005,9997,5710,4287
12017,2006,8894,5489,3405
12017,2007,7974,5955,2019
12017,2008,6949,6095,854
12017,2009,6508,5312,1196
12017,2010,6043,5942,101
12019,1990,12107,10242,1865
12019,1991,12285,9664,2621
12019,1992,12082,10439,1643
12019,1993,12447,10380,2067
12019,1994,13089,10482,2607
12019,1995,14151,10736,3415
12019,1996,14450,11062,3388
12019,1997,13719,11227,2492
12019,1998,13755,11400,2355
12019,1999,13763,11661,2102
12019,2000,14346,11225,3121
12019,2001,15686,11175,4511
12019,2002,15881,11907,3974
12019,2003,17601,11613,5988
12019,2004,17646,12568,5078
12019,2005,19536,12901,6635
12019,2006,17407,13014,4393
12019,2007,15784,13916,1868
12019,2008,14420,13900,520
12019,2009,14596,13287,1309
12019,2010,14214,13722,492
12021,1990,13984,9404,4580
12021,1991,13299,10340,2959
12021,1992,13512,9805,3707
12021,1993,13938,9838,4100
12021,1994,13900,10465,3435
12021,1995,13116,9761,3355
12021,1996,15025,9734,5291
12021,1997,15348,9955,5393
12021,1998,15758,10129,5629
12021,1999,16677,10518,6159
12021,2000,17354,11548,5806
12021,2001,18100,11907,6193
12021,2002,18425,12547,5878
12021,2003,19307,13343,5964
12021,2004,20219,14233,5986
12021,2005,18826,17196,1630
12021,2006,16098,17243,-1145
12021,2007,15367,16973,-1606
12021,2008,14813,15203,-390
12021,2009,15394,13888,1506
12021,2010,16046,13969,2077
12023,1990,2654,2286,368
12023,1991,2620,2324,296
12023,1992,2798,2283,515
12023,1993,2986,2079,907
12023,1994,3149,2358,791
12023,1995,3002,2305,697
12023,1996,3305,2599,706
12023,1997,3398,2573,825
12023,1998,3272,2742,530
12023,1999,3319,2689,630
12023,2000,3178,2777,401
12023,2001,3223,2719,504
12023,2002,3789,2648,1141
12023,2003,3707,2740,967
12023,2004,3925,2578,1347
12023,2005,4399,2966,1433
12023,2006,3710,3140,570
12023,2007,3661,3217,444
12023,2008,3365,3266,99
12023,2009,3149,3012,137
12023,2010,3149,3274,-125
12025,1990,50080,58294,-8214
12025,1991,49396,57376,-7980
12025,1992,46199,83013,-36814
12025,1993,48564,63637,-15073
12025,1994,44799,66162,-21363
12025,1995,41563,64910,-23347
12025,1996,43756,67524,-23768
12025,1997,45358,67796,-22438
12025,1998,45375,69658,-24283
12025,1999,48175,71794,-23619
12025,2000,48903,72527,-23624
12025,2001,0,0,0
12025,2002,0,0,0
12025,2003,0,0,0
12025,2004,0,0,0
12025,2005,0,0,0
12025,2006,0,0,0
12025,2007,0,0,0
12025,2008,0,0,0
12025,2009,0,0,0
12025,2010,0,0,0
12027,1990,1716,1543,173
12027,1991,1759,1802,-43
12027,1992,1747,1805,-58
12027,1993,1752,1709,43
12027,1994,1580,1676,-96
12027,1995,1383,1578,-195
12027,1996,1520,1585,-65
12027,1997,1445,1528,-83
12027,1998,1361,1521,-160
12027,1999,1345,1466,-121
12027,2000,1487,1438,49
12027,2001,1472,1481,-9
12027,2002,1611,1407,204
12027,2003,1693,1509,184
12027,2004,1624,1806,-182
12027,2005,1412,1444,-32
12027,2006,1322,1479,-157
12027,2007,1241,1609,-368
12027,2008,1244,1461,-217
12027,2009,1357,1247,110
12027,2010,1276,1463,-187
12029,1990,794,597,197
12029,1991,725,562,163
12029,1992,717,555,162
12029,1993,751,480,271
12029,1994,766,476,290
12029,1995,780,563,217
12029,1996,798,525,273
12029,1997,858,670,188
12029,1998,707,632,75
12029,1999,785,746,39
12029,2000,721,623,98
12029,2001,847,645,202
12029,2002,724,694,30
12029,2003,831,738,93
12029,2004,801,659,142
12029,2005,864,608,256
12029,2006,732,652,80
12029,2007,731,708,23
12029,2008,698,719,-21
12029,2009,638,641,-3
12029,2010,628,607,21
12031,1990,46049,40730,5319
12031,1991,44745,39965,4780
12031,1992,44966,43169,1797
12031,1993,41372,43223,-1851
12031,1994,41658,41532,126
12031,1995,45020,38958,6062
12031,1996,43818,42308,1510
12031,1997,42368,42964,-596
12031,1998,42298,43646,-1348
12031,1999,40912,44557,-3645
12031,2000,44813,40565,4248
12031,2001,44978,41734,3244
12031,2002,46152,41471,4681
12031,2003,46773,44444,2329
12031,2004,46913,45756,1157
12031,2005,49450,46701,2749
12031,2006,45732,44778,954
12031,2007,43795,47548,-3753
12031,2008,42043,45072,-3029
12031,2009,40238,42721,-2483
12031,2010,42567,43403,-836
12033,1990,19238,18040,1198
12033,1991,19073,17504,1569
12033,1992,18757,19198,-441
12033,1993,17225,18064,-839
12033,1994,17699,18200,-501
12033,1995,18136,16710,1426
12033,1996,21035,18127,2908
12033,1997,19485,20534,-1049
12033,1998,18137,20758,-2621
12033,1999,19123,20795,-1672
12033,2000,18801,20722,-1921
12033,2001,19194,21617,-2423
12033,2002,19196,20841,-1645
12033,2003,19643,19577,66
12033,2004,18592,20606,-2014
12033,2005,18270,20312,-2042
12033,2006,16743,19619,-2876
12033,2007,15858,19238,-3380
12033,2008,15986,17565,-1579
12033,2009,15890,17043,-1153
12033,2010,16963,17674,-711
12035,1990,3193,1611,1582
12035,1991,3109,1508,1601
12035,1992,3145,1526,1619
12035,1993,3208,1589,1619
12035,1994,3716,1532,2184
12035,1995,3780,1919,1861
12035,1996,4138,1956,2182
12035,1997,4303,2093,2210
12035,1998,4625,2395,2230
12035,1999,5140,2586,2554
12035,2000,5545,2608,2937
12035,2001,6392,2829,3563
12035,2002,7351,2940,4411
12035,2003,8871,3209,5662
12035,2004,9563,3394,6169
12035,2005,10124,4404,5720
12035,2006,9187,4427,4760
12035,2007,8266,5895,2371
12035,2008,6777,5770,1007
12035,2009,6351,5214,1137
12035,2010,6390,4946,1444
12037,1990,499,379,120
12037,1991,499,428,71
12037,1992,503,379,124
12037,1993,470,400,70
12037,1994,500,417,83
12037,1995,528,448,80
12037,1996,475,465,10
12037,1997,436,442,-6
12037,1998,417,482,-65
12037,1999,465,403,62
12037,2000,525,413,112
12037,2001,548,433,115
12037,2002,546,501,45
12037,2003,504,463,41
12037,2004,574,485,89
12037,2005,528,476,52
12037,2006,376,503,-127
12037,2007,448,515,-67
12037,2008,426,463,-37
12037,2009,416,400,16
12037,2010,452,401,51
12039,1990,2105,1815,290
12039,1991,1921,1967,-46
12039,1992,2165,2020,145
12039,1993,2081,2154,-73
12039,1994,2093,1962,131
12039,1995,2205,2136,69
12039,1996,2075,2192,-117
12039,1997,2003,2365,-362
12039,1998,2067,2220,-153
12039,1999,2003,2338,-335
12039,2000,2003,2205,-202
12039,2001,1860,2237,-377
12039,2002,1876,2099,-223
12039,2003,1996,1994,2
12039,2004,2089,2089,0
12039,2005,2102,2135,-33
12039,2006,2398,1983,415
12039,2007,2432,2292,140
12039,2008,2243,2298,-55
12039,2009,2124,2125,-1
12039,2010,2087,2233,-146
12041,1990,745,523,222
12041,1991,783,545,238
12041,1992,893,560,333
12041,1993,850,595,255
12041,1994,936,644,292
12041,1995,1011,610,401
12041,1996,991,700,291
12041,1997,955,673,282
12041,1998,891,747,144
12041,1999,987,704,283
12041,2000,882,796,86
12041,2001,944,698,246
12041,2002,1026,705,321
12041,2003,1178,911,267
12041,2004,1233,846,387
12041,2005,1152,868,284
12041,2006,1035,765,270
12041,2007,1064,915,149
12041,2008,992,1031,-39
12041,2009,1037,880,157
12041,2010,937,886,51
12043,1990,547,612,-65
12043,1991,512,561,-49
12043,1992,513,619,-106
12043,1993,697,563,134
12043,1994,554,610,-56
12043,1995,725,567,158
12043,1996,773,718,55
12043,1997,812,685,127
12043,1998,933,828,105
12043,1999,898,770,128
12043,2000,930,754,176
12043,2001,857,799,58
12043,2002,863,744,119
12043,2003,970,787,183
12043,2004,753,654,99
12043,2005,629,625,4
12043,2006,593,642,-49
12043,2007,703,751,-48
12043,2008,572,648,-76
12043,2009,514,575,-61
12043,2010,579,567,12
12045,1990,623,612,11
12045,1991,621,510,111
12045,1992,888,565,323
12045,1993,709,629,80
12045,1994,813,585,228
12045,1995,698,681,17
12045,1996,761,672,89
12045,1997,694,714,-20
12045,1998,723,662,61
12045,1999,846,680,166
12045,2000,693,712,-19
12045,2001,786,710,76
12045,2002,775,627,148
12045,2003,699,628,71
12045,2004,801,654,147
12045,2005,845,679,166
12045,2006,700,693,7
12045,2007,757,701,56
12045,2008,693,743,-50
12045,2009,704,652,52
12045,2010,750,708,42
12047,1990,584,545,39
12047,1991,554,471,83
12047,1992,572,533,39
12047,1993,602,591,11
12047,1994,618,443,175
12047,1995,702,492,210
12047,1996,652,657,-5
12047,1997,707,610,97
12047,1998,609,598,11
12047,1999,589,621,-32
12047,2000,618,603,15
12047,2001,578,712,-134
12047,2002,729,663,66
12047,2003,655,692,-37
12047,2004,597,677,-80
12047,2005,706,601,105
12047,2006,729,694,35
12047,2007,754,638,116
12047,2008,706,637,69
12047,2009,522,735,-213
12047,2010,629,696,-67
12049,1990,1648,1505,143
12049,1991,1675,1906,-231
12049,1992,1597,1841,-244
12049,1993,1491,1807,-316
12049,1994,1376,1805,-429
12049,1995,1149,1733,-584
12049,1996,1264,1499,-235
12049,1997,1130,1449,-319
12049,1998,1032,1359,-327
12049,1999,1077,1452,-375
12049,2000,1073,1381,-308
12049,2001,1153,1243,-90
12049,2002,1066,1349,-283
12049,2003,1110,1292,-182
12049,2004,1062,1260,-198
12049,2005,1119,1118,1
12049,2006,996,1125,-129
12049,2007,1067,1219,-152
12049,2008,1256,1366,-110
12049,2009,1094,1173,-79
12049,2010,1152,1350,-198
12051,1990,3058,2260,798
12051,1991,2828,2781,47
12051,1992,3006,2929,77
12051,1993,2783,2759,24
12051,1994,2460,2957,-497
12051,1995,2184,2669,-485
12051,1996,2180,2348,-168
12051,1997,1977,2425,-448
12051,1998,1872,2376,-504
12051,1999,1925,2248,-323
12051,2000,1903,2279,-376
12051,2001,1796,2096,-300
12051,2002,1789,2009,-220
12051,2003,2047,2043,4
12051,2004,2200,2111,89
12051,2005,2292,2345,-53
12051,2006,2029,2320,-291
12051,2007,1817,2353,-536
12051,2008,1849,2443,-594
12051,2009,1907,2287,-380
12051,2010,2156,2347,-191
12053,1990,9208,5356,3852
12053,1991,8725,5183,3542
12053,1992,8643,5008,3635
12053,1993,8559,5052,3507
12053,1994,8617,5556,3061
12053,1995,7814,5117,2697
12053,1996,8481,5052,3429
12053,1997,8663,5307,3356
12053,1998,8327,5582,2745
12053,1999,8720,5721,2999
12053,2000,9227,5951,3276
12053,2001,10225,6063,4162
12053,2002,10852,5829,5023
12053,2003,12684,6263,6421
12053,2004,13707,6952,6755
12053,2005,13893,7714,6179
12053,2006,12449,7598,4851
12053,2007,10942,8391,2551
12053,2008,9282,8897,385
12053,2009,9461,7675,1786
12053,2010,9215,8117,1098
12055,1990,5036,3671,1365
12055,1991,5127,4038,1089
12055,1992,5482,3816,1666
12055,1993,5196,3877,1319
12055,1994,5215,3825,1390
12055,1995,4606,3713,893
12055,1996,4600,3750,850
12055,1997,4613,3919,694
12055,1998,4504,3788,716
12055,1999,4479,3819,660
12055,2000,4935,3672,1263
12055,2001,5084,3863,1221
12055,2002,5022,3860,1162
12055,2003,5576,3510,2066
12055,2004,5901,3829,2072
12055,2005,5809,4217,1592
12055,2006,5285,3986,1299
12055,2007,4769,4295,474
12055,2008,4271,4132,139
12055,2009,4137,3740,397
12055,2010,4432,4272,160
12057,1990,47445,47044,401
12057,1991,48795,46170,2625
12057,1992,47512,47730,-218
12057,1993,46965,48177,-1212
12057,1994,47724,46346,1378
12057,1995,47186,44396,2790
12057,1996,51103,44914,6189
12057,1997,51497,45084,6413
12057,1998,52985,47602,5383
12057,1999,54043,49318,4725
12057,2000,57632,48352,9280
12057,2001,61621,49388,12233
12057,2002,59726,51618,8108
12057,2003,65662,51857,13805
12057,2004,70719,54317,16402
12057,2005,69684,58950,10734
12057,2006,59383,61089,-1706
12057,2007,59181,61314,-2133
12057,2008,59264,58571,693
12057,2009,59787,56887,2900
12057,2010,84828,63116,21712
12059,1990,881,835,46
12059,1991,1038,749,289
12059,1992,1019,860,159
12059,1993,1028,825,203
12059,1994,1085,732,353
12059,1995,1107,921,186
12059,1996,1228,939,289
12059,1997,1143,962,181
12059,1998,1064,965,99
12059,1999,1077,1182,-105
12059,2000,1084,960,124
12059,2001,1183,1081,102
12059,2002,1114,951,163
12059,2003,1013,985,28
12059,2004,990,808,182
12059,2005,1097,916,181
12059,2006,999,827,172
12059,2007,1071,1034,37
12059,2008,955,1012,-57
12059,2009,880,970,-90
12059,2010,915,923,-8
12061,1990,6250,4903,1347
12061,1991,5827,4689,1138
12061,1992,5520,4837,683
12061,1993,5813,4314,1499
12061,1994,6022,4465,1557
12061,1995,5803,4697,1106
12061,1996,6578,4508,2070
12061,1997,6490,4618,1872
12061,1998,6457,4699,1758
12061,1999,6552,4777,1775
12061,2000,6814,4658,2156
12061,2001,7308,4657,2651
12061,2002,7399,4928,2471
12061,2003,8806,4884,3922
12061,2004,8927,5996,2931
12061,2005,8569,5994,2575
12061,2006,8184,5864,2320
12061,2007,7526,6590,936
12061,2008,6768,6005,763
12061,2009,6564,5518,1046
12061,2010,6730,5860,870
12063,1990,1993,1852,141
12063,1991,2342,1765,577
12063,1992,2149,1896,253
12063,1993,2035,1995,40
12063,1994,2158,1883,275
12063,1995,2183,1828,355
12063,1996,2039,2000,39
12063,1997,1892,2030,-138
12063,1998,1973,2014,-41
12063,1999,1777,1792,-15
12063,2000,1832,1935,-103
12063,2001,1945,1844,101
12063,2002,1823,1954,-131
12063,2003,2203,1818,385
12063,2004,2283,1760,523
12063,2005,2263,1985,278
12063,2006,2145,1838,307
12063,2007,2026,2035,-9
12063,2008,1930,1949,-19
12063,2009,1894,1959,-65
12063,2010,1733,1925,-192
12065,1990,683,586,97
12065,1991,675,600,75
12065,1992,655,638,17
12065,1993,667,574,93
12065,1994,648,603,45
12065,1995,770,650,120
12065,1996,824,719,105
12065,1997,750,652,98
12065,1998,635,743,-108
12065,1999,773,714,59
12065,2000,738,797,-59
12065,2001,942,632,310
12065,2002,790,674,116
12065,2003,859,815,44
12065,2004,782,723,59
12065,2005,839,730,109
12065,2006,631,765,-134
12065,2007,874,732,142
12065,2008,703,715,-12
12065,2009,622,634,-12
12065,2010,616,668,-52
12067,1990,275,262,13
12067,1991,306,246,60
12067,1992,308,322,-14
12067,1993,306,260,46
12067,1994,448,292,156
12067,1995,264,361,-97
12067,1996,224,314,-90
12067,1997,283,253,30
12067,1998,292,202,90
12067,1999,281,222,59
12067,2000,294,248,46
12067,2001,255,231,24
12067,2002,249,277,-28
12067,2003,237,263,-26
12067,2004,320,260,60
12067,2005,308,230,78
12067,2006,245,286,-41
12067,2007,291,303,-12
12067,2008,284,246,38
12067,2009,255,259,-4
12067,2010,306,263,43
12069,1990,12919,8505,4414
12069,1991,11993,8197,3796
12069,1992,12404,8057,4347
12069,1993,12981,7970,5011
12069,1994,14398,8195,6203
12069,1995,14017,8321,5696
12069,1996,15662,9024,6638
12069,1997,16247,9594,6653
12069,1998,17021,10159,6862
12069,1999,18362,10518,7844
12069,2000,20257,10526,9731
12069,2001,20729,12031,8698
12069,2002,21558,12659,8899
12069,2003,24222,13444,10778
12069,2004,25222,14427,10795
12069,2005,25249,16058,9191
12069,2006,23442,16230,7212
12069,2007,21006,17645,3361
12069,2008,18753,16735,2018
12069,2009,18685,15857,2828
12069,2010,18811,16049,2762
12071,1990,24307,17103,7204
12071,1991,21703,17377,4326
12071,1992,21129,16444,4685
12071,1993,22462,15621,6841
12071,1994,23179,16437,6742
12071,1995,21290,16589,4701
12071,1996,22705,17492,5213
12071,1997,23462,17090,6372
12071,1998,23990,17102,6888
12071,1999,25334,16853,8481
12071,2000,28781,16629,12152
12071,2001,31274,18618,12656
12071,2002,32031,18558,13473
12071,2003,36061,18926,17135
12071,2004,42964,20426,22538
12071,2005,44033,25140,18893
12071,2006,39289,26614,12675
12071,2007,32339,31469,870
12071,2008,28309,31138,-2829
12071,2009,30217,26426,3791
12071,2010,31549,26307,5242
12073,1990,12566,10320,2246
12073,1991,12207,10236,1971
12073,1992,13153,11125,2028
12073,1993,12953,11634,1319
12073,1994,13198,12227,971
12073,1995,12489,14214,-1725
12073,1996,12391,13151,-760
12073,1997,12480,13533,-1053
12073,1998,12653,13410,-757
12073,1999,13398,13108,290
12073,2000,12748,13385,-637
12073,2001,13498,13693,-195
12073,2002,13253,13032,221
12073,2003,13396,13621,-225
12073,2004,13580,13779,-199
12073,2005,14205,14684,-479
12073,2006,13686,14626,-940
12073,2007,13481,15480,-1999
12073,2008,12716,14809,-2093
12073,2009,12257,13527,-1270
12073,2010,13086,14710,-1624
12075,1990,1945,1602,343
12075,1991,1887,1496,391
12075,1992,2107,1611,496
12075,1993,1992,1409,583
12075,1994,2073,1523,550
12075,1995,1975,1461,514
12075,1996,2360,1642,718
12075,1997,2363,1801,562
12075,1998,2307,1625,682
12075,1999,2441,1884,557
12075,2000,2359,1947,412
12075,2001,2429,1748,681
12075,2002,2435,1937,498
12075,2003,2631,1902,729
12075,2004,2701,2031,670
12075,2005,2808,2036,772
12075,2006,2620,2070,550
12075,2007,2548,2124,424
12075,2008,2285,2211,74
12075,2009,2017,2043,-26
12075,2010,2039,2157,-118
12077,1990,271,227,44
12077,1991,283,260,23
12077,1992,319,206,113
12077,1993,326,197,129
12077,1994,288,229,59
12077,1995,327,297,30
12077,1996,358,241,117
12077,1997,326,334,-8
12077,1998,271,311,-40
12077,1999,235,348,-113
12077,2000,297,242,55
12077,2001,357,271,86
12077,2002,328,283,45
12077,2003,348,307,41
12077,2004,393,285,108
12077,2005,374,316,58
12077,2006,356,319,37
12077,2007,420,299,121
12077,2008,317,356,-39
12077,2009,300,303,-3
12077,2010,342,340,2
12079,1990,683,645,38
12079,1991,671,713,-42
12079,1992,711,563,148
12079,1993,720,633,87
12079,1994,665,670,-5
12079,1995,693,593,100
12079,1996,710,705,5
12079,1997,737,659,78
12079,1998,734,630,104
12079,1999,680,633,47
12079,2000,682,707,-25
12079,2001,603,716,-113
12079,2002,610,579,31
12079,2003,743,611,132
12079,2004,696,692,4
12079,2005,825,655,170
12079,2006,735,754,-19
12079,2007,731,703,28
12079,2008,655,721,-66
12079,2009,680,716,-36
12079,2010,633,736,-103
12081,1990,16996,13211,3785
12081,1991,16536,13439,3097
12081,1992,17056,13354,3702
12081,1993,16680,13307,3373
12081,1994,17338,13205,4133
12081,1995,15007,12128,2879
12081,1996,15348,12204,3144
12081,1997,16123,11840,4283
12081,1998,16323,12614,3709
12081,1999,17572,12434,5138
12081,2000,18436,12838,5598
12081,2001,19323,13176,6147
12081,2002,19065,13524,5541
12081,2003,20748,14158,6590
12081,2004,22474,14623,7851
12081,2005,20988,16528,4460
12081,2006,17308,16587,721
12081,2007,16860,16786,74
12081,2008,16026,15528,498
12081,2009,15641,14096,1545
12081,2010,17356,14727,2629
12083,1990,14218,9457,4761
12083,1991,13051,9097,3954
12083,1992,14387,9730,4657
12083,1993,14161,8688,5473
12083,1994,14473,9058,5415
12083,1995,13961,9347,4614
12083,1996,14772,9623,5149
12083,1997,15298,9933,5365
12083,1998,15038,10330,4708
12083,1999,15259,10204,5055
12083,2000,14764,10428,4336
12083,2001,16914,10103,6811
12083,2002,18828,10535,8293
12083,2003,20951,10766,10185
12083,2004,22087,11894,10193
12083,2005,23201,13142,10059
12083,2006,20500,12882,7618
12083,2007,17719,14180,3539
12083,2008,15202,13980,1222
12083,2009,14435,13063,1372
12083,2010,15457,13881,1576
12085,1990,8479,6529,1950
12085,1991,7657,6683,974
12085,1992,8309,6378,1931
12085,1993,8447,6472,1975
12085,1994,8516,6795,1721
12085,1995,8881,6671,2210
12085,1996,9101,6863,2238
12085,1997,9410,7013,2397
12085,1998,9291,7000,2291
12085,1999,9110,7788,1322
12085,2000,9580,7469,2111
12085,2001,10021,7396,2625
12085,2002,10746,7757,2989
12085,2003,11021,8408,2613
12085,2004,9910,8019,1891
12085,2005,8715,8744,-29
12085,2006,8414,7614,800
12085,2007,7965,7788,177
12085,2008,7598,7174,424
12085,2009,7532,6824,708
12085,2010,7739,6742,997
12086,1990,0,0,0
12086,1991,0,0,0
12086,1992,0,0,0
12086,1993,0,0,0
12086,1994,0,0,0
12086,1995,0,0,0
12086,1996,0,0,0
12086,1997,0,0,0
12086,1998,0,0,0
12086,1999,0,0,0
12086,2000,0,0,0
12086,2001,50513,73131,-22618
12086,2002,51340,77243,-25903
12086,2003,54724,76991,-22267
12086,2004,56360,80620,-24260
12086,2005,56751,82335,-25584
12086,2006,54083,87766,-33683
12086,2007,59492,83351,-23859
12086,2008,59899,77083,-17184
12086,2009,64459,72513,-8054
12086,2010,86376,81778,4598
12087,1990,7249,6959,290
12087,1991,7294,6920,374
12087,1992,8400,6844,1556
12087,1993,7277,7875,-598
12087,1994,6822,6967,-145
12087,1995,6223,6900,-677
12087,1996,6443,6818,-375
12087,1997,6500,6584,-84
12087,1998,6052,6870,-818
12087,1999,6167,6946,-779
12087,2000,6251,6733,-482
12087,2001,6287,6623,-336
12087,2002,6292,6617,-325
12087,2003,6055,6880,-825
12087,2004,5783,7274,-1491
12087,2005,5423,6788,-1365
12087,2006,5327,6134,-807
12087,2007,5264,5741,-477
12087,2008,4999,5568,-569
12087,2009,5387,5175,212
12087,2010,5609,5292,317
12089,1990,3418,2701,717
12089,1991,3712,2745,967
12089,1992,3638,2695,943
12089,1993,3642,2926,716
12089,1994,3596,2872,724
12089,1995,3760,2769,991
12089,1996,4214,2861,1353
12089,1997,3975,3001,974
12089,1998,4107,3102,1005
12089,1999,3953,3141,812
12089,2000,4109,3297,812
12089,2001,4619,3421,1198
12089,2002,4420,3611,809
12089,2003,4642,3449,1193
12089,2004,5053,3672,1381
12089,2005,5381,3709,1672
12089,2006,5224,3674,1550
12089,2007,4860,3708,1152
12089,2008,4590,3875,715
12089,2009,4084,3565,519
12089,2010,4522,3702,820
12091,1990,13840,12826,1014
12091,1991,16779,11764,5015
12091,1992,17209,14673,2536
12091,1993,15627,13742,1885
12091,1994,15155,14192,963
12091,1995,14736,14062,674
12091,1996,14549,14312,237
12091,1997,14349,14448,-99
12091,1998,14351,14145,206
12091,1999,14694,14318,376
12091,2000,14467,14498,-31
12091,2001,15655,13773,1882
12091,2002,15091,13874,1217
12091,2003,15805,13627,2178
12091,2004,16224,15310,914
12091,2005,15123,17033,-1910
12091,2006,14394,16304,-1910
12091,2007,14022,15979,-1957
12091,2008,13394,15423,-2029
12091,2009,14069,16536,-2467
12091,2010,15468,14454,1014
12093,1990,2587,2175,412
12093,1991,2339,2451,-112
12093,1992,2532,2301,231
12093,1993,2291,2633,-342
12093,1994,2228,2370,-142
12093,1995,1839,1994,-155
12093,1996,1878,1834,44
12093,1997,1825,1766,59
12093,1998,1854,1652,202
12093,1999,1657,1817,-160
12093,2000,1877,1652,225
12093,2001,1719,1568,151
12093,2002,1677,1622,55
12093,2003,2069,1520,549
12093,2004,2089,1848,241
12093,2005,1989,1872,117
12093,2006,1800,1918,-118
12093,2007,1707,1851,-144
12093,2008,1649,1854,-205
12093,2009,1653,1689,-36
12093,2010,1568,1685,-117
12095,1990,56712,51674,5038
12095,1991,54805,51346,3459
12095,1992,54331,50135,4196
12095,1993,53477,51260,2217
12095,1994,54365,54000,365
12095,1995,53177,49608,3569
12095,1996,59082,50686,8396
12095,1997,61517,52344,9173
12095,1998,59826,57223,2603
12095,1999,63848,56045,7803
12095,2000,64897,57453,7444
12095,2001,64883,61757,3126
12095,2002,66966,62032,4934
12095,2003,73179,63486,9693
12095,2004,79305,63841,15464
12095,2005,76829,72531,4298
12095,2006,69711,75673,-5962
12095,2007,67661,75585,-7924
12095,2008,66737,72359,-5622
12095,2009,65006,68905,-3899
12095,2010,70965,68542,2423
12097,1990,12438,8616,3822
12097,1991,11255,9423,1832
12097,1992,11675,9097,2578
12097,1993,11462,9847,1615
12097,1994,12794,10193,2601
12097,1995,12995,10081,2914
12097,1996,14119,11110,3009
12097,1997,14864,12045,2819
12097,1998,15131,12175,2956
12097,1999,16138,12955,3183
12097,2000,17687,13691,3996
12097,2001,19420,14213,5207
12097,2002,21771,14642,7129
12097,2003,24961,16316,8645
12097,2004,24657,18379,6278
12097,2005,27473,20024,7449
12097,2006,26800,20651,6149
12097,2007,26226,22644,3582
12097,2008,23510,24142,-632
12097,2009,23349,22963,386
12097,2010,24358,21543,2815
12099,1990,51478,39339,12139
12099,1991,49418,38251,11167
12099,1992,50739,36488,14251
12099,1993,53729,38619,15110
12099,1994,53807,42278,11529
12099,1995,51050,42516,8534
12099,1996,53886,40903,12983
12099,1997,53779,42459,11320
12099,1998,53297,43293,10004
12099,1999,52671,44672,7999
12099,2000,56813,44011,12802
12099,2001,60205,44293,15912
12099,2002,60089,45501,14588
12099,2003,65282,46402,18880
12099,2004,63224,51087,12137
12099,2005,56911,58634,-1723
12099,2006,50629,57717,-7088
12099,2007,50041,52421,-2380
12099,2008,48385,46639,1746
12099,2009,47783,43594,4189
12099,2010,50595,47014,3581
12101,1990,20588,15463,5125
12101,1991,19931,15579,4352
12101,1992,20290,14554,5736
12101,1993,20992,14576,6416
12101,1994,21821,15486,6335
12101,1995,20330,13487,6843
12101,1996,21387,14507,6880
12101,1997,21669,14638,7031
12101,1998,22190,15886,6304
12101,1999,24976,15787,9189
12101,2000,26308,15939,10369
12101,2001,29623,18346,11277
12101,2002,31574,17975,13599
12101,2003,35471,18642,16829
12101,2004,38624,21009,17615
12101,2005,38847,23851,14996
12101,2006,35678,23517,12161
12101,2007,31811,25488,6323
12101,2008,27453,25316,2137
12101,2009,26889,23825,3064
12101,2010,26590,24117,2473
12103,1990,48937,40040,8897
12103,1991,45935,40625,5310
12103,1992,43852,39706,4146
12103,1993,44062,38382,5680
12103,1994,46811,38988,7823
12103,1995,40408,37351,3057
12103,1996,42322,36722,5600
12103,1997,42702,36753,5949
12103,1998,41561,38245,3316
12103,1999,42869,39123,3746
12103,2000,42870,39184,3686
12103,2001,43352,40560,2792
12103,2002,42353,40365,1988
12103,2003,43090,40586,2504
12103,2004,43049,42042,1007
12103,2005,41480,43555,-2075
12103,2006,36265,40882,-4617
12103,2007,36412,39197,-2785
12103,2008,35552,36641,-1089
12103,2009,34864,34217,647
12103,2010,38047,35790,2257
12105,1990,22576,19222,3354
12105,1991,22394,18642,3752
12105,1992,20708,19060,1648
12105,1993,21660,17286,4374
12105,1994,22415,17851,4564
12105,1995,21272,17970,3302
12105,1996,22496,18057,4439
12105,1997,22516,18321,4195
12105,1998,21990,18926,3064
12105,1999,22169,18581,3588
12105,2000,22738,18839,3899
12105,2001,24553,19902,4651
12105,2002,26076,19141,6935
12105,2003,29352,19816,9536
12105,2004,34005,20989,13016
12105,2005,37468,23760,13708
12105,2006,35621,24538,11083
12105,2007,31441,27908,3533
12105,2008,28949,28220,729
12105,2009,27468,26470,998
12105,2010,30498,27402,3096
12107,1990,3556,2939,617
12107,1991,3302,3008,294
12107,1992,3206,2676,530
12107,1993,3088,2660,428
12107,1994,3166,2771,395
12107,1995,3329,2853,476
12107,1996,3412,3041,371
12107,1997,3467,3078,389
12107,1998,3279,3285,-6
12107,1999,3227,3198,29
12107,2000,3258,3119,139
12107,2001,3443,2921,522
12107,2002,3317,2863,454
12107,2003,3426,2837,589
12107,2004,3629,2952,677
12107,2005,3746,3244,502
12107,2006,3315,3120,195
12107,2007,3232,3523,-291
12107,2008,2979,3440,-461
12107,2009,2860,3001,-141
12107,2010,2855,3166,-311
12109,1990,7467,5523,1944
12109,1991,7349,5674,1675
12109,1992,8126,5416,2710
12109,1993,8090,6030,2060
12109,1994,8076,6102,1974
12109,1995,9281,5682,3599
12109,1996,9853,6112,3741
12109,1997,10219,6611,3608
12109,1998,10116,7283,2833
12109,1999,10938,7015,3923
12109,2000,11710,7198,4512
12109,2001,12328,7642,4686
12109,2002,12810,7744,5066
12109,2003,15662,8084,7578
12109,2004,16007,9379,6628
12109,2005,15790,9958,5832
12109,2006,14068,9186,4882
12109,2007,13905,9433,4472
12109,2008,13182,9824,3358
12109,2009,12939,9236,3703
12109,2010,13532,9770,3762
12111,1990,12299,8821,3478
12111,1991,11802,8829,2973
12111,1992,11237,8753,2484
12111,1993,11195,8725,2470
12111,1994,11520,9204,2316
12111,1995,11205,8778,2427
12111,1996,11475,8872,2603
12111,1997,10741,9085,1656
12111,1998,11226,9100,2126
12111,1999,11408,9254,2154
12111,2000,12547,8854,3693
12111,2001,14242,8816,5426
12111,2002,15982,9352,6630
12111,2003,19935,9770,10165
12111,2004,22672,12275,10397
12111,2005,23220,13627,9593
12111,2006,21974,14096,7878
12111,2007,18726,15346,3380
12111,2008,15240,15462,-222
12111,2009,15652,13119,2533
12111,2010,14831,13550,1281
12113,1990,8753,6092,2661
12113,1991,9773,6375,3398
12113,1992,9764,6746,3018
12113,1993,9924,6946,2978
12113,1994,10443,7075,3368
12113,1995,9897,6975,2922
12113,1996,11074,7683,3391
12113,1997,10533,8093,2440
12113,1998,10235,8283,1952
12113,1999,10236,8273,1963
12113,2000,10498,8224,2274
12113,2001,12817,7282,5535
12113,2002,12135,8201,3934
12113,2003,13221,8748,4473
12113,2004,13505,10060,3445
12113,2005,12434,11296,1138
12113,2006,12258,10600,1658
12113,2007,12400,10452,1948
12113,2008,11523,10626,897
12113,2009,11966,10266,1700
12113,2010,11866,10468,1398
12115,1990,19736,14274,5462
12115,1991,18048,14721,3327
12115,1992,17608,13837,3771
12115,1993,18711,13661,5050
12115,1994,19159,13808,5351
12115,1995,17568,14384,3184
12115,1996,18480,13625,4855
12115,1997,19135,14504,4631
12115,1998,19359,14511,4848
12115,1999,19727,14930,4797
12115,2000,21454,14435,7019
12115,2001,22304,15414,6890
12115,2002,22635,16034,6601
12115,2003,24348,16260,8088
12115,2004,26755,17639,9116
12115,2005,23797,20142,3655
12115,2006,21405,18188,3217
12115,2007,20599,18925,1674
12115,2008,19027,18063,964
12115,2009,19224,16262,2962
12115,2010,19740,16695,3045
12117,1990,30037,24071,5966
12117,1991,28685,24641,4044
12117,1992,28363,24913,3450
12117,1993,28929,25358,3571
12117,1994,28731,26053,2678
12117,1995,27226,25116,2110
12117,1996,29490,25675,3815
12117,1997,29893,26547,3346
12117,1998,30792,27496,3296
12117,1999,31165,28008,3157
12117,2000,30920,28212,2708
12117,2001,32543,28450,4093
12117,2002,31285,30260,1025
12117,2003,32663,30276,2387
12117,2004,35871,29674,6197
12117,2005,34616,33113,1503
12117,2006,29371,32208,-2837
12117,2007,29847,30839,-992
12117,2008,28590,29504,-914
12117,2009,28512,28233,279
12117,2010,29252,29255,-3
12119,1990,2187,1786,401
12119,1991,2124,1732,392
12119,1992,2014,1710,304
12119,1993,2065,1494,571
12119,1994,2319,1639,680
12119,1995,3082,1758,1324
12119,1996,3093,1688,1405
12119,1997,3197,1882,1315
12119,1998,3459,1975,1484
12119,1999,3734,2093,1641
12119,2000,3358,2144,1214
12119,2001,5299,2235,3064
12119,2002,3875,2478,1397
12119,2003,4680,2463,2217
12119,2004,7288,2705,4583
12119,2005,8739,2961,5778
12119,2006,7647,2890,4757
12119,2007,6673,3238,3435
12119,2008,6475,3104,3371
12119,2009,6903,3269,3634
12119,2010,7196,3743,3453
12121,1990,1849,1247,602
12121,1991,1700,1277,423
12121,1992,1770,1237,533
12121,1993,1801,1341,460
12121,1994,2150,1654,496
12121,1995,1980,1223,757
12121,1996,2028,1374,654
12121,1997,2116,1546,570
12121,1998,2080,1651,429
12121,1999,2149,1558,591
12121,2000,1907,1576,331
12121,2001,2008,1575,433
12121,2002,2105,1777,328
12121,2003,2272,1689,583
12121,2004,2536,1802,734
12121,2005,2701,2036,665
12121,2006,2443,1794,649
12121,2007,2308,1957,351
12121,2008,2109,1987,122
12121,2009,1991,2026,-35
12121,2010,2063,1877,186
12123,1990,888,800,88
12123,1991,681,849,-168
12123,1992,706,815,-109
12123,1993,707,762,-55
12123,1994,791,734,57
12123,1995,815,692,123
12123,1996,771,773,-2
12123,1997,843,691,152
12123,1998,876,753,123
12123,1999,666,799,-133
12123,2000,778,769,9
12123,2001,777,757,20
12123,2002,688,637,51
12123,2003,659,679,-20
12123,2004,815,602,213
12123,2005,835,672,163
12123,2006,764,669,95
12123,2007,699,749,-50
12123,2008,709,764,-55
12123,2009,745,755,-10
12123,2010,817,787,30
12125,1990,491,498,-7
12125,1991,528,475,53
12125,1992,590,482,108
12125,1993,544,521,23
12125,1994,558,525,33
12125,1995,661,455,206
12125,1996,629,539,90
12125,1997,611,543,68
12125,1998,731,556,175
12125,1999,665,575,90
12125,2000,701,592,109
12125,2001,687,629,58
12125,2002,721,548,173
12125,2003,716,661,55
12125,2004,663,676,-13
12125,2005,786,679,107
12125,2006,794,707,87
12125,2007,855,732,123
12125,2008,719,645,74
12125,2009,733,679,54
12125,2010,664,806,-142
12127,1990,25149,17465,7684
12127,1991,23187,17088,6099
12127,1992,22546,16408,6138
12127,1993,22073,16440,5633
12127,1994,22082,17595,4487
12127,1995,21456,17270,4186
12127,1996,22759,17540,5219
12127,1997,22913,17572,5341
12127,1998,23486,18168,5318
12127,1999,24189,18307,5882
12127,2000,24390,18305,6085
12127,2001,25572,18377,7195
12127,2002,26158,18984,7174
12127,2003,28707,19035,9672
12127,2004,28814,20349,8465
12127,2005,30032,22774,7258
12127,2006,25724,22310,3414
12127,2007,22695,24320,-1625
12127,2008,21065,22856,-1791
12127,2009,21169,20412,757
12127,2010,22214,21384,830
12129,1990,1180,830,350
12129,1991,1275,886,389
12129,1992,1312,872,440
12129,1993,1362,937,425
12129,1994,1306,859,447
12129,1995,2939,757,2182
12129,1996,1825,854,971
12129,1997,1561,1038,523
12129,1998,1543,1074,469
12129,1999,1447,1151,296
12129,2000,1611,1106,505
12129,2001,1673,1187,486
12129,2002,1658,1233,425
12129,2003,1796,1163,633
12129,2004,1952,1263,689
12129,2005,2022,1361,661
12129,2006,2074,1296,778
12129,2007,2110,1448,662
12129,2008,1932,1467,465
12129,2009,1653,1430,223
12129,2010,1621,1542,79
12131,1990,2044,1436,608
12131,1991,2094,1525,569
12131,1992,2251,1554,697
12131,1993,2230,1505,725
12131,1994,2217,1653,564
12131,1995,2262,1457,805
12131,1996,2433,1509,924
12131,1997,2372,1764,608
12131,1998,2333,1841,492
12131,1999,2439,1805,634
12131,2000,3407,1962,1445
12131,2001,3359,2212,1147
12131,2002,3601,2303,1298
12131,2003,3863,2426,1437
12131,2004,4222,2924,1298
12131,2005,4099,2980,1119
12131,2006,3801,3027,774
12131,2007,3974,3277,697
12131,2008,3799,3201,598
12131,2009,3852,3183,669
12131,2010,3785,3502,283
12133,1990,1057,860,197
12133,1991,1057,992,65
12133,1992,1193,907,286
12133,1993,1139,940,199
12133,1994,1335,1001,334
12133,1995,1150,1001,149
12133,1996,1293,929,364
12133,1997,1172,1219,-47
12133,1998,1343,1071,272
12133,1999,1389,1141,248
12133,2000,1276,1018,258
12133,2001,1193,1114,79
12133,2002,1177,989,188
12133,2003,1305,1030,275
12133,2004,1426,1129,297
12133,2005,1573,1129,444
12133,2006,1369,1123,246
12133,2007,1603,1311,292
12133,2008,1370,1403,-33
12133,2009,1277,1285,-8
12133,2010,1276,1300,-24
13001,1990,749,703,46
13001,1991,774,810,-36
13001,1992,631,729,-98
13001,1993,583,628,-45
13001,1994,660,563,97
13001,1995,668,649,19
13001,1996,688,685,3
13001,1997,678,674,4
13001,1998,629,646,-17
13001,1999,619,703,-84
13001,2000,667,699,-32
13001,2001,679,666,13
13001,2002,629,581,48
13001,2003,622,676,-54
13001,2004,697,737,-40
13001,2005,630,748,-118
13001,2006,724,620,104
13001,2007,824,734,90
13001,2008,680,659,21
13001,2009,712,638,74
13001,2010,681,659,22
13003,1990,298,351,-53
13003,1991,341,353,-12
13003,1992,424,293,131
13003,1993,358,316,42
13003,1994,399,294,105
13003,1995,471,367,104
13003,1996,399,363,36
13003,1997,351,443,-92
13003,1998,406,396,10
13003,1999,343,427,-84
13003,2000,307,413,-106
13003,2001,357,378,-21
13003,2002,358,285,73
13003,2003,317,419,-102
13003,2004,319,358,-39
13003,2005,377,366,11
13003,2006,345,349,-4
13003,2007,395,404,-9
13003,2008,371,448,-77
13003,2009,417,502,-85
13003,2010,368,596,-228
13005,1990,444,449,-5
13005,1991,564,452,112
13005,1992,537,350,187
13005,1993,533,396,137
13005,1994,446,419,27
13005,1995,480,487,-7
13005,1996,393,448,-55
13005,1997,505,468,37
13005,1998,472,471,1
13005,1999,500,447,53
13005,2000,464,528,-64
13005,2001,438,515,-77
13005,2002,498,403,95
13005,2003,469,461,8
13005,2004,357,364,-7
13005,2005,402,400,2
13005,2006,532,389,143
13005,2007,367,429,-62
13005,2008,449,412,37
13005,2009,359,481,-122
13005,2010,495,416,79
13007,1990,198,179,19
13007,1991,177,219,-42
13007,1992,260,154,106
13007,1993,186,208,-22
13007,1994,216,198,18
13007,1995,216,277,-61
13007,1996,253,214,39
13007,1997,197,243,-46
13007,1998,250,233,17
13007,1999,172,232,-60
13007,2000,264,227,37
13007,2001,182,242,-60
13007,2002,386,143,243
13007,2003,231,256,-25
13007,2004,166,185,-19
13007,2005,177,247,-70
13007,2006,133,225,-92
13007,2007,185,156,29
13007,2008,137,199,-62
13007,2009,165,184,-19
13007,2010,167,214,-47
13009,1990,1746,1574,172
13009,1991,1670,1554,116
13009,1992,1788,1500,288
13009,1993,1772,1761,11
13009,1994,1706,1535,171
13009,1995,1615,1448,167
13009,1996,1692,1645,47
13009,1997,1690,1835,-145
13009,1998,1907,1783,124
13009,1999,1751,1748,3
13009,2000,1560,1772,-212
13009,2001,1627,1766,-139
13009,2002,1529,1785,-256
13009,2003,1785,1831,-46
13009,2004,1610,1705,-95
13009,2005,1731,1888,-157
13009,2006,1835,1739,96
13009,2007,1820,1873,-53
13009,2008,1775,1829,-54
13009,2009,1600,1896,-296
13009,2010,1662,2005,-343
13011,1990,665,563,102
13011,1991,699,583,116
13011,1992,799,641,158
13011,1993,776,622,154
13011,1994,682,659,23
13011,1995,1113,801,312
13011,1996,1355,849,506
13011,1997,1441,1197,244
13011,1998,1377,1164,213
13011,1999,1434,1112,322
13011,2000,1290,1097,193
13011,2001,1277,1093,184
13011,2002,1383,1193,190
13011,2003,1420,1256,164
13011,2004,1317,1157,160
13011,2005,1328,1184,144
13011,2006,1341,1056,285
13011,2007,1330,1218,112
13011,2008,1337,1198,139
13011,2009,1175,1137,38
13011,2010,1113,1275,-162
13013,1990,2581,1963,618
13013,1991,2468,1905,563
13013,1992,2482,1808,674
13013,1993,2632,2053,579
13013,1994,2812,2035,777
13013,1995,3311,2192,1119
13013,1996,3156,2302,854
13013,1997,3449,2592,857
13013,1998,3600,2790,810
13013,1999,3886,2878,1008
13013,2000,4248,2940,1308
13013,2001,4782,3026,1756
13013,2002,4605,3207,1398
13013,2003,5477,3401,2076
13013,2004,5390,3372,2018
13013,2005,5930,3507,2423
13013,2006,6216,3828,2388
13013,2007,6237,4338,1899
13013,2008,5072,4109,963
13013,2009,4818,4157,661
13013,2010,4327,4363,-36
13015,1990,3866,2961,905
13015,1991,3718,3045,673
13015,1992,4199,3064,1135
13015,1993,4143,3030,1113
13015,1994,4544,3029,1515
13015,1995,5276,3418,1858
13015,1996,5917,3753,2164
13015,1997,5706,3844,1862
13015,1998,6009,4147,1862
13015,1999,6357,4625,1732
13015,2000,6725,4895,1830
13015,2001,6892,4940,1952
13015,2002,6364,5026,1338
13015,2003,5963,5152,811
13015,2004,5731,4718,1013
13015,2005,6157,4954,1203
13015,2006,6193,4828,1365
13015,2007,6527,5204,1323
13015,2008,5615,5451,164
13015,2009,4919,5264,-345
13015,2010,5153,5262,-109
13017,1990,839,650,189
13017,1991,679,715,-36
13017,1992,802,724,78
13017,1993,916,723,193
13017,1994,878,722,156
13017,1995,767,815,-48
13017,1996,808,861,-53
13017,1997,790,789,1
13017,1998,755,847,-92
13017,1999,814,918,-104
13017,2000,681,922,-241
13017,2001,722,859,-137
13017,2002,668,842,-174
13017,2003,777,754,23
13017,2004,809,851,-42
13017,2005,777,669,108
13017,2006,858,821,37
13017,2007,823,1031,-208
13017,2008,788,931,-143
13017,2009,768,686,82
13017,2010,845,892,-47
13019,1990,911,859,52
13019,1991,929,873,56
13019,1992,1126,903,223
13019,1993,1111,905,206
13019,1994,1086,930,156
13019,1995,996,885,111
13019,1996,958,885,73
13019,1997,1140,898,242
13019,1998,1108,1005,103
13019,1999,1071,929,142
13019,2000,982,1116,-134
13019,2001,1121,1014,107
13019,2002,978,902,76
13019,2003,1031,987,44
13019,2004,1066,950,116
13019,2005,1017,1057,-40
13019,2006,1033,974,59
13019,2007,1381,1075,306
13019,2008,1023,1103,-80
13019,2009,1138,1040,98
13019,2010,1053,1055,-2
13021,1990,7005,6837,168
13021,1991,6591,6831,-240
13021,1992,7229,6595,634
13021,1993,7273,7334,-61
13021,1994,7078,7643,-565
13021,1995,6977,6962,15
13021,1996,7057,7148,-91
13021,1997,6781,8485,-1704
13021,1998,6553,7976,-1423
13021,1999,6647,7876,-1229
13021,2000,6465,7537,-1072
13021,2001,6855,7499,-644
13021,2002,6340,7312,-972
13021,2003,6654,7124,-470
13021,2004,6773,7607,-834
13021,2005,7186,7500,-314
13021,2006,6452,7526,-1074
13021,2007,6922,7728,-806
13021,2008,6720,6981,-261
13021,2009,6480,7089,-609
13021,2010,6894,7640,-746
13023,1990,468,424,44
13023,1991,441,434,7
13023,1992,433,429,4
13023,1993,462,429,33
13023,1994,498,402,96
13023,1995,443,520,-77
13023,1996,562,431,131
13023,1997,533,499,34
13023,1998,607,490,117
13023,1999,581,530,51
13023,2000,492,542,-50
13023,2001,576,513,63
13023,2002,522,541,-19
13023,2003,555,506,49
13023,2004,575,495,80
13023,2005,559,472,87
13023,2006,488,418,70
13023,2007,544,475,69
13023,2008,482,491,-9
13023,2009,566,510,56
13023,2010,550,418,132
13025,1990,558,527,31
13025,1991,604,440,164
13025,1992,755,694,61
13025,1993,712,430,282
13025,1994,709,549,160
13025,1995,867,620,247
13025,1996,1076,758,318
13025,1997,979,750,229
13025,1998,1207,841,366
13025,1999,1127,870,257
13025,2000,1001,803,198
13025,2001,1063,823,240
13025,2002,970,844,126
13025,2003,1028,965,63
13025,2004,859,856,3
13025,2005,959,786,173
13025,2006,870,766,104
13025,2007,898,792,106
13025,2008,958,821,137
13025,2009,938,804,134
13025,2010,861,841,20
13027,1990,734,705,29
13027,1991,741,808,-67
13027,1992,851,770,81
13027,1993,679,840,-161
13027,1994,700,734,-34
13027,1995,958,1019,-61
13027,1996,2115,1270,845
13027,1997,1594,1459,135
13027,1998,1627,1428,199
13027,1999,1424,1327,97
13027,2000,1480,1571,-91
13027,2001,1472,1541,-69
13027,2002,1404,1484,-80
13027,2003,1644,1543,101
13027,2004,874,919,-45
13027,2005,1082,974,108
13027,2006,1017,993,24
13027,2007,1020,990,30
13027,2008,931,1006,-75
13027,2009,862,961,-99
13027,2010,957,1060,-103
13029,1990,1670,1199,471
13029,1991,1983,1105,878
13029,1992,2458,1443,1015
13029,1993,2430,1540,890
13029,1994,2415,1407,1008
13029,1995,2640,1907,733
13029,1996,2575,2010,565
13029,1997,2285,2215,70
13029,1998,2859,2180,679
13029,1999,2588,2312,276
13029,2000,2737,2184,553
13029,2001,2924,2252,672
13029,2002,3122,2253,869
13029,2003,3408,2267,1141
13029,2004,3289,2503,786
13029,2005,3224,2450,774
13029,2006,4021,3072,949
13029,2007,3635,2628,1007
13029,2008,3984,2976,1008
13029,2009,3808,3241,567
13029,2010,3798,3006,792
13031,1990,1932,1548,384
13031,1991,2097,1489,608
13031,1992,2275,1712,563
13031,1993,2371,1804,567
13031,1994,2373,2093,280
13031,1995,2538,2103,435
13031,1996,2366,2139,227
13031,1997,2579,2281,298
13031,1998,2356,2402,-46
13031,1999,2510,2378,132
13031,2000,2549,2423,126
13031,2001,2434,2465,-31
13031,2002,2626,2150,476
13031,2003,2975,2428,547
13031,2004,3202,2701,501
13031,2005,3324,2857,467
13031,2006,3302,2940,362
13031,2007,3467,3002,465
13031,2008,3353,3189,164
13031,2009,3341,3179,162
13031,2010,3700,3860,-160
13033,1990,906,978,-72
13033,1991,994,839,155
13033,1992,963,892,71
13033,1993,856,892,-36
13033,1994,864,951,-87
13033,1995,1913,2163,-250
13033,1996,1706,779,927
13033,1997,1416,1192,224
13033,1998,1334,1084,250
13033,1999,1332,1225,107
13033,2000,1374,1253,121
13033,2001,1356,1396,-40
13033,2002,1310,1291,19
13033,2003,1361,1319,42
13033,2004,1042,1053,-11
13033,2005,915,1135,-220
13033,2006,1102,1021,81
13033,2007,1184,1156,28
13033,2008,1038,1147,-109
13033,2009,1061,1053,8
13033,2010,1199,1282,-83
13035,1990,798,767,31
13035,1991,887,830,57
13035,1992,1025,743,282
13035,1993,1012,819,193
13035,1994,1186,777,409
13035,1995,1320,912,408
13035,1996,1509,915,594
13035,1997,1401,970,431
13035,1998,1451,1017,434
13035,1999,1662,1036,626
13035,2000,1650,1090,560
13035,2001,1918,1147,771
13035,2002,1797,1330,467
13035,2003,1580,1460,120
13035,2004,1524,1235,289
13035,2005,1853,1576,277
13035,2006,1664,1353,311
13035,2007,1928,1455,473
13035,2008,1510,1459,51
13035,2009,1425,1449,-24
13035,2010,1282,1413,-131
13037,1990,302,324,-22
13037,1991,252,394,-142
13037,1992,359,288,71
13037,1993,283,312,-29
13037,1994,260,284,-24
13037,1995,240,347,-107
13037,1996,460,245,215
13037,1997,230,295,-65
13037,1998,296,356,-60
13037,1999,255,271,-16
13037,2000,255,315,-60
13037,2001,266,251,15
13037,2002,242,482,-240
13037,2003,212,272,-60
13037,2004,225,304,-79
13037,2005,224,288,-64
13037,2006,202,241,-39
13037,2007,235,270,-35
13037,2008,260,251,9
13037,2009,233,254,-21
13037,2010,196,230,-34
13039,1990,5083,3107,1976
13039,1991,5550,3547,2003
13039,1992,5354,4181,1173
13039,1993,5425,4415,1010
13039,1994,4666,5548,-882
13039,1995,5277,4366,911
13039,1996,5767,4263,1504
13039,1997,5364,4746,618
13039,1998,4159,4882,-723
13039,1999,4592,4746,-154
13039,2000,4733,4759,-26
13039,2001,4955,5036,-81
13039,2002,5146,5485,-339
13039,2003,4847,4317,530
13039,2004,5017,4975,42
13039,2005,5094,5620,-526
13039,2006,5491,4517,974
13039,2007,4993,4932,61
13039,2008,4521,4812,-291
13039,2009,4286,4385,-99
13039,2010,3997,4740,-743
13043,1990,421,314,107
13043,1991,400,352,48
13043,1992,473,341,132
13043,1993,483,406,77
13043,1994,496,383,113
13043,1995,479,449,30
13043,1996,624,426,198
13043,1997,665,500,165
13043,1998,519,662,-143
13043,1999,469,503,-34
13043,2000,425,536,-111
13043,2001,556,394,162
13043,2002,530,435,95
13043,2003,562,529,33
13043,2004,503,472,31
13043,2005,609,489,120
13043,2006,594,507,87
13043,2007,550,545,5
13043,2008,617,554,63
13043,2009,555,536,19
13043,2010,651,635,16
13045,1990,4227,3888,339
13045,1991,3871,3715,156
13045,1992,3859,3537,322
13045,1993,4062,3321,741
13045,1994,4028,3480,548
13045,1995,4103,3657,446
13045,1996,4688,3358,1330
13045,1997,4562,3602,960
13045,1998,4818,3867,951
13045,1999,5663,3840,1823
13045,2000,6315,4087,2228
13045,2001,6637,4489,2148
13045,2002,6928,4536,2392
13045,2003,6579,4996,1583
13045,2004,6605,4896,1709
13045,2005,6798,5275,1523
13045,2006,6959,5263,1696
13045,2007,6660,5942,718
13045,2008,5734,6065,-331
13045,2009,5744,5823,-79
13045,2010,5909,6109,-200
13047,1990,2921,2672,249
13047,1991,3161,2751,410
13047,1992,3144,2767,377
13047,1993,3349,2667,682
13047,1994,3705,2799,906
13047,1995,3317,2995,322
13047,1996,3758,2828,930
13047,1997,3826,2961,865
13047,1998,4017,3076,941
13047,1999,4271,3184,1087
13047,2000,4018,3299,719
13047,2001,4395,3291,1104
13047,2002,4387,3255,1132
13047,2003,4546,3401,1145
13047,2004,4297,3583,714
13047,2005,4371,3512,859
13047,2006,4314,3474,840
13047,2007,4040,3534,506
13047,2008,4049,3474,575
13047,2009,3726,3541,185
13047,2010,3768,3340,428
13049,1990,439,441,-2
13049,1991,542,422,120
13049,1992,568,485,83
13049,1993,524,420,104
13049,1994,467,509,-42
13049,1995,434,397,37
13049,1996,469,495,-26
13049,1997,544,452,92
13049,1998,488,483,5
13049,1999,411,496,-85
13049,2000,516,439,77
13049,2001,500,457,43
13049,2002,544,448,96
13049,2003,488,548,-60
13049,2004,523,498,25
13049,2005,552,546,6
13049,2006,573,539,34
13049,2007,527,477,50
13049,2008,463,565,-102
13049,2009,410,514,-104
13049,2010,453,471,-18
13051,1990,11626,11439,187
13051,1991,12632,11171,1461
13051,1992,12972,12766,206
13051,1993,12168,13164,-996
13051,1994,11875,12765,-890
13051,1995,11795,13110,-1315
13051,1996,11870,13066,-1196
13051,1997,11625,13129,-1504
13051,1998,12587,13634,-1047
13051,1999,12187,13700,-1513
13051,2000,12463,13533,-1070
13051,2001,12551,13157,-606
13051,2002,11934,13141,-1207
13051,2003,13105,12377,728
13051,2004,13064,14479,-1415
13051,2005,14308,13069,1239
13051,2006,15886,14457,1429
13051,2007,14770,14675,95
13051,2008,16695,14202,2493
13051,2009,15280,15689,-409
13051,2010,17866,15493,2373
13053,1990,4233,4337,-104
13053,1991,4611,4413,198
13053,1992,5373,6126,-753
13053,1993,4527,5136,-609
13053,1994,4276,5582,-1306
13053,1995,258,254,4
13053,1996,242,234,8
13053,1997,218,250,-32
13053,1998,247,233,14
13053,1999,258,231,27
13053,2000,249,252,-3
13053,2001,210,244,-34
13053,2002,193,234,-41
13053,2003,216,221,-5
13053,2004,2330,3306,-976
13053,2005,1996,2795,-799
13053,2006,3481,3416,65
13053,2007,3509,3929,-420
13053,2008,3176,2811,365
13053,2009,2099,3244,-1145
13053,2010,2615,2267,348
13055,1990,966,849,117
13055,1991,874,899,-25
13055,1992,974,855,119
13055,1993,946,801,145
13055,1994,1029,910,119
13055,1995,847,813,34
13055,1996,872,883,-11
13055,1997,742,908,-166
13055,1998,932,847,85
13055,1999,935,906,29
13055,2000,1085,851,234
13055,2001,1003,861,142
13055,2002,956,746,210
13055,2003,943,916,27
13055,2004,865,872,-7
13055,2005,930,921,9
13055,2006,1117,900,217
13055,2007,890,1028,-138
13055,2008,795,940,-145
13055,2009,842,875,-33
13055,2010,785,1015,-230
13057,1990,8465,5325,3140
13057,1991,8806,5944,2862
13057,1992,9867,6720,3147
13057,1993,10016,6502,3514
13057,1994,10703,6639,4064
13057,1995,12098,7673,4425
13057,1996,12333,8557,3776
13057,1997,13593,8548,5045
13057,1998,14381,9312,5069
13057,1999,14852,10211,4641
13057,2000,15257,10113,5144
13057,2001,15769,10811,4958
13057,2002,15097,10816,4281
13057,2003,15733,11125,4608
13057,2004,16021,10339,5682
13057,2005,17426,10588,6838
13057,2006,17007,11080,5927
13057,2007,15420,11873,3547
13057,2008,12842,10523,2319
13057,2009,11776,10615,1161
13057,2010,12001,10973,1028
13059,1990,5809,6182,-373
13059,1991,5877,6310,-433
13059,1992,6300,6313,-13
13059,1993,7152,6376,776
13059,1994,6785,7413,-628
13059,1995,6648,6866,-218
13059,1996,6731,6863,-132
13059,1997,6471,7114,-643
13059,1998,6747,7217,-470
13059,1999,7112,7303,-191
13059,2000,7238,7392,-154
13059,2001,7019,7370,-351
13059,2002,7073,7629,-556
13059,2003,6911,7486,-575
13059,2004,6400,7224,-824
13059,2005,6939,7054,-115
13059,2006,7163,7196,-33
13059,2007,7109,7653,-544
13059,2008,7163,7996,-833
13059,2009,6095,7687,-1592
13059,2010,6430,7545,-1115
13061,1990,0,0,0
13061,1991,0,0,0
13061,1992,155,141,14
13061,1993,145,125,20
13061,1994,159,164,-5
13061,1995,172,197,-25
13061,1996,224,177,47
13061,1997,162,170,-8
13061,1998,146,156,-10
13061,1999,151,156,-5
13061,2000,143,118,25
13061,2001,152,174,-22
13061,2002,187,167,20
13061,2003,158,172,-14
13061,2004,123,150,-27
13061,2005,113,149,-36
13061,2006,134,133,1
13061,2007,154,132,22
13061,2008,121,143,-22
13061,2009,125,141,-16
13061,2010,142,141,1
13063,1990,18347,18612,-265
13063,1991,19155,18730,425
13063,1992,19884,18972,912
13063,1993,20698,19438,1260
13063,1994,21178,20206,972
13063,1995,20786,20084,702
13063,1996,21110,21198,-88
13063,1997,24416,21258,3158
13063,1998,23859,22482,1377
13063,1999,25513,22805,2708
13063,2000,25766,22643,3123
13063,2001,24757,24757,0
13063,2002,24848,24128,720
13063,2003,24736,24867,-131
13063,2004,23285,24219,-934
13063,2005,25913,25473,440
13063,2006,24668,25088,-420
13063,2007,25721,26020,-299
13063,2008,24657,28149,-3492
13063,2009,24912,26912,-2000
13063,2010,26739,27637,-898
13065,1990,213,172,41
13065,1991,194,228,-34
13065,1992,278,211,67
13065,1993,257,225,32
13065,1994,228,249,-21
13065,1995,268,226,42
13065,1996,225,233,-8
13065,1997,258,255,3
13065,1998,250,261,-11
13065,1999,233,319,-86
13065,2000,237,278,-41
13065,2001,224,251,-27
13065,2002,246,206,40
13065,2003,198,242,-44
13065,2004,235,223,12
13065,2005,145,268,-123
13065,2006,240,241,-1
13065,2007,266,229,37
13065,2008,257,262,-5
13065,2009,251,268,-17
13065,2010,266,328,-62
13067,1990,43674,38414,5260
13067,1991,45354,38894,6460
13067,1992,46051,39977,6074
13067,1993,46650,40378,6272
13067,1994,48252,40798,7454
13067,1995,47141,42515,4626
13067,1996,49579,44027,5552
13067,1997,51030,45312,5718
13067,1998,53842,46736,7106
13067,1999,61409,47638,13771
13067,2000,55438,49038,6400
13067,2001,52465,50314,2151
13067,2002,57796,49522,8274
13067,2003,49585,49339,246
13067,2004,62116,48521,13595
13067,2005,56521,49401,7120
13067,2006,63474,48735,14739
13067,2007,60145,48621,11524
13067,2008,46402,46655,-253
13067,2009,42776,44609,-1833
13067,2010,45236,46008,-772
13069,1990,1322,1289,33
13069,1991,1559,1225,334
13069,1992,1454,1286,168
13069,1993,1639,1228,411
13069,1994,1538,1288,250
13069,1995,1538,1361,177
13069,1996,1680,1403,277
13069,1997,1558,1492,66
13069,1998,1792,1488,304
13069,1999,1568,1421,147
13069,2000,1471,1591,-120
13069,2001,1510,1575,-65
13069,2002,1300,1400,-100
13069,2003,1309,1487,-178
13069,2004,1396,1326,70
13069,2005,1519,1477,42
13069,2006,1420,1443,-23
13069,2007,1522,1548,-26
13069,2008,1438,1572,-134
13069,2009,1388,1598,-210
13069,2010,1472,1511,-39
13071,1990,1278,1361,-83
13071,1991,1484,1344,140
13071,1992,1398,1476,-78
13071,1993,1450,1347,103
13071,1994,1557,1360,197
13071,1995,1548,1277,271
13071,1996,1631,1292,339
13071,1997,1633,1410,223
13071,1998,1586,1507,79
13071,1999,1514,1557,-43
13071,2000,1504,1669,-165
13071,2001,1570,1617,-47
13071,2002,1449,1604,-155
13071,2003,1459,1346,113
13071,2004,1372,1423,-51
13071,2005,1666,1366,300
13071,2006,1500,1412,88
13071,2007,1779,1583,196
13071,2008,1457,1529,-72
13071,2009,1686,1519,167
13071,2010,1753,1794,-41
13073,1990,7982,5850,2132
13073,1991,7697,5962,1735
13073,1992,8049,5644,2405
13073,1993,8065,5909,2156
13073,1994,7931,5606,2325
13073,1995,8161,7157,1004
13073,1996,8221,6803,1418
13073,1997,8325,7151,1174
13073,1998,8478,7048,1430
13073,1999,8500,7252,1248
13073,2000,8372,7198,1174
13073,2001,9104,7005,2099
13073,2002,9025,7274,1751
13073,2003,9982,7094,2888
13073,2004,9384,7065,2319
13073,2005,10199,7334,2865
13073,2006,9858,7188,2670
13073,2007,9247,7753,1494
13073,2008,9584,7682,1902
13073,2009,9684,7481,2203
13073,2010,10858,8540,2318
13075,1990,625,625,0
13075,1991,650,730,-80
13075,1992,885,602,283
13075,1993,683,617,66
13075,1994,771,677,94
13075,1995,865,746,119
13075,1996,953,760,193
13075,1997,1001,752,249
13075,1998,912,812,100
13075,1999,897,773,124
13075,2000,840,809,31
13075,2001,830,851,-21
13075,2002,841,826,15
13075,2003,855,869,-14
13075,2004,851,718,133
13075,2005,900,888,12
13075,2006,897,765,132
13075,2007,1042,947,95
13075,2008,838,888,-50
13075,2009,1005,853,152
13075,2010,904,975,-71
13077,1990,4470,2701,1769
13077,1991,4734,2591,2143
13077,1992,5076,2846,2230
13077,1993,5683,2813,2870
13077,1994,6234,3224,3010
13077,1995,6188,3475,2713
13077,1996,6587,3616,2971
13077,1997,6716,3954,2762
13077,1998,7130,4367,2763
13077,1999,7117,4948,2169
13077,2000,7195,4940,2255
13077,2001,7306,5167,2139
13077,2002,7478,5477,2001
13077,2003,7507,5377,2130
13077,2004,7988,5354,2634
13077,2005,9120,5748,3372
13077,2006,8710,6189,2521
13077,2007,8917,6181,2736
13077,2008,8124,6361,1763
13077,2009,7252,6478,774
13077,2010,8037,9790,-1753
13079,1990,399,312,87
13079,1991,396,391,5
13079,1992,494,363,131
13079,1993,447,352,95
13079,1994,458,406,52
13079,1995,865,596,269
13079,1996,1285,681,604
13079,1997,927,1221,-294
13079,1998,646,858,-212
13079,1999,624,696,-72
13079,2000,663,616,47
13079,2001,627,568,59
13079,2002,773,759,14
13079,2003,901,733,168
13079,2004,768,768,0
13079,2005,735,769,-34
13079,2006,679,720,-41
13079,2007,775,757,18
13079,2008,625,813,-188
13079,2009,652,668,-16
13079,2010,695,635,60
13081,1990,992,769,223
13081,1991,779,914,-135
13081,1992,874,941,-67
13081,1993,899,775,124
13081,1994,832,892,-60
13081,1995,910,848,62
13081,1996,822,1004,-182
13081,1997,887,817,70
13081,1998,857,978,-121
13081,1999,847,940,-93
13081,2000,908,883,25
13081,2001,785,942,-157
13081,2002,804,1030,-226
13081,2003,806,959,-153
13081,2004,841,952,-111
13081,2005,974,960,14
13081,2006,1033,994,39
13081,2007,1041,988,53
13081,2008,995,998,-3
13081,2009,874,1017,-143
13081,2010,1130,1168,-38
13083,1990,664,670,-6
13083,1991,641,715,-74
13083,1992,688,669,19
13083,1993,712,590,122
13083,1994,728,584,144
13083,1995,759,635,124
13083,1996,802,747,55
13083,1997,969,669,300
13083,1998,912,728,184
13083,1999,929,802,127
13083,2000,933,759,174
13083,2001,921,765,156
13083,2002,890,768,122
13083,2003,795,737,58
13083,2004,860,758,102
13083,2005,858,785,73
13083,2006,833,778,55
13083,2007,880,828,52
13083,2008,774,756,18
13083,2009,709,712,-3
13083,2010,756,717,39
13085,1990,813,603,210
13085,1991,852,621,231
13085,1992,979,610,369
13085,1993,1113,611,502
13085,1994,1305,639,666
13085,1995,1298,711,587
13085,1996,1337,748,589
13085,1997,1423,835,588
13085,1998,1655,995,660
13085,1999,1802,1010,792
13085,2000,1661,1224,437
13085,2001,1766,1300,466
13085,2002,1838,1200,638
13085,2003,1662,1326,336
13085,2004,1631,1184,447
13085,2005,1825,1207,618
13085,2006,1824,1273,551
13085,2007,1629,1355,274
13085,2008,1586,1339,247
13085,2009,1436,1376,60
13085,2010,1395,1387,8
13087,1990,1181,1112,69
13087,1991,1189,1188,1
13087,1992,1204,1152,52
13087,1993,1110,1139,-29
13087,1994,2806,1145,1661
13087,1995,9530,2064,7466
13087,1996,1178,10489,-9311
13087,1997,1282,1178,104
13087,1998,1105,1197,-92
13087,1999,1145,1218,-73
13087,2000,1049,1256,-207
13087,2001,1085,1173,-88
13087,2002,1078,1065,13
13087,2003,1188,1102,86
13087,2004,1055,1134,-79
13087,2005,1279,1152,127
13087,2006,1148,1131,17
13087,2007,1223,1236,-13
13087,2008,1114,1132,-18
13087,2009,1016,1078,-62
13087,2010,1033,1131,-98
13089,1990,52512,52507,5
13089,1991,52929,54000,-1071
13089,1992,55041,54959,82
13089,1993,56196,56181,15
13089,1994,55233,57969,-2736
13089,1995,50831,53772,-2941
13089,1996,50633,55644,-5011
13089,1997,52317,60528,-8211
13089,1998,53526,58560,-5034
13089,1999,54025,59457,-5432
13089,2000,52315,61188,-8873
13089,2001,51378,62630,-11252
13089,2002,49785,60872,-11087
13089,2003,50611,60250,-9639
13089,2004,49856,57316,-7460
13089,2005,54274,58087,-3813
13089,2006,52752,58466,-5714
13089,2007,53848,58125,-4277
13089,2008,52635,57230,-4595
13089,2009,51607,57456,-5849
13089,2010,55247,59226,-3979
13091,1990,715,581,134
13091,1991,617,798,-181
13091,1992,763,605,158
13091,1993,676,804,-128
13091,1994,655,659,-4
13091,1995,763,579,184
13091,1996,572,505,67
13091,1997,612,602,10
13091,1998,622,621,1
13091,1999,610,660,-50
13091,2000,596,643,-47
13091,2001,583,616,-33
13091,2002,573,543,30
13091,2003,631,642,-11
13091,2004,636,662,-26
13091,2005,751,668,83
13091,2006,677,696,-19
13091,2007,689,756,-67
13091,2008,675,742,-67
13091,2009,689,691,-2
13091,2010,696,728,-32
13093,1990,394,399,-5
13093,1991,462,442,20
13093,1992,545,439,106
13093,1993,397,465,-68
13093,1994,468,368,100
13093,1995,689,532,157
13093,1996,619,593,26
13093,1997,538,645,-107
13093,1998,565,612,-47
13093,1999,521,632,-111
13093,2000,538,553,-15
13093,2001,518,609,-91
13093,2002,529,604,-75
13093,2003,523,650,-127
13093,2004,626,626,0
13093,2005,590,720,-130
13093,2006,470,603,-133
13093,2007,503,530,-27
13093,2008,464,572,-108
13093,2009,441,496,-55
13093,2010,478,519,-41
13095,1990,5512,6060,-548
13095,1991,5878,5629,249
13095,1992,5532,6284,-752
13095,1993,5388,6179,-791
13095,1994,5307,6625,-1318
13095,1995,5313,6216,-903
13095,1996,5286,6411,-1125
13095,1997,5107,6358,-1251
13095,1998,4965,6440,-1475
13095,1999,4813,6033,-1220
13095,2000,4783,5735,-952
13095,2001,4806,5536,-730
13095,2002,4756,5523,-767
13095,2003,4846,5402,-556
13095,2004,4603,5288,-685
13095,2005,4777,5799,-1022
13095,2006,4679,5122,-443
13095,2007,4659,5382,-723
13095,2008,4603,5213,-610
13095,2009,4524,5225,-701
13095,2010,4644,5352,-708
13097,1990,6010,5156,854
13097,1991,6360,5468,892
13097,1992,6843,5207,1636
13097,1993,7130,5268,1862
13097,1994,7461,5771,1690
13097,1995,6904,5584,1320
13097,1996,6849,5868,981
13097,1997,8107,5863,2244
13097,1998,7691,6908,783
13097,1999,7780,7192,588
13097,2000,8786,7240,1546
13097,2001,9096,7620,1476
13097,2002,9705,7676,2029
13097,2003,11194,7833,3361
13097,2004,12152,8306,3846
13097,2005,13225,8787,4438
13097,2006,13650,10104,3546
13097,2007,12850,10793,2057
13097,2008,11430,10972,458
13097,2009,10499,10342,157
13097,2010,10626,10637,-11
13099,1990,514,514,0
13099,1991,571,510,61
13099,1992,456,537,-81
13099,1993,432,485,-53
13099,1994,430,497,-67
13099,1995,637,614,23
13099,1996,645,686,-41
13099,1997,418,444,-26
13099,1998,458,528,-70
13099,1999,387,445,-58
13099,2000,381,480,-99
13099,2001,405,523,-118
13099,2002,565,543,22
13099,2003,421,529,-108
13099,2004,427,491,-64
13099,2005,430,460,-30
13099,2006,352,496,-144
13099,2007,389,509,-120
13099,2008,395,443,-48
13099,2009,353,378,-25
13099,2010,352,466,-114
13101,1990,104,121,-17
13101,1991,97,118,-21
13101,1992,135,125,10
13101,1993,100,123,-23
13101,1994,100,86,14
13101,1995,215,124,91
13101,1996,175,180,-5
13101,1997,170,134,36
13101,1998,184,82,102
13101,1999,173,156,17
13101,2000,175,173,2
13101,2001,153,182,-29
13101,2002,162,132,30
13101,2003,180,168,12
13101,2004,166,172,-6
13101,2005,142,162,-20
13101,2006,165,182,-17
13101,2007,178,187,-9
13101,2008,167,139,28
13101,2009,188,235,-47
13101,2010,200,207,-7
13103,1990,1633,1421,212
13103,1991,1947,1489,458
13103,1992,2188,1431,757
13103,1993,3081,1404,1677
13103,1994,2366,1488,878
13103,1995,2412,1449,963
13103,1996,2694,1479,1215
13103,1997,2565,1634,931
13103,1998,3016,1824,1192
13103,1999,2622,1908,714
13103,2000,2843,1858,985
13103,2001,2864,1824,1040
13103,2002,3170,2083,1087
13103,2003,3199,2021,1178
13103,2004,3941,2274,1667
13103,2005,4062,2647,1415
13103,2006,4150,2601,1549
13103,2007,3607,2888,719
13103,2008,3751,2847,904
13103,2009,3398,2981,417
13103,2010,3345,3273,72
13105,1990,679,681,-2
13105,1991,686,770,-84
13105,1992,708,659,49
13105,1993,695,648,47
13105,1994,648,565,83
13105,1995,691,604,87
13105,1996,612,702,-90
13105,1997,655,592,63
13105,1998,647,693,-46
13105,1999,644,666,-22
13105,2000,685,627,58
13105,2001,665,642,23
13105,2002,693,725,-32
13105,2003,711,601,110
13105,2004,627,710,-83
13105,2005,718,735,-17
13105,2006,706,761,-55
13105,2007,719,802,-83
13105,2008,716,835,-119
13105,2009,656,822,-166
13105,2010,666,809,-143
13107,1990,814,859,-45
13107,1991,965,975,-10
13107,1992,920,858,62
13107,1993,844,841,3
13107,1994,827,931,-104
13107,1995,921,909,12
13107,1996,841,889,-48
13107,1997,788,849,-61
13107,1998,881,955,-74
13107,1999,834,943,-109
13107,2000,771,904,-133
13107,2001,751,975,-224
13107,2002,778,842,-64
13107,2003,725,810,-85
13107,2004,829,872,-43
13107,2005,890,814,76
13107,2006,814,927,-113
13107,2007,957,885,72
13107,2008,966,1063,-97
13107,2009,890,808,82
13107,2010,847,935,-88
13109,1990,421,426,-5
13109,1991,473,401,72
13109,1992,565,408,157
13109,1993,486,436,50
13109,1994,542,493,49
13109,1995,533,469,64
13109,1996,541,430,111
13109,1997,644,500,144
13109,1998,558,453,105
13109,1999,607,458,149
13109,2000,587,550,37
13109,2001,616,478,138
13109,2002,537,474,63
13109,2003,508,613,-105
13109,2004,428,458,-30
13109,2005,487,542,-55
13109,2006,537,514,23
13109,2007,556,565,-9
13109,2008,580,610,-30
13109,2009,513,576,-63
13109,2010,603,604,-1
13111,1990,712,537,175
13111,1991,849,535,314
13111,1992,699,700,-1
13111,1993,868,512,356
13111,1994,1003,603,400
13111,1995,915,578,337
13111,1996,932,631,301
13111,1997,1061,651,410
13111,1998,1091,725,366
13111,1999,1128,697,431
13111,2000,1106,776,330
13111,2001,1176,687,489
13111,2002,1085,790,295
13111,2003,1068,738,330
13111,2004,1089,908,181
13111,2005,1205,754,451
13111,2006,1105,798,307
13111,2007,1003,906,97
13111,2008,1139,902,237
13111,2009,901,937,-36
13111,2010,981,936,45
13113,1990,6182,4075,2107
13113,1991,6687,4375,2312
13113,1992,6813,4711,2102
13113,1993,7252,4677,2575
13113,1994,7244,4918,2326
13113,1995,7492,5188,2304
13113,1996,7961,5601,2360
13113,1997,8359,5807,2552
13113,1998,8860,6167,2693
13113,1999,8513,6264,2249
13113,2000,8005,6376,1629
13113,2001,7606,6429,1177
13113,2002,8072,6516,1556
13113,2003,8426,6775,1651
13113,2004,8788,6525,2263
13113,2005,8807,7335,1472
13113,2006,8064,7111,953
13113,2007,7771,7227,544
13113,2008,6472,6238,234
13113,2009,7435,5848,1587
13113,2010,6954,6597,357
13115,1990,3129,3099,30
13115,1991,3258,3097,161
13115,1992,3389,3063,326
13115,1993,3389,3211,178
13115,1994,3548,3318,230
13115,1995,3422,3109,313
13115,1996,3327,3278,49
13115,1997,3216,3199,17
13115,1998,3167,3196,-29
13115,1999,3517,3177,340
13115,2000,3308,3515,-207
13115,2001,3823,3224,599
13115,2002,3698,3498,200
13115,2003,4007,3639,368
13115,2004,3373,4137,-764
13115,2005,3570,3382,188
13115,2006,3508,3456,52
13115,2007,3578,3659,-81
13115,2008,3370,3465,-95
13115,2009,2976,3331,-355
13115,2010,2981,3631,-650
13117,1990,4234,2720,1514
13117,1991,4640,2819,1821
13117,1992,5404,3123,2281
13117,1993,6574,3229,3345
13117,1994,7534,3563,3971
13117,1995,9662,4124,5538
13117,1996,9935,4553,5382
13117,1997,15105,3991,11114
13117,1998,14158,5954,8204
13117,1999,12568,6768,5800
13117,2000,13501,7262,6239
13117,2001,13283,8004,5279
13117,2002,11392,6831,4561
13117,2003,12262,7423,4839
13117,2004,12712,7503,5209
13117,2005,14159,8031,6128
13117,2006,14415,7708,6707
13117,2007,14079,7622,6457
13117,2008,11471,7878,3593
13117,2009,10727,8009,2718
13117,2010,10836,7792,3044
13119,1990,916,815,101
13119,1991,956,777,179
13119,1992,994,770,224
13119,1993,1132,865,267
13119,1994,1177,794,383
13119,1995,1216,889,327
13119,1996,1295,999,296
13119,1997,1314,917,397
13119,1998,1178,1015,163
13119,1999,1296,1082,214
13119,2000,1414,1028,386
13119,2001,1306,1161,145
13119,2002,1350,1069,281
13119,2003,1332,1119,213
13119,2004,1247,1029,218
13119,2005,1332,1240,92
13119,2006,1334,1240,94
13119,2007,1214,1229,-15
13119,2008,1237,1263,-26
13119,2009,1077,1216,-139
13119,2010,1138,1326,-188
13121,1990,55988,56777,-789
13121,1991,60056,58704,1352
13121,1992,61555,58961,2594
13121,1993,65172,60375,4797
13121,1994,63478,62013,1465
13121,1995,60853,56240,4613
13121,1996,61062,60903,159
13121,1997,68248,67970,278
13121,1998,68412,69893,-1481
13121,1999,66495,71079,-4584
13121,2000,64621,69117,-4496
13121,2001,61206,71215,-10009
13121,2002,61870,69949,-8079
13121,2003,63203,69421,-6218
13121,2004,67179,67165,14
13121,2005,75599,64777,10822
13121,2006,73953,66425,7528
13121,2007,76912,70662,6250
13121,2008,100925,69015,31910
13121,2009,77358,70128,7230
13121,2010,79537,76847,2690
13123,1990,879,567,312
13123,1991,791,571,220
13123,1992,928,623,305
13123,1993,1031,740,291
13123,1994,1242,755,487
13123,1995,1289,672,617
13123,1996,1595,734,861
13123,1997,1445,954,491
13123,1998,1641,907,734
13123,1999,1731,929,802
13123,2000,1431,1140,291
13123,2001,1464,997,467
13123,2002,1446,1073,373
13123,2003,1449,1043,406
13123,2004,1428,1086,342
13123,2005,1661,1104,557
13123,2006,1462,1266,196
13123,2007,1432,1237,195
13123,2008,1244,1367,-123
13123,2009,1341,1138,203
13123,2010,1211,1218,-7
13125,1990,0,0,0
13125,1991,120,123,-3
13125,1992,148,148,0
13125,1993,145,122,23
13125,1994,1217,106,1111
13125,1995,422,939,-517
13125,1996,148,711,-563
13125,1997,218,225,-7
13125,1998,241,206,35
13125,1999,263,164,99
13125,2000,172,246,-74
13125,2001,232,136,96
13125,2002,181,168,13
13125,2003,169,154,15
13125,2004,194,199,-5
13125,2005,194,180,14
13125,2006,222,135,87
13125,2007,170,213,-43
13125,2008,133,173,-40
13125,2009,137,165,-28
13125,2010,143,117,26
13127,1990,3250,3086,164
13127,1991,3168,3103,65
13127,1992,3490,2921,569
13127,1993,3203,3280,-77
13127,1994,3349,3207,142
13127,1995,3427,3536,-109
13127,1996,4135,3432,703
13127,1997,3832,3517,315
13127,1998,4004,3551,453
13127,1999,3669,3633,36
13127,2000,3932,3676,256
13127,2001,3666,3481,185
13127,2002,3779,3353,426
13127,2003,3821,3411,410
13127,2004,3818,3502,316
13127,2005,4758,3546,1212
13127,2006,4497,3769,728
13127,2007,4347,3845,502
13127,2008,3897,3821,76
13127,2009,3853,3637,216
13127,2010,3719,3723,-4
13129,1990,2043,1845,198
13129,1991,2108,1873,235
13129,1992,2339,1792,547
13129,1993,2237,1949,288
13129,1994,2363,1993,370
13129,1995,2431,1827,604
13129,1996,2637,1953,684
13129,1997,2601,2171,430
13129,1998,2636,2105,531
13129,1999,2819,2386,433
13129,2000,2846,2204,642
13129,2001,2573,2322,251
13129,2002,2735,2263,472
13129,2003,2775,2263,512
13129,2004,2759,2220,539
13129,2005,2904,2322,582
13129,2006,2731,2342,389
13129,2007,2852,2545,307
13129,2008,2390,2709,-319
13129,2009,2254,2564,-310
13129,2010,2490,2380,110
13131,1990,828,825,3
13131,1991,977,953,24
13131,1992,1017,820,197
13131,1993,1017,932,85
13131,1994,1056,875,181
13131,1995,1383,1234,149
13131,1996,1317,1409,-92
13131,1997,1355,1518,-163
13131,1998,1461,1360,101
13131,1999,1278,1474,-196
13131,2000,1350,1426,-76
13131,2001,1314,1473,-159
13131,2002,1397,1365,32
13131,2003,1113,1102,11
13131,2004,1003,982,21
13131,2005,1189,1008,181
13131,2006,1125,1028,97
13131,2007,1072,1037,35
13131,2008,969,1069,-100
13131,2009,1088,1018,70
13131,2010,1139,1261,-122
13133,1990,551,365,186
13133,1991,493,487,6
13133,1992,584,433,151
13133,1993,599,474,125
13133,1994,640,595,45
13133,1995,623,490,133
13133,1996,757,530,227
13133,1997,772,607,165
13133,1998,880,583,297
13133,1999,814,658,156
13133,2000,810,592,218
13133,2001,848,612,236
13133,2002,786,712,74
13133,2003,878,722,156
13133,2004,757,654,103
13133,2005,750,790,-40
13133,2006,826,686,140
13133,2007,788,778,10
13133,2008,789,724,65
13133,2009,730,635,95
13133,2010,828,708,120
13135,1990,36665,28605,8060
13135,1991,38519,28685,9834
13135,1992,42377,28316,14061
13135,1993,45206,30059,15147
13135,1994,47137,31572,15565
13135,1995,44352,34232,10120
13135,1996,46892,33812,13080
13135,1997,48288,39608,8680
13135,1998,52023,39927,12096
13135,1999,54539,40908,13631
13135,2000,52072,41805,10267
13135,2001,51579,43364,8215
13135,2002,49392,41417,7975
13135,2003,52399,42531,9868
13135,2004,53579,44901,8678
13135,2005,59081,47529,11552
13135,2006,57712,48837,8875
13135,2007,53786,50097,3689
13135,2008,49505,46642,2863
13135,2009,46606,46185,421
13135,2010,49311,45432,3879
13137,1990,1471,1253,218
13137,1991,1557,1268,289
13137,1992,1576,1163,413
13137,1993,1682,1331,351
13137,1994,1690,1303,387
13137,1995,1694,1342,352
13137,1996,1774,1480,294
13137,1997,1912,1575,337
13137,1998,2052,1406,646
13137,1999,1886,1480,406
13137,2000,1968,1474,494
13137,2001,1824,1548,276
13137,2002,1892,1558,334
13137,2003,1727,1676,51
13137,2004,2157,1504,653
13137,2005,2191,1688,503
13137,2006,2046,1610,436
13137,2007,2112,1717,395
13137,2008,1968,1907,61
13137,2009,1760,1783,-23
13137,2010,2064,1884,180
13139,1990,6310,5147,1163
13139,1991,6040,5477,563
13139,1992,6576,5533,1043
13139,1993,6850,5653,1197
13139,1994,7731,5755,1976
13139,1995,7306,5545,1761
13139,1996,7617,5827,1790
13139,1997,7387,5876,1511
13139,1998,8064,6116,1948
13139,1999,8387,6266,2121
13139,2000,8265,6520,1745
13139,2001,8118,7189,929
13139,2002,7818,7157,661
13139,2003,7943,7209,734
13139,2004,8944,7521,1423
13139,2005,9934,7631,2303
13139,2006,10191,7461,2730
13139,2007,9933,7992,1941
13139,2008,8086,8756,-670
13139,2009,7622,8062,-440
13139,2010,8343,7791,552
13141,1990,386,427,-41
13141,1991,426,438,-12
13141,1992,416,396,20
13141,1993,396,443,-47
13141,1994,336,326,10
13141,1995,222,339,-117
13141,1996,340,331,9
13141,1997,345,281,64
13141,1998,246,368,-122
13141,1999,299,352,-53
13141,2000,310,346,-36
13141,2001,323,306,17
13141,2002,331,360,-29
13141,2003,259,399,-140
13141,2004,335,395,-60
13141,2005,318,404,-86
13141,2006,344,383,-39
13141,2007,353,396,-43
13141,2008,292,377,-85
13141,2009,295,380,-85
13141,2010,295,339,-44
13143,1990,1143,1107,36
13143,1991,1180,1015,165
13143,1992,1126,978,148
13143,1993,1173,987,186
13143,1994,1202,999,203
13143,1995,1324,1000,324
13143,1996,1352,1081,271
13143,1997,1340,1074,266
13143,1998,1431,1108,323
13143,1999,1516,1192,324
13143,2000,1477,1302,175
13143,2001,1601,1170,431
13143,2002,1616,1299,317
13143,2003,1694,1355,339
13143,2004,1663,1437,226
13143,2005,1708,1498,210
13143,2006,1705,1455,250
13143,2007,1671,1518,153
13143,2008,1612,1538,74
13143,2009,1489,1512,-23
13143,2010,1526,1609,-83
13145,1990,1285,1370,-85
13145,1991,1475,1246,229
13145,1992,1610,1286,324
13145,1993,1747,1232,515
13145,1994,1637,1275,362
13145,1995,2203,1426,777
13145,1996,2676,1722,954
13145,1997,2088,2068,20
13145,1998,2177,1891,286
13145,1999,2126,1778,348
13145,2000,2166,1689,477
13145,2001,2252,1630,622
13145,2002,2452,1733,719
13145,2003,2368,1630,738
13145,2004,2337,1691,646
13145,2005,2566,1694,872
13145,2006,2311,1717,594
13145,2007,2216,1802,414
13145,2008,2097,1636,461
13145,2009,2011,1599,412
13145,2010,1844,1708,136
13147,1990,726,680,46
13147,1991,868,654,214
13147,1992,796,723,73
13147,1993,781,708,73
13147,1994,728,720,8
13147,1995,842,603,239
13147,1996,937,624,313
13147,1997,929,744,185
13147,1998,993,774,219
13147,1999,988,807,181
13147,2000,895,875,20
13147,2001,927,814,113
13147,2002,997,825,172
13147,2003,975,891,84
13147,2004,1134,936,198
13147,2005,1176,933,243
13147,2006,1050,935,115
13147,2007,1115,997,118
13147,2008,985,1070,-85
13147,2009,971,963,8
13147,2010,1122,944,178
13149,1990,558,473,85
13149,1991,553,483,70
13149,1992,628,396,232
13149,1993,542,502,40
13149,1994,655,451,204
13149,1995,690,537,153
13149,1996,745,646,99
13149,1997,676,635,41
13149,1998,815,528,287
13149,1999,822,598,224
13149,2000,634,605,29
13149,2001,695,660,35
13149,2002,649,737,-88
13149,2003,685,669,16
13149,2004,725,677,48
13149,2005,707,654,53
13149,2006,685,637,48
13149,2007,810,717,93
13149,2008,645,726,-81
13149,2009,676,592,84
13149,2010,656,725,-69
13151,1990,6704,4190,2514
13151,1991,6885,4154,2731
13151,1992,8030,4367,3663
13151,1993,8300,4608,3692
13151,1994,9153,4876,4277
13151,1995,9658,4906,4752
13151,1996,10241,5472,4769
13151,1997,12132,6433,5699
13151,1998,12853,6414,6439
13151,1999,13368,6949,6419
13151,2000,13951,7422,6529
13151,2001,15203,8337,6866
13151,2002,15965,8608,7357
13151,2003,16163,9572,6591
13151,2004,17626,10907,6719
13151,2005,19350,12578,6772
13151,2006,18855,13003,5852
13151,2007,17923,14563,3360
13151,2008,16637,14008,2629
13151,2009,16033,12848,3185
13151,2010,14968,14287,681
13153,1990,6589,6043,546
13153,1991,7076,5778,1298
13153,1992,7854,6659,1195
13153,1993,7923,6353,1570
13153,1994,7541,7057,484
13153,1995,8025,7044,981
13153,1996,8627,7358,1269
13153,1997,8037,7080,957
13153,1998,8600,7629,971
13153,1999,8438,7483,955
13153,2000,8532,7808,724
13153,2001,9289,7152,2137
13153,2002,9504,7320,2184
13153,2003,9255,7098,2157
13153,2004,9701,8331,1370
13153,2005,9933,8942,991
13153,2006,10451,8402,2049
13153,2007,9842,8733,1109
13153,2008,9801,8658,1143
13153,2009,10054,8212,1842
13153,2010,10494,8669,1825
13155,1990,439,432,7
13155,1991,416,422,-6
13155,1992,422,413,9
13155,1993,475,468,7
13155,1994,516,442,74
13155,1995,529,421,108
13155,1996,574,435,139
13155,1997,575,508,67
13155,1998,636,550,86
13155,1999,655,549,106
13155,2000,586,621,-35
13155,2001,609,629,-20
13155,2002,591,592,-1
13155,2003,463,592,-129
13155,2004,572,556,16
13155,2005,548,524,24
13155,2006,512,543,-31
13155,2007,535,573,-38
13155,2008,622,601,21
13155,2009,491,518,-27
13155,2010,593,553,40
13157,1990,2184,1793,391
13157,1991,2211,1782,429
13157,1992,2261,1862,399
13157,1993,2571,1843,728
13157,1994,2737,1962,775
13157,1995,2773,1970,803
13157,1996,2722,1971,751
13157,1997,3117,2562,555
13157,1998,3270,2444,826
13157,1999,3294,2505,789
13157,2000,3434,2469,965
13157,2001,3635,2444,1191
13157,2002,3581,2704,877
13157,2003,4061,2720,1341
13157,2004,4798,2956,1842
13157,2005,5558,3107,2451
13157,2006,5698,3176,2522
13157,2007,5028,3518,1510
13157,2008,4146,3660,486
13157,2009,3910,3543,367
13157,2010,3803,3638,165
13159,1990,450,433,17
13159,1991,500,411,89
13159,1992,510,424,86
13159,1993,516,464,52
13159,1994,550,432,118
13159,1995,810,521,289
13159,1996,850,548,302
13159,1997,894,865,29
13159,1998,1103,747,356
13159,1999,1101,873,228
13159,2000,978,753,225
13159,2001,1106,713,393
13159,2002,1137,864,273
13159,2003,1031,892,139
13159,2004,985,741,244
13159,2005,1025,727,298
13159,2006,1032,811,221
13159,2007,1034,913,121
13159,2008,951,823,128
13159,2009,821,842,-21
13159,2010,841,915,-74
13161,1990,498,546,-48
13161,1991,552,565,-13
13161,1992,565,555,10
13161,1993,626,509,117
13161,1994,575,528,47
13161,1995,615,531,84
13161,1996,599,575,24
13161,1997,562,592,-30
13161,1998,634,686,-52
13161,1999,632,606,26
13161,2000,547,603,-56
13161,2001,575,587,-12
13161,2002,479,569,-90
13161,2003,532,575,-43
13161,2004,587,542,45
13161,2005,660,602,58
13161,2006,610,658,-48
13161,2007,648,596,52
13161,2008,627,621,6
13161,2009,601,597,4
13161,2010,704,615,89
13163,1990,673,661,12
13163,1991,566,716,-150
13163,1992,649,670,-21
13163,1993,664,654,10
13163,1994,710,610,100
13163,1995,672,608,64
13163,1996,714,744,-30
13163,1997,664,726,-62
13163,1998,632,705,-73
13163,1999,623,744,-121
13163,2000,563,736,-173
13163,2001,557,617,-60
13163,2002,553,696,-143
13163,2003,556,644,-88
13163,2004,525,677,-152
13163,2005,524,703,-179
13163,2006,572,686,-114
13163,2007,646,677,-31
13163,2008,618,669,-51
13163,2009,626,709,-83
13163,2010,617,742,-125
13165,1990,366,349,17
13165,1991,378,294,84
13165,1992,324,343,-19
13165,1993,310,333,-23
13165,1994,333,294,39
13165,1995,285,415,-130
13165,1996,294,342,-48
13165,1997,295,307,-12
13165,1998,280,325,-45
13165,1999,312,271,41
13165,2000,303,312,-9
13165,2001,287,311,-24
13165,2002,297,263,34
13165,2003,260,312,-52
13165,2004,294,268,26
13165,2005,283,298,-15
13165,2006,275,373,-98
13165,2007,315,376,-61
13165,2008,326,400,-74
13165,2009,351,321,30
13165,2010,285,383,-98
13167,1990,385,355,30
13167,1991,281,392,-111
13167,1992,408,315,93
13167,1993,357,386,-29
13167,1994,328,331,-3
13167,1995,245,292,-47
13167,1996,271,264,7
13167,1997,263,337,-74
13167,1998,300,303,-3
13167,1999,293,327,-34
13167,2000,267,261,6
13167,2001,291,284,7
13167,2002,294,321,-27
13167,2003,365,335,30
13167,2004,278,358,-80
13167,2005,338,344,-6
13167,2006,274,319,-45
13167,2007,308,371,-63
13167,2008,318,358,-40
13167,2009,287,309,-22
13167,2010,314,252,62
13169,1990,1249,1252,-3
13169,1991,1386,1299,87
13169,1992,1244,1301,-57
13169,1993,1300,1268,32
13169,1994,1423,1143,280
13169,1995,1177,1059,118
13169,1996,1329,1060,269
13169,1997,1722,982,740
13169,1998,1436,1260,176
13169,1999,1375,1227,148
13169,2000,1326,1102,224
13169,2001,1410,1075,335
13169,2002,1477,1069,408
13169,2003,1761,1275,486
13169,2004,1723,1438,285
13169,2005,1767,1682,85
13169,2006,1731,1458,273
13169,2007,1784,1390,394
13169,2008,1496,1485,11
13169,2009,1416,1352,64
13169,2010,1482,1538,-56
13171,1990,783,690,93
13171,1991,824,667,157
13171,1992,744,764,-20
13171,1993,812,692,120
13171,1994,862,758,104
13171,1995,923,825,98
13171,1996,1143,622,521
13171,1997,1084,766,318
13171,1998,1012,770,242
13171,1999,1094,836,258
13171,2000,1122,932,190
13171,2001,1138,987,151
13171,2002,1034,1008,26
13171,2003,1061,1023,38
13171,2004,1069,1008,61
13171,2005,1103,994,109
13171,2006,1190,926,264
13171,2007,1140,987,153
13171,2008,1042,935,107
13171,2009,993,1026,-33
13171,2010,1038,946,92
13173,1990,357,292,65
13173,1991,380,318,62
13173,1992,432,346,86
13173,1993,413,277,136
13173,1994,381,366,15
13173,1995,655,440,215
13173,1996,637,513,124
13173,1997,645,475,170
13173,1998,509,539,-30
13173,1999,585,552,33
13173,2000,526,643,-117
13173,2001,608,592,16
13173,2002,629,497,132
13173,2003,532,555,-23
13173,2004,636,540,96
13173,2005,628,556,72
13173,2006,762,585,177
13173,2007,953,655,298
13173,2008,788,726,62
13173,2009,848,746,102
13173,2010,1030,730,300
13175,1990,1548,1431,117
13175,1991,1664,1372,292
13175,1992,1676,1308,368
13175,1993,1594,1333,261
13175,1994,1679,1384,295
13175,1995,1757,1387,370
13175,1996,1641,1556,85
13175,1997,1617,1430,187
13175,1998,1559,1518,41
13175,1999,1497,1417,80
13175,2000,1562,1537,25
13175,2001,1553,1383,170
13175,2002,1738,1451,287
13175,2003,1613,1589,24
13175,2004,1800,1631,169
13175,2005,1719,1562,157
13175,2006,1701,1469,232
13175,2007,1877,1617,260
13175,2008,1829,1701,128
13175,2009,1563,1623,-60
13175,2010,1580,1899,-319
13177,1990,1443,1228,215
13177,1991,1672,1270,402
13177,1992,1783,1204,579
13177,1993,1876,1330,546
13177,1994,1935,1309,626
13177,1995,1811,1292,519
13177,1996,2316,1497,819
13177,1997,2051,1512,539
13177,1998,1988,1694,294
13177,1999,1898,1673,225
13177,2000,2018,1809,209
13177,2001,1987,1695,292
13177,2002,1978,1653,325
13177,2003,2256,1597,659
13177,2004,2572,1852,720
13177,2005,3006,2059,947
13177,2006,2823,2220,603
13177,2007,2875,2256,619
13177,2008,2585,2176,409
13177,2009,2504,2185,319
13177,2010,2388,2281,107
13179,1990,8558,9247,-689
13179,1991,11908,7848,4060
13179,1992,11913,13849,-1936
13179,1993,12029,11371,658
13179,1994,11229,12195,-966
13179,1995,11446,12205,-759
13179,1996,11249,11637,-388
13179,1997,10109,12448,-2339
13179,1998,10224,11086,-862
13179,1999,10418,12525,-2107
13179,2000,10319,11657,-1338
13179,2001,10311,11138,-827
13179,2002,8375,11755,-3380
13179,2003,9034,7913,1121
13179,2004,8322,12292,-3970
13179,2005,6823,6326,497
13179,2006,10138,11119,-981
13179,2007,7695,9472,-1777
13179,2008,11158,10030,1128
13179,2009,8929,13466,-4537
13179,2010,10196,8579,1617
13181,1990,361,344,17
13181,1991,394,346,48
13181,1992,388,315,73
13181,1993,373,363,10
13181,1994,379,288,91
13181,1995,364,327,37
13181,1996,405,360,45
13181,1997,390,296,94
13181,1998,415,320,95
13181,1999,396,339,57
13181,2000,445,371,74
13181,2001,340,303,37
13181,2002,379,312,67
13181,2003,325,356,-31
13181,2004,310,360,-50
13181,2005,333,338,-5
13181,2006,320,356,-36
13181,2007,369,342,27
13181,2008,325,348,-23
13181,2009,280,317,-37
13181,2010,312,349,-37
13183,1990,481,603,-122
13183,1991,831,479,352
13183,1992,807,827,-20
13183,1993,944,762,182
13183,1994,1009,861,148
13183,1995,1140,965,175
13183,1996,1106,1054,52
13183,1997,1023,935,88
13183,1998,1144,1113,31
13183,1999,1057,1048,9
13183,2000,1002,1029,-27
13183,2001,1173,1078,95
13183,2002,1033,1124,-91
13183,2003,1016,959,57
13183,2004,1229,1203,26
13183,2005,1203,1109,94
13183,2006,1216,1220,-4
13183,2007,1223,1142,81
13183,2008,1667,1092,575
13183,2009,1775,1389,386
13183,2010,1678,1367,311
13185,1990,5045,5031,14
13185,1991,5177,4583,594
13185,1992,6851,5196,1655
13185,1993,5898,5121,777
13185,1994,5911,5754,157
13185,1995,5588,5679,-91
13185,1996,5891,6548,-657
13185,1997,5733,6091,-358
13185,1998,5244,5722,-478
13185,1999,5233,5869,-636
13185,2000,5507,6059,-552
13185,2001,6213,5894,319
13185,2002,5651,5596,55
13185,2003,5829,5534,295
13185,2004,6377,6396,-19
13185,2005,6363,6357,6
13185,2006,6201,6274,-73
13185,2007,7808,6681,1127
13185,2008,6736,6414,322
13185,2009,6636,6357,279
13185,2010,6989,7304,-315
13187,1990,1045,838,207
13187,1991,987,796,191
13187,1992,1088,966,122
13187,1993,1177,872,305
13187,1994,1251,881,370
13187,1995,1334,932,402
13187,1996,1576,1021,555
13187,1997,1651,1074,577
13187,1998,1615,1117,498
13187,1999,1584,1227,357
13187,2000,1606,1177,429
13187,2001,1697,1370,327
13187,2002,1674,1368,306
13187,2003,1638,1438,200
13187,2004,1850,1469,381
13187,2005,2144,1507,637
13187,2006,1932,1599,333
13187,2007,2112,1730,382
13187,2008,1876,1740,136
13187,2009,1767,1690,77
13187,2010,1635,1689,-54
13189,1990,1061,899,162
13189,1991,1044,772,272
13189,1992,1024,1050,-26
13189,1993,975,873,102
13189,1994,987,813,174
13189,1995,855,921,-66
13189,1996,945,863,82
13189,1997,974,934,40
13189,1998,983,937,46
13189,1999,871,874,-3
13189,2000,906,936,-30
13189,2001,891,995,-104
13189,2002,928,862,66
13189,2003,979,934,45
13189,2004,1057,1015,42
13189,2005,1118,976,142
13189,2006,962,1008,-46
13189,2007,1097,918,179
13189,2008,972,974,-2
13189,2009,924,974,-50
13189,2010,955,988,-33
13191,1990,434,373,61
13191,1991,505,389,116
13191,1992,452,492,-40
13191,1993,530,444,86
13191,1994,513,393,120
13191,1995,494,385,109
13191,1996,666,362,304
13191,1997,580,507,73
13191,1998,586,522,64
13191,1999,639,502,137
13191,2000,581,468,113
13191,2001,524,511,13
13191,2002,520,578,-58
13191,2003,573,502,71
13191,2004,609,657,-48
13191,2005,726,520,206
13191,2006,795,533,262
13191,2007,680,648,32
13191,2008,649,603,46
13191,2009,517,652,-135
13191,2010,599,623,-24
13193,1990,552,583,-31
13193,1991,439,631,-192
13193,1992,612,570,42
13193,1993,540,534,6
13193,1994,582,537,45
13193,1995,503,586,-83
13193,1996,597,528,69
13193,1997,603,680,-77
13193,1998,480,566,-86
13193,1999,512,584,-72
13193,2000,540,586,-46
13193,2001,469,581,-112
13193,2002,474,556,-82
13193,2003,460,505,-45
13193,2004,414,595,-181
13193,2005,479,595,-116
13193,2006,412,572,-160
13193,2007,538,642,-104
13193,2008,440,576,-136
13193,2009,445,670,-225
13193,2010,499,607,-108
13195,1990,1299,1047,252
13195,1991,1335,1159,176
13195,1992,1477,1116,361
13195,1993,1391,1504,-113
13195,1994,1607,1266,341
13195,1995,1588,1130,458
13195,1996,1446,1294,152
13195,1997,1583,1445,138
13195,1998,1720,1258,462
13195,1999,1550,1269,281
13195,2000,1427,1301,126
13195,2001,1615,1280,335
13195,2002,1574,1334,240
13195,2003,1418,1432,-14
13195,2004,1496,1420,76
13195,2005,1685,1470,215
13195,2006,1621,1321,300
13195,2007,1675,1528,147
13195,2008,1738,1493,245
13195,2009,1829,1622,207
13195,2010,1765,1900,-135
13197,1990,253,208,45
13197,1991,283,273,10
13197,1992,372,217,155
13197,1993,346,283,63
13197,1994,344,266,78
13197,1995,330,371,-41
13197,1996,399,299,100
13197,1997,436,312,124
13197,1998,358,332,26
13197,1999,399,329,70
13197,2000,333,388,-55
13197,2001,278,288,-10
13197,2002,288,322,-34
13197,2003,344,365,-21
13197,2004,400,361,39
13197,2005,391,384,7
13197,2006,363,379,-16
13197,2007,398,395,3
13197,2008,400,388,12
13197,2009,376,404,-28
13197,2010,390,437,-47
13199,1990,1289,1239,50
13199,1991,1311,1338,-27
13199,1992,1358,1173,185
13199,1993,1155,1158,-3
13199,1994,1158,1181,-23
13199,1995,998,1084,-86
13199,1996,1106,1035,71
13199,1997,1143,1046,97
13199,1998,1134,1213,-79
13199,1999,1229,1205,24
13199,2000,1231,1272,-41
13199,2001,1280,1164,116
13199,2002,1133,1265,-132
13199,2003,1187,1181,6
13199,2004,1321,1236,85
13199,2005,1358,1312,46
13199,2006,1258,1313,-55
13199,2007,1348,1250,98
13199,2008,1228,1410,-182
13199,2009,1082,1464,-382
13199,2010,1336,1424,-88
13201,1990,321,289,32
13201,1991,300,293,7
13201,1992,324,361,-37
13201,1993,265,294,-29
13201,1994,308,319,-11
13201,1995,329,416,-87
13201,1996,428,272,156
13201,1997,323,302,21
13201,1998,282,313,-31
13201,1999,285,296,-11
13201,2000,288,262,26
13201,2001,257,295,-38
13201,2002,254,330,-76
13201,2003,243,297,-54
13201,2004,247,271,-24
13201,2005,317,284,33
13201,2006,278,238,40
13201,2007,298,288,10
13201,2008,306,317,-11
13201,2009,302,274,28
13201,2010,290,289,1
13205,1990,819,866,-47
13205,1991,947,891,56
13205,1992,920,1052,-132
13205,1993,972,988,-16
13205,1994,990,953,37
13205,1995,1052,925,127
13205,1996,946,996,-50
13205,1997,964,940,24
13205,1998,977,1085,-108
13205,1999,1088,1061,27
13205,2000,1005,1091,-86
13205,2001,906,1051,-145
13205,2002,924,1004,-80
13205,2003,860,948,-88
13205,2004,961,1087,-126
13205,2005,1014,968,46
13205,2006,986,1047,-61
13205,2007,891,1021,-130
13205,2008,884,1032,-148
13205,2009,851,921,-70
13205,2010,910,988,-78
13207,1990,993,789,204
13207,1991,941,821,120
13207,1992,892,776,116
13207,1993,992,871,121
13207,1994,993,886,107
13207,1995,1025,822,203
13207,1996,1014,1117,-103
13207,1997,1122,980,142
13207,1998,1195,925,270
13207,1999,1102,951,151
13207,2000,1058,972,86
13207,2001,1253,938,315
13207,2002,1259,903,356
13207,2003,1059,1132,-73
13207,2004,1460,1230,230
13207,2005,1545,1216,329
13207,2006,1449,1189,260
13207,2007,1603,1223,380
13207,2008,1399,1365,34
13207,2009,1318,1222,96
13207,2010,1506,1259,247
13209,1990,392,373,19
13209,1991,366,349,17
13209,1992,474,412,62
13209,1993,420,371,49
13209,1994,361,428,-67
13209,1995,368,374,-6
13209,1996,486,435,51
13209,1997,407,461,-54
13209,1998,506,423,83
13209,1999,483,484,-1
13209,2000,518,451,67
13209,2001,518,530,-12
13209,2002,596,444,152
13209,2003,584,482,102
13209,2004,460,437,23
13209,2005,568,470,98
13209,2006,501,489,12
13209,2007,453,554,-101
13209,2008,510,493,17
13209,2009,452,472,-20
13209,2010,399,429,-30
13211,1990,657,581,76
13211,1991,633,558,75
13211,1992,722,573,149
13211,1993,734,619,115
13211,1994,800,616,184
13211,1995,764,672,92
13211,1996,908,668,240
13211,1997,965,602,363
13211,1998,960,748,212
13211,1999,1000,835,165
13211,2000,1033,735,298
13211,2001,1006,758,248
13211,2002,989,748,241
13211,2003,962,821,141
13211,2004,1073,693,380
13211,2005,1085,798,287
13211,2006,1155,829,326
13211,2007,1222,919,303
13211,2008,922,821,101
13211,2009,794,778,16
13211,2010,879,873,6
13213,1990,1929,1511,418
13213,1991,1810,1516,294
13213,1992,1851,1660,191
13213,1993,1904,1574,330
13213,1994,2061,1603,458
13213,1995,2064,1595,469
13213,1996,2179,1557,622
13213,1997,2189,1799,390
13213,1998,2473,1742,731
13213,1999,2574,1937,637
13213,2000,2621,2127,494
13213,2001,2399,2088,311
13213,2002,2566,2244,322
13213,2003,2452,2068,384
13213,2004,2380,2225,155
13213,2005,2491,2273,218
13213,2006,2171,2337,-166
13213,2007,2149,2448,-299
13213,2008,2232,2428,-196
13213,2009,1925,2353,-428
13213,2010,1985,2039,-54
13215,1990,13997,14614,-617
13215,1991,16633,12772,3861
13215,1992,15339,17555,-2216
13215,1993,14295,15278,-983
13215,1994,13577,15444,-1867
13215,1995,15264,17541,-2277
13215,1996,15510,16532,-1022
13215,1997,14840,16286,-1446
13215,1998,14781,16262,-1481
13215,1999,15439,16367,-928
13215,2000,14667,16710,-2043
13215,2001,14775,16966,-2191
13215,2002,14338,15272,-934
13215,2003,14170,14619,-449
13215,2004,12975,14683,-1708
13215,2005,13416,13411,5
13215,2006,12410,13897,-1487
13215,2007,12392,13839,-1447
13215,2008,15490,14151,1339
13215,2009,14604,15150,-546
13215,2010,17029,15850,1179
13217,1990,3213,2297,916
13217,1991,3004,2471,533
13217,1992,3370,2285,1085
13217,1993,3883,2487,1396
13217,1994,4049,2625,1424
13217,1995,4206,2670,1536
13217,1996,4369,2775,1594
13217,1997,5401,3434,1967
13217,1998,5245,3438,1807
13217,1999,5910,3411,2499
13217,2000,6340,3233,3107
13217,2001,6943,3704,3239
13217,2002,7318,4185,3133
13217,2003,7834,4414,3420
13217,2004,8442,5151,3291
13217,2005,9116,5919,3197
13217,2006,9256,6002,3254
13217,2007,8414,6854,1560
13217,2008,7545,6816,729
13217,2009,6526,6484,42
13217,2010,6852,6398,454
13219,1990,1244,1005,239
13219,1991,1333,1125,208
13219,1992,1475,1118,357
13219,1993,1759,1253,506
13219,1994,1791,1231,560
13219,1995,1903,1169,734
13219,1996,1757,1406,351
13219,1997,1643,1410,233
13219,1998,1893,1448,445
13219,1999,1780,1444,336
13219,2000,1615,1521,94
13219,2001,1641,1451,190
13219,2002,1717,1379,338
13219,2003,1837,1463,374
13219,2004,2397,1777,620
13219,2005,2500,1789,711
13219,2006,2450,1733,717
13219,2007,2414,1745,669
13219,2008,2125,1703,422
13219,2009,2248,1752,496
13219,2010,1974,1831,143
13221,1990,494,413,81
13221,1991,524,408,116
13221,1992,599,517,82
13221,1993,532,521,11
13221,1994,606,518,88
13221,1995,383,371,12
13221,1996,515,303,212
13221,1997,684,652,32
13221,1998,753,676,77
13221,1999,843,606,237
13221,2000,752,604,148
13221,2001,784,593,191
13221,2002,804,623,181
13221,2003,794,647,147
13221,2004,819,783,36
13221,2005,1005,743,262
13221,2006,915,690,225
13221,2007,941,768,173
13221,2008,848,757,91
13221,2009,777,728,49
13221,2010,775,856,-81
13223,1990,3527,2119,1408
13223,1991,3462,2115,1347
13223,1992,3622,2369,1253
13223,1993,4030,2403,1627
13223,1994,3947,2472,1475
13223,1995,5192,2884,2308
13223,1996,5771,2999,2772
13223,1997,6166,3702,2464
13223,1998,8449,3857,4592
13223,1999,8114,4540,3574
13223,2000,8216,4607,3609
13223,2001,8632,5337,3295
13223,2002,8934,5543,3391
13223,2003,9324,5799,3525
13223,2004,11328,6944,4384
13223,2005,13452,7141,6311
13223,2006,13199,7652,5547
13223,2007,11973,8171,3802
13223,2008,9933,8161,1772
13223,2009,8855,8175,680
13223,2010,8654,8615,39
13225,1990,1530,1567,-37
13225,1991,1746,1402,344
13225,1992,1757,1422,335
13225,1993,1741,1465,276
13225,1994,1858,1638,220
13225,1995,1457,1308,149
13225,1996,1453,1264,189
13225,1997,1414,1061,353
13225,1998,1696,1460,236
13225,1999,1673,1373,300
13225,2000,1554,1636,-82
13225,2001,1644,1613,31
13225,2002,1456,1425,31
13225,2003,1489,1450,39
13225,2004,1796,1711,85
13225,2005,1868,1680,188
13225,2006,1829,1542,287
13225,2007,1989,1771,218
13225,2008,1819,1790,29
13225,2009,1775,1780,-5
13225,2010,1764,1888,-124
13227,1990,783,573,210
13227,1991,884,694,190
13227,1992,1024,668,356
13227,1993,1179,585,594
13227,1994,1231,696,535
13227,1995,1373,735,638
13227,1996,1530,783,747
13227,1997,1713,910,803
13227,1998,1885,896,989
13227,1999,2101,1034,1067
13227,2000,1918,1115,803
13227,2001,1968,1186,782
13227,2002,2004,1121,883
13227,2003,1788,1256,532
13227,2004,1815,1415,400
13227,2005,2120,1408,712
13227,2006,2157,1302,855
13227,2007,1924,1451,473
13227,2008,1699,1545,154
13227,2009,1559,1452,107
13227,2010,1457,1506,-49
13229,1990,722,716,6
13229,1991,796,758,38
13229,1992,932,692,240
13229,1993,1005,770,235
13229,1994,970,726,244
13229,1995,987,688,299
13229,1996,928,807,121
13229,1997,930,816,114
13229,1998,853,866,-13
13229,1999,974,757,217
13229,2000,856,894,-38
13229,2001,912,813,99
13229,2002,980,822,158
13229,2003,1078,819,259
13229,2004,1102,860,242
13229,2005,1074,863,211
13229,2006,1123,859,264
13229,2007,1157,951,206
13229,2008,1174,917,257
13229,2009,1139,922,217
13229,2010,1002,1027,-25
13231,1990,949,802,147
13231,1991,706,762,-56
13231,1992,736,720,16
13231,1993,771,716,55
13231,1994,820,583,237
13231,1995,995,721,274
13231,1996,1333,673,660
13231,1997,1187,732,455
13231,1998,1195,858,337
13231,1999,1228,842,386
13231,2000,1069,881,188
13231,2001,1341,845,496
13231,2002,1278,972,306
13231,2003,1463,925,538
13231,2004,1217,913,304
13231,2005,1436,875,561
13231,2006,1283,853,430
13231,2007,1357,1061,296
13231,2008,1073,996,77
13231,2009,982,858,124
13231,2010,912,1000,-88
13233,1990,1456,1351,105
13233,1991,1602,1535,67
13233,1992,1420,1442,-22
13233,1993,1624,1396,228
13233,1994,1619,1465,154
13233,1995,1495,1315,180
13233,1996,1502,1293,209
13233,1997,1660,1461,199
13233,1998,1441,1396,45
13233,1999,1405,1338,67
13233,2000,1518,1326,192
13233,2001,1583,1474,109
13233,2002,1434,1492,-58
13233,2003,1508,1472,36
13233,2004,1555,1452,103
13233,2005,1680,1488,192
13233,2006,1686,1569,117
13233,2007,1864,1643,221
13233,2008,1686,1825,-139
13233,2009,1587,1690,-103
13233,2010,1502,1906,-404
13235,1990,378,442,-64
13235,1991,433,431,2
13235,1992,501,381,120
13235,1993,491,384,107
13235,1994,501,480,21
13235,1995,403,417,-14
13235,1996,492,447,45
13235,1997,483,411,72
13235,1998,415,495,-80
13235,1999,462,477,-15
13235,2000,395,435,-40
13235,2001,408,353,55
13235,2002,408,460,-52
13235,2003,468,413,55
13235,2004,363,395,-32
13235,2005,460,445,15
13235,2006,400,403,-3
13235,2007,425,459,-34
13235,2008,495,430,65
13235,2009,495,548,-53
13235,2010,453,457,-4
13237,1990,868,601,267
13237,1991,742,585,157
13237,1992,848,602,246
13237,1993,868,652,216
13237,1994,974,644,330
13237,1995,1011,706,305
13237,1996,1009,775,234
13237,1997,1279,777,502
13237,1998,1240,795,445
13237,1999,1085,1005,80
13237,2000,1085,916,169
13237,2001,985,907,78
13237,2002,1065,924,141
13237,2003,1119,974,145
13237,2004,1127,1113,14
13237,2005,1201,1007,194
13237,2006,1265,1028,237
13237,2007,1213,1089,124
13237,2008,1127,1137,-10
13237,2009,1116,1099,17
13237,2010,1170,1184,-14
13239,1990,146,132,14
13239,1991,167,150,17
13239,1992,155,129,26
13239,1993,174,138,36
13239,1994,173,136,37
13239,1995,221,153,68
13239,1996,197,197,0
13239,1997,170,160,10
13239,1998,177,210,-33
13239,1999,161,132,29
13239,2000,199,157,42
13239,2001,133,157,-24
13239,2002,144,199,-55
13239,2003,173,170,3
13239,2004,152,131,21
13239,2005,171,146,25
13239,2006,140,158,-18
13239,2007,184,169,15
13239,2008,148,159,-11
13239,2009,174,163,11
13239,2010,124,183,-59
13241,1990,595,500,95
13241,1991,547,452,95
13241,1992,619,513,106
13241,1993,664,454,210
13241,1994,827,443,384
13241,1995,768,447,321
13241,1996,674,496,178
13241,1997,655,515,140
13241,1998,793,487,306
13241,1999,711,552,159
13241,2000,733,560,173
13241,2001,697,568,129
13241,2002,761,603,158
13241,2003,681,606,75
13241,2004,748,623,125
13241,2005,745,676,69
13241,2006,782,720,62
13241,2007,798,674,124
13241,2008,696,705,-9
13241,2009,634,657,-23
13241,2010,618,610,8
13243,1990,348,273,75
13243,1991,0,314,-314
13243,1992,353,324,29
13243,1993,296,317,-21
13243,1994,269,329,-60
13243,1995,261,290,-29
13243,1996,283,309,-26
13243,1997,315,333,-18
13243,1998,274,264,10
13243,1999,262,327,-65
13243,2000,276,358,-82
13243,2001,248,333,-85
13243,2002,264,391,-127
13243,2003,239,270,-31
13243,2004,269,336,-67
13243,2005,315,279,36
13243,2006,216,285,-69
13243,2007,269,383,-114
13243,2008,314,279,35
13243,2009,300,332,-32
13243,2010,265,298,-33
13245,1990,14546,14782,-236
13245,1991,15773,13312,2461
13245,1992,14299,16129,-1830
13245,1993,13642,15354,-1712
13245,1994,13550,15466,-1916
13245,1995,11912,14073,-2161
13245,1996,11969,13104,-1135
13245,1997,12088,13502,-1414
13245,1998,11780,14021,-2241
13245,1999,11862,13518,-1656
13245,2000,11932,13701,-1769
13245,2001,11998,13759,-1761
13245,2002,11491,12683,-1192
13245,2003,11893,13157,-1264
13245,2004,11981,14333,-2352
13245,2005,12737,14273,-1536
13245,2006,12206,14209,-2003
13245,2007,13053,13961,-908
13245,2008,13114,14002,-888
13245,2009,12973,13652,-679
13245,2010,12963,14522,-1559
13247,1990,5931,4360,1571
13247,1991,5481,4213,1268
13247,1992,5345,4294,1051
13247,1993,5714,4796,918
13247,1994,6513,4764,1749
13247,1995,5217,5113,104
13247,1996,5553,4679,874
13247,1997,5737,5493,244
13247,1998,5871,5761,110
13247,1999,6155,5645,510
13247,2000,6059,5795,264
13247,2001,6640,6256,384
13247,2002,7020,6265,755
13247,2003,7355,6538,817
13247,2004,7360,6800,560
13247,2005,7820,7047,773
13247,2006,8308,7174,1134
13247,2007,7914,7252,662
13247,2008,7074,7187,-113
13247,2009,6990,6871,119
13247,2010,6962,7338,-376
13249,1990,197,206,-9
13249,1991,184,195,-11
13249,1992,173,181,-8
13249,1993,269,174,95
13249,1994,258,246,12
13249,1995,250,221,29
13249,1996,240,224,16
13249,1997,259,205,54
13249,1998,255,279,-24
13249,1999,243,198,45
13249,2000,260,195,65
13249,2001,239,199,40
13249,2002,256,258,-2
13249,2003,255,221,34
13249,2004,271,217,54
13249,2005,355,288,67
13249,2006,333,283,50
13249,2007,403,315,88
13249,2008,253,249,4
13249,2009,238,228,10
13249,2010,246,183,63
13251,1990,487,632,-145
13251,1991,505,537,-32
13251,1992,511,403,108
13251,1993,469,460,9
13251,1994,558,499,59
13251,1995,530,452,78
13251,1996,603,485,118
13251,1997,565,558,7
13251,1998,502,526,-24
13251,1999,551,554,-3
13251,2000,452,635,-183
13251,2001,613,573,40
13251,2002,541,588,-47
13251,2003,558,518,40
13251,2004,636,678,-42
13251,2005,566,663,-97
13251,2006,575,566,9
13251,2007,617,673,-56
13251,2008,574,588,-14
13251,2009,493,709,-216
13251,2010,697,648,49
13253,1990,464,438,26
13253,1991,396,431,-35
13253,1992,471,448,23
13253,1993,471,348,123
13253,1994,438,555,-117
13253,1995,490,553,-63
13253,1996,717,377,340
13253,1997,461,396,65
13253,1998,467,509,-42
13253,1999,469,451,18
13253,2000,430,487,-57
13253,2001,450,469,-19
13253,2002,425,497,-72
13253,2003,534,463,71
13253,2004,484,534,-50
13253,2005,461,462,-1
13253,2006,455,489,-34
13253,2007,503,434,69
13253,2008,449,447,2
13253,2009,426,454,-28
13253,2010,524,464,60
13255,1990,2991,2654,337
13255,1991,2781,2624,157
13255,1992,2895,2704,191
13255,1993,3064,2821,243
13255,1994,2985,2860,125
13255,1995,2765,2682,83
13255,1996,2947,3531,-584
13255,1997,2940,3315,-375
13255,1998,2916,3092,-176
13255,1999,3175,3287,-112
13255,2000,3429,3263,166
13255,2001,3338,3391,-53
13255,2002,3429,3134,295
13255,2003,3280,3327,-47
13255,2004,3578,3536,42
13255,2005,3923,3556,367
13255,2006,3746,3419,327
13255,2007,4065,3494,571
13255,2008,3862,3757,105
13255,2009,3559,3728,-169
13255,2010,3675,3786,-111
13257,1990,1124,997,127
13257,1991,1189,1055,134
13257,1992,1218,1024,194
13257,1993,1174,1090,84
13257,1994,1258,1131,127
13257,1995,1218,1067,151
13257,1996,1065,1133,-68
13257,1997,1193,1166,27
13257,1998,1143,1225,-82
13257,1999,1190,1104,86
13257,2000,1144,1155,-11
13257,2001,1253,1194,59
13257,2002,968,1206,-238
13257,2003,1052,1226,-174
13257,2004,1219,1269,-50
13257,2005,1279,1219,60
13257,2006,1171,1171,0
13257,2007,1276,1171,105
13257,2008,1236,1279,-43
13257,2009,1097,1104,-7
13257,2010,929,1110,-181
13259,1990,219,296,-77
13259,1991,243,259,-16
13259,1992,185,232,-47
13259,1993,203,244,-41
13259,1994,209,271,-62
13259,1995,259,205,54
13259,1996,179,230,-51
13259,1997,231,223,8
13259,1998,194,201,-7
13259,1999,229,237,-8
13259,2000,223,283,-60
13259,2001,189,238,-49
13259,2002,179,219,-40
13259,2003,215,257,-42
13259,2004,194,267,-73
13259,2005,167,285,-118
13259,2006,161,228,-67
13259,2007,254,227,27
13259,2008,240,217,23
13259,2009,243,219,24
13259,2010,230,262,-32
13261,1990,1198,1215,-17
13261,1991,1257,1190,67
13261,1992,1332,1249,83
13261,1993,1262,1355,-93
13261,1994,1366,1516,-150
13261,1995,1392,1977,-585
13261,1996,2253,1385,868
13261,1997,1179,1546,-367
13261,1998,1231,1372,-141
13261,1999,1231,1306,-75
13261,2000,1171,1382,-211
13261,2001,1182,1447,-265
13261,2002,1165,1336,-171
13261,2003,995,1384,-389
13261,2004,1070,1401,-331
13261,2005,1236,1433,-197
13261,2006,1306,1450,-144
13261,2007,1126,1443,-317
13261,2008,1129,1437,-308
13261,2009,1166,1251,-85
13261,2010,1067,1511,-444
13263,1990,363,344,19
13263,1991,362,342,20
13263,1992,439,386,53
13263,1993,344,375,-31
13263,1994,398,388,10
13263,1995,315,223,92
13263,1996,367,247,120
13263,1997,324,284,40
13263,1998,272,292,-20
13263,1999,350,274,76
13263,2000,429,370,59
13263,2001,368,373,-5
13263,2002,355,380,-25
13263,2003,357,311,46
13263,2004,368,321,47
13263,2005,337,373,-36
13263,2006,380,336,44
13263,2007,314,393,-79
13263,2008,335,391,-56
13263,2009,329,349,-20
13263,2010,404,366,38
13265,1990,0,0,0
13265,1991,0,104,-104
13265,1992,84,121,-37
13265,1993,124,107,17
13265,1994,120,77,43
13265,1995,100,65,35
13265,1996,79,77,2
13265,1997,122,74,48
13265,1998,74,80,-6
13265,1999,110,60,50
13265,2000,82,135,-53
13265,2001,124,85,39
13265,2002,67,132,-65
13265,2003,89,125,-36
13265,2004,82,146,-64
13265,2005,136,101,35
13265,2006,75,86,-11
13265,2007,170,143,27
13265,2008,102,89,13
13265,2009,88,139,-51
13265,2010,87,68,19
13267,1990,898,847,51
13267,1991,1048,951,97
13267,1992,1167,1121,46
13267,1993,1056,884,172
13267,1994,1165,959,206
13267,1995,1069,1005,64
13267,1996,1050,916,134
13267,1997,882,1054,-172
13267,1998,902,924,-22
13267,1999,802,923,-121
13267,2000,864,909,-45
13267,2001,806,945,-139
13267,2002,875,894,-19
13267,2003,967,786,181
13267,2004,882,810,72
13267,2005,971,1005,-34
13267,2006,1068,933,135
13267,2007,1140,942,198
13267,2008,1102,962,140
13267,2009,1064,1040,24
13267,2010,1043,1067,-24
13269,1990,295,372,-77
13269,1991,310,327,-17
13269,1992,328,313,15
13269,1993,430,276,154
13269,1994,353,300,53
13269,1995,330,279,51
13269,1996,313,316,-3
13269,1997,304,280,24
13269,1998,313,309,4
13269,1999,296,316,-20
13269,2000,265,315,-50
13269,2001,334,261,73
13269,2002,353,376,-23
13269,2003,346,373,-27
13269,2004,374,376,-2
13269,2005,350,390,-40
13269,2006,322,334,-12
13269,2007,331,318,13
13269,2008,289,396,-107
13269,2009,341,293,48
13269,2010,283,389,-106
13271,1990,572,550,22
13271,1991,964,528,436
13271,1992,607,900,-293
13271,1993,925,640,285
13271,1994,725,652,73
13271,1995,385,1043,-658
13271,1996,493,579,-86
13271,1997,570,533,37
13271,1998,448,576,-128
13271,1999,465,475,-10
13271,2000,414,506,-92
13271,2001,400,476,-76
13271,2002,490,525,-35
13271,2003,439,528,-89
13271,2004,434,454,-20
13271,2005,498,573,-75
13271,2006,459,476,-17
13271,2007,417,520,-103
13271,2008,482,538,-56
13271,2009,495,514,-19
13271,2010,457,596,-139
13273,1990,443,518,-75
13273,1991,447,512,-65
13273,1992,566,460,106
13273,1993,501,418,83
13273,1994,537,464,73
13273,1995,487,456,31
13273,1996,422,453,-31
13273,1997,486,490,-4
13273,1998,465,457,8
13273,1999,441,466,-25
13273,2000,475,558,-83
13273,2001,451,567,-116
13273,2002,531,558,-27
13273,2003,442,505,-63
13273,2004,412,538,-126
13273,2005,439,540,-101
13273,2006,383,476,-93
13273,2007,461,509,-48
13273,2008,444,471,-27
13273,2009,446,423,23
13273,2010,413,513,-100
13275,1990,1803,1820,-17
13275,1991,1971,1846,125
13275,1992,1924,1913,11
13275,1993,2027,1802,225
13275,1994,2250,1663,587
13275,1995,1952,1650,302
13275,1996,2110,1669,441
13275,1997,1876,1827,49
13275,1998,1690,1824,-134
13275,1999,2023,1783,240
13275,2000,1786,1891,-105
13275,2001,1901,1941,-40
13275,2002,2043,1759,284
13275,2003,1810,1861,-51
13275,2004,2178,1688,490
13275,2005,2219,2051,168
13275,2006,2153,1867,286
13275,2007,2091,1957,134
13275,2008,2147,2051,96
13275,2009,1967,1846,121
13275,2010,2027,2008,19
13277,1990,1777,1760,17
13277,1991,1752,1883,-131
13277,1992,1733,2015,-282
13277,1993,1708,1773,-65
13277,1994,1909,1732,177
13277,1995,1726,1792,-66
13277,1996,1781,1988,-207
13277,1997,1720,1935,-215
13277,1998,1763,1973,-210
13277,1999,1789,2067,-278
13277,2000,1881,2052,-171
13277,2001,1908,1926,-18
13277,2002,1697,1725,-28
13277,2003,1805,1660,145
13277,2004,1911,1800,111
13277,2005,2090,1776,314
13277,2006,1815,2134,-319
13277,2007,1912,1988,-76
13277,2008,1843,1992,-149
13277,2009,1870,1849,21
13277,2010,2501,2498,3
13279,1990,1258,1366,-108
13279,1991,1325,1300,25
13279,1992,1219,1215,4
13279,1993,1113,1254,-141
13279,1994,1359,1228,131
13279,1995,1329,1119,210
13279,1996,1247,1287,-40
13279,1997,1183,1234,-51
13279,1998,1262,1319,-57
13279,1999,1139,1242,-103
13279,2000,1074,1195,-121
13279,2001,1050,1163,-113
13279,2002,1057,1079,-22
13279,2003,1041,1010,31
13279,2004,1196,1102,94
13279,2005,1352,1262,90
13279,2006,1242,1187,55
13279,2007,1377,1335,42
13279,2008,1261,1455,-194
13279,2009,1323,1181,142
13279,2010,1176,1314,-138
13281,1990,394,263,131
13281,1991,377,251,126
13281,1992,498,253,245
13281,1993,447,298,149
13281,1994,582,372,210
13281,1995,561,260,301
13281,1996,551,365,186
13281,1997,619,336,283
13281,1998,679,343,336
13281,1999,640,418,222
13281,2000,608,390,218
13281,2001,598,457,141
13281,2002,714,449,265
13281,2003,626,441,185
13281,2004,653,426,227
13281,2005,686,477,209
13281,2006,602,406,196
13281,2007,656,477,179
13281,2008,505,428,77
13281,2009,601,440,161
13281,2010,589,478,111
13283,1990,262,273,-11
13283,1991,206,276,-70
13283,1992,252,266,-14
13283,1993,256,250,6
13283,1994,216,240,-24
13283,1995,213,252,-39
13283,1996,275,245,30
13283,1997,222,229,-7
13283,1998,233,263,-30
13283,1999,298,234,64
13283,2000,215,293,-78
13283,2001,279,266,13
13283,2002,212,242,-30
13283,2003,262,274,-12
13283,2004,192,276,-84
13283,2005,246,340,-94
13283,2006,302,232,70
13283,2007,252,233,19
13283,2008,280,397,-117
13283,2009,266,303,-37
13283,2010,237,279,-42
13285,1990,3177,2726,451
13285,1991,2766,2868,-102
13285,1992,2694,2603,91
13285,1993,2767,2497,270
13285,1994,2729,2729,0
13285,1995,2671,2434,237
13285,1996,2600,2778,-178
13285,1997,2554,2529,25
13285,1998,2774,2748,26
13285,1999,2866,2599,267
13285,2000,2880,2592,288
13285,2001,2663,2803,-140
13285,2002,2723,2623,100
13285,2003,2828,2418,410
13285,2004,2927,2492,435
13285,2005,2848,2681,167
13285,2006,2915,2515,400
13285,2007,2934,2599,335
13285,2008,2839,2724,115
13285,2009,2855,2584,271
13285,2010,3313,2969,344
13287,1990,344,333,11
13287,1991,319,482,-163
13287,1992,499,384,115
13287,1993,439,473,-34
13287,1994,355,526,-171
13287,1995,444,408,36
13287,1996,582,422,160
13287,1997,462,432,30
13287,1998,428,433,-5
13287,1999,411,410,1
13287,2000,419,411,8
13287,2001,419,430,-11
13287,2002,342,404,-62
13287,2003,332,419,-87
13287,2004,380,444,-64
13287,2005,307,422,-115
13287,2006,390,413,-23
13287,2007,398,450,-52
13287,2008,398,441,-43
13287,2009,533,413,120
13287,2010,918,1539,-621
13289,1990,381,440,-59
13289,1991,446,534,-88
13289,1992,443,438,5
13289,1993,444,328,116
13289,1994,483,389,94
13289,1995,389,533,-144
13289,1996,436,503,-67
13289,1997,720,292,428
13289,1998,475,413,62
13289,1999,395,411,-16
13289,2000,276,288,-12
13289,2001,574,393,181
13289,2002,544,528,16
13289,2003,499,567,-68
13289,2004,553,732,-179
13289,2005,532,607,-75
13289,2006,478,565,-87
13289,2007,498,526,-28
13289,2008,475,578,-103
13289,2009,445,629,-184
13289,2010,469,552,-83
13291,1990,590,368,222
13291,1991,770,400,370
13291,1992,699,481,218
13291,1993,828,475,353
13291,1994,1046,444,602
13291,1995,905,472,433
13291,1996,1010,483,527
13291,1997,1113,547,566
13291,1998,1138,611,527
13291,1999,1084,599,485
13291,2000,1007,655,352
13291,2001,1202,733,469
13291,2002,1272,658,614
13291,2003,1135,746,389
13291,2004,1172,735,437
13291,2005,1360,785,575
13291,2006,1159,708,451
13291,2007,1157,833,324
13291,2008,973,806,167
13291,2009,982,805,177
13291,2010,977,889,88
13293,1990,1195,1254,-59
13293,1991,990,992,-2
13293,1992,997,960,37
13293,1993,1140,916,224
13293,1994,1020,864,156
13293,1995,860,823,37
13293,1996,1015,834,181
13293,1997,872,935,-63
13293,1998,956,944,12
13293,1999,1059,966,93
13293,2000,1095,1018,77
13293,2001,886,961,-75
13293,2002,1007,921,86
13293,2003,1044,933,111
13293,2004,981,976,5
13293,2005,1056,1037,19
13293,2006,1023,928,95
13293,2007,1015,1040,-25
13293,2008,1116,1027,89
13293,2009,899,977,-78
13293,2010,1038,1009,29
13295,1990,3308,3064,244
13295,1991,3537,3297,240
13295,1992,3464,3364,100
13295,1993,3534,3297,237
13295,1994,3738,3316,422
13295,1995,3405,3274,131
13295,1996,3410,3085,325
13295,1997,3402,3111,291
13295,1998,3246,3153,93
13295,1999,3540,3388,152
13295,2000,3596,3105,491
13295,2001,3469,3334,135
13295,2002,3579,3160,419
13295,2003,3540,3028,512
13295,2004,3472,3010,462
13295,2005,3629,3077,552
13295,2006,3529,2902,627
13295,2007,3546,3173,373
13295,2008,3272,3035,237
13295,2009,3260,3070,190
13295,2010,3140,3202,-62
13297,1990,2323,1794,529
13297,1991,2180,1821,359
13297,1992,2497,1692,805
13297,1993,2618,1749,869
13297,1994,2822,1925,897
13297,1995,2687,1494,1193
13297,1996,2721,1729,992
13297,1997,5178,1878,3300
13297,1998,4132,2019,2113
13297,1999,4078,2219,1859
13297,2000,3837,2495,1342
13297,2001,3825,2573,1252
13297,2002,3711,2758,953
13297,2003,4051,2907,1144
13297,2004,5746,3383,2363
13297,2005,6146,3787,2359
13297,2006,6312,3766,2546
13297,2007,6036,4312,1724
13297,2008,4717,4064,653
13297,2009,4804,4298,506
13297,2010,4606,4445,161
13299,1990,1595,1629,-34
13299,1991,1726,1550,176
13299,1992,1838,1719,119
13299,1993,1605,1779,-174
13299,1994,1672,1651,21
13299,1995,1448,1629,-181
13299,1996,1678,1537,141
13299,1997,1494,1724,-230
13299,1998,1476,1675,-199
13299,1999,1407,1671,-264
13299,2000,1433,1536,-103
13299,2001,1495,1574,-79
13299,2002,1408,1454,-46
13299,2003,1517,1676,-159
13299,2004,1506,1562,-56
13299,2005,1725,1704,21
13299,2006,1645,1660,-15
13299,2007,1665,1851,-186
13299,2008,1656,1752,-96
13299,2009,1645,1647,-2
13299,2010,1714,1756,-42
13301,1990,284,293,-9
13301,1991,298,359,-61
13301,1992,352,266,86
13301,1993,333,339,-6
13301,1994,275,321,-46
13301,1995,268,301,-33
13301,1996,284,241,43
13301,1997,340,289,51
13301,1998,324,332,-8
13301,1999,241,317,-76
13301,2000,312,302,10
13301,2001,281,317,-36
13301,2002,270,331,-61
13301,2003,294,270,24
13301,2004,278,341,-63
13301,2005,276,390,-114
13301,2006,317,311,6
13301,2007,296,355,-59
13301,2008,308,345,-37
13301,2009,222,321,-99
13301,2010,231,283,-52
13303,1990,593,594,-1
13303,1991,612,594,18
13303,1992,631,617,14
13303,1993,589,537,52
13303,1994,609,618,-9
13303,1995,532,554,-22
13303,1996,649,539,110
13303,1997,522,595,-73
13303,1998,616,641,-25
13303,1999,552,548,4
13303,2000,534,646,-112
13303,2001,467,658,-191
13303,2002,567,587,-20
13303,2003,543,552,-9
13303,2004,522,603,-81
13303,2005,625,645,-20
13303,2006,629,571,58
13303,2007,634,626,8
13303,2008,630,655,-25
13303,2009,513,642,-129
13303,2010,551,622,-71
13305,1990,1316,838,478
13305,1991,1274,986,288
13305,1992,1222,1188,34
13305,1993,1024,920,104
13305,1994,1141,909,232
13305,1995,1059,1114,-55
13305,1996,1203,1021,182
13305,1997,1162,933,229
13305,1998,1121,992,129
13305,1999,1052,985,67
13305,2000,1128,979,149
13305,2001,1097,1039,58
13305,2002,1193,925,268
13305,2003,1192,946,246
13305,2004,1233,1053,180
13305,2005,1271,1029,242
13305,2006,1344,1101,243
13305,2007,1343,1126,217
13305,2008,1376,1323,53
13305,2009,1194,1228,-34
13305,2010,1338,1228,110
13307,1990,0,0,0
13307,1991,0,133,-133
13307,1992,98,82,16
13307,1993,117,93,24
13307,1994,103,101,2
13307,1995,98,173,-75
13307,1996,151,86,65
13307,1997,84,178,-94
13307,1998,136,100,36
13307,1999,89,104,-15
13307,2000,69,143,-74
13307,2001,101,142,-41
13307,2002,144,116,28
13307,2003,121,133,-12
13307,2004,126,130,-4
13307,2005,168,126,42
13307,2006,159,123,36
13307,2007,114,128,-14
13307,2008,112,128,-16
13307,2009,118,186,-68
13307,2010,136,116,20
13309,1990,211,216,-5
13309,1991,219,278,-59
13309,1992,284,245,39
13309,1993,280,374,-94
13309,1994,286,279,7
13309,1995,356,261,95
13309,1996,292,244,48
13309,1997,220,301,-81
13309,1998,221,276,-55
13309,1999,244,292,-48
13309,2000,231,225,6
13309,2001,213,250,-37
13309,2002,221,214,7
13309,2003,229,265,-36
13309,2004,234,324,-90
13309,2005,257,259,-2
13309,2006,208,260,-52
13309,2007,229,229,0
13309,2008,251,206,45
13309,2009,213,289,-76
13309,2010,225,243,-18
13311,1990,792,599,193
13311,1991,926,538,388
13311,1992,888,698,190
13311,1993,1022,651,371
13311,1994,1190,589,601
13311,1995,1334,719,615
13311,1996,1279,725,554
13311,1997,1324,874,450
13311,1998,1441,898,543
13311,1999,1585,1008,577
13311,2000,1604,1011,593
13311,2001,1827,1054,773
13311,2002,1638,1132,506
13311,2003,1676,1145,531
13311,2004,1561,1229,332
13311,2005,1821,1380,441
13311,2006,1681,1292,389
13311,2007,1601,1414,187
13311,2008,1468,1385,83
13311,2009,1339,1237,102
13311,2010,1340,1352,-12
13313,1990,4085,4308,-223
13313,1991,4098,4042,56
13313,1992,4582,4009,573
13313,1993,4961,4125,836
13313,1994,5121,4497,624
13313,1995,4655,4488,167
13313,1996,4713,4517,196
13313,1997,4416,4833,-417
13313,1998,4761,4869,-108
13313,1999,5049,4964,85
13313,2000,4609,5088,-479
13313,2001,4308,5136,-828
13313,2002,4296,5081,-785
13313,2003,4212,4678,-466
13313,2004,4243,4533,-290
13313,2005,4546,4730,-184
13313,2006,4284,4617,-333
13313,2007,4155,4679,-524
13313,2008,3965,5423,-1458
13313,2009,4204,4492,-288
13313,2010,4016,4415,-399
13315,1990,279,278,1
13315,1991,328,366,-38
13315,1992,292,299,-7
13315,1993,359,292,67
13315,1994,356,317,39
13315,1995,324,264,60
13315,1996,293,273,20
13315,1997,290,295,-5
13315,1998,280,266,14
13315,1999,255,320,-65
13315,2000,330,255,75
13315,2001,264,392,-128
13315,2002,332,290,42
13315,2003,274,295,-21
13315,2004,243,315,-72
13315,2005,289,303,-14
13315,2006,299,315,-16
13315,2007,275,329,-54
13315,2008,355,314,41
13315,2009,316,306,10
13315,2010,365,333,32
13317,1990,419,426,-7
13317,1991,452,394,58
13317,1992,447,416,31
13317,1993,403,457,-54
13317,1994,459,422,37
13317,1995,403,365,38
13317,1996,433,411,22
13317,1997,361,406,-45
13317,1998,350,441,-91
13317,1999,356,414,-58
13317,2000,401,423,-22
13317,2001,411,397,14
13317,2002,379,384,-5
13317,2003,369,438,-69
13317,2004,380,441,-61
13317,2005,400,395,5
13317,2006,310,371,-61
13317,2007,387,408,-21
13317,2008,341,372,-31
13317,2009,384,352,32
13317,2010,351,404,-53
13319,1990,433,498,-65
13319,1991,525,537,-12
13319,1992,614,463,151
13319,1993,443,540,-97
13319,1994,534,453,81
13319,1995,372,297,75
13319,1996,364,370,-6
13319,1997,425,407,18
13319,1998,469,453,16
13319,1999,421,434,-13
13319,2000,396,407,-11
13319,2001,369,439,-70
13319,2002,317,384,-67
13319,2003,397,430,-33
13319,2004,396,516,-120
13319,2005,407,505,-98
13319,2006,430,415,15
13319,2007,401,519,-118
13319,2008,538,496,42
13319,2009,434,550,-116
13319,2010,434,475,-41
13321,1990,1009,941,68
13321,1991,1113,929,184
13321,1992,1100,979,121
13321,1993,1092,894,198
13321,1994,1233,1007,226
13321,1995,1168,851,317
13321,1996,1131,973,158
13321,1997,1097,1070,27
13321,1998,1022,1080,-58
13321,1999,920,1070,-150
13321,2000,998,1000,-2
13321,2001,798,1009,-211
13321,2002,883,882,1
13321,2003,914,910,4
13321,2004,1085,1139,-54
13321,2005,1090,1100,-10
13321,2006,949,1111,-162
13321,2007,1116,1136,-20
13321,2008,1096,1083,13
13321,2009,977,1134,-157
13321,2010,1198,1177,21
15001,1990,6877,4513,2364
15001,1991,6440,4767,1673
15001,1992,5925,4767,1158
15001,1993,5171,4655,516
15001,1994,4941,4452,489
15001,1995,4310,4280,30
15001,1996,4414,3907,507
15001,1997,4115,4186,-71
15001,1998,4242,4482,-240
15001,1999,4714,4068,646
15001,2000,5007,4126,881
15001,2001,5459,4090,1369
15001,2002,5863,3945,1918
15001,2003,6227,4123,2104
15001,2004,7016,4308,2708
15001,2005,7198,4607,2591
15001,2006,6612,4964,1648
15001,2007,6877,5648,1229
15001,2008,5521,5890,-369
15001,2009,5193,5281,-88
15001,2010,5405,5076,329
15003,1990,44605,50851,-6246
15003,1991,48804,49048,-244
15003,1992,49384,56120,-6736
15003,1993,44090,50406,-6316
15003,1994,43174,52464,-9290
15003,1995,39966,50463,-10497
15003,1996,38461,47421,-8960
15003,1997,38817,48578,-9761
15003,1998,34756,48155,-13399
15003,1999,34763,46258,-11495
15003,2000,39677,43471,-3794
15003,2001,40927,41198,-271
15003,2002,39910,41316,-1406
15003,2003,39117,41809,-2692
15003,2004,38378,40150,-1772
15003,2005,44358,46971,-2613
15003,2006,37386,46734,-9348
15003,2007,40568,45220,-4652
15003,2008,42368,46120,-3752
15003,2009,41654,42738,-1084
15003,2010,44148,45104,-956
15005,1990,0,0,0
15005,1991,0,0,0
15005,1992,0,0,0
15005,1993,0,0,0
15005,1994,0,0,0
15005,1995,0,0,0
15005,1996,0,0,0
15005,1997,0,0,0
15005,1998,0,0,0
15005,1999,0,0,0
15005,2000,0,0,0
15005,2001,0,0,0
15005,2002,0,0,0
15005,2003,0,0,0
15005,2004,0,0,0
15005,2005,0,0,0
15005,2006,0,0,0
15005,2007,0,0,0
15005,2008,0,0,0
15005,2009,0,0,0
15005,2010,0,0,0
15007,1990,2676,2013,663
15007,1991,2261,2159,102
15007,1992,2493,2315,178
15007,1993,2185,2303,-118
15007,1994,1999,2194,-195
15007,1995,1696,1820,-124
15007,1996,1341,1950,-609
15007,1997,1483,1866,-383
15007,1998,1678,1682,-4
15007,1999,1724,1842,-118
15007,2000,1794,1720,74
15007,2001,1904,1650,254
15007,2002,1958,1767,191
15007,2003,2130,1548,582
15007,2004,2093,1931,162
15007,2005,2114,2078,36
15007,2006,2352,2017,335
15007,2007,2443,2030,413
15007,2008,2038,1951,87
15007,2009,1941,1962,-21
15007,2010,2010,1984,26
15009,1990,5124,3850,1274
15009,1991,5038,4310,728
15009,1992,5345,4436,909
15009,1993,4875,4263,612
15009,1994,4943,4193,750
15009,1995,4223,4023,200
15009,1996,4004,4142,-138
15009,1997,3904,4088,-184
15009,1998,4138,4350,-212
15009,1999,4612,3860,752
15009,2000,5071,4055,1016
15009,2001,4630,4599,31
15009,2002,4900,4172,728
15009,2003,5085,4448,637
15009,2004,5097,4978,119
15009,2005,5190,5129,61
15009,2006,4961,5035,-74
15009,2007,5614,4983,631
15009,2008,4639,5358,-719
15009,2009,4182,4787,-605
15009,2010,4588,4407,181
16001,1990,15173,9929,5244
16001,1991,14525,9963,4562
16001,1992,16829,9773,7056
16001,1993,17606,11169,6437
16001,1994,17561,12501,5060
16001,1995,30481,12786,17695
16001,1996,17113,13515,3598
16001,1997,18239,13545,4694
16001,1998,17324,14868,2456
16001,1999,18316,14699,3617
16001,2000,18988,14908,4080
16001,2001,18171,15749,2422
16001,2002,17605,16084,1521
16001,2003,18522,15796,2726
16001,2004,22722,15768,6954
16001,2005,25087,17435,7652
16001,2006,22770,17682,5088
16001,2007,20556,18681,1875
16001,2008,18517,17770,747
16001,2009,16918,16621,297
16001,2010,19194,16270,2924
16003,1990,260,221,39
16003,1991,377,226,151
16003,1992,326,210,116
16003,1993,303,211,92
16003,1994,268,286,-18
16003,1995,290,258,32
16003,1996,220,285,-65
16003,1997,266,268,-2
16003,1998,245,243,2
16003,1999,213,239,-26
16003,2000,245,260,-15
16003,2001,262,225,37
16003,2002,268,225,43
16003,2003,251,224,27
16003,2004,328,240,88
16003,2005,242,264,-22
16003,2006,286,225,61
16003,2007,243,233,10
16003,2008,202,231,-29
16003,2009,168,237,-69
16003,2010,227,205,22
16005,1990,4185,4249,-64
16005,1991,4383,3752,631
16005,1992,4307,3875,432
16005,1993,4001,3757,244
16005,1994,4020,3948,72
16005,1995,3743,4105,-362
16005,1996,3807,4193,-386
16005,1997,4201,4666,-465
16005,1998,4094,4401,-307
16005,1999,3918,4712,-794
16005,2000,4183,4630,-447
16005,2001,3955,4731,-776
16005,2002,3731,4630,-899
16005,2003,3847,4365,-518
16005,2004,4125,4756,-631
16005,2005,4396,4532,-136
16005,2006,4179,4514,-335
16005,2007,4306,4411,-105
16005,2008,4545,4417,128
16005,2009,3802,4006,-204
16005,2010,3829,4148,-319
16007,1990,255,288,-33
16007,1991,360,241,119
16007,1992,259,231,28
16007,1993,294,291,3
16007,1994,359,242,117
16007,1995,252,337,-85
16007,1996,281,257,24
16007,1997,286,335,-49
16007,1998,325,301,24
16007,1999,309,301,8
16007,2000,319,338,-19
16007,2001,251,390,-139
16007,2002,293,285,8
16007,2003,238,275,-37
16007,2004,254,311,-57
16007,2005,315,328,-13
16007,2006,297,321,-24
16007,2007,305,319,-14
16007,2008,278,307,-29
16007,2009,228,340,-112
16007,2010,260,248,12
16009,1990,520,514,6
16009,1991,511,456,55
16009,1992,572,401,171
16009,1993,641,450,191
16009,1994,622,408,214
16009,1995,569,471,98
16009,1996,498,493,5
16009,1997,535,484,51
16009,1998,486,532,-46
16009,1999,509,454,55
16009,2000,446,630,-184
16009,2001,430,474,-44
16009,2002,451,451,0
16009,2003,492,575,-83
16009,2004,499,409,90
16009,2005,596,466,130
16009,2006,477,454,23
16009,2007,509,426,83
16009,2008,387,513,-126
16009,2009,368,379,-11
16009,2010,403,490,-87
16011,1990,2186,1817,369
16011,1991,2573,1983,590
16011,1992,2279,2159,120
16011,1993,2233,2244,-11
16011,1994,1982,2376,-394
16011,1995,2112,2386,-274
16011,1996,2037,2335,-298
16011,1997,2160,2453,-293
16011,1998,2192,2552,-360
16011,1999,2222,2513,-291
16011,2000,2200,2308,-108
16011,2001,2172,2512,-340
16011,2002,2355,2336,19
16011,2003,2347,2559,-212
16011,2004,2414,2393,21
16011,2005,2320,2570,-250
16011,2006,2402,2438,-36
16011,2007,2421,2328,93
16011,2008,2529,2449,80
16011,2009,2403,2213,190
16011,2010,2115,2242,-127
16013,1990,1330,1042,288
16013,1991,1221,989,232
16013,1992,1317,1025,292
16013,1993,1519,1100,419
16013,1994,1306,1056,250
16013,1995,1349,1127,222
16013,1996,1272,1263,9
16013,1997,1082,1209,-127
16013,1998,1128,1197,-69
16013,1999,1215,1033,182
16013,2000,1374,1086,288
16013,2001,1236,997,239
16013,2002,1258,1124,134
16013,2003,1239,1182,57
16013,2004,1102,1240,-138
16013,2005,1239,1209,30
16013,2006,1078,1193,-115
16013,2007,1128,1143,-15
16013,2008,1051,1147,-96
16013,2009,799,1205,-406
16013,2010,760,1082,-322
16015,1990,389,275,114
16015,1991,460,292,168
16015,1992,480,290,190
16015,1993,529,344,185
16015,1994,513,315,198
16015,1995,477,343,134
16015,1996,402,343,59
16015,1997,438,405,33
16015,1998,1364,364,1000
16015,1999,722,502,220
16015,2000,601,490,111
16015,2001,557,487,70
16015,2002,580,468,112
16015,2003,527,460,67
16015,2004,636,579,57
16015,2005,667,527,140
16015,2006,558,428,130
16015,2007,462,438,24
16015,2008,411,482,-71
16015,2009,436,446,-10
16015,2010,442,416,26
16017,1990,2114,1320,794
16017,1991,2127,1401,726
16017,1992,2442,1424,1018
16017,1993,2620,1362,1258
16017,1994,2538,1643,895
16017,1995,2160,1491,669
16017,1996,2238,1671,567
16017,1997,2223,1890,333
16017,1998,2406,1919,487
16017,1999,2378,1843,535
16017,2000,2144,1938,206
16017,2001,2470,1762,708
16017,2002,2482,1750,732
16017,2003,2554,2074,480
16017,2004,2657,1915,742
16017,2005,2438,1976,462
16017,2006,2304,1790,514
16017,2007,2144,1875,269
16017,2008,1943,1940,3
16017,2009,1929,1772,157
16017,2010,1953,1979,-26
16019,1990,6469,5197,1272
16019,1991,6160,5050,1110
16019,1992,5383,5290,93
16019,1993,5123,5254,-131
16019,1994,4652,5319,-667
16019,1995,4213,5176,-963
16019,1996,4249,4502,-253
16019,1997,4337,4644,-307
16019,1998,4464,4600,-136
16019,1999,5051,4802,249
16019,2000,4588,4624,-36
16019,2001,4932,4652,280
16019,2002,5329,4607,722
16019,2003,5659,4505,1154
16019,2004,5798,5153,645
16019,2005,6447,5112,1335
16019,2006,6453,5126,1327
16019,2007,6614,5197,1417
16019,2008,6188,5488,700
16019,2009,5349,5343,6
16019,2010,5307,5448,-141
16021,1990,511,539,-28
16021,1991,629,480,149
16021,1992,663,406,257
16021,1993,606,423,183
16021,1994,634,428,206
16021,1995,570,503,67
16021,1996,580,560,20
16021,1997,505,590,-85
16021,1998,511,447,64
16021,1999,590,466,124
16021,2000,467,519,-52
16021,2001,516,457,59
16021,2002,593,461,132
16021,2003,576,448,128
16021,2004,635,537,98
16021,2005,710,543,167
16021,2006,677,494,183
16021,2007,570,515,55
16021,2008,512,551,-39
16021,2009,634,487,147
16021,2010,413,525,-112
16023,1990,236,290,-54
16023,1991,239,176,63
16023,1992,205,162,43
16023,1993,196,177,19
16023,1994,193,255,-62
16023,1995,210,210,0
16023,1996,202,229,-27
16023,1997,157,212,-55
16023,1998,128,175,-47
16023,1999,179,179,0
16023,2000,136,192,-56
16023,2001,158,131,27
16023,2002,142,264,-122
16023,2003,154,186,-32
16023,2004,146,184,-38
16023,2005,132,134,-2
16023,2006,151,143,8
16023,2007,143,158,-15
16023,2008,156,161,-5
16023,2009,162,127,35
16023,2010,140,182,-42
16025,1990,0,0,0
16025,1991,0,0,0
16025,1992,47,54,-7
16025,1993,71,41,30
16025,1994,88,44,44
16025,1995,94,58,36
16025,1996,50,85,-35
16025,1997,64,81,-17
16025,1998,104,80,24
16025,1999,46,82,-36
16025,2000,88,75,13
16025,2001,82,67,15
16025,2002,60,62,-2
16025,2003,64,80,-16
16025,2004,156,85,71
16025,2005,131,80,51
16025,2006,77,61,16
16025,2007,106,79,27
16025,2008,60,57,3
16025,2009,51,94,-43
16025,2010,75,79,-4
16027,1990,6508,4789,1719
16027,1991,6364,4876,1488
16027,1992,7058,4721,2337
16027,1993,7506,5078,2428
16027,1994,7770,5246,2524
16027,1995,7057,5317,1740
16027,1996,7271,5137,2134
16027,1997,7589,5824,1765
16027,1998,8604,5920,2684
16027,1999,9476,5915,3561
16027,2000,9703,6364,3339
16027,2001,10270,7015,3255
16027,2002,10473,7191,3282
16027,2003,10693,7712,2981
16027,2004,11919,8255,3664
16027,2005,14174,9548,4626
16027,2006,13308,9233,4075
16027,2007,11900,9667,2233
16027,2008,9978,10408,-430
16027,2009,9720,9898,-178
16027,2010,10154,10024,130
16029,1990,376,337,39
16029,1991,419,419,0
16029,1992,417,348,69
16029,1993,347,417,-70
16029,1994,368,376,-8
16029,1995,361,351,10
16029,1996,311,416,-105
16029,1997,390,330,60
16029,1998,293,443,-150
16029,1999,376,402,-26
16029,2000,423,383,40
16029,2001,320,457,-137
16029,2002,327,420,-93
16029,2003,341,368,-27
16029,2004,282,411,-129
16029,2005,367,460,-93
16029,2006,373,357,16
16029,2007,363,359,4
16029,2008,381,325,56
16029,2009,293,265,28
16029,2010,264,432,-168
16031,1990,1430,1469,-39
16031,1991,1542,1407,135
16031,1992,1578,1558,20
16031,1993,1467,1481,-14
16031,1994,1401,1389,12
16031,1995,1515,1601,-86
16031,1996,1418,1650,-232
16031,1997,1319,1777,-458
16031,1998,1496,1593,-97
16031,1999,1326,1736,-410
16031,2000,1480,1598,-118
16031,2001,1481,1699,-218
16031,2002,1353,1588,-235
16031,2003,1254,1626,-372
16031,2004,1103,1334,-231
16031,2005,1224,1444,-220
16031,2006,1274,1308,-34
16031,2007,1501,1231,270
16031,2008,1370,1427,-57
16031,2009,1527,1243,284
16031,2010,1589,1437,152
16033,1990,76,0,76
16033,1991,122,0,122
16033,1992,109,135,-26
16033,1993,98,90,8
16033,1994,87,109,-22
16033,1995,90,111,-21
16033,1996,111,100,11
16033,1997,119,103,16
16033,1998,143,100,43
16033,1999,77,76,1
16033,2000,50,108,-58
16033,2001,64,93,-29
16033,2002,77,137,-60
16033,2003,57,70,-13
16033,2004,50,66,-16
16033,2005,57,69,-12
16033,2006,58,73,-15
16033,2007,73,97,-24
16033,2008,54,70,-16
16033,2009,76,74,2
16033,2010,48,82,-34
16035,1990,591,554,37
16035,1991,568,524,44
16035,1992,584,489,95
16035,1993,681,459,222
16035,1994,549,553,-4
16035,1995,603,447,156
16035,1996,517,504,13
16035,1997,480,566,-86
16035,1998,444,468,-24
16035,1999,467,585,-118
16035,2000,427,671,-244
16035,2001,493,596,-103
16035,2002,516,528,-12
16035,2003,479,515,-36
16035,2004,481,473,8
16035,2005,469,415,54
16035,2006,495,472,23
16035,2007,490,455,35
16035,2008,401,395,6
16035,2009,327,334,-7
16035,2010,393,412,-19
16037,1990,0,296,-296
16037,1991,0,443,-443
16037,1992,328,540,-212
16037,1993,534,415,119
16037,1994,680,393,287
16037,1995,449,394,55
16037,1996,313,452,-139
16037,1997,262,399,-137
16037,1998,270,281,-11
16037,1999,323,325,-2
16037,2000,255,316,-61
16037,2001,255,335,-80
16037,2002,217,266,-49
16037,2003,261,262,-1
16037,2004,263,270,-7
16037,2005,335,272,63
16037,2006,243,229,14
16037,2007,332,268,64
16037,2008,282,271,11
16037,2009,250,251,-1
16037,2010,212,251,-39
16039,1990,2055,3003,-948
16039,1991,2900,2631,269
16039,1992,4292,3296,996
16039,1993,3236,3246,-10
16039,1994,3197,3060,137
16039,1995,3101,3238,-137
16039,1996,3909,3361,548
16039,1997,3079,2988,91
16039,1998,2929,3190,-261
16039,1999,2859,3373,-514
16039,2000,3267,3482,-215
16039,2001,2954,3212,-258
16039,2002,2774,3661,-887
16039,2003,2966,3172,-206
16039,2004,2837,3421,-584
16039,2005,2846,3338,-492
16039,2006,3211,2949,262
16039,2007,2943,3008,-65
16039,2008,2553,3327,-774
16039,2009,2660,3037,-377
16039,2010,2090,3401,-1311
16041,1990,549,450,99
16041,1991,491,538,-47
16041,1992,557,421,136
16041,1993,532,370,162
16041,1994,599,528,71
16041,1995,679,535,144
16041,1996,646,490,156
16041,1997,619,478,141
16041,1998,578,510,68
16041,1999,632,627,5
16041,2000,596,608,-12
16041,2001,648,556,92
16041,2002,542,617,-75
16041,2003,655,503,152
16041,2004,694,655,39
16041,2005,629,714,-85
16041,2006,678,627,51
16041,2007,736,591,145
16041,2008,654,644,10
16041,2009,647,664,-17
16041,2010,565,626,-61
16043,1990,681,662,19
16043,1991,754,868,-114
16043,1992,912,738,174
16043,1993,699,926,-227
16043,1994,654,672,-18
16043,1995,689,858,-169
16043,1996,811,760,51
16043,1997,771,776,-5
16043,1998,724,939,-215
16043,1999,741,955,-214
16043,2000,872,975,-103
16043,2001,897,971,-74
16043,2002,943,860,83
16043,2003,981,981,0
16043,2004,643,882,-239
16043,2005,798,797,1
16043,2006,767,803,-36
16043,2007,805,784,21
16043,2008,730,880,-150
16043,2009,667,769,-102
16043,2010,650,874,-224
16045,1990,954,721,233
16045,1991,917,673,244
16045,1992,1047,698,349
16045,1993,1051,769,282
16045,1994,1027,739,288
16045,1995,970,752,218
16045,1996,1030,765,265
16045,1997,1020,752,268
16045,1998,947,776,171
16045,1999,1049,960,89
16045,2000,1055,888,167
16045,2001,1101,1042,59
16045,2002,1003,868,135
16045,2003,1085,983,102
16045,2004,1177,954,223
16045,2005,1158,989,169
16045,2006,1113,993,120
16045,2007,992,1078,-86
16045,2008,984,1064,-80
16045,2009,810,937,-127
16045,2010,921,859,62
16047,1990,960,789,171
16047,1991,964,879,85
16047,1992,970,838,132
16047,1993,951,861,90
16047,1994,1015,909,106
16047,1995,1096,838,258
16047,1996,994,881,113
16047,1997,813,903,-90
16047,1998,806,888,-82
16047,1999,871,843,28
16047,2000,820,934,-114
16047,2001,877,945,-68
16047,2002,916,934,-18
16047,2003,773,877,-104
16047,2004,841,918,-77
16047,2005,865,1022,-157
16047,2006,952,955,-3
16047,2007,1001,1018,-17
16047,2008,893,998,-105
16047,2009,990,958,32
16047,2010,1033,1042,-9
16049,1990,848,816,32
16049,1991,983,731,252
16049,1992,852,733,119
16049,1993,941,787,154
16049,1994,920,756,164
16049,1995,847,793,54
16049,1996,930,775,155
16049,1997,808,827,-19
16049,1998,785,740,45
16049,1999,708,775,-67
16049,2000,719,752,-33
16049,2001,684,701,-17
16049,2002,637,666,-29
16049,2003,774,665,109
16049,2004,698,644,54
16049,2005,810,730,80
16049,2006,795,647,148
16049,2007,681,611,70
16049,2008,657,531,126
16049,2009,618,500,118
16049,2010,648,515,133
16051,1990,1302,1264,38
16051,1991,1472,1268,204
16051,1992,1397,1332,65
16051,1993,1481,1308,173
16051,1994,1203,1214,-11
16051,1995,1180,1265,-85
16051,1996,1076,1263,-187
16051,1997,1252,1204,48
16051,1998,1343,1265,78
16051,1999,1298,1322,-24
16051,2000,1277,1459,-182
16051,2001,1496,1361,135
16051,2002,1452,1302,150
16051,2003,1648,1391,257
16051,2004,1858,1462,396
16051,2005,1905,1534,371
16051,2006,2145,1570,575
16051,2007,2316,1691,625
16051,2008,2040,1554,486
16051,2009,1794,1762,32
16051,2010,1712,1858,-146
16053,1990,1354,1191,163
16053,1991,1238,1149,89
16053,1992,1423,1147,276
16053,1993,1368,1213,155
16053,1994,1478,1267,211
16053,1995,1424,1252,172
16053,1996,1416,1421,-5
16053,1997,1582,1420,162
16053,1998,1406,1510,-104
16053,1999,1480,1381,99
16053,2000,1287,1494,-207
16053,2001,1427,1469,-42
16053,2002,1447,1453,-6
16053,2003,1477,1397,80
16053,2004,1384,1313,71
16053,2005,1604,1495,109
16053,2006,1600,1506,94
16053,2007,1746,1460,286
16053,2008,1802,1407,395
16053,2009,1617,1721,-104
16053,2010,1460,1623,-163
16055,1990,6237,3751,2486
16055,1991,6202,3664,2538
16055,1992,7387,3570,3817
16055,1993,7609,3761,3848
16055,1994,7628,4335,3293
16055,1995,6990,4475,2515
16055,1996,6718,4596,2122
16055,1997,6577,5079,1498
16055,1998,7183,4870,2313
16055,1999,7057,5044,2013
16055,2000,6443,5269,1174
16055,2001,6844,5571,1273
16055,2002,7066,5081,1985
16055,2003,8300,5012,3288
16055,2004,8926,5311,3615
16055,2005,8119,5872,2247
16055,2006,7421,5432,1989
16055,2007,7522,5638,1884
16055,2008,6947,5742,1205
16055,2009,6247,5447,800
16055,2010,6685,5266,1419
16057,1990,2417,2308,109
16057,1991,2495,2263,232
16057,1992,2660,2302,358
16057,1993,2680,2405,275
16057,1994,2491,2520,-29
16057,1995,2591,2601,-10
16057,1996,2448,2819,-371
16057,1997,2132,2807,-675
16057,1998,2438,2803,-365
16057,1999,2288,2778,-490
16057,2000,2438,2664,-226
16057,2001,2432,2655,-223
16057,2002,2299,2511,-212
16057,2003,2479,2548,-69
16057,2004,2260,2729,-469
16057,2005,2460,2596,-136
16057,2006,2415,2675,-260
16057,2007,2489,2677,-188
16057,2008,2306,2519,-213
16057,2009,2141,2187,-46
16057,2010,2219,2335,-116
16059,1990,525,470,55
16059,1991,433,440,-7
16059,1992,489,412,77
16059,1993,569,370,199
16059,1994,823,350,473
16059,1995,511,476,35
16059,1996,418,444,-26
16059,1997,371,437,-66
16059,1998,364,484,-120
16059,1999,352,500,-148
16059,2000,395,465,-70
16059,2001,467,382,85
16059,2002,391,374,17
16059,2003,470,412,58
16059,2004,421,371,50
16059,2005,459,394,65
16059,2006,424,419,5
16059,2007,493,387,106
16059,2008,418,427,-9
16059,2009,370,315,55
16059,2010,440,335,105
16061,1990,371,314,57
16061,1991,385,309,76
16061,1992,395,255,140
16061,1993,438,313,125
16061,1994,406,331,75
16061,1995,323,297,26
16061,1996,322,284,38
16061,1997,316,352,-36
16061,1998,265,308,-43
16061,1999,205,213,-8
16061,2000,198,322,-124
16061,2001,285,193,92
16061,2002,271,267,4
16061,2003,272,286,-14
16061,2004,275,251,24
16061,2005,256,224,32
16061,2006,249,263,-14
16061,2007,294,265,29
16061,2008,315,237,78
16061,2009,316,313,3
16061,2010,238,213,25
16063,1990,280,271,9
16063,1991,272,222,50
16063,1992,318,278,40
16063,1993,293,269,24
16063,1994,337,254,83
16063,1995,282,255,27
16063,1996,340,321,19
16063,1997,354,600,-246
16063,1998,400,358,42
16063,1999,378,348,30
16063,2000,413,365,48
16063,2001,394,390,4
16063,2002,399,354,45
16063,2003,340,360,-20
16063,2004,439,300,139
16063,2005,336,359,-23
16063,2006,384,309,75
16063,2007,348,337,11
16063,2008,391,407,-16
16063,2009,319,357,-38
16063,2010,358,433,-75
16065,1990,1166,1573,-407
16065,1991,1553,1533,20
16065,1992,1413,1792,-379
16065,1993,1416,1859,-443
16065,1994,1312,1689,-377
16065,1995,1085,1560,-475
16065,1996,1221,1507,-286
16065,1997,1228,1474,-246
16065,1998,1214,1757,-543
16065,1999,1253,1591,-338
16065,2000,1254,1500,-246
16065,2001,1643,1731,-88
16065,2002,1828,1505,323
16065,2003,2237,1884,353
16065,2004,2638,2484,154
16065,2005,2884,3226,-342
16065,2006,2867,3495,-628
16065,2007,2981,3760,-779
16065,2008,2986,3894,-908
16065,2009,2855,3698,-843
16065,2010,2906,3962,-1056
16067,1990,1477,1391,86
16067,1991,1517,1395,122
16067,1992,1412,1476,-64
16067,1993,1418,1446,-28
16067,1994,1469,1469,0
16067,1995,1072,1427,-355
16067,1996,971,1185,-214
16067,1997,856,1278,-422
16067,1998,1007,1162,-155
16067,1999,850,1255,-405
16067,2000,778,1306,-528
16067,2001,888,1134,-246
16067,2002,840,1074,-234
16067,2003,796,1017,-221
16067,2004,980,1278,-298
16067,2005,1096,1287,-191
16067,2006,1122,1255,-133
16067,2007,1214,1175,39
16067,2008,1435,1199,236
16067,2009,1219,1249,-30
16067,2010,1162,1299,-137
16069,1990,2315,1953,362
16069,1991,2382,1951,431
16069,1992,2369,1968,401
16069,1993,2365,1983,382
16069,1994,2088,1948,140
16069,1995,2036,2034,2
16069,1996,2189,2080,109
16069,1997,2138,2273,-135
16069,1998,2109,2196,-87
16069,1999,1957,2127,-170
16069,2000,1922,2318,-396
16069,2001,2050,2084,-34
16069,2002,2184,1894,290
16069,2003,2069,2086,-17
16069,2004,2102,1989,113
16069,2005,2137,2062,75
16069,2006,2039,2048,-9
16069,2007,1926,2124,-198
16069,2008,2052,1977,75
16069,2009,1877,1900,-23
16069,2010,1951,1837,114
16071,1990,0,159,-159
16071,1991,191,179,12
16071,1992,161,149,12
16071,1993,227,134,93
16071,1994,276,114,162
16071,1995,224,183,41
16071,1996,234,155,79
16071,1997,220,197,23
16071,1998,220,183,37
16071,1999,205,211,-6
16071,2000,210,191,19
16071,2001,157,204,-47
16071,2002,195,194,1
16071,2003,212,196,16
16071,2004,203,174,29
16071,2005,221,212,9
16071,2006,212,200,12
16071,2007,263,220,43
16071,2008,223,180,43
16071,2009,211,190,21
16071,2010,199,248,-49
16073,1990,653,677,-24
16073,1991,743,763,-20
16073,1992,763,689,74
16073,1993,831,739,92
16073,1994,898,706,192
16073,1995,959,874,85
16073,1996,876,773,103
16073,1997,868,905,-37
16073,1998,826,884,-58
16073,1999,931,859,72
16073,2000,885,837,48
16073,2001,736,883,-147
16073,2002,787,748,39
16073,2003,743,931,-188
16073,2004,807,919,-112
16073,2005,871,885,-14
16073,2006,840,879,-39
16073,2007,791,834,-43
16073,2008,769,901,-132
16073,2009,631,782,-151
16073,2010,797,878,-81
16075,1990,1404,1050,354
16075,1991,1521,1152,369
16075,1992,1519,1233,286
16075,1993,1633,1085,548
16075,1994,1516,1217,299
16075,1995,1478,1296,182
16075,1996,1425,1307,118
16075,1997,1405,1281,124
16075,1998,1556,1353,203
16075,1999,1399,1250,149
16075,2000,1348,1302,46
16075,2001,1449,1310,139
16075,2002,1391,1283,108
16075,2003,1357,1411,-54
16075,2004,1592,1281,311
16075,2005,1733,1446,287
16075,2006,1753,1298,455
16075,2007,1413,1355,58
16075,2008,1491,1474,17
16075,2009,1256,1307,-51
16075,2010,1278,1388,-110
16077,1990,514,442,72
16077,1991,650,516,134
16077,1992,569,516,53
16077,1993,526,399,127
16077,1994,441,517,-76
16077,1995,358,405,-47
16077,1996,390,413,-23
16077,1997,460,443,17
16077,1998,362,514,-152
16077,1999,321,461,-140
16077,2000,343,431,-88
16077,2001,350,478,-128
16077,2002,339,454,-115
16077,2003,361,335,26
16077,2004,411,471,-60
16077,2005,421,405,16
16077,2006,405,499,-94
16077,2007,449,488,-39
16077,2008,428,509,-81
16077,2009,548,438,110
16077,2010,393,532,-139
16079,1990,835,767,68
16079,1991,740,1131,-391
16079,1992,1048,902,146
16079,1993,955,919,36
16079,1994,1013,873,140
16079,1995,874,913,-39
16079,1996,854,853,1
16079,1997,804,843,-39
16079,1998,667,814,-147
16079,1999,739,801,-62
16079,2000,646,836,-190
16079,2001,654,930,-276
16079,2002,695,737,-42
16079,2003,645,700,-55
16079,2004,757,553,204
16079,2005,779,615,164
16079,2006,684,676,8
16079,2007,709,614,95
16079,2008,647,737,-90
16079,2009,519,586,-67
16079,2010,552,540,12
16081,1990,325,251,74
16081,1991,450,0,450
16081,1992,372,256,116
16081,1993,397,212,185
16081,1994,513,256,257
16081,1995,507,321,186
16081,1996,447,387,60
16081,1997,470,379,91
16081,1998,457,364,93
16081,1999,576,335,241
16081,2000,577,403,174
16081,2001,608,431,177
16081,2002,594,545,49
16081,2003,559,534,25
16081,2004,595,492,103
16081,2005,706,568,138
16081,2006,827,584,243
16081,2007,910,645,265
16081,2008,740,644,96
16081,2009,647,778,-131
16081,2010,682,728,-46
16083,1990,3599,2862,737
16083,1991,3603,2998,605
16083,1992,3378,3020,358
16083,1993,3835,2835,1000
16083,1994,3813,3448,365
16083,1995,3752,3239,513
16083,1996,3822,3428,394
16083,1997,3453,3542,-89
16083,1998,3449,3558,-109
16083,1999,3502,3871,-369
16083,2000,3504,3867,-363
16083,2001,3829,3668,161
16083,2002,4173,3307,866
16083,2003,3838,3597,241
16083,2004,4202,3646,556
16083,2005,4727,3667,1060
16083,2006,4553,3763,790
16083,2007,4351,3956,395
16083,2008,4139,3871,268
16083,2009,4006,3520,486
16083,2010,4086,4115,-29
16085,1990,802,481,321
16085,1991,752,468,284
16085,1992,871,460,411
16085,1993,750,527,223
16085,1994,760,573,187
16085,1995,665,579,86
16085,1996,697,587,110
16085,1997,634,721,-87
16085,1998,629,762,-133
16085,1999,658,683,-25
16085,2000,667,617,50
16085,2001,589,679,-90
16085,2002,668,527,141
16085,2003,696,510,186
16085,2004,1008,660,348
16085,2005,1145,690,455
16085,2006,983,787,196
16085,2007,778,841,-63
16085,2008,672,876,-204
16085,2009,514,749,-235
16085,2010,602,716,-114
16087,1990,654,593,61
16087,1991,683,606,77
16087,1992,684,522,162
16087,1993,596,523,73
16087,1994,694,460,234
16087,1995,705,577,128
16087,1996,662,511,151
16087,1997,608,570,38
16087,1998,559,598,-39
16087,1999,570,627,-57
16087,2000,553,620,-67
16087,2001,514,570,-56
16087,2002,508,511,-3
16087,2003,530,531,-1
16087,2004,559,547,12
16087,2005,632,618,14
16087,2006,572,607,-35
16087,2007,604,567,37
16087,2008,553,527,26
16087,2009,561,534,27
16087,2010,532,496,36
17001,1990,2032,1872,160
17001,1991,1894,1922,-28
17001,1992,1982,1805,177
17001,1993,2367,1934,433
17001,1994,2225,2076,149
17001,1995,1961,2033,-72
17001,1996,1878,2057,-179
17001,1997,1904,2174,-270
17001,1998,2010,2431,-421
17001,1999,1867,2258,-391
17001,2000,1802,2155,-353
17001,2001,1847,2047,-200
17001,2002,1749,2025,-276
17001,2003,1762,2138,-376
17001,2004,1958,1835,123
17001,2005,2058,1966,92
17001,2006,1808,1963,-155
17001,2007,1923,2008,-85
17001,2008,1961,1932,29
17001,2009,1759,1673,86
17001,2010,1692,1773,-81
17003,1990,401,413,-12
17003,1991,403,413,-10
17003,1992,396,457,-61
17003,1993,318,475,-157
17003,1994,403,464,-61
17003,1995,428,511,-83
17003,1996,375,482,-107
17003,1997,416,476,-60
17003,1998,392,471,-79
17003,1999,427,425,2
17003,2000,422,481,-59
17003,2001,446,463,-17
17003,2002,372,516,-144
17003,2003,367,458,-91
17003,2004,307,579,-272
17003,2005,316,477,-161
17003,2006,321,414,-93
17003,2007,395,498,-103
17003,2008,281,422,-141
17003,2009,327,396,-69
17003,2010,265,425,-160
17005,1990,699,668,31
17005,1991,682,638,44
17005,1992,763,650,113
17005,1993,698,727,-29
17005,1994,1004,709,295
17005,1995,813,791,22
17005,1996,806,843,-37
17005,1997,801,860,-59
17005,1998,717,854,-137
17005,1999,838,812,26
17005,2000,866,821,45
17005,2001,916,769,147
17005,2002,769,742,27
17005,2003,815,741,74
17005,2004,751,796,-45
17005,2005,804,781,23
17005,2006,787,757,30
17005,2007,708,824,-116
17005,2008,665,789,-124
17005,2009,713,674,39
17005,2010,703,723,-20
17007,1990,2313,1812,501
17007,1991,2552,1868,684
17007,1992,2531,1854,677
17007,1993,2913,2040,873
17007,1994,2895,2099,796
17007,1995,2998,2169,829
17007,1996,2814,2363,451
17007,1997,2925,2452,473
17007,1998,2994,2502,492
17007,1999,3333,2567,766
17007,2000,3358,2584,774
17007,2001,3705,2754,951
17007,2002,4008,2772,1236
17007,2003,4252,2836,1416
17007,2004,4461,2942,1519
17007,2005,4753,3253,1500
17007,2006,4450,3215,1235
17007,2007,3642,3351,291
17007,2008,2846,3215,-369
17007,2009,2856,3106,-250
17007,2010,2656,2863,-207
17009,1990,254,219,35
17009,1991,282,239,43
17009,1992,256,244,12
17009,1993,249,195,54
17009,1994,201,255,-54
17009,1995,237,225,12
17009,1996,244,280,-36
17009,1997,254,212,42
17009,1998,257,246,11
17009,1999,226,221,5
17009,2000,208,241,-33
17009,2001,185,253,-68
17009,2002,216,171,45
17009,2003,204,228,-24
17009,2004,204,237,-33
17009,2005,221,254,-33
17009,2006,194,249,-55
17009,2007,234,199,35
17009,2008,197,200,-3
17009,2009,174,241,-67
17009,2010,176,189,-13
17011,1990,1574,1570,4
17011,1991,1510,1500,10
17011,1992,1607,1449,158
17011,1993,1546,1581,-35
17011,1994,1497,1542,-45
17011,1995,1424,1583,-159
17011,1996,1449,1491,-42
17011,1997,1468,1702,-234
17011,1998,1453,1596,-143
17011,1999,1589,1654,-65
17011,2000,1440,1680,-240
17011,2001,1584,1576,8
17011,2002,1521,1518,3
17011,2003,1343,1558,-215
17011,2004,1429,1429,0
17011,2005,1626,1516,110
17011,2006,1479,1453,26
17011,2007,1438,1531,-93
17011,2008,1303,1346,-43
17011,2009,1213,1381,-168
17011,2010,1220,1434,-214
17013,1990,166,199,-33
17013,1991,182,245,-63
17013,1992,194,162,32
17013,1993,134,281,-147
17013,1994,151,192,-41
17013,1995,243,182,61
17013,1996,182,201,-19
17013,1997,130,169,-39
17013,1998,201,191,10
17013,1999,166,165,1
17013,2000,183,189,-6
17013,2001,144,181,-37
17013,2002,218,142,76
17013,2003,197,144,53
17013,2004,133,113,20
17013,2005,194,177,17
17013,2006,150,136,14
17013,2007,136,165,-29
17013,2008,146,152,-6
17013,2009,141,138,3
17013,2010,121,154,-33
17015,1990,714,893,-179
17015,1991,756,748,8
17015,1992,767,722,45
17015,1993,838,642,196
17015,1994,780,814,-34
17015,1995,789,716,73
17015,1996,767,710,57
17015,1997,866,807,59
17015,1998,738,897,-159
17015,1999,667,835,-168
17015,2000,645,800,-155
17015,2001,696,753,-57
17015,2002,661,711,-50
17015,2003,662,756,-94
17015,2004,653,739,-86
17015,2005,665,663,2
17015,2006,598,673,-75
17015,2007,642,689,-47
17015,2008,599,627,-28
17015,2009,548,562,-14
17015,2010,523,635,-112
17017,1990,714,742,-28
17017,1991,649,744,-95
17017,1992,664,706,-42
17017,1993,765,687,78
17017,1994,746,743,3
17017,1995,713,706,7
17017,1996,717,748,-31
17017,1997,797,792,5
17017,1998,709,752,-43
17017,1999,625,878,-253
17017,2000,637,799,-162
17017,2001,550,736,-186
17017,2002,661,649,12
17017,2003,459424,753,458671
17017,2004,659,684,-25
17017,2005,522,657,-135
17017,2006,669,675,-6
17017,2007,706,767,-61
17017,2008,714,871,-157
17017,2009,692,747,-55
17017,2010,672,789,-117
17019,1990,9704,10554,-850
17019,1991,9687,9955,-268
17019,1992,8683,11779,-3096
17019,1993,8334,12214,-3880
17019,1994,8695,9150,-455
17019,1995,8586,8937,-351
17019,1996,8473,9298,-825
17019,1997,7954,9781,-1827
17019,1998,8439,9199,-760
17019,1999,8443,9330,-887
17019,2000,8487,9179,-692
17019,2001,8848,9223,-375
17019,2002,8541,8356,185
17019,2003,8031,8906,-875
17019,2004,8290,8853,-563
17019,2005,8994,9437,-443
17019,2006,8843,9057,-214
17019,2007,8587,9714,-1127
17019,2008,9062,8915,147
17019,2009,7506,8649,-1143
17019,2010,7259,8861,-1602
17021,1990,1365,1468,-103
17021,1991,1451,1488,-37
17021,1992,1364,1344,20
17021,1993,1361,1435,-74
17021,1994,1511,1362,149
17021,1995,1535,1523,12
17021,1996,1621,1700,-79
17021,1997,1500,1650,-150
17021,1998,1519,1604,-85
17021,1999,1541,1542,-1
17021,2000,1478,1537,-59
17021,2001,1512,1470,42
17021,2002,1370,1410,-40
17021,2003,1409,1260,149
17021,2004,1261,1314,-53
17021,2005,1173,1293,-120
17021,2006,1122,1210,-88
17021,2007,1158,1298,-140
17021,2008,1166,1229,-63
17021,2009,1119,1114,5
17021,2010,1154,1129,25
17023,1990,611,617,-6
17023,1991,731,609,122
17023,1992,770,650,120
17023,1993,756,677,79
17023,1994,786,684,102
17023,1995,775,685,90
17023,1996,786,751,35
17023,1997,812,699,113
17023,1998,804,778,26
17023,1999,670,699,-29
17023,2000,680,677,3
17023,2001,763,729,34
17023,2002,692,692,0
17023,2003,745,693,52
17023,2004,691,662,29
17023,2005,718,729,-11
17023,2006,689,689,0
17023,2007,611,670,-59
17023,2008,582,674,-92
17023,2009,563,678,-115
17023,2010,586,633,-47
17025,1990,649,605,44
17025,1991,511,608,-97
17025,1992,553,585,-32
17025,1993,549,548,1
17025,1994,566,555,11
17025,1995,565,591,-26
17025,1996,626,599,27
17025,1997,721,622,99
17025,1998,501,636,-135
17025,1999,593,619,-26
17025,2000,488,700,-212
17025,2001,571,612,-41
17025,2002,596,590,6
17025,2003,540,602,-62
17025,2004,534,583,-49
17025,2005,568,673,-105
17025,2006,464,559,-95
17025,2007,532,556,-24
17025,2008,527,574,-47
17025,2009,481,493,-12
17025,2010,428,466,-38
17027,1990,1292,1341,-49
17027,1991,1380,1292,88
17027,1992,1347,1280,67
17027,1993,1356,1334,22
17027,1994,1356,1305,51
17027,1995,1377,1377,0
17027,1996,1411,1422,-11
17027,1997,1443,1283,160
17027,1998,1307,1359,-52
17027,1999,1308,1354,-46
17027,2000,1346,1312,34
17027,2001,1422,1368,54
17027,2002,1394,1175,219
17027,2003,1384,1364,20
17027,2004,1311,1359,-48
17027,2005,1572,1253,319
17027,2006,1322,1357,-35
17027,2007,1399,1233,166
17027,2008,1254,1356,-102
17027,2009,1470,1175,295
17027,2010,1225,1188,37
17029,1990,1974,2062,-88
17029,1991,2115,1945,170
17029,1992,2121,2050,71
17029,1993,2132,2130,2
17029,1994,2400,2367,33
17029,1995,2087,2306,-219
17029,1996,2121,2279,-158
17029,1997,2122,2351,-229
17029,1998,2289,2543,-254
17029,1999,2052,2639,-587
17029,2000,2134,2392,-258
17029,2001,2130,2405,-275
17029,2002,2086,2195,-109
17029,2003,2140,2325,-185
17029,2004,2080,2431,-351
17029,2005,2241,2375,-134
17029,2006,1956,2237,-281
17029,2007,2065,2267,-202
17029,2008,2033,2158,-125
17029,2009,1993,2047,-54
17029,2010,1939,2175,-236
17031,1990,99925,155218,-55293
17031,1991,101076,153480,-52404
17031,1992,99893,163164,-63271
17031,1993,98231,164468,-66237
17031,1994,100177,166762,-66585
17031,1995,98552,161094,-62542
17031,1996,100769,163147,-62378
17031,1997,101989,162401,-60412
17031,1998,107936,169618,-61682
17031,1999,110349,176532,-66183
17031,2000,109077,174996,-65919
17031,2001,104304,180559,-76255
17031,2002,102830,179682,-76852
17031,2003,103308,183166,-79858
17031,2004,107743,183991,-76248
17031,2005,115732,185552,-69820
17031,2006,116866,165586,-48720
17031,2007,121914,154312,-32398
17031,2008,119646,140562,-20916
17031,2009,109897,137308,-27411
17031,2010,112989,141010,-28021
17033,1990,760,694,66
17033,1991,830,668,162
17033,1992,833,647,186
17033,1993,893,649,244
17033,1994,773,786,-13
17033,1995,794,750,44
17033,1996,737,769,-32
17033,1997,658,728,-70
17033,1998,710,782,-72
17033,1999,606,787,-181
17033,2000,629,731,-102
17033,2001,652,737,-85
17033,2002,600,655,-55
17033,2003,635,613,22
17033,2004,586,610,-24
17033,2005,547,603,-56
17033,2006,585,587,-2
17033,2007,657,636,21
17033,2008,644,547,97
17033,2009,544,482,62
17033,2010,515,491,24
17035,1990,531,515,16
17035,1991,559,568,-9
17035,1992,542,481,61
17035,1993,609,514,95
17035,1994,602,609,-7
17035,1995,651,592,59
17035,1996,587,573,14
17035,1997,631,646,-15
17035,1998,537,552,-15
17035,1999,592,553,39
17035,2000,486,558,-72
17035,2001,528,601,-73
17035,2002,449,472,-23
17035,2003,580,561,19
17035,2004,486,561,-75
17035,2005,553,532,21
17035,2006,512,533,-21
17035,2007,526,474,52
17035,2008,497,552,-55
17035,2009,486,506,-20
17035,2010,452,460,-8
17037,1990,4441,4268,173
17037,1991,4538,4345,193
17037,1992,4897,4417,480
17037,1993,5303,4479,824
17037,1994,5378,4666,712
17037,1995,5137,4665,472
17037,1996,5240,5072,168
17037,1997,5252,5003,249
17037,1998,5581,5051,530
17037,1999,5876,5488,388
17037,2000,5749,5580,169
17037,2001,6026,5733,293
17037,2002,6065,5326,739
17037,2003,6545,5640,905
17037,2004,6669,5221,1448
17037,2005,6681,5363,1318
17037,2006,6358,5329,1029
17037,2007,5498,5659,-161
17037,2008,4988,5291,-303
17037,2009,4362,5086,-724
17037,2010,4107,5372,-1265
17039,1990,845,796,49
17039,1991,861,846,15
17039,1992,754,745,9
17039,1993,840,749,91
17039,1994,777,856,-79
17039,1995,675,757,-82
17039,1996,799,764,35
17039,1997,774,800,-26
17039,1998,751,783,-32
17039,1999,756,761,-5
17039,2000,828,937,-109
17039,2001,799,882,-83
17039,2002,765,772,-7
17039,2003,796,814,-18
17039,2004,758,712,46
17039,2005,888,787,101
17039,2006,740,817,-77
17039,2007,723,825,-102
17039,2008,707,872,-165
17039,2009,744,687,57
17039,2010,685,673,12
17041,1990,889,920,-31
17041,1991,912,1042,-130
17041,1992,960,983,-23
17041,1993,935,945,-10
17041,1994,1071,995,76
17041,1995,925,976,-51
17041,1996,959,987,-28
17041,1997,972,1052,-80
17041,1998,903,1019,-116
17041,1999,918,991,-73
17041,2000,964,1023,-59
17041,2001,944,1036,-92
17041,2002,871,1029,-158
17041,2003,958,1017,-59
17041,2004,919,1028,-109
17041,2005,899,958,-59
17041,2006,903,983,-80
17041,2007,870,1025,-155
17041,2008,813,979,-166
17041,2009,820,904,-84
17041,2010,758,928,-170
17043,1990,51005,48713,2292
17043,1991,51388,51033,355
17043,1992,53367,51840,1527
17043,1993,53832,52116,1716
17043,1994,52967,53811,-844
17043,1995,53925,58080,-4155
17043,1996,55996,58436,-2440
17043,1997,56666,57656,-990
17043,1998,60161,60714,-553
17043,1999,58852,63610,-4758
17043,2000,58594,63753,-5159
17043,2001,56943,63993,-7050
17043,2002,54646,64207,-9561
17043,2003,54863,63405,-8542
17043,2004,48366,58085,-9719
17043,2005,49701,59133,-9432
17043,2006,44781,52600,-7819
17043,2007,45967,48680,-2713
17043,2008,45292,44888,404
17043,2009,41505,43764,-2259
17043,2010,41814,42929,-1115
17045,1990,752,736,16
17045,1991,719,738,-19
17045,1992,775,619,156
17045,1993,829,757,72
17045,1994,1005,814,191
17045,1995,809,683,126
17045,1996,662,823,-161
17045,1997,755,793,-38
17045,1998,591,771,-180
17045,1999,684,812,-128
17045,2000,662,747,-85
17045,2001,611,754,-143
17045,2002,765,766,-1
17045,2003,741,746,-5
17045,2004,653,673,-20
17045,2005,787,780,7
17045,2006,698,706,-8
17045,2007,634,733,-99
17045,2008,613,719,-106
17045,2009,620,661,-41
17045,2010,561,596,-35
17047,1990,296,301,-5
17047,1991,319,363,-44
17047,1992,294,319,-25
17047,1993,309,306,3
17047,1994,339,309,30
17047,1995,286,364,-78
17047,1996,242,324,-82
17047,1997,270,333,-63
17047,1998,277,343,-66
17047,1999,278,253,25
17047,2000,261,354,-93
17047,2001,296,332,-36
17047,2002,317,301,16
17047,2003,234,300,-66
17047,2004,276,283,-7
17047,2005,223,291,-68
17047,2006,234,205,29
17047,2007,255,241,14
17047,2008,226,245,-19
17047,2009,257,202,55
17047,2010,199,277,-78
17049,1990,1236,1379,-143
17049,1991,1228,1309,-81
17049,1992,1401,1329,72
17049,1993,1315,1186,129
17049,1994,1475,1333,142
17049,1995,1462,1293,169
17049,1996,1393,1457,-64
17049,1997,1384,1401,-17
17049,1998,1487,1455,32
17049,1999,1358,1419,-61
17049,2000,1399,1481,-82
17049,2001,1337,1444,-107
17049,2002,1329,1357,-28
17049,2003,1322,1376,-54
17049,2004,1248,1500,-252
17049,2005,1202,1445,-243
17049,2006,1062,1372,-310
17049,2007,1260,1324,-64
17049,2008,1226,1327,-101
17049,2009,1202,1291,-89
17049,2010,1159,1197,-38
17051,1990,746,823,-77
17051,1991,823,741,82
17051,1992,844,784,60
17051,1993,859,722,137
17051,1994,970,807,163
17051,1995,838,715,123
17051,1996,979,791,188
17051,1997,798,824,-26
17051,1998,739,855,-116
17051,1999,760,759,1
17051,2000,756,869,-113
17051,2001,758,778,-20
17051,2002,833,814,19
17051,2003,848,769,79
17051,2004,802,736,66
17051,2005,774,734,40
17051,2006,644,701,-57
17051,2007,860,834,26
17051,2008,713,789,-76
17051,2009,700,734,-34
17051,2010,710,728,-18
17053,1990,723,868,-145
17053,1991,787,855,-68
17053,1992,842,926,-84
17053,1993,823,823,0
17053,1994,924,713,211
17053,1995,837,794,43
17053,1996,876,855,21
17053,1997,778,841,-63
17053,1998,747,748,-1
17053,1999,771,842,-71
17053,2000,763,793,-30
17053,2001,893,898,-5
17053,2002,758,786,-28
17053,2003,862,783,79
17053,2004,722,804,-82
17053,2005,811,803,8
17053,2006,820,738,82
17053,2007,715,810,-95
17053,2008,716,784,-68
17053,2009,693,732,-39
17053,2010,676,673,3
17055,1990,1390,1355,35
17055,1991,1396,1338,58
17055,1992,1437,1172,265
17055,1993,1566,1312,254
17055,1994,1691,1365,326
17055,1995,1622,1326,296
17055,1996,1317,1528,-211
17055,1997,1355,1389,-34
17055,1998,1411,1422,-11
17055,1999,1586,1494,92
17055,2000,1397,1501,-104
17055,2001,1631,1342,289
17055,2002,1536,1315,221
17055,2003,1605,1357,248
17055,2004,1511,1336,175
17055,2005,1531,1424,107
17055,2006,1466,1458,8
17055,2007,1549,1499,50
17055,2008,1511,1448,63
17055,2009,1476,1414,62
17055,2010,1457,1357,100
17057,1990,1275,1284,-9
17057,1991,1489,1288,201
17057,1992,1292,1281,11
17057,1993,1330,1278,52
17057,1994,1445,1291,154
17057,1995,1420,1339,81
17057,1996,1286,1359,-73
17057,1997,1342,1415,-73
17057,1998,1353,1317,36
17057,1999,1445,1538,-93
17057,2000,1295,1494,-199
17057,2001,1200,1475,-275
17057,2002,1274,1147,127
17057,2003,1185,1211,-26
17057,2004,1171,1231,-60
17057,2005,1307,1300,7
17057,2006,1136,1165,-29
17057,2007,1240,1216,24
17057,2008,1177,1193,-16
17057,2009,1165,1155,10
17057,2010,1140,1121,19
17059,1990,199,250,-51
17059,1991,253,237,16
17059,1992,243,220,23
17059,1993,208,239,-31
17059,1994,250,255,-5
17059,1995,274,259,15
17059,1996,262,306,-44
17059,1997,281,275,6
17059,1998,287,288,-1
17059,1999,275,299,-24
17059,2000,220,309,-89
17059,2001,211,303,-92
17059,2002,277,235,42
17059,2003,249,239,10
17059,2004,227,232,-5
17059,2005,242,229,13
17059,2006,211,288,-77
17059,2007,226,246,-20
17059,2008,213,320,-107
17059,2009,216,198,18
17059,2010,207,240,-33
17061,1990,520,582,-62
17061,1991,526,521,5
17061,1992,502,464,38
17061,1993,634,600,34
17061,1994,590,556,34
17061,1995,656,621,35
17061,1996,609,587,22
17061,1997,587,602,-15
17061,1998,537,583,-46
17061,1999,600,612,-12
17061,2000,518,634,-116
17061,2001,599,580,19
17061,2002,561,558,3
17061,2003,484,550,-66
17061,2004,536,541,-5
17061,2005,451,605,-154
17061,2006,422,523,-101
17061,2007,500,528,-28
17061,2008,514,543,-29
17061,2009,490,511,-21
17061,2010,504,492,12
17063,1990,2271,1749,522
17063,1991,2144,1824,320
17063,1992,2175,1807,368
17063,1993,2271,2151,120
17063,1994,2230,2116,114
17063,1995,2366,1947,419
17063,1996,2584,2195,389
17063,1997,2478,2204,274
17063,1998,2499,2325,174
17063,1999,2697,2332,365
17063,2000,2738,2285,453
17063,2001,2666,2432,234
17063,2002,2897,2242,655
17063,2003,3634,2332,1302
17063,2004,4504,2229,2275
17063,2005,4479,2715,1764
17063,2006,3783,2750,1033
17063,2007,3406,2794,612
17063,2008,2799,2841,-42
17063,2009,2445,2569,-124
17063,2010,2477,2747,-270
17065,1990,277,263,14
17065,1991,316,291,25
17065,1992,312,285,27
17065,1993,326,327,-1
17065,1994,343,271,72
17065,1995,362,306,56
17065,1996,349,278,71
17065,1997,359,291,68
17065,1998,328,314,14
17065,1999,251,300,-49
17065,2000,267,318,-51
17065,2001,274,314,-40
17065,2002,275,304,-29
17065,2003,294,217,77
17065,2004,255,301,-46
17065,2005,325,286,39
17065,2006,280,299,-19
17065,2007,319,284,35
17065,2008,294,263,31
17065,2009,279,280,-1
17065,2010,273,276,-3
17067,1990,912,892,20
17067,1991,1043,928,115
17067,1992,975,942,33
17067,1993,847,944,-97
17067,1994,917,884,33
17067,1995,945,931,14
17067,1996,840,963,-123
17067,1997,933,921,12
17067,1998,828,990,-162
17067,1999,789,907,-118
17067,2000,822,944,-122
17067,2001,790,970,-180
17067,2002,719,863,-144
17067,2003,808,933,-125
17067,2004,680,853,-173
17067,2005,829,928,-99
17067,2006,768,851,-83
17067,2007,775,925,-150
17067,2008,751,837,-86
17067,2009,727,764,-37
17067,2010,686,742,-56
17069,1990,151,172,-21
17069,1991,221,152,69
17069,1992,182,173,9
17069,1993,132,176,-44
17069,1994,183,198,-15
17069,1995,146,176,-30
17069,1996,131,180,-49
17069,1997,170,209,-39
17069,1998,181,180,1
17069,1999,177,186,-9
17069,2000,232,185,47
17069,2001,184,198,-14
17069,2002,188,182,6
17069,2003,167,181,-14
17069,2004,138,129,9
17069,2005,136,174,-38
17069,2006,133,166,-33
17069,2007,169,173,-4
17069,2008,137,175,-38
17069,2009,135,117,18
17069,2010,139,127,12
17071,1990,395,330,65
17071,1991,481,355,126
17071,1992,453,417,36
17071,1993,364,456,-92
17071,1994,398,322,76
17071,1995,403,347,56
17071,1996,449,324,125
17071,1997,373,384,-11
17071,1998,333,363,-30
17071,1999,385,346,39
17071,2000,391,383,8
17071,2001,369,398,-29
17071,2002,351,406,-55
17071,2003,399,352,47
17071,2004,283,354,-71
17071,2005,308,371,-63
17071,2006,297,310,-13
17071,2007,276,322,-46
17071,2008,351,404,-53
17071,2009,308,282,26
17071,2010,234,306,-72
17073,1990,2301,2333,-32
17073,1991,2401,2253,148
17073,1992,2298,2474,-176
17073,1993,2387,2275,112
17073,1994,2389,2232,157
17073,1995,2396,2383,13
17073,1996,2150,2374,-224
17073,1997,2318,2360,-42
17073,1998,2591,2392,199
17073,1999,2631,2592,39
17073,2000,2379,2711,-332
17073,2001,2476,2653,-177
17073,2002,2610,2326,284
17073,2003,2276,2423,-147
17073,2004,2150,2162,-12
17073,2005,2126,2336,-210
17073,2006,2169,2115,54
17073,2007,2278,2175,103
17073,2008,2161,2285,-124
17073,2009,1941,2081,-140
17073,2010,1890,2000,-110
17075,1990,1360,1265,95
17075,1991,1480,1307,173
17075,1992,1531,1281,250
17075,1993,1356,1308,48
17075,1994,1332,1432,-100
17075,1995,1412,1243,169
17075,1996,1317,1394,-77
17075,1997,1357,1540,-183
17075,1998,1350,1473,-123
17075,1999,1391,1467,-76
17075,2000,1189,1549,-360
17075,2001,1372,1545,-173
17075,2002,1265,1309,-44
17075,2003,1295,1427,-132
17075,2004,1391,1309,82
17075,2005,1284,1371,-87
17075,2006,1268,1284,-16
17075,2007,1280,1259,21
17075,2008,1088,1337,-249
17075,2009,1090,1176,-86
17075,2010,1026,1072,-46
17077,1990,2895,3311,-416
17077,1991,3216,3197,19
17077,1992,3350,3156,194
17077,1993,3216,3409,-193
17077,1994,3407,3417,-10
17077,1995,3246,3472,-226
17077,1996,3197,3658,-461
17077,1997,3182,3583,-401
17077,1998,3415,3762,-347
17077,1999,3225,3820,-595
17077,2000,3316,3814,-498
17077,2001,3397,3553,-156
17077,2002,3172,3397,-225
17077,2003,3262,3365,-103
17077,2004,3251,3588,-337
17077,2005,3189,3715,-526
17077,2006,2982,3646,-664
17077,2007,3210,3606,-396
17077,2008,3118,3665,-547
17077,2009,3054,3166,-112
17077,2010,2784,3357,-573
17079,1990,369,377,-8
17079,1991,383,387,-4
17079,1992,410,397,13
17079,1993,389,380,9
17079,1994,397,446,-49
17079,1995,379,386,-7
17079,1996,372,439,-67
17079,1997,390,398,-8
17079,1998,322,428,-106
17079,1999,316,474,-158
17079,2000,410,405,5
17079,2001,414,392,22
17079,2002,309,393,-84
17079,2003,376,375,1
17079,2004,302,377,-75
17079,2005,301,384,-83
17079,2006,316,346,-30
17079,2007,342,329,13
17079,2008,304,412,-108
17079,2009,318,341,-23
17079,2010,338,300,38
17081,1990,1412,1568,-156
17081,1991,1435,1517,-82
17081,1992,1437,1406,31
17081,1993,1320,1477,-157
17081,1994,1500,1436,64
17081,1995,1498,1511,-13
17081,1996,1397,1491,-94
17081,1997,1468,1534,-66
17081,1998,1631,1569,62
17081,1999,1502,1526,-24
17081,2000,1517,1491,26
17081,2001,1611,1543,68
17081,2002,1384,1399,-15
17081,2003,1503,1473,30
17081,2004,1384,1379,5
17081,2005,1528,1535,-7
17081,2006,1381,1469,-88
17081,2007,1478,1543,-65
17081,2008,1404,1506,-102
17081,2009,1209,1353,-144
17081,2010,1247,1311,-64
17083,1990,920,820,100
17083,1991,1019,879,140
17083,1992,983,882,101
17083,1993,928,1063,-135
17083,1994,971,816,155
17083,1995,1207,1011,196
17083,1996,1126,1023,103
17083,1997,1172,1005,167
17083,1998,1124,1114,10
17083,1999,1094,1081,13
17083,2000,1092,1045,47
17083,2001,1257,1005,252
17083,2002,1216,1059,157
17083,2003,1178,940,238
17083,2004,1022,920,102
17083,2005,1103,939,164
17083,2006,985,892,93
17083,2007,1165,891,274
17083,2008,928,995,-67
17083,2009,875,906,-31
17083,2010,838,936,-98
17085,1990,1041,962,79
17085,1991,862,932,-70
17085,1992,1151,925,226
17085,1993,1093,1037,56
17085,1994,1031,1120,-89
17085,1995,1006,1044,-38
17085,1996,933,1012,-79
17085,1997,850,1023,-173
17085,1998,1020,1008,12
17085,1999,968,962,6
17085,2000,1027,927,100
17085,2001,975,985,-10
17085,2002,990,933,57
17085,2003,843,910,-67
17085,2004,959,910,49
17085,2005,966,874,92
17085,2006,798,855,-57
17085,2007,912,866,46
17085,2008,819,818,1
17085,2009,745,795,-50
17085,2010,849,831,18
17087,1990,578,443,135
17087,1991,530,381,149
17087,1992,570,426,144
17087,1993,611,448,163
17087,1994,650,411,239
17087,1995,698,538,160
17087,1996,656,477,179
17087,1997,614,527,87
17087,1998,658,584,74
17087,1999,696,491,205
17087,2000,707,609,98
17087,2001,669,530,139
17087,2002,724,561,163
17087,2003,576,560,16
17087,2004,625,488,137
17087,2005,616,502,114
17087,2006,552,517,35
17087,2007,545,516,29
17087,2008,489,461,28
17087,2009,550,475,75
17087,2010,520,438,82
17089,1990,21135,19285,1850
17089,1991,22210,19981,2229
17089,1992,22438,20861,1577
17089,1993,23374,21269,2105
17089,1994,24434,21826,2608
17089,1995,22688,18501,4187
17089,1996,22482,18555,3927
17089,1997,21419,18349,3070
17089,1998,23964,19900,4064
17089,1999,25187,20556,4631
17089,2000,27037,20435,6602
17089,2001,27861,21060,6801
17089,2002,27060,21894,5166
17089,2003,27453,23140,4313
17089,2004,26802,26187,615
17089,2005,28001,26706,1295
17089,2006,27194,24531,2663
17089,2007,25044,23772,1272
17089,2008,22196,22013,183
17089,2009,20888,21986,-1098
17089,2010,21475,22269,-794
17091,1990,3804,3565,239
17091,1991,3996,3418,578
17091,1992,3903,3500,403
17091,1993,3670,3634,36
17091,1994,3883,4039,-156
17091,1995,3675,3789,-114
17091,1996,3747,3829,-82
17091,1997,3764,4099,-335
17091,1998,3848,4004,-156
17091,1999,3623,4101,-478
17091,2000,3805,4035,-230
17091,2001,3765,3977,-212
17091,2002,4020,3901,119
17091,2003,3992,3849,143
17091,2004,4329,4070,259
17091,2005,4641,3991,650
17091,2006,4598,3792,806
17091,2007,4214,3955,259
17091,2008,3518,3746,-228
17091,2009,3389,3636,-247
17091,2010,3271,3627,-356
17093,1990,2780,2371,409
17093,1991,3017,2738,279
17093,1992,3201,2658,543
17093,1993,3652,2660,992
17093,1994,3884,2858,1026
17093,1995,4352,2671,1681
17093,1996,4165,2794,1371
17093,1997,4291,2961,1330
17093,1998,4375,3113,1262
17093,1999,4980,3342,1638
17093,2000,5252,3464,1788
17093,2001,6337,3760,2577
17093,2002,7140,3470,3670
17093,2003,8205,3897,4308
17093,2004,10572,4749,5823
17093,2005,12436,5086,7350
17093,2006,13381,5392,7989
17093,2007,11762,6203,5559
17093,2008,7922,6208,1714
17093,2009,7189,6393,796
17093,2010,6804,6473,331
17095,1990,1948,2033,-85
17095,1991,1978,2030,-52
17095,1992,1961,1978,-17
17095,1993,1724,2103,-379
17095,1994,1910,2113,-203
17095,1995,1862,1970,-108
17095,1996,1928,2048,-120
17095,1997,1942,2087,-145
17095,1998,2007,2220,-213
17095,1999,1972,2214,-242
17095,2000,1846,2226,-380
17095,2001,1952,2100,-148
17095,2002,1657,2044,-387
17095,2003,1763,2188,-425
17095,2004,1649,1971,-322
17095,2005,1816,2121,-305
17095,2006,1790,2013,-223
17095,2007,1851,1895,-44
17095,2008,1819,1819,0
17095,2009,1707,1619,88
17095,2010,1681,1714,-33
17097,1990,33995,30863,3132
17097,1991,34597,31495,3102
17097,1992,35851,33735,2116
17097,1993,34613,32155,2458
17097,1994,34726,31249,3477
17097,1995,34582,29850,4732
17097,1996,34321,31686,2635
17097,1997,33280,32057,1223
17097,1998,35158,33986,1172
17097,1999,37386,33294,4092
17097,2000,34958,32993,1965
17097,2001,34451,33151,1300
17097,2002,32565,32433,132
17097,2003,32999,32777,222
17097,2004,32690,32646,44
17097,2005,32547,33177,-630
17097,2006,28893,31141,-2248
17097,2007,27590,29068,-1478
17097,2008,25358,27410,-2052
17097,2009,24541,26863,-2322
17097,2010,24667,28323,-3656
17099,1990,3920,3769,151
17099,1991,3870,3718,152
17099,1992,4050,3536,514
17099,1993,4048,3918,130
17099,1994,4230,3978,252
17099,1995,3769,3700,69
17099,1996,3840,3806,34
17099,1997,3837,3941,-104
17099,1998,4014,4090,-76
17099,1999,3855,4292,-437
17099,2000,4142,4095,47
17099,2001,4153,4218,-65
17099,2002,3961,3904,57
17099,2003,4118,4147,-29
17099,2004,4399,4123,276
17099,2005,4634,4228,406
17099,2006,4440,4265,175
17099,2007,4306,4081,225
17099,2008,3555,3963,-408
17099,2009,3566,3819,-253
17099,2010,3438,3754,-316
17101,1990,723,665,58
17101,1991,634,710,-76
17101,1992,662,584,78
17101,1993,684,607,77
17101,1994,681,585,96
17101,1995,604,658,-54
17101,1996,599,733,-134
17101,1997,601,688,-87
17101,1998,605,681,-76
17101,1999,577,626,-49
17101,2000,600,645,-45
17101,2001,603,600,3
17101,2002,556,519,37
17101,2003,569,572,-3
17101,2004,607,562,45
17101,2005,612,686,-74
17101,2006,499,561,-62
17101,2007,528,588,-60
17101,2008,520,592,-72
17101,2009,543,487,56
17101,2010,525,483,42
17103,1990,1555,1521,34
17103,1991,1558,1535,23
17103,1992,1718,1457,261
17103,1993,1695,1613,82
17103,1994,1774,1630,144
17103,1995,1550,1584,-34
17103,1996,1689,1770,-81
17103,1997,1719,1741,-22
17103,1998,1590,1856,-266
17103,1999,1696,1792,-96
17103,2000,1627,1737,-110
17103,2001,1549,1563,-14
17103,2002,1557,1616,-59
17103,2003,1637,1570,67
17103,2004,1639,1672,-33
17103,2005,1641,1580,61
17103,2006,1672,1485,187
17103,2007,1692,1709,-17
17103,2008,1357,1431,-74
17103,2009,1302,1508,-206
17103,2010,1296,1624,-328
17105,1990,1509,1514,-5
17105,1991,1599,1388,211
17105,1992,1536,1571,-35
17105,1993,1474,1431,43
17105,1994,1532,1438,94
17105,1995,1404,1395,9
17105,1996,1447,1578,-131
17105,1997,1339,1456,-117
17105,1998,1440,1530,-90
17105,1999,1456,1623,-167
17105,2000,1468,1577,-109
17105,2001,1485,1585,-100
17105,2002,1287,1521,-234
17105,2003,1396,1608,-212
17105,2004,1477,1558,-81
17105,2005,1329,1634,-305
17105,2006,1351,1478,-127
17105,2007,1290,1532,-242
17105,2008,1326,1415,-89
17105,2009,1123,1470,-347
17105,2010,1259,1303,-44
17107,1990,1160,1371,-211
17107,1991,1312,1133,179
17107,1992,1084,1234,-150
17107,1993,1094,1089,5
17107,1994,1171,1114,57
17107,1995,1127,1142,-15
17107,1996,1035,1236,-201
17107,1997,1081,1204,-123
17107,1998,1143,1326,-183
17107,1999,1043,1133,-90
17107,2000,1108,1288,-180
17107,2001,1087,1318,-231
17107,2002,1164,1272,-108
17107,2003,1102,1152,-50
17107,2004,1050,1188,-138
17107,2005,1061,1297,-236
17107,2006,1044,1259,-215
17107,2007,1066,1113,-47
17107,2008,989,1195,-206
17107,2009,1005,1105,-100
17107,2010,1002,1050,-48
17109,1990,1210,1422,-212
17109,1991,1344,1409,-65
17109,1992,1670,1386,284
17109,1993,1500,1329,171
17109,1994,1506,1583,-77
17109,1995,1454,1398,56
17109,1996,1407,1494,-87
17109,1997,1470,1538,-68
17109,1998,1340,1537,-197
17109,1999,1405,1592,-187
17109,2000,1348,1517,-169
17109,2001,1321,1400,-79
17109,2002,1211,1362,-151
17109,2003,1163,1382,-219
17109,2004,1156,1369,-213
17109,2005,1400,1535,-135
17109,2006,1423,1391,32
17109,2007,1296,1486,-190
17109,2008,1352,1408,-56
17109,2009,1192,1297,-105
17109,2010,1177,1389,-212
17111,1990,13814,9148,4666
17111,1991,13755,9399,4356
17111,1992,15357,9858,5499
17111,1993,15517,10345,5172
17111,1994,16489,10593,5896
17111,1995,12889,10015,2874
17111,1996,13293,10948,2345
17111,1997,13083,11318,1765
17111,1998,14468,11825,2643
17111,1999,15519,13637,1882
17111,2000,15748,12327,3421
17111,2001,16501,12663,3838
17111,2002,16801,12538,4263
17111,2003,16531,13442,3089
17111,2004,17055,13475,3580
17111,2005,17393,13765,3628
17111,2006,14929,12910,2019
17111,2007,13079,12269,810
17111,2008,10999,11593,-594
17111,2009,10870,11032,-162
17111,2010,10460,12184,-1724
17113,1990,6450,5443,1007
17113,1991,6334,5577,757
17113,1992,6614,5427,1187
17113,1993,6396,5799,597
17113,1994,6970,5805,1165
17113,1995,6160,6302,-142
17113,1996,6559,6469,90
17113,1997,6969,6511,458
17113,1998,7843,6822,1021
17113,1999,7568,7216,352
17113,2000,7034,7087,-53
17113,2001,7343,6425,918
17113,2002,6411,6194,217
17113,2003,6492,6735,-243
17113,2004,6731,6916,-185
17113,2005,7820,7107,713
17113,2006,7542,6956,586
17113,2007,6758,6907,-149
17113,2008,7287,6715,572
17113,2009,5899,6373,-474
17113,2010,5965,6737,-772
17115,1990,4152,4169,-17
17115,1991,3829,4245,-416
17115,1992,3593,4617,-1024
17115,1993,3443,4466,-1023
17115,1994,3772,4560,-788
17115,1995,3562,4718,-1156
17115,1996,3702,5073,-1371
17115,1997,3734,4608,-874
17115,1998,3710,4497,-787
17115,1999,3489,4523,-1034
17115,2000,3300,4488,-1188
17115,2001,3269,4686,-1417
17115,2002,2964,4399,-1435
17115,2003,3106,3818,-712
17115,2004,3323,3832,-509
17115,2005,3442,4048,-606
17115,2006,3365,3817,-452
17115,2007,3534,4009,-475
17115,2008,3558,3986,-428
17115,2009,3044,3376,-332
17115,2010,3178,3433,-255
17117,1990,2086,1868,218
17117,1991,2054,2068,-14
17117,1992,2062,1855,207
17117,1993,2372,1986,386
17117,1994,2206,2020,186
17117,1995,2021,1758,263
17117,1996,1962,1985,-23
17117,1997,1981,2032,-51
17117,1998,2193,1893,300
17117,1999,1924,1865,59
17117,2000,1942,2001,-59
17117,2001,2102,2046,56
17117,2002,1954,1876,78
17117,2003,1948,1916,32
17117,2004,2102,2092,10
17117,2005,1990,2149,-159
17117,2006,2053,1946,107
17117,2007,2020,2043,-23
17117,2008,1789,2084,-295
17117,2009,2005,1808,197
17117,2010,1940,1936,4
17119,1990,9374,8872,502
17119,1991,9099,8934,165
17119,1992,9277,8975,302
17119,1993,9386,9342,44
17119,1994,9803,9610,193
17119,1995,9415,9567,-152
17119,1996,9728,9337,391
17119,1997,9565,9917,-352
17119,1998,9523,9889,-366
17119,1999,9393,9502,-109
17119,2000,9711,9247,464
17119,2001,9791,9471,320
17119,2002,9763,9257,506
17119,2003,10225,9877,348
17119,2004,10070,10009,61
17119,2005,10080,9713,367
17119,2006,9909,9608,301
17119,2007,9692,9825,-133
17119,2008,9418,9776,-358
17119,2009,8706,9318,-612
17119,2010,8351,9582,-1231
17121,1990,1490,1567,-77
17121,1991,1469,1526,-57
17121,1992,1645,1457,188
17121,1993,1520,1525,-5
17121,1994,1614,1464,150
17121,1995,1561,1441,120
17121,1996,1439,1595,-156
17121,1997,1387,1614,-227
17121,1998,1430,1647,-217
17121,1999,1462,1429,33
17121,2000,1328,1573,-245
17121,2001,1414,1713,-299
17121,2002,1277,1493,-216
17121,2003,1230,1543,-313
17121,2004,1350,1560,-210
17121,2005,1475,1460,15
17121,2006,1360,1482,-122
17121,2007,1428,1505,-77
17121,2008,1283,1508,-225
17121,2009,1237,1186,51
17121,2010,1188,1264,-76
17123,1990,575,607,-32
17123,1991,590,561,29
17123,1992,593,632,-39
17123,1993,550,553,-3
17123,1994,597,545,52
17123,1995,671,698,-27
17123,1996,648,592,56
17123,1997,646,633,13
17123,1998,751,689,62
17123,1999,676,708,-32
17123,2000,694,851,-157
17123,2001,852,775,77
17123,2002,758,721,37
17123,2003,869,695,174
17123,2004,643,621,22
17123,2005,635,697,-62
17123,2006,680,671,9
17123,2007,604,729,-125
17123,2008,595,597,-2
17123,2009,538,513,25
17123,2010,489,586,-97
17125,1990,711,651,60
17125,1991,820,736,84
17125,1992,855,694,161
17125,1993,738,728,10
17125,1994,868,846,22
17125,1995,822,834,-12
17125,1996,919,841,78
17125,1997,828,879,-51
17125,1998,832,873,-41
17125,1999,887,903,-16
17125,2000,996,988,8
17125,2001,926,922,4
17125,2002,834,942,-108
17125,2003,824,827,-3
17125,2004,614,768,-154
17125,2005,622,819,-197
17125,2006,637,692,-55
17125,2007,656,686,-30
17125,2008,602,718,-116
17125,2009,562,661,-99
17125,2010,566,647,-81
17127,1990,531,503,28
17127,1991,535,421,114
17127,1992,667,449,218
17127,1993,602,489,113
17127,1994,629,552,77
17127,1995,631,509,122
17127,1996,705,581,124
17127,1997,682,612,70
17127,1998,640,690,-50
17127,1999,618,670,-52
17127,2000,619,660,-41
17127,2001,656,583,73
17127,2002,624,659,-35
17127,2003,656,556,100
17127,2004,583,594,-11
17127,2005,551,648,-97
17127,2006,625,629,-4
17127,2007,653,681,-28
17127,2008,619,654,-35
17127,2009,543,577,-34
17127,2010,629,643,-14
17129,1990,725,640,85
17129,1991,703,565,138
17129,1992,719,589,130
17129,1993,770,541,229
17129,1994,817,588,229
17129,1995,783,630,153
17129,1996,757,720,37
17129,1997,751,757,-6
17129,1998,799,688,111
17129,1999,767,674,93
17129,2000,735,733,2
17129,2001,687,660,27
17129,2002,771,745,26
17129,2003,677,657,20
17129,2004,650,681,-31
17129,2005,725,664,61
17129,2006,749,620,129
17129,2007,673,609,64
17129,2008,552,615,-63
17129,2009,564,586,-22
17129,2010,562,576,-14
17131,1990,787,766,21
17131,1991,810,771,39
17131,1992,797,811,-14
17131,1993,861,804,57
17131,1994,836,875,-39
17131,1995,784,728,56
17131,1996,812,788,24
17131,1997,827,804,23
17131,1998,835,793,42
17131,1999,804,759,45
17131,2000,789,820,-31
17131,2001,840,836,4
17131,2002,751,849,-98
17131,2003,755,732,23
17131,2004,709,859,-150
17131,2005,717,776,-59
17131,2006,738,799,-61
17131,2007,774,753,21
17131,2008,602,764,-162
17131,2009,674,671,3
17131,2010,633,691,-58
17133,1990,1221,941,280
17133,1991,1254,926,328
17133,1992,1378,967,411
17133,1993,1364,1205,159
17133,1994,1437,1019,418
17133,1995,1434,991,443
17133,1996,1457,1088,369
17133,1997,1635,1056,579
17133,1998,1526,1047,479
17133,1999,1507,1108,399
17133,2000,1484,1061,423
17133,2001,1686,1059,627
17133,2002,1646,1122,524
17133,2003,1795,1178,617
17133,2004,1670,1252,418
17133,2005,1800,1321,479
17133,2006,1546,1202,344
17133,2007,1539,1174,365
17133,2008,1447,1256,191
17133,2009,1228,1175,53
17133,2010,1321,1116,205
17135,1990,1036,1077,-41
17135,1991,1108,1042,66
17135,1992,941,1155,-214
17135,1993,1078,980,98
17135,1994,1211,1115,96
17135,1995,1081,1089,-8
17135,1996,1177,1081,96
17135,1997,994,1052,-58
17135,1998,993,1094,-101
17135,1999,1079,1095,-16
17135,2000,978,1085,-107
17135,2001,1033,1030,3
17135,2002,956,1149,-193
17135,2003,1000,1030,-30
17135,2004,968,1057,-89
17135,2005,1105,1039,66
17135,2006,981,1089,-108
17135,2007,1022,1095,-73
17135,2008,948,1128,-180
17135,2009,961,986,-25
17135,2010,921,1012,-91
17137,1990,1552,1570,-18
17137,1991,1460,1620,-160
17137,1992,1458,1482,-24
17137,1993,1507,1541,-34
17137,1994,1414,1752,-338
17137,1995,1513,1526,-13
17137,1996,1353,1540,-187
17137,1997,1277,1563,-286
17137,1998,1320,1552,-232
17137,1999,1346,1408,-62
17137,2000,1297,1577,-280
17137,2001,1382,1517,-135
17137,2002,1408,1482,-74
17137,2003,1440,1432,8
17137,2004,1224,1471,-247
17137,2005,1404,1498,-94
17137,2006,1311,1338,-27
17137,2007,1255,1365,-110
17137,2008,1241,1440,-199
17137,2009,1259,1316,-57
17137,2010,1245,1245,0
17139,1990,674,705,-31
17139,1991,752,629,123
17139,1992,669,765,-96
17139,1993,728,653,75
17139,1994,798,704,94
17139,1995,705,637,68
17139,1996,745,665,80
17139,1997,681,692,-11
17139,1998,728,662,66
17139,1999,737,563,174
17139,2000,632,663,-31
17139,2001,666,683,-17
17139,2002,654,624,30
17139,2003,766,774,-8
17139,2004,757,721,36
17139,2005,675,749,-74
17139,2006,686,648,38
17139,2007,752,719,33
17139,2008,755,771,-16
17139,2009,788,707,81
17139,2010,677,649,28
17141,1990,2756,2285,471
17141,1991,2597,2352,245
17141,1992,2656,2392,264
17141,1993,2719,2385,334
17141,1994,2733,2486,247
17141,1995,2738,2266,472
17141,1996,2639,2622,17
17141,1997,2632,2520,112
17141,1998,2740,2585,155
17141,1999,2813,2599,214
17141,2000,2736,2481,255
17141,2001,2774,2587,187
17141,2002,2703,2381,322
17141,2003,2751,2552,199
17141,2004,2778,2454,324
17141,2005,2955,2483,472
17141,2006,2740,2569,171
17141,2007,2698,2773,-75
17141,2008,2369,2609,-240
17141,2009,2095,2285,-190
17141,2010,2016,2264,-248
17143,1990,7298,7620,-322
17143,1991,6860,8020,-1160
17143,1992,6871,7902,-1031
17143,1993,6774,7996,-1222
17143,1994,7292,7872,-580
17143,1995,6886,7833,-947
17143,1996,7030,8362,-1332
17143,1997,7180,8601,-1421
17143,1998,7348,8429,-1081
17143,1999,7076,8886,-1810
17143,2000,7036,8791,-1755
17143,2001,7701,8433,-732
17143,2002,6657,8001,-1344
17143,2003,7074,7938,-864
17143,2004,7317,7958,-641
17143,2005,8124,8847,-723
17143,2006,7947,8411,-464
17143,2007,7936,8558,-622
17143,2008,8947,8045,902
17143,2009,6488,8420,-1932
17143,2010,7245,8023,-778
17145,1990,678,776,-98
17145,1991,724,809,-85
17145,1992,700,675,25
17145,1993,692,820,-128
17145,1994,713,799,-86
17145,1995,844,713,131
17145,1996,750,834,-84
17145,1997,787,897,-110
17145,1998,838,778,60
17145,1999,815,933,-118
17145,2000,863,889,-26
17145,2001,734,914,-180
17145,2002,781,840,-59
17145,2003,801,810,-9
17145,2004,853,753,100
17145,2005,823,772,51
17145,2006,808,830,-22
17145,2007,731,796,-65
17145,2008,756,752,4
17145,2009,720,693,27
17145,2010,651,712,-61
17147,1990,930,861,69
17147,1991,957,911,46
17147,1992,1108,891,217
17147,1993,977,976,1
17147,1994,1043,903,140
17147,1995,874,798,76
17147,1996,921,745,176
17147,1997,787,865,-78
17147,1998,869,724,145
17147,1999,807,836,-29
17147,2000,830,871,-41
17147,2001,876,896,-20
17147,2002,901,750,151
17147,2003,954,900,54
17147,2004,964,818,146
17147,2005,968,865,103
17147,2006,912,840,72
17147,2007,919,870,49
17147,2008,923,835,88
17147,2009,769,817,-48
17147,2010,807,779,28
17149,1990,601,626,-25
17149,1991,625,593,32
17149,1992,585,525,60
17149,1993,562,693,-131
17149,1994,698,562,136
17149,1995,646,596,50
17149,1996,550,586,-36
17149,1997,609,587,22
17149,1998,487,512,-25
17149,1999,481,570,-89
17149,2000,543,624,-81
17149,2001,491,605,-114
17149,2002,447,526,-79
17149,2003,565,484,81
17149,2004,548,596,-48
17149,2005,523,688,-165
17149,2006,533,489,44
17149,2007,488,587,-99
17149,2008,516,596,-80
17149,2009,477,506,-29
17149,2010,455,470,-15
17151,1990,211,176,35
17151,1991,195,225,-30
17151,1992,198,168,30
17151,1993,199,168,31
17151,1994,224,153,71
17151,1995,283,163,120
17151,1996,203,213,-10
17151,1997,222,196,26
17151,1998,204,185,19
17151,1999,239,168,71
17151,2000,184,227,-43
17151,2001,175,183,-8
17151,2002,171,189,-18
17151,2003,178,179,-1
17151,2004,126,186,-60
17151,2005,161,153,8
17151,2006,181,123,58
17151,2007,189,181,8
17151,2008,165,172,-7
17151,2009,164,170,-6
17151,2010,154,161,-7
17153,1990,266,312,-46
17153,1991,272,288,-16
17153,1992,233,294,-61
17153,1993,315,276,39
17153,1994,335,273,62
17153,1995,314,339,-25
17153,1996,295,361,-66
17153,1997,368,347,21
17153,1998,337,359,-22
17153,1999,316,391,-75
17153,2000,333,412,-79
17153,2001,341,356,-15
17153,2002,265,360,-95
17153,2003,311,353,-42
17153,2004,258,345,-87
17153,2005,279,345,-66
17153,2006,268,353,-85
17153,2007,223,289,-66
17153,2008,265,270,-5
17153,2009,228,249,-21
17153,2010,201,260,-59
17155,1990,300,284,16
17155,1991,335,367,-32
17155,1992,271,272,-1
17155,1993,330,273,57
17155,1994,305,332,-27
17155,1995,253,285,-32
17155,1996,305,230,75
17155,1997,312,313,-1
17155,1998,330,277,53
17155,1999,270,286,-16
17155,2000,299,306,-7
17155,2001,292,275,17
17155,2002,318,317,1
17155,2003,287,323,-36
17155,2004,287,300,-13
17155,2005,294,358,-64
17155,2006,396,320,76
17155,2007,282,329,-47
17155,2008,286,292,-6
17155,2009,288,274,14
17155,2010,264,309,-45
17157,1990,1117,1106,11
17157,1991,1103,1185,-82
17157,1992,1050,1148,-98
17157,1993,1331,1096,235
17157,1994,1228,1253,-25
17157,1995,1124,1149,-25
17157,1996,1042,1223,-181
17157,1997,1044,1298,-254
17157,1998,1142,1210,-68
17157,1999,1124,1106,18
17157,2000,1064,1160,-96
17157,2001,1068,1234,-166
17157,2002,1105,1102,3
17157,2003,1146,1099,47
17157,2004,1092,1208,-116
17157,2005,1034,1127,-93
17157,2006,935,1066,-131
17157,2007,963,1196,-233
17157,2008,1072,1106,-34
17157,2009,948,1112,-164
17157,2010,952,1070,-118
17159,1990,717,662,55
17159,1991,759,768,-9
17159,1992,616,666,-50
17159,1993,773,647,126
17159,1994,720,745,-25
17159,1995,716,754,-38
17159,1996,819,733,86
17159,1997,705,828,-123
17159,1998,670,811,-141
17159,1999,657,747,-90
17159,2000,635,768,-133
17159,2001,739,662,77
17159,2002,635,734,-99
17159,2003,700,776,-76
17159,2004,574,624,-50
17159,2005,606,703,-97
17159,2006,594,615,-21
17159,2007,562,687,-125
17159,2008,683,554,129
17159,2009,550,579,-29
17159,2010,589,603,-14
17161,1990,5724,5698,26
17161,1991,5735,5599,136
17161,1992,5571,5818,-247
17161,1993,5331,6025,-694
17161,1994,5290,6009,-719
17161,1995,4982,6070,-1088
17161,1996,5359,5972,-613
17161,1997,5268,5913,-645
17161,1998,5469,6328,-859
17161,1999,5067,6520,-1453
17161,2000,5320,6296,-976
17161,2001,5412,6287,-875
17161,2002,4996,6177,-1181
17161,2003,5057,5839,-782
17161,2004,5220,5942,-722
17161,2005,5530,6110,-580
17161,2006,6720,6105,615
17161,2007,5352,6743,-1391
17161,2008,5493,5950,-457
17161,2009,5001,5592,-591
17161,2010,4865,5729,-864
17163,1990,10615,12650,-2035
17163,1991,11575,11879,-304
17163,1992,13778,13041,737
17163,1993,11743,13005,-1262
17163,1994,11900,13438,-1538
17163,1995,11756,13293,-1537
17163,1996,11917,13258,-1341
17163,1997,10964,13476,-2512
17163,1998,11112,13548,-2436
17163,1999,11845,12485,-640
17163,2000,11095,12220,-1125
17163,2001,11759,11715,44
17163,2002,11543,11691,-148
17163,2003,11705,12314,-609
17163,2004,12312,12428,-116
17163,2005,12714,12326,388
17163,2006,11898,11968,-70
17163,2007,11778,12024,-246
17163,2008,12264,11881,383
17163,2009,11482,11423,59
17163,2010,11202,12057,-855
17165,1990,894,888,6
17165,1991,995,762,233
17165,1992,1035,783,252
17165,1993,911,863,48
17165,1994,809,946,-137
17165,1995,924,836,88
17165,1996,887,979,-92
17165,1997,871,867,4
17165,1998,860,929,-69
17165,1999,842,1012,-170
17165,2000,821,950,-129
17165,2001,933,946,-13
17165,2002,872,894,-22
17165,2003,910,775,135
17165,2004,834,898,-64
17165,2005,903,837,66
17165,2006,859,742,117
17165,2007,837,909,-72
17165,2008,845,887,-42
17165,2009,888,772,116
17165,2010,884,814,70
17167,1990,6847,6636,211
17167,1991,6905,6531,374
17167,1992,6597,6489,108
17167,1993,6661,6613,48
17167,1994,6460,6848,-388
17167,1995,6590,6627,-37
17167,1996,6438,7202,-764
17167,1997,6443,7180,-737
17167,1998,6397,7278,-881
17167,1999,6503,6913,-410
17167,2000,6780,6893,-113
17167,2001,6838,6675,163
17167,2002,6501,6809,-308
17167,2003,6258,6881,-623
17167,2004,6219,6677,-458
17167,2005,6665,6630,35
17167,2006,6477,6695,-218
17167,2007,6655,6634,21
17167,2008,6635,6432,203
17167,2009,6329,5863,466
17167,2010,6401,6163,238
17169,1990,387,324,63
17169,1991,331,348,-17
17169,1992,381,277,104
17169,1993,373,378,-5
17169,1994,379,261,118
17169,1995,275,324,-49
17169,1996,309,301,8
17169,1997,300,341,-41
17169,1998,274,305,-31
17169,1999,327,345,-18
17169,2000,236,333,-97
17169,2001,291,301,-10
17169,2002,327,276,51
17169,2003,307,259,48
17169,2004,335,313,22
17169,2005,353,391,-38
17169,2006,345,353,-8
17169,2007,309,384,-75
17169,2008,299,407,-108
17169,2009,324,308,16
17169,2010,291,349,-58
17171,1990,265,287,-22
17171,1991,284,241,43
17171,1992,253,294,-41
17171,1993,333,306,27
17171,1994,340,320,20
17171,1995,395,269,126
17171,1996,262,265,-3
17171,1997,213,227,-14
17171,1998,215,231,-16
17171,1999,244,221,23
17171,2000,208,220,-12
17171,2001,217,236,-19
17171,2002,242,244,-2
17171,2003,197,251,-54
17171,2004,233,231,2
17171,2005,240,284,-44
17171,2006,220,237,-17
17171,2007,221,264,-43
17171,2008,205,194,11
17171,2009,212,239,-27
17171,2010,172,227,-55
17173,1990,859,883,-24
17173,1991,943,957,-14
17173,1992,1036,1061,-25
17173,1993,1039,986,53
17173,1994,1185,991,194
17173,1995,921,793,128
17173,1996,860,883,-23
17173,1997,818,821,-3
17173,1998,717,887,-170
17173,1999,731,883,-152
17173,2000,797,920,-123
17173,2001,895,894,1
17173,2002,906,955,-49
17173,2003,879,936,-57
17173,2004,920,958,-38
17173,2005,947,1004,-57
17173,2006,888,942,-54
17173,2007,990,924,66
17173,2008,922,891,31
17173,2009,846,864,-18
17173,2010,876,909,-33
17175,1990,227,315,-88
17175,1991,263,308,-45
17175,1992,253,271,-18
17175,1993,261,355,-94
17175,1994,301,262,39
17175,1995,304,311,-7
17175,1996,283,308,-25
17175,1997,316,356,-40
17175,1998,313,351,-38
17175,1999,338,389,-51
17175,2000,347,355,-8
17175,2001,370,405,-35
17175,2002,286,312,-26
17175,2003,269,299,-30
17175,2004,246,280,-34
17175,2005,348,283,65
17175,2006,271,248,23
17175,2007,313,320,-7
17175,2008,248,293,-45
17175,2009,191,291,-100
17175,2010,231,261,-30
17177,1990,1751,1839,-88
17177,1991,1774,1751,23
17177,1992,1839,1645,194
17177,1993,1913,1797,116
17177,1994,1681,2060,-379
17177,1995,2039,1952,87
17177,1996,1921,2031,-110
17177,1997,1953,2197,-244
17177,1998,1962,2077,-115
17177,1999,1660,2115,-455
17177,2000,1601,2091,-490
17177,2001,1639,2102,-463
17177,2002,1763,1866,-103
17177,2003,1689,1909,-220
17177,2004,1572,1839,-267
17177,2005,1565,1838,-273
17177,2006,1524,1826,-302
17177,2007,1549,1706,-157
17177,2008,1560,1684,-124
17177,2009,1449,1548,-99
17177,2010,1340,1531,-191
17179,1990,5523,5475,48
17179,1991,5727,5652,75
17179,1992,5387,5914,-527
17179,1993,5618,5524,94
17179,1994,5939,5418,521
17179,1995,5453,5484,-31
17179,1996,5704,6047,-343
17179,1997,5805,5850,-45
17179,1998,5908,5872,36
17179,1999,5809,6065,-256
17179,2000,5599,6146,-547
17179,2001,5903,6070,-167
17179,2002,5274,5658,-384
17179,2003,5810,5511,299
17179,2004,5887,5396,491
17179,2005,6245,5582,663
17179,2006,6127,5306,821
17179,2007,5837,5473,364
17179,2008,6061,5326,735
17179,2009,5370,5270,100
17179,2010,5186,5040,146
17181,1990,703,664,39
17181,1991,788,596,192
17181,1992,721,620,101
17181,1993,668,649,19
17181,1994,722,623,99
17181,1995,768,664,104
17181,1996,641,664,-23
17181,1997,601,642,-41
17181,1998,653,597,56
17181,1999,570,644,-74
17181,2000,639,661,-22
17181,2001,663,605,58
17181,2002,627,584,43
17181,2003,609,637,-28
17181,2004,648,614,34
17181,2005,669,657,12
17181,2006,635,581,54
17181,2007,603,643,-40
17181,2008,607,574,33
17181,2009,574,602,-28
17181,2010,595,584,11
17183,1990,2529,3012,-483
17183,1991,2616,2915,-299
17183,1992,2594,2990,-396
17183,1993,2773,2935,-162
17183,1994,2350,3596,-1246
17183,1995,2324,3517,-1193
17183,1996,2572,2713,-141
17183,1997,2307,2872,-565
17183,1998,2324,3049,-725
17183,1999,2319,2857,-538
17183,2000,2292,2742,-450
17183,2001,2294,2704,-410
17183,2002,2238,2725,-487
17183,2003,2346,2596,-250
17183,2004,2279,2691,-412
17183,2005,2353,2667,-314
17183,2006,2191,2726,-535
17183,2007,2314,2829,-515
17183,2008,2239,2725,-486
17183,2009,2190,2556,-366
17183,2010,2263,2359,-96
17185,1990,479,537,-58
17185,1991,486,592,-106
17185,1992,550,531,19
17185,1993,424,641,-217
17185,1994,543,511,32
17185,1995,414,599,-185
17185,1996,567,508,59
17185,1997,486,558,-72
17185,1998,429,452,-23
17185,1999,440,494,-54
17185,2000,435,510,-75
17185,2001,423,465,-42
17185,2002,406,415,-9
17185,2003,395,480,-85
17185,2004,412,444,-32
17185,2005,430,504,-74
17185,2006,378,453,-75
17185,2007,415,451,-36
17185,2008,340,449,-109
17185,2009,383,462,-79
17185,2010,328,458,-130
17187,1990,867,821,46
17187,1991,858,855,3
17187,1992,826,844,-18
17187,1993,835,886,-51
17187,1994,812,922,-110
17187,1995,657,833,-176
17187,1996,747,768,-21
17187,1997,669,751,-82
17187,1998,708,736,-28
17187,1999,650,772,-122
17187,2000,673,839,-166
17187,2001,618,743,-125
17187,2002,676,802,-126
17187,2003,497,841,-344
17187,2004,685,812,-127
17187,2005,705,842,-137
17187,2006,687,710,-23
17187,2007,671,836,-165
17187,2008,754,676,78
17187,2009,708,781,-73
17187,2010,848,824,24
17189,1990,605,715,-110
17189,1991,617,668,-51
17189,1992,692,652,40
17189,1993,683,589,94
17189,1994,727,631,96
17189,1995,693,601,92
17189,1996,726,571,155
17189,1997,618,606,12
17189,1998,618,677,-59
17189,1999,689,636,53
17189,2000,728,659,69
17189,2001,610,660,-50
17189,2002,639,592,47
17189,2003,642,659,-17
17189,2004,587,753,-166
17189,2005,709,716,-7
17189,2006,617,689,-72
17189,2007,696,718,-22
17189,2008,727,764,-37
17189,2009,573,635,-62
17189,2010,561,622,-61
17191,1990,514,690,-176
17191,1991,568,561,7
17191,1992,612,564,48
17191,1993,669,567,102
17191,1994,651,580,71
17191,1995,544,525,19
17191,1996,587,549,38
17191,1997,605,600,5
17191,1998,645,574,71
17191,1999,536,601,-65
17191,2000,526,560,-34
17191,2001,542,580,-38
17191,2002,565,648,-83
17191,2003,546,594,-48
17191,2004,549,526,23
17191,2005,482,582,-100
17191,2006,577,448,129
17191,2007,581,677,-96
17191,2008,484,580,-96
17191,2009,431,417,14
17191,2010,473,541,-68
17193,1990,618,665,-47
17193,1991,511,642,-131
17193,1992,595,671,-76
17193,1993,604,681,-77
17193,1994,602,555,47
17193,1995,553,627,-74
17193,1996,633,691,-58
17193,1997,596,638,-42
17193,1998,598,584,14
17193,1999,573,557,16
17193,2000,574,526,48
17193,2001,519,593,-74
17193,2002,570,640,-70
17193,2003,607,494,113
17193,2004,542,482,60
17193,2005,553,620,-67
17193,2006,480,546,-66
17193,2007,598,528,70
17193,2008,540,577,-37
17193,2009,468,518,-50
17193,2010,499,477,22
17195,1990,2127,2115,12
17195,1991,1970,2097,-127
17195,1992,1931,2211,-280
17195,1993,2053,2187,-134
17195,1994,2118,2274,-156
17195,1995,2002,2131,-129
17195,1996,2027,2351,-324
17195,1997,1941,2363,-422
17195,1998,2046,2339,-293
17195,1999,2049,2300,-251
17195,2000,2050,2274,-224
17195,2001,1941,2390,-449
17195,2002,1775,2335,-560
17195,2003,1973,2128,-155
17195,2004,1845,2123,-278
17195,2005,2022,2116,-94
17195,2006,2030,2149,-119
17195,2007,2054,2106,-52
17195,2008,1822,2064,-242
17195,2009,1730,1964,-234
17195,2010,1808,2016,-208
17197,1990,20355,17081,3274
17197,1991,20615,17211,3404
17197,1992,22453,17770,4683
17197,1993,24592,18156,6436
17197,1994,25318,18160,7158
17197,1995,22181,14225,7956
17197,1996,22657,15232,7425
17197,1997,22325,14704,7621
17197,1998,26501,16418,10083
17197,1999,29405,17192,12213
17197,2000,30760,17425,13335
17197,2001,32845,18049,14796
17197,2002,35587,19381,16206
17197,2003,40557,23294,17263
17197,2004,46469,30046,16423
17197,2005,47918,31155,16763
17197,2006,38748,30801,7947
17197,2007,32579,29584,2995
17197,2008,27685,27976,-291
17197,2009,26612,26719,-107
17197,2010,25271,27142,-1871
17199,1990,2726,2588,138
17199,1991,2959,2362,597
17199,1992,2671,2336,335
17199,1993,2700,2534,166
17199,1994,2716,2486,230
17199,1995,2523,2345,178
17199,1996,2881,2382,499
17199,1997,2712,2485,227
17199,1998,2720,2555,165
17199,1999,2650,2786,-136
17199,2000,2950,2564,386
17199,2001,2839,2614,225
17199,2002,2943,2690,253
17199,2003,3066,2497,569
17199,2004,3124,2700,424
17199,2005,3098,2749,349
17199,2006,3275,2726,549
17199,2007,3138,2875,263
17199,2008,3101,2608,493
17199,2009,2906,2741,165
17199,2010,2877,2627,250
17201,1990,9457,8515,942
17201,1991,8881,8818,63
17201,1992,8926,8885,41
17201,1993,8621,9091,-470
17201,1994,8996,9099,-103
17201,1995,9032,9052,-20
17201,1996,8722,9504,-782
17201,1997,8601,9597,-996
17201,1998,8804,10015,-1211
17201,1999,9360,9821,-461
17201,2000,9035,9821,-786
17201,2001,9187,9757,-570
17201,2002,9640,9375,265
17201,2003,9562,9840,-278
17201,2004,9984,9799,185
17201,2005,11460,9877,1583
17201,2006,12211,9786,2425
17201,2007,10198,10156,42
17201,2008,8623,10124,-1501
17201,2009,7952,9833,-1881
17201,2010,7652,9722,-2070
17203,1990,1828,1471,357
17203,1991,1718,1863,-145
17203,1992,1914,1628,286
17203,1993,1895,1787,108
17203,1994,1970,1661,309
17203,1995,1505,1354,151
17203,1996,1488,1504,-16
17203,1997,1511,1266,245
17203,1998,1676,1496,180
17203,1999,1579,1595,-16
17203,2000,1593,1551,42
17203,2001,1667,1498,169
17203,2002,1635,1425,210
17203,2003,1791,1441,350
17203,2004,1978,1632,346
17203,2005,2009,1680,329
17203,2006,2043,1629,414
17203,2007,2022,1677,345
17203,2008,1910,1776,134
17203,2009,1764,1765,-1
17203,2010,1711,1561,150
18001,1990,1198,1350,-152
18001,1991,1260,1460,-200
18001,1992,1282,1325,-43
18001,1993,1485,1310,175
18001,1994,1418,1519,-101
18001,1995,1065,1121,-56
18001,1996,1046,1229,-183
18001,1997,1019,1082,-63
18001,1998,948,1124,-176
18001,1999,913,1197,-284
18001,2000,907,1211,-304
18001,2001,915,1195,-280
18001,2002,987,1098,-111
18001,2003,960,1211,-251
18001,2004,982,1201,-219
18001,2005,836,1176,-340
18001,2006,955,1178,-223
18001,2007,966,1138,-172
18001,2008,989,1049,-60
18001,2009,820,1039,-219
18001,2010,716,1081,-365
18003,1990,11120,12301,-1181
18003,1991,10977,12207,-1230
18003,1992,11062,12198,-1136
18003,1993,11281,12654,-1373
18003,1994,11827,13160,-1333
18003,1995,11895,12212,-317
18003,1996,12076,12592,-516
18003,1997,12014,12494,-480
18003,1998,11816,12564,-748
18003,1999,12474,12591,-117
18003,2000,11804,12739,-935
18003,2001,11493,12452,-959
18003,2002,11132,11701,-569
18003,2003,10247,11828,-1581
18003,2004,10733,11732,-999
18003,2005,11373,11685,-312
18003,2006,11292,11705,-413
18003,2007,10711,12383,-1672
18003,2008,10439,11273,-834
18003,2009,9844,10943,-1099
18003,2010,10901,10994,-93
18005,1990,3377,2981,396
18005,1991,3210,3124,86
18005,1992,3350,3084,266
18005,1993,3403,3160,243
18005,1994,3741,3116,625
18005,1995,3543,3525,18
18005,1996,3628,3700,-72
18005,1997,3866,3750,116
18005,1998,3603,3846,-243
18005,1999,4074,3566,508
18005,2000,3590,3929,-339
18005,2001,3324,4112,-788
18005,2002,3307,3453,-146
18005,2003,3497,3524,-27
18005,2004,3322,3259,63
18005,2005,3570,3416,154
18005,2006,3397,3356,41
18005,2007,3745,3477,268
18005,2008,3558,3597,-39
18005,2009,3366,3589,-223
18005,2010,3616,3483,133
18007,1990,460,521,-61
18007,1991,658,513,145
18007,1992,547,588,-41
18007,1993,524,545,-21
18007,1994,594,562,32
18007,1995,512,609,-97
18007,1996,634,677,-43
18007,1997,643,624,19
18007,1998,585,668,-83
18007,1999,586,698,-112
18007,2000,586,669,-83
18007,2001,571,612,-41
18007,2002,552,625,-73
18007,2003,540,681,-141
18007,2004,491,607,-116
18007,2005,610,651,-41
18007,2006,502,584,-82
18007,2007,557,593,-36
18007,2008,523,592,-69
18007,2009,571,517,54
18007,2010,549,496,53
18009,1990,604,786,-182
18009,1991,717,708,9
18009,1992,632,711,-79
18009,1993,661,712,-51
18009,1994,803,674,129
18009,1995,919,855,64
18009,1996,836,970,-134
18009,1997,784,901,-117
18009,1998,836,898,-62
18009,1999,731,851,-120
18009,2000,688,847,-159
18009,2001,741,736,5
18009,2002,725,725,0
18009,2003,683,763,-80
18009,2004,627,619,8
18009,2005,528,670,-142
18009,2006,586,604,-18
18009,2007,589,658,-69
18009,2008,572,609,-37
18009,2009,547,524,23
18009,2010,521,598,-77
18011,1990,2631,2451,180
18011,1991,2847,2415,432
18011,1992,2813,2484,329
18011,1993,2896,2433,463
18011,1994,2964,2623,341
18011,1995,2941,2542,399
18011,1996,2838,2463,375
18011,1997,3078,2465,613
18011,1998,3313,2557,756
18011,1999,3751,2713,1038
18011,2000,3408,2905,503
18011,2001,3934,2757,1177
18011,2002,3619,2789,830
18011,2003,3889,2905,984
18011,2004,3394,2598,796
18011,2005,3702,2545,1157
18011,2006,3558,2766,792
18011,2007,3495,2740,755
18011,2008,3702,2572,1130
18011,2009,3391,2665,726
18011,2010,3392,2775,617
18013,1990,1177,1001,176
18013,1991,1212,1011,201
18013,1992,1223,1083,140
18013,1993,1205,1083,122
18013,1994,1110,1051,59
18013,1995,1347,1067,280
18013,1996,1475,1175,300
18013,1997,1467,1043,424
18013,1998,1450,1381,69
18013,1999,1505,1219,286
18013,2000,1509,1380,129
18013,2001,1464,1294,170
18013,2002,1294,1235,59
18013,2003,1266,1319,-53
18013,2004,931,984,-53
18013,2005,961,983,-22
18013,2006,762,841,-79
18013,2007,1088,1067,21
18013,2008,856,813,43
18013,2009,751,756,-5
18013,2010,799,843,-44
18015,1990,1343,1161,182
18015,1991,1282,1106,176
18015,1992,1389,1229,160
18015,1993,1448,1230,218
18015,1994,1212,1348,-136
18015,1995,1250,1238,12
18015,1996,1606,1207,399
18015,1997,1405,1296,109
18015,1998,1350,1372,-22
18015,1999,1443,1383,60
18015,2000,1539,1462,77
18015,2001,1400,1399,1
18015,2002,1480,1255,225
18015,2003,1045,1340,-295
18015,2004,1108,1036,72
18015,2005,1134,1163,-29
18015,2006,1080,1174,-94
18015,2007,1042,1080,-38
18015,2008,981,1062,-81
18015,2009,1001,1004,-3
18015,2010,887,1027,-140
18017,1990,1759,1847,-88
18017,1991,1723,1647,76
18017,1992,1653,1771,-118
18017,1993,1551,1877,-326
18017,1994,1639,1860,-221
18017,1995,1701,1566,135
18017,1996,1647,1781,-134
18017,1997,1734,1828,-94
18017,1998,1725,1802,-77
18017,1999,1702,1786,-84
18017,2000,1684,1821,-137
18017,2001,1495,2058,-563
18017,2002,1436,1708,-272
18017,2003,1374,1633,-259
18017,2004,1344,1707,-363
18017,2005,1442,1884,-442
18017,2006,1399,1752,-353
18017,2007,1499,1577,-78
18017,2008,1537,1693,-156
18017,2009,1491,1620,-129
18017,2010,1471,1542,-71
18019,1990,5201,4786,415
18019,1991,5135,4759,376
18019,1992,5170,4840,330
18019,1993,5238,4973,265
18019,1994,5322,4843,479
18019,1995,5346,4806,540
18019,1996,5683,5222,461
18019,1997,5528,5247,281
18019,1998,5781,5257,524
18019,1999,5972,5363,609
18019,2000,5629,5602,27
18019,2001,5839,5677,162
18019,2002,5779,4945,834
18019,2003,5868,5264,604
18019,2004,6043,5377,666
18019,2005,6466,5161,1305
18019,2006,6164,5317,847
18019,2007,6578,5699,879
18019,2008,6426,5509,917
18019,2009,6365,5535,830
18019,2010,5909,5478,431
18021,1990,1164,1111,53
18021,1991,1365,1112,253
18021,1992,1416,1124,292
18021,1993,1319,1202,117
18021,1994,1434,1041,393
18021,1995,1590,1389,201
18021,1996,1574,1587,-13
18021,1997,1565,1432,133
18021,1998,1667,1586,81
18021,1999,1480,1445,35
18021,2000,1490,1489,1
18021,2001,1456,1591,-135
18021,2002,1493,1264,229
18021,2003,1505,1270,235
18021,2004,1239,1195,44
18021,2005,1201,1330,-129
18021,2006,1090,1152,-62
18021,2007,1288,1250,38
18021,2008,1122,1280,-158
18021,2009,1130,1168,-38
18021,2010,1153,1249,-96
18023,1990,1566,1334,232
18023,1991,1499,1345,154
18023,1992,1411,1441,-30
18023,1993,1681,1353,328
18023,1994,1538,1433,105
18023,1995,1656,1407,249
18023,1996,1530,1461,69
18023,1997,1421,1526,-105
18023,1998,1314,1682,-368
18023,1999,1530,1477,53
18023,2000,1351,1629,-278
18023,2001,1219,1569,-350
18023,2002,1208,1554,-346
18023,2003,1232,1437,-205
18023,2004,1197,1424,-227
18023,2005,1294,1419,-125
18023,2006,1242,1504,-262
18023,2007,1773,1722,51
18023,2008,1315,1492,-177
18023,2009,1212,1374,-162
18023,2010,1198,1443,-245
18025,1990,430,485,-55
18025,1991,566,450,116
18025,1992,501,438,63
18025,1993,543,410,133
18025,1994,498,526,-28
18025,1995,564,448,116
18025,1996,577,676,-99
18025,1997,642,521,121
18025,1998,645,536,109
18025,1999,654,496,158
18025,2000,669,579,90
18025,2001,670,550,120
18025,2002,582,562,20
18025,2003,603,607,-4
18025,2004,597,542,55
18025,2005,557,574,-17
18025,2006,460,538,-78
18025,2007,488,564,-76
18025,2008,447,496,-49
18025,2009,495,416,79
18025,2010,429,437,-8
18027,1990,907,888,19
18027,1991,949,924,25
18027,1992,938,941,-3
18027,1993,890,1002,-112
18027,1994,1160,933,227
18027,1995,1020,1005,15
18027,1996,960,933,27
18027,1997,907,955,-48
18027,1998,957,971,-14
18027,1999,838,1054,-216
18027,2000,770,1026,-256
18027,2001,863,927,-64
18027,2002,856,836,20
18027,2003,842,884,-42
18027,2004,785,914,-129
18027,2005,795,1043,-248
18027,2006,806,846,-40
18027,2007,907,887,20
18027,2008,906,792,114
18027,2009,860,845,15
18027,2010,834,964,-130
18029,1990,2310,1675,635
18029,1991,2692,1810,882
18029,1992,2520,1937,583
18029,1993,2587,1815,772
18029,1994,2541,1837,704
18029,1995,2558,1988,570
18029,1996,3017,2096,921
18029,1997,2826,2331,495
18029,1998,3098,2458,640
18029,1999,3048,2463,585
18029,2000,2781,2521,260
18029,2001,2860,2602,258
18029,2002,2842,2335,507
18029,2003,2804,2475,329
18029,2004,2479,2341,138
18029,2005,2671,2304,367
18029,2006,2588,2248,340
18029,2007,2665,2430,235
18029,2008,2363,2267,96
18029,2009,2163,2021,142
18029,2010,1900,1997,-97
18031,1990,989,891,98
18031,1991,1039,865,174
18031,1992,1086,1084,2
18031,1993,1060,935,125
18031,1994,1083,956,127
18031,1995,1189,1134,55
18031,1996,1238,1104,134
18031,1997,1339,1305,34
18031,1998,1286,1282,4
18031,1999,1341,1501,-160
18031,2000,1145,1414,-269
18031,2001,1189,1269,-80
18031,2002,1240,1321,-81
18031,2003,1329,1297,32
18031,2004,1148,1131,17
18031,2005,1122,1241,-119
18031,2006,1155,1176,-21
18031,2007,1224,1219,5
18031,2008,1191,1353,-162
18031,2009,1190,1130,60
18031,2010,1126,1218,-92
18033,1990,1867,1700,167
18033,1991,1836,1494,342
18033,1992,1734,1672,62
18033,1993,2042,1877,165
18033,1994,1959,1762,197
18033,1995,1891,1762,129
18033,1996,2139,1776,363
18033,1997,2042,1951,91
18033,1998,2099,2010,89
18033,1999,2209,2036,173
18033,2000,1974,2163,-189
18033,2001,2029,2079,-50
18033,2002,2005,1861,144
18033,2003,2014,1928,86
18033,2004,2074,2066,8
18033,2005,2148,2135,13
18033,2006,2166,2059,107
18033,2007,1997,2052,-55
18033,2008,1879,2053,-174
18033,2009,1821,1804,17
18033,2010,1865,1817,48
18035,1990,4744,5066,-322
18035,1991,4709,4671,38
18035,1992,4412,4905,-493
18035,1993,4588,5072,-484
18035,1994,4429,5371,-942
18035,1995,4494,4972,-478
18035,1996,4288,5031,-743
18035,1997,4219,5147,-928
18035,1998,4323,5372,-1049
18035,1999,4314,4914,-600
18035,2000,4641,4670,-29
18035,2001,4163,4979,-816
18035,2002,4097,4852,-755
18035,2003,4079,4970,-891
18035,2004,3640,4740,-1100
18035,2005,3782,5041,-1259
18035,2006,3902,4581,-679
18035,2007,3878,4771,-893
18035,2008,4095,4380,-285
18035,2009,3859,4210,-351
18035,2010,3724,4223,-499
18037,1990,1367,1104,263
18037,1991,1116,1200,-84
18037,1992,1294,1203,91
18037,1993,1258,1168,90
18037,1994,1440,1170,270
18037,1995,1277,1302,-25
18037,1996,1295,1479,-184
18037,1997,1613,1282,331
18037,1998,1597,1444,153
18037,1999,1416,1550,-134
18037,2000,1491,1528,-37
18037,2001,1419,1534,-115
18037,2002,1445,1408,37
18037,2003,1541,1387,154
18037,2004,1523,1486,37
18037,2005,1421,1404,17
18037,2006,1388,1441,-53
18037,2007,1401,1424,-23
18037,2008,1246,1509,-263
18037,2009,1245,1438,-193
18037,2010,1340,1223,117
18039,1990,6757,7324,-567
18039,1991,6960,6624,336
18039,1992,7622,6844,778
18039,1993,7933,6970,963
18039,1994,8341,7219,1122
18039,1995,7697,7230,467
18039,1996,7655,7544,111
18039,1997,7461,7609,-148
18039,1998,7521,7444,77
18039,1999,7702,7727,-25
18039,2000,7118,7929,-811
18039,2001,6294,8085,-1791
18039,2002,7106,6743,363
18039,2003,7093,7008,85
18039,2004,7738,6702,1036
18039,2005,7685,7401,284
18039,2006,6735,7791,-1056
18039,2007,6849,7769,-920
18039,2008,6225,8305,-2080
18039,2009,5765,7409,-1644
18039,2010,6212,6539,-327
18041,1990,985,1074,-89
18041,1991,888,885,3
18041,1992,967,1035,-68
18041,1993,1034,1027,7
18041,1994,949,1041,-92
18041,1995,1058,1093,-35
18041,1996,1006,1118,-112
18041,1997,972,1169,-197
18041,1998,950,1169,-219
18041,1999,976,1234,-258
18041,2000,899,1161,-262
18041,2001,963,1109,-146
18041,2002,979,1050,-71
18041,2003,981,1036,-55
18041,2004,913,1047,-134
18041,2005,856,1017,-161
18041,2006,944,1033,-89
18041,2007,1035,1041,-6
18041,2008,962,1026,-64
18041,2009,903,819,84
18041,2010,880,879,1
18043,1990,4433,3455,978
18043,1991,4152,3757,395
18043,1992,4240,3811,429
18043,1993,4355,3821,534
18043,1994,4645,3907,738
18043,1995,4291,3871,420
18043,1996,4576,4098,478
18043,1997,4341,4294,47
18043,1998,4632,4495,137
18043,1999,4405,4452,-47
18043,2000,4604,4317,287
18043,2001,4448,4630,-182
18043,2002,4022,4334,-312
18043,2003,4263,4265,-2
18043,2004,4502,4293,209
18043,2005,4499,4394,105
18043,2006,4570,4398,172
18043,2007,4755,4314,441
18043,2008,4512,4358,154
18043,2009,4340,4315,25
18043,2010,4197,4086,111
18045,1990,920,873,47
18045,1991,887,858,29
18045,1992,888,872,16
18045,1993,827,837,-10
18045,1994,1072,850,222
18045,1995,1091,1004,87
18045,1996,1015,1053,-38
18045,1997,1086,957,129
18045,1998,982,956,26
18045,1999,959,1054,-95
18045,2000,923,1093,-170
18045,2001,996,992,4
18045,2002,885,1035,-150
18045,2003,858,994,-136
18045,2004,880,992,-112
18045,2005,988,941,47
18045,2006,831,931,-100
18045,2007,880,882,-2
18045,2008,833,993,-160
18045,2009,827,784,43
18045,2010,825,909,-84
18047,1990,1026,1042,-16
18047,1991,977,1026,-49
18047,1992,1054,1102,-48
18047,1993,947,948,-1
18047,1994,1009,876,133
18047,1995,1747,1353,394
18047,1996,1673,1493,180
18047,1997,1797,1465,332
18047,1998,1822,1521,301
18047,1999,1790,1586,204
18047,2000,1699,1685,14
18047,2001,1784,1614,170
18047,2002,1552,1275,277
18047,2003,1452,1403,49
18047,2004,1098,980,118
18047,2005,1052,951,101
18047,2006,1027,983,44
18047,2007,1115,1052,63
18047,2008,1026,1085,-59
18047,2009,940,981,-41
18047,2010,849,921,-72
18049,1990,977,979,-2
18049,1991,1077,946,131
18049,1992,1190,906,284
18049,1993,1075,928,147
18049,1994,1109,930,179
18049,1995,1242,975,267
18049,1996,1244,1078,166
18049,1997,1261,1104,157
18049,1998,1234,1085,149
18049,1999,1205,1140,65
18049,2000,1143,1144,-1
18049,2001,1163,1222,-59
18049,2002,1054,1174,-120
18049,2003,1129,1121,8
18049,2004,1031,1067,-36
18049,2005,1119,1179,-60
18049,2006,987,1037,-50
18049,2007,933,966,-33
18049,2008,1067,1067,0
18049,2009,861,900,-39
18049,2010,938,926,12
18051,1990,1142,1234,-92
18051,1991,1204,1256,-52
18051,1992,1292,1211,81
18051,1993,1207,1242,-35
18051,1994,1236,1335,-99
18051,1995,1346,1360,-14
18051,1996,1251,1303,-52
18051,1997,1369,1332,37
18051,1998,1337,1326,11
18051,1999,1537,1320,217
18051,2000,1387,1306,81
18051,2001,1421,1439,-18
18051,2002,1535,1242,293
18051,2003,1509,1320,189
18051,2004,1408,1307,101
18051,2005,1410,1394,16
18051,2006,1177,1405,-228
18051,2007,1362,1437,-75
18051,2008,1264,1279,-15
18051,2009,1297,1151,146
18051,2010,1280,1351,-71
18053,1990,2865,3203,-338
18053,1991,2567,3006,-439
18053,1992,2530,3059,-529
18053,1993,2819,3056,-237
18053,1994,2760,3113,-353
18053,1995,2591,3009,-418
18053,1996,2417,3002,-585
18053,1997,2453,2839,-386
18053,1998,2183,2804,-621
18053,1999,2149,2786,-637
18053,2000,2278,2830,-552
18053,2001,2087,2721,-634
18053,2002,2107,2587,-480
18053,2003,2144,2744,-600
18053,2004,1997,2589,-592
18053,2005,2085,2586,-501
18053,2006,2204,2705,-501
18053,2007,2276,2442,-166
18053,2008,2348,2449,-101
18053,2009,2200,2429,-229
18053,2010,2105,2301,-196
18055,1990,1773,1387,386
18055,1991,1753,1418,335
18055,1992,1768,1313,455
18055,1993,1635,1415,220
18055,1994,1705,1468,237
18055,1995,1462,1280,182
18055,1996,1486,1387,99
18055,1997,1608,1351,257
18055,1998,1433,1535,-102
18055,1999,1501,1355,146
18055,2000,1439,1486,-47
18055,2001,1565,1546,19
18055,2002,1560,1380,180
18055,2003,1501,1366,135
18055,2004,1467,1413,54
18055,2005,1519,1538,-19
18055,2006,1391,1553,-162
18055,2007,1505,1576,-71
18055,2008,1289,1312,-23
18055,2009,1447,1249,198
18055,2010,1262,1348,-86
18057,1990,12694,8586,4108
18057,1991,12470,8778,3692
18057,1992,13952,9236,4716
18057,1993,14244,9629,4615
18057,1994,14438,9644,4794
18057,1995,14703,9820,4883
18057,1996,15270,10288,4982
18057,1997,16301,10851,5450
18057,1998,17934,11027,6907
18057,1999,18484,11356,7128
18057,2000,18617,11616,7001
18057,2001,19432,11993,7439
18057,2002,19207,11752,7455
18057,2003,19462,12293,7169
18057,2004,19566,12758,6808
18057,2005,19748,13333,6415
18057,2006,19450,13783,5667
18057,2007,19659,14030,5629
18057,2008,18141,13551,4590
18057,2009,17148,13161,3987
18057,2010,17116,13466,3650
18059,1990,3450,3052,398
18059,1991,3587,2840,747
18059,1992,3817,3098,719
18059,1993,3832,2952,880
18059,1994,4006,3004,1002
18059,1995,4006,3193,813
18059,1996,4296,3477,819
18059,1997,4131,3175,956
18059,1998,4172,3376,796
18059,1999,4391,3677,714
18059,2000,4246,3430,816
18059,2001,4801,3431,1370
18059,2002,4450,3497,953
18059,2003,4373,3567,806
18059,2004,4871,3260,1611
18059,2005,5110,3509,1601
18059,2006,4674,3606,1068
18059,2007,4545,3822,723
18059,2008,4038,3473,565
18059,2009,4012,3406,606
18059,2010,3725,3580,145
18061,1990,1552,1264,288
18061,1991,1526,1441,85
18061,1992,1726,1283,443
18061,1993,1691,1313,378
18061,1994,1661,1356,305
18061,1995,1844,1340,504
18061,1996,2035,1467,568
18061,1997,1918,1565,353
18061,1998,2056,1499,557
18061,1999,2061,1586,475
18061,2000,1862,1723,139
18061,2001,1848,1597,251
18061,2002,1832,1556,276
18061,2003,1887,1503,384
18061,2004,1852,1651,201
18061,2005,1882,1790,92
18061,2006,1614,1607,7
18061,2007,1887,1764,123
18061,2008,1707,1684,23
18061,2009,1714,1764,-50
18061,2010,1542,1594,-52
18063,1990,6016,4996,1020
18063,1991,6134,5106,1028
18063,1992,6806,4983,1823
18063,1993,7208,5329,1879
18063,1994,7475,5615,1860
18063,1995,7785,5641,2144
18063,1996,8382,5880,2502
18063,1997,8315,5849,2466
18063,1998,9006,6221,2785
18063,1999,9928,5843,4085
18063,2000,9974,6420,3554
18063,2001,10416,6661,3755
18063,2002,9876,6933,2943
18063,2003,10964,7430,3534
18063,2004,9616,6874,2742
18063,2005,10241,7376,2865
18063,2006,10670,7477,3193
18063,2007,10100,7972,2128
18063,2008,9698,7680,2018
18063,2009,8846,7922,924
18063,2010,8958,7794,1164
18065,1990,2051,2129,-78
18065,1991,2102,1943,159
18065,1992,2125,2096,29
18065,1993,2146,2043,103
18065,1994,2062,1919,143
18065,1995,2022,2146,-124
18065,1996,2142,2278,-136
18065,1997,1961,2147,-186
18065,1998,1707,2063,-356
18065,1999,2056,2166,-110
18065,2000,1862,1996,-134
18065,2001,1818,2002,-184
18065,2002,1805,2065,-260
18065,2003,2020,2042,-22
18065,2004,1736,2030,-294
18065,2005,1908,2098,-190
18065,2006,1834,2013,-179
18065,2007,1998,1810,188
18065,2008,1918,1954,-36
18065,2009,1865,1680,185
18065,2010,1735,2014,-279
18067,1990,3677,3550,127
18067,1991,3657,3663,-6
18067,1992,3713,3651,62
18067,1993,3602,3826,-224
18067,1994,3649,3829,-180
18067,1995,3888,3731,157
18067,1996,3375,3996,-621
18067,1997,3310,4184,-874
18067,1998,3456,3686,-230
18067,1999,3501,3845,-344
18067,2000,3365,3710,-345
18067,2001,3196,3723,-527
18067,2002,3187,3380,-193
18067,2003,2986,3532,-546
18067,2004,3173,3211,-38
18067,2005,3073,3820,-747
18067,2006,3032,3512,-480
18067,2007,3145,3665,-520
18067,2008,2812,3551,-739
18067,2009,3160,3264,-104
18067,2010,2991,3186,-195
18069,1990,1702,1640,62
18069,1991,1545,1755,-210
18069,1992,1727,1526,201
18069,1993,1607,1636,-29
18069,1994,1958,1735,223
18069,1995,1692,1636,56
18069,1996,1805,1767,38
18069,1997,1774,1867,-93
18069,1998,1579,1672,-93
18069,1999,1579,1720,-141
18069,2000,1493,1727,-234
18069,2001,1657,1519,138
18069,2002,1468,1595,-127
18069,2003,1396,1688,-292
18069,2004,1498,1566,-68
18069,2005,1460,1588,-128
18069,2006,1509,1636,-127
18069,2007,1423,1606,-183
18069,2008,1428,1497,-69
18069,2009,1354,1449,-95
18069,2010,1351,1295,56
18071,1990,1683,1450,233
18071,1991,1732,1639,93
18071,1992,1928,1514,414
18071,1993,1847,1693,154
18071,1994,2057,1599,458
18071,1995,1597,1638,-41
18071,1996,1827,1677,150
18071,1997,1748,1885,-137
18071,1998,1794,1730,64
18071,1999,1792,1797,-5
18071,2000,1580,1792,-212
18071,2001,1658,1837,-179
18071,2002,1536,1708,-172
18071,2003,1536,1630,-94
18071,2004,1752,1669,83
18071,2005,1647,1805,-158
18071,2006,1683,1848,-165
18071,2007,1792,2082,-290
18071,2008,1991,2064,-73
18071,2009,2829,1799,1030
18071,2010,1954,1925,29
18073,1990,1557,1280,277
18073,1991,1625,1306,319
18073,1992,1727,1404,323
18073,1993,1780,1224,556
18073,1994,1772,1373,399
18073,1995,1803,1466,337
18073,1996,1821,1522,299
18073,1997,1815,1516,299
18073,1998,1714,1472,242
18073,1999,1942,1497,445
18073,2000,1823,1692,131
18073,2001,1806,1644,162
18073,2002,1852,1573,279
18073,2003,1770,1554,216
18073,2004,1530,1467,63
18073,2005,1793,1477,316
18073,2006,1754,1477,277
18073,2007,1699,1514,185
18073,2008,1512,1559,-47
18073,2009,1563,1433,130
18073,2010,1347,1465,-118
18075,1990,865,875,-10
18075,1991,897,928,-31
18075,1992,762,947,-185
18075,1993,797,813,-16
18075,1994,895,896,-1
18075,1995,828,912,-84
18075,1996,872,951,-79
18075,1997,838,860,-22
18075,1998,851,916,-65
18075,1999,774,867,-93
18075,2000,848,946,-98
18075,2001,812,1001,-189
18075,2002,812,893,-81
18075,2003,780,904,-124
18075,2004,752,941,-189
18075,2005,724,834,-110
18075,2006,771,850,-79
18075,2007,641,815,-174
18075,2008,747,874,-127
18075,2009,588,811,-223
18075,2010,734,700,34
18077,1990,1506,1414,92
18077,1991,1591,1365,226
18077,1992,1582,1429,153
18077,1993,1489,1372,117
18077,1994,1493,1390,103
18077,1995,1384,1267,117
18077,1996,1403,1192,211
18077,1997,1303,1351,-48
18077,1998,1438,1235,203
18077,1999,1455,1377,78
18077,2000,1641,1349,292
18077,2001,1450,1392,58
18077,2002,1386,1479,-93
18077,2003,1324,1332,-8
18077,2004,1265,1200,65
18077,2005,1411,1285,126
18077,2006,1123,1264,-141
18077,2007,1408,1330,78
18077,2008,1196,1228,-32
18077,2009,1149,1357,-208
18077,2010,1255,1159,96
18079,1990,1308,1135,173
18079,1991,1280,1092,188
18079,1992,1492,1178,314
18079,1993,1559,1094,465
18079,1994,1583,1145,438
18079,1995,1548,1160,388
18079,1996,1510,1197,313
18079,1997,1632,1248,384
18079,1998,1548,1396,152
18079,1999,1633,1279,354
18079,2000,1442,1311,131
18079,2001,1477,1411,66
18079,2002,1322,1488,-166
18079,2003,1318,1257,61
18079,2004,1428,1503,-75
18079,2005,1345,1537,-192
18079,2006,1322,1358,-36
18079,2007,1308,1465,-157
18079,2008,1315,1478,-163
18079,2009,1296,1468,-172
18079,2010,1141,1430,-289
18081,1990,8982,6716,2266
18081,1991,7847,6745,1102
18081,1992,8803,6490,2313
18081,1993,8343,7060,1283
18081,1994,8790,6887,1903
18081,1995,8327,6566,1761
18081,1996,8551,6931,1620
18081,1997,8700,6943,1757
18081,1998,9439,7032,2407
18081,1999,9195,7281,1914
18081,2000,9164,7476,1688
18081,2001,9540,7574,1966
18081,2002,8673,7738,935
18081,2003,8827,7696,1131
18081,2004,9601,7872,1729
18081,2005,10269,7831,2438
18081,2006,10211,7858,2353
18081,2007,10297,8338,1959
18081,2008,9639,8770,869
18081,2009,8860,8526,334
18081,2010,9086,8327,759
18083,1990,1524,1468,56
18083,1991,1462,1402,60
18083,1992,1533,1472,61
18083,1993,1425,1395,30
18083,1994,1401,1473,-72
18083,1995,1388,1479,-91
18083,1996,1492,1453,39
18083,1997,1375,1551,-176
18083,1998,1381,1570,-189
18083,1999,1258,1521,-263
18083,2000,1174,1466,-292
18083,2001,1240,1339,-99
18083,2002,1267,1348,-81
18083,2003,1361,1355,6
18083,2004,1162,1296,-134
18083,2005,1267,1408,-141
18083,2006,1251,1363,-112
18083,2007,1249,1245,4
18083,2008,1236,1231,5
18083,2009,1164,1236,-72
18083,2010,1244,1246,-2
18085,1990,3341,3981,-640
18085,1991,3338,3464,-126
18085,1992,3245,3318,-73
18085,1993,3335,3057,278
18085,1994,3633,3313,320
18085,1995,3350,3174,176
18085,1996,3370,3367,3
18085,1997,3370,3319,51
18085,1998,3213,3617,-404
18085,1999,3640,3522,118
18085,2000,3278,3464,-186
18085,2001,3039,3431,-392
18085,2002,3140,3346,-206
18085,2003,3053,3374,-321
18085,2004,3316,3310,6
18085,2005,3352,3400,-48
18085,2006,3162,3334,-172
18085,2007,3157,3357,-200
18085,2008,3001,3411,-410
18085,2009,2729,3073,-344
18085,2010,2819,3128,-309
18087,1990,1435,1673,-238
18087,1991,1483,1446,37
18087,1992,1637,1549,88
18087,1993,1663,1626,37
18087,1994,1749,1563,186
18087,1995,1567,1671,-104
18087,1996,1623,1571,52
18087,1997,1554,1588,-34
18087,1998,1721,1691,30
18087,1999,1523,1765,-242
18087,2000,1495,1604,-109
18087,2001,1508,1722,-214
18087,2002,1622,1688,-66
18087,2003,1598,1670,-72
18087,2004,1440,1577,-137
18087,2005,1630,1734,-104
18087,2006,1583,1775,-192
18087,2007,1466,1692,-226
18087,2008,1337,1735,-398
18087,2009,1288,1565,-277
18087,2010,1377,1467,-90
18089,1990,15217,16425,-1208
18089,1991,14656,15932,-1276
18089,1992,14520,16276,-1756
18089,1993,14377,16067,-1690
18089,1994,14463,16572,-2109
18089,1995,13982,16537,-2555
18089,1996,14690,16855,-2165
18089,1997,14536,16852,-2316
18089,1998,14875,17056,-2181
18089,1999,15121,17605,-2484
18089,2000,15608,17293,-1685
18089,2001,16008,17604,-1596
18089,2002,16975,17459,-484
18089,2003,17598,17700,-102
18089,2004,18617,18094,523
18089,2005,19420,19094,326
18089,2006,19135,18556,579
18089,2007,19102,18701,401
18089,2008,16579,17877,-1298
18089,2009,15629,16869,-1240
18089,2010,15302,17081,-1779
18091,1990,4184,3964,220
18091,1991,4057,3926,131
18091,1992,3848,3678,170
18091,1993,3614,3969,-355
18091,1994,3695,4010,-315
18091,1995,3517,3799,-282
18091,1996,3528,3958,-430
18091,1997,3608,3759,-151
18091,1998,3760,4028,-268
18091,1999,3778,3970,-192
18091,2000,3847,3856,-9
18091,2001,3358,3769,-411
18091,2002,3313,3889,-576
18091,2003,3423,3819,-396
18091,2004,3552,3314,238
18091,2005,3581,3708,-127
18091,2006,3792,3563,229
18091,2007,3770,3592,178
18091,2008,3535,3505,30
18091,2009,3250,3412,-162
18091,2010,3126,3283,-157
18093,1990,1638,1600,38
18093,1991,1727,1533,194
18093,1992,1751,1398,353
18093,1993,1954,1589,365
18093,1994,2056,1594,462
18093,1995,1750,1603,147
18093,1996,1823,1736,87
18093,1997,1659,1596,63
18093,1998,1609,1694,-85
18093,1999,1569,1631,-62
18093,2000,1694,1712,-18
18093,2001,1533,1560,-27
18093,2002,1517,1429,88
18093,2003,1399,1554,-155
18093,2004,1678,1550,128
18093,2005,1642,1706,-64
18093,2006,1545,1422,123
18093,2007,1650,1730,-80
18093,2008,1580,1561,19
18093,2009,1568,1494,74
18093,2010,1543,1488,55
18095,1990,4946,4896,50
18095,1991,4606,4953,-347
18095,1992,4550,4637,-87
18095,1993,4965,4638,327
18095,1994,4689,4985,-296
18095,1995,4588,4821,-233
18095,1996,4651,5430,-779
18095,1997,4335,5397,-1062
18095,1998,4472,5021,-549
18095,1999,4615,5133,-518
18095,2000,4202,5092,-890
18095,2001,4314,4926,-612
18095,2002,3994,4883,-889
18095,2003,4496,5097,-601
18095,2004,4555,4827,-272
18095,2005,4801,4901,-100
18095,2006,4723,4755,-32
18095,2007,4972,4965,7
18095,2008,4768,4775,-7
18095,2009,4585,4689,-104
18095,2010,4578,4881,-303
18097,1990,38643,39969,-1326
18097,1991,38208,39675,-1467
18097,1992,38868,42524,-3656
18097,1993,38764,42995,-4231
18097,1994,38701,44629,-5928
18097,1995,37319,42792,-5473
18097,1996,37476,44421,-6945
18097,1997,36000,43995,-7995
18097,1998,36577,44812,-8235
18097,1999,36940,44889,-7949
18097,2000,37526,42856,-5330
18097,2001,36922,45189,-8267
18097,2002,35990,43053,-7063
18097,2003,35961,44412,-8451
18097,2004,36300,42955,-6655
18097,2005,38471,43599,-5128
18097,2006,37561,43210,-5649
18097,2007,38849,43741,-4892
18097,2008,38577,41582,-3005
18097,2009,36341,41059,-4718
18097,2010,36779,40958,-4179
18099,1990,2419,2090,329
18099,1991,2247,2189,58
18099,1992,2342,2124,218
18099,1993,2443,2051,392
18099,1994,2470,2201,269
18099,1995,2254,2072,182
18099,1996,2207,2346,-139
18099,1997,2153,2247,-94
18099,1998,2332,2139,193
18099,1999,2322,2236,86
18099,2000,2411,2237,174
18099,2001,2089,2300,-211
18099,2002,2142,2033,109
18099,2003,2222,2216,6
18099,2004,1975,2042,-67
18099,2005,2164,2251,-87
18099,2006,1945,2227,-282
18099,2007,1935,2040,-105
18099,2008,1910,2014,-104
18099,2009,1707,1993,-286
18099,2010,1787,1972,-185
18101,1990,526,555,-29
18101,1991,522,498,24
18101,1992,521,528,-7
18101,1993,566,435,131
18101,1994,541,660,-119
18101,1995,557,508,49
18101,1996,459,542,-83
18101,1997,469,552,-83
18101,1998,436,546,-110
18101,1999,402,475,-73
18101,2000,437,475,-38
18101,2001,444,432,12
18101,2002,384,412,-28
18101,2003,411,377,34
18101,2004,400,449,-49
18101,2005,441,429,12
18101,2006,401,462,-61
18101,2007,401,438,-37
18101,2008,376,384,-8
18101,2009,388,390,-2
18101,2010,411,437,-26
18103,1990,2750,2747,3
18103,1991,2466,2578,-112
18103,1992,2249,3053,-804
18103,1993,1750,3565,-1815
18103,1994,1731,3448,-1717
18103,1995,1669,1703,-34
18103,1996,2182,1619,563
18103,1997,1972,1811,161
18103,1998,1857,1869,-12
18103,1999,2047,1753,294
18103,2000,1991,1949,42
18103,2001,1782,1862,-80
18103,2002,1573,1832,-259
18103,2003,1628,1910,-282
18103,2004,1487,1848,-361
18103,2005,1825,1852,-27
18103,2006,1599,1979,-380
18103,2007,1561,2066,-505
18103,2008,1645,1879,-234
18103,2009,1387,1763,-376
18103,2010,1446,1534,-88
18105,1990,5697,5784,-87
18105,1991,5926,5614,312
18105,1992,6279,5633,646
18105,1993,6840,6053,787
18105,1994,6600,6239,361
18105,1995,6447,6397,50
18105,1996,6677,6577,100
18105,1997,6344,6736,-392
18105,1998,6790,7066,-276
18105,1999,6496,6956,-460
18105,2000,6826,7264,-438
18105,2001,6543,7090,-547
18105,2002,6832,6396,436
18105,2003,6622,6630,-8
18105,2004,6378,6512,-134
18105,2005,6947,6570,377
18105,2006,6572,6516,56
18105,2007,7064,6967,97
18105,2008,6972,6851,121
18105,2009,6473,6163,310
18105,2010,6078,6472,-394
18107,1990,1467,1426,41
18107,1991,1544,1370,174
18107,1992,1594,1309,285
18107,1993,1561,1447,114
18107,1994,1675,1480,195
18107,1995,1507,1515,-8
18107,1996,1566,1647,-81
18107,1997,1560,1682,-122
18107,1998,1497,1630,-133
18107,1999,1546,1679,-133
18107,2000,1565,1519,46
18107,2001,1510,1559,-49
18107,2002,1332,1577,-245
18107,2003,1402,1464,-62
18107,2004,1527,1413,114
18107,2005,1437,1619,-182
18107,2006,1635,1616,19
18107,2007,1547,1698,-151
18107,2008,1478,1631,-153
18107,2009,1480,1530,-50
18107,2010,1597,1413,184
18109,1990,3572,3142,430
18109,1991,3780,3012,768
18109,1992,3744,3252,492
18109,1993,4075,3260,815
18109,1994,4190,3408,782
18109,1995,3529,2881,648
18109,1996,3733,2835,898
18109,1997,3395,3158,237
18109,1998,3655,2901,754
18109,1999,3487,3062,425
18109,2000,3075,3140,-65
18109,2001,3553,3272,281
18109,2002,3663,3261,402
18109,2003,3394,3198,196
18109,2004,3935,3705,230
18109,2005,4016,3757,259
18109,2006,3840,3763,77
18109,2007,4150,3433,717
18109,2008,3639,3817,-178
18109,2009,3592,3273,319
18109,2010,3451,3293,158
18111,1990,952,843,109
18111,1991,901,812,89
18111,1992,996,825,171
18111,1993,1019,944,75
18111,1994,1028,832,196
18111,1995,822,685,137
18111,1996,809,736,73
18111,1997,751,705,46
18111,1998,659,675,-16
18111,1999,709,752,-43
18111,2000,680,818,-138
18111,2001,702,718,-16
18111,2002,709,663,46
18111,2003,679,734,-55
18111,2004,844,778,66
18111,2005,823,923,-100
18111,2006,850,796,54
18111,2007,792,820,-28
18111,2008,617,770,-153
18111,2009,715,686,29
18111,2010,601,654,-53
18113,1990,2305,2354,-49
18113,1991,2247,2154,93
18113,1992,2702,2110,592
18113,1993,2693,2396,297
18113,1994,2879,2392,487
18113,1995,2638,2361,277
18113,1996,2546,2467,79
18113,1997,2586,2380,206
18113,1998,2508,2333,175
18113,1999,2633,2678,-45
18113,2000,2359,2239,120
18113,2001,2079,2635,-556
18113,2002,2126,2458,-332
18113,2003,2009,2233,-224
18113,2004,2113,2186,-73
18113,2005,2240,2473,-233
18113,2006,1986,2347,-361
18113,2007,2115,2313,-198
18113,2008,2058,2275,-217
18113,2009,1907,2220,-313
18113,2010,1905,2117,-212
18115,1990,315,334,-19
18115,1991,335,364,-29
18115,1992,355,272,83
18115,1993,289,298,-9
18115,1994,292,280,12
18115,1995,361,317,44
18115,1996,356,343,13
18115,1997,406,397,9
18115,1998,385,373,12
18115,1999,415,376,39
18115,2000,438,420,18
18115,2001,473,401,72
18115,2002,345,389,-44
18115,2003,368,319,49
18115,2004,422,353,69
18115,2005,398,382,16
18115,2006,381,423,-42
18115,2007,440,407,33
18115,2008,410,409,1
18115,2009,371,415,-44
18115,2010,317,354,-37
18117,1990,817,717,100
18117,1991,764,831,-67
18117,1992,863,699,164
18117,1993,780,692,88
18117,1994,927,803,124
18117,1995,805,672,133
18117,1996,853,769,84
18117,1997,832,713,119
18117,1998,825,673,152
18117,1999,832,832,0
18117,2000,793,808,-15
18117,2001,790,757,33
18117,2002,849,736,113
18117,2003,729,779,-50
18117,2004,779,746,33
18117,2005,795,870,-75
18117,2006,820,729,91
18117,2007,835,837,-2
18117,2008,802,808,-6
18117,2009,712,840,-128
18117,2010,820,731,89
18119,1990,1411,1178,233
18119,1991,1566,1099,467
18119,1992,1604,1117,487
18119,1993,1422,1260,162
18119,1994,1437,1276,161
18119,1995,1321,1002,319
18119,1996,1165,1098,67
18119,1997,1096,1044,52
18119,1998,1050,978,72
18119,1999,1135,948,187
18119,2000,1174,1047,127
18119,2001,1342,1077,265
18119,2002,1348,1047,301
18119,2003,1285,1249,36
18119,2004,1252,1337,-85
18119,2005,1148,1284,-136
18119,2006,1266,1163,103
18119,2007,1247,1199,48
18119,2008,1205,1142,63
18119,2009,1157,1130,27
18119,2010,1126,1124,2
18121,1990,933,848,85
18121,1991,1059,879,180
18121,1992,1009,860,149
18121,1993,1009,881,128
18121,1994,937,869,68
18121,1995,897,669,228
18121,1996,889,781,108
18121,1997,873,675,198
18121,1998,791,743,48
18121,1999,823,833,-10
18121,2000,794,780,14
18121,2001,788,752,36
18121,2002,871,761,110
18121,2003,735,820,-85
18121,2004,759,759,0
18121,2005,680,809,-129
18121,2006,764,687,77
18121,2007,780,730,50
18121,2008,671,817,-146
18121,2009,678,667,11
18121,2010,633,695,-62
18123,1990,505,546,-41
18123,1991,479,633,-154
18123,1992,601,522,79
18123,1993,595,575,20
18123,1994,626,590,36
18123,1995,610,559,51
18123,1996,722,599,123
18123,1997,714,696,18
18123,1998,613,797,-184
18123,1999,705,737,-32
18123,2000,730,747,-17
18123,2001,668,696,-28
18123,2002,632,699,-67
18123,2003,608,613,-5
18123,2004,565,666,-101
18123,2005,636,723,-87
18123,2006,687,592,95
18123,2007,571,641,-70
18123,2008,649,677,-28
18123,2009,558,628,-70
18123,2010,605,599,6
18125,1990,510,631,-121
18125,1991,561,532,29
18125,1992,599,536,63
18125,1993,570,589,-19
18125,1994,560,585,-25
18125,1995,604,551,53
18125,1996,627,466,161
18125,1997,558,488,70
18125,1998,573,497,76
18125,1999,469,524,-55
18125,2000,574,516,58
18125,2001,586,498,88
18125,2002,553,533,20
18125,2003,517,519,-2
18125,2004,510,631,-121
18125,2005,580,499,81
18125,2006,546,537,9
18125,2007,529,528,1
18125,2008,491,627,-136
18125,2009,458,470,-12
18125,2010,457,506,-49
18127,1990,7836,6077,1759
18127,1991,7473,6140,1333
18127,1992,7457,6519,938
18127,1993,7439,6611,828
18127,1994,7819,6352,1467
18127,1995,7372,6226,1146
18127,1996,7302,6253,1049
18127,1997,7285,6588,697
18127,1998,7407,6743,664
18127,1999,7328,6586,742
18127,2000,7364,6735,629
18127,2001,7779,6944,835
18127,2002,7738,6774,964
18127,2003,8035,7028,1007
18127,2004,9132,7336,1796
18127,2005,9180,7444,1736
18127,2006,8838,7462,1376
18127,2007,8594,7571,1023
18127,2008,7911,7397,514
18127,2009,7220,6940,280
18127,2010,7260,6686,574
18129,1990,1003,1194,-191
18129,1991,1133,1118,15
18129,1992,1131,1165,-34
18129,1993,1054,1088,-34
18129,1994,1154,1082,72
18129,1995,1178,1187,-9
18129,1996,1262,1213,49
18129,1997,1214,1265,-51
18129,1998,1157,1354,-197
18129,1999,1241,1216,25
18129,2000,1336,1458,-122
18129,2001,1389,1380,9
18129,2002,1310,1496,-186
18129,2003,1379,1397,-18
18129,2004,1111,1217,-106
18129,2005,1157,1250,-93
18129,2006,1040,1157,-117
18129,2007,1106,1139,-33
18129,2008,953,1097,-144
18129,2009,1158,1175,-17
18129,2010,954,1116,-162
18131,1990,714,688,26
18131,1991,682,564,118
18131,1992,622,606,16
18131,1993,666,702,-36
18131,1994,774,607,167
18131,1995,737,803,-66
18131,1996,764,718,46
18131,1997,703,703,0
18131,1998,735,705,30
18131,1999,769,826,-57
18131,2000,1028,768,260
18131,2001,699,792,-93
18131,2002,728,659,69
18131,2003,659,674,-15
18131,2004,668,660,8
18131,2005,785,728,57
18131,2006,711,697,14
18131,2007,636,726,-90
18131,2008,648,709,-61
18131,2009,502,650,-148
18131,2010,541,606,-65
18133,1990,1867,1397,470
18133,1991,2058,1625,433
18133,1992,2008,1512,496
18133,1993,2086,1628,458
18133,1994,2134,1759,375
18133,1995,1847,1529,318
18133,1996,1798,1691,107
18133,1997,1828,1617,211
18133,1998,1769,1708,61
18133,1999,1794,1606,188
18133,2000,1650,1576,74
18133,2001,1796,1766,30
18133,2002,1956,1791,165
18133,2003,1845,1855,-10
18133,2004,1969,1752,217
18133,2005,1886,1893,-7
18133,2006,1746,1576,170
18133,2007,1868,1816,52
18133,2008,1609,1878,-269
18133,2009,1514,1593,-79
18133,2010,1544,1530,14
18135,1990,1348,1320,28
18135,1991,1328,1494,-166
18135,1992,1400,1293,107
18135,1993,1241,1366,-125
18135,1994,1496,1318,178
18135,1995,1338,1284,54
18135,1996,1283,1343,-60
18135,1997,1331,1378,-47
18135,1998,1311,1428,-117
18135,1999,1304,1396,-92
18135,2000,1248,1386,-138
18135,2001,1209,1308,-99
18135,2002,1204,1425,-221
18135,2003,1086,1323,-237
18135,2004,1251,1283,-32
18135,2005,1216,1239,-23
18135,2006,1086,1260,-174
18135,2007,1213,1194,19
18135,2008,1235,1302,-67
18135,2009,1048,1162,-114
18135,2010,1153,1258,-105
18137,1990,1394,1170,224
18137,1991,1325,1208,117
18137,1992,1497,1040,457
18137,1993,1345,1086,259
18137,1994,1515,1173,342
18137,1995,852,796,56
18137,1996,926,871,55
18137,1997,938,965,-27
18137,1998,1045,917,128
18137,1999,1080,966,114
18137,2000,1043,937,106
18137,2001,1002,904,98
18137,2002,979,969,10
18137,2003,1122,1085,37
18137,2004,1390,1341,49
18137,2005,1396,1380,16
18137,2006,1252,1365,-113
18137,2007,1380,1381,-1
18137,2008,1251,1319,-68
18137,2009,1290,1306,-16
18137,2010,1088,1301,-213
18139,1990,956,1040,-84
18139,1991,933,928,5
18139,1992,958,939,19
18139,1993,946,919,27
18139,1994,995,962,33
18139,1995,837,977,-140
18139,1996,864,860,4
18139,1997,790,936,-146
18139,1998,770,849,-79
18139,1999,701,867,-166
18139,2000,754,906,-152
18139,2001,740,881,-141
18139,2002,722,739,-17
18139,2003,742,899,-157
18139,2004,809,871,-62
18139,2005,869,979,-110
18139,2006,810,851,-41
18139,2007,834,979,-145
18139,2008,844,898,-54
18139,2009,699,814,-115
18139,2010,787,788,-1
18141,1990,9399,9804,-405
18141,1991,9221,9281,-60
18141,1992,10717,9135,1582
18141,1993,9962,9456,506
18141,1994,10910,9861,1049
18141,1995,9860,10126,-266
18141,1996,10042,10633,-591
18141,1997,9284,10545,-1261
18141,1998,9664,10660,-996
18141,1999,9504,10623,-1119
18141,2000,9289,10714,-1425
18141,2001,9367,10866,-1499
18141,2002,8619,10353,-1734
18141,2003,8684,10176,-1492
18141,2004,9069,10171,-1102
18141,2005,9461,10546,-1085
18141,2006,9437,10463,-1026
18141,2007,9722,10463,-741
18141,2008,8805,10571,-1766
18141,2009,7876,9436,-1560
18141,2010,8258,9593,-1335
18143,1990,1035,858,177
18143,1991,975,918,57
18143,1992,1081,932,149
18143,1993,1100,901,199
18143,1994,1049,968,81
18143,1995,1077,928,149
18143,1996,1050,979,71
18143,1997,1026,1007,19
18143,1998,1123,953,170
18143,1999,1195,950,245
18143,2000,1149,1041,108
18143,2001,1143,1087,56
18143,2002,1149,1018,131
18143,2003,1018,1079,-61
18143,2004,1177,1031,146
18143,2005,1096,1172,-76
18143,2006,1130,1148,-18
18143,2007,1168,1238,-70
18143,2008,1108,1080,28
18143,2009,1101,1060,41
18143,2010,1011,1191,-180
18145,1990,2218,2041,177
18145,1991,2239,2103,136
18145,1992,2425,2186,239
18145,1993,2183,2136,47
18145,1994,2356,2040,316
18145,1995,1894,1976,-82
18145,1996,2099,1998,101
18145,1997,2007,2026,-19
18145,1998,2114,2030,84
18145,1999,2205,1958,247
18145,2000,2007,2067,-60
18145,2001,1865,2206,-341
18145,2002,1739,2058,-319
18145,2003,1839,1959,-120
18145,2004,1990,2173,-183
18145,2005,2167,2049,118
18145,2006,2201,2089,112
18145,2007,2284,2169,115
18145,2008,2290,2222,68
18145,2009,2031,2411,-380
18145,2010,2090,2216,-126
18147,1990,860,831,29
18147,1991,842,868,-26
18147,1992,866,789,77
18147,1993,963,738,225
18147,1994,1009,882,127
18147,1995,1040,959,81
18147,1996,1074,1012,62
18147,1997,1056,946,110
18147,1998,1106,1073,33
18147,1999,1084,1119,-35
18147,2000,1050,1236,-186
18147,2001,1000,1056,-56
18147,2002,879,900,-21
18147,2003,870,880,-10
18147,2004,986,895,91
18147,2005,1023,955,68
18147,2006,922,1021,-99
18147,2007,884,1073,-189
18147,2008,903,982,-79
18147,2009,789,947,-158
18147,2010,849,838,11
18149,1990,2052,2118,-66
18149,1991,1665,2085,-420
18149,1992,1536,1907,-371
18149,1993,1561,1681,-120
18149,1994,1612,1634,-22
18149,1995,2146,1451,695
18149,1996,1927,1617,310
18149,1997,1815,1653,162
18149,1998,1491,1881,-390
18149,1999,1553,1635,-82
18149,2000,1071,2923,-1852
18149,2001,1225,1196,29
18149,2002,1115,1106,9
18149,2003,1229,1097,132
18149,2004,1208,1075,133
18149,2005,1218,1177,41
18149,2006,1206,1237,-31
18149,2007,1255,1196,59
18149,2008,1080,1061,19
18149,2009,1040,1010,30
18149,2010,972,1048,-76
18151,1990,1725,1460,265
18151,1991,1784,1529,255
18151,1992,1744,1468,276
18151,1993,1808,1520,288
18151,1994,2236,1583,653
18151,1995,1948,1548,400
18151,1996,1844,1774,70
18151,1997,1910,1647,263
18151,1998,1888,1755,133
18151,1999,1898,1776,122
18151,2000,1849,1741,108
18151,2001,1635,1952,-317
18151,2002,1707,1687,20
18151,2003,1570,1703,-133
18151,2004,1746,1756,-10
18151,2005,1811,1923,-112
18151,2006,1560,1778,-218
18151,2007,1736,1698,38
18151,2008,1618,1708,-90
18151,2009,1398,1504,-106
18151,2010,1351,1483,-132
18153,1990,892,882,10
18153,1991,850,825,25
18153,1992,949,802,147
18153,1993,928,748,180
18153,1994,975,819,156
18153,1995,708,854,-146
18153,1996,955,807,148
18153,1997,840,888,-48
18153,1998,919,742,177
18153,1999,823,845,-22
18153,2000,939,869,70
18153,2001,914,868,46
18153,2002,826,783,43
18153,2003,877,872,5
18153,2004,771,882,-111
18153,2005,783,912,-129
18153,2006,900,815,85
18153,2007,819,802,17
18153,2008,804,851,-47
18153,2009,720,801,-81
18153,2010,762,848,-86
18155,1990,380,361,19
18155,1991,441,315,126
18155,1992,413,351,62
18155,1993,408,380,28
18155,1994,460,373,87
18155,1995,424,324,100
18155,1996,506,320,186
18155,1997,481,357,124
18155,1998,457,362,95
18155,1999,474,405,69
18155,2000,542,406,136
18155,2001,569,496,73
18155,2002,496,543,-47
18155,2003,551,496,55
18155,2004,580,440,140
18155,2005,507,534,-27
18155,2006,522,510,12
18155,2007,541,554,-13
18155,2008,507,476,31
18155,2009,456,441,15
18155,2010,470,499,-29
18157,1990,6975,6894,81
18157,1991,7000,6828,172
18157,1992,7176,6950,226
18157,1993,6972,7190,-218
18157,1994,7611,7417,194
18157,1995,7658,7773,-115
18157,1996,7511,8283,-772
18157,1997,7769,8231,-462
18157,1998,8239,8131,108
18157,1999,8011,8389,-378
18157,2000,8067,8589,-522
18157,2001,7861,8262,-401
18157,2002,7957,7537,420
18157,2003,7624,7809,-185
18157,2004,8285,7831,454
18157,2005,8927,8396,531
18157,2006,8775,8159,616
18157,2007,8909,9067,-158
18157,2008,9080,8785,295
18157,2009,6980,8499,-1519
18157,2010,7571,8013,-442
18159,1990,889,972,-83
18159,1991,992,1018,-26
18159,1992,1036,904,132
18159,1993,846,950,-104
18159,1994,886,872,14
18159,1995,785,810,-25
18159,1996,778,829,-51
18159,1997,892,759,133
18159,1998,718,762,-44
18159,1999,770,783,-13
18159,2000,768,800,-32
18159,2001,798,772,26
18159,2002,703,783,-80
18159,2003,831,838,-7
18159,2004,721,858,-137
18159,2005,800,902,-102
18159,2006,709,761,-52
18159,2007,771,852,-81
18159,2008,753,790,-37
18159,2009,747,813,-66
18159,2010,754,719,35
18161,1990,392,360,32
18161,1991,359,321,38
18161,1992,393,311,82
18161,1993,364,429,-65
18161,1994,383,344,39
18161,1995,286,304,-18
18161,1996,307,353,-46
18161,1997,232,293,-61
18161,1998,262,243,19
18161,1999,253,251,2
18161,2000,210,232,-22
18161,2001,204,192,12
18161,2002,263,302,-39
18161,2003,254,276,-22
18161,2004,439,460,-21
18161,2005,405,399,6
18161,2006,380,412,-32
18161,2007,369,460,-91
18161,2008,378,366,12
18161,2009,327,335,-8
18161,2010,373,387,-14
18163,1990,6323,6499,-176
18163,1991,6483,6196,287
18163,1992,6467,6577,-110
18163,1993,6341,6441,-100
18163,1994,6371,7077,-706
18163,1995,6402,6679,-277
18163,1996,6360,6911,-551
18163,1997,6397,6977,-580
18163,1998,6680,6776,-96
18163,1999,6570,7261,-691
18163,2000,6663,7315,-652
18163,2001,6782,6939,-157
18163,2002,6641,6714,-73
18163,2003,6694,6952,-258
18163,2004,6677,7116,-439
18163,2005,7164,7268,-104
18163,2006,6785,7151,-366
18163,2007,6775,7717,-942
18163,2008,6546,6745,-199
18163,2009,6461,6694,-233
18163,2010,6643,6832,-189
18165,1990,727,805,-78
18165,1991,826,838,-12
18165,1992,909,747,162
18165,1993,771,768,3
18165,1994,838,801,37
18165,1995,875,892,-17
18165,1996,846,738,108
18165,1997,803,896,-93
18165,1998,817,869,-52
18165,1999,840,835,5
18165,2000,856,951,-95
18165,2001,773,846,-73
18165,2002,785,781,4
18165,2003,877,834,43
18165,2004,820,807,13
18165,2005,884,863,21
18165,2006,731,784,-53
18165,2007,658,855,-197
18165,2008,783,717,66
18165,2009,663,848,-185
18165,2010,750,720,30
18167,1990,4657,4410,247
18167,1991,4605,4301,304
18167,1992,4688,4525,163
18167,1993,4227,4795,-568
18167,1994,4426,4802,-376
18167,1995,4218,4591,-373
18167,1996,3928,5046,-1118
18167,1997,4040,4843,-803
18167,1998,3764,4528,-764
18167,1999,3917,4803,-886
18167,2000,3936,4759,-823
18167,2001,4135,4421,-286
18167,2002,3897,4240,-343
18167,2003,3689,4378,-689
18167,2004,3899,4464,-565
18167,2005,4267,4414,-147
18167,2006,3881,4425,-544
18167,2007,3918,4466,-548
18167,2008,4053,4367,-314
18167,2009,3845,3838,7
18167,2010,3904,4063,-159
18169,1990,1266,1505,-239
18169,1991,1278,1355,-77
18169,1992,1359,1366,-7
18169,1993,1474,1344,130
18169,1994,1497,1379,118
18169,1995,1245,1381,-136
18169,1996,1329,1437,-108
18169,1997,1273,1495,-222
18169,1998,1310,1408,-98
18169,1999,1258,1309,-51
18169,2000,1162,1436,-274
18169,2001,1201,1373,-172
18169,2002,1170,1328,-158
18169,2003,1089,1220,-131
18169,2004,1098,1364,-266
18169,2005,1302,1471,-169
18169,2006,1101,1436,-335
18169,2007,1183,1303,-120
18169,2008,1121,1242,-121
18169,2009,1072,1215,-143
18169,2010,987,1223,-236
18171,1990,483,491,-8
18171,1991,503,503,0
18171,1992,534,516,18
18171,1993,474,536,-62
18171,1994,470,545,-75
18171,1995,420,456,-36
18171,1996,461,418,43
18171,1997,462,387,75
18171,1998,444,445,-1
18171,1999,484,422,62
18171,2000,487,359,128
18171,2001,449,371,78
18171,2002,392,382,10
18171,2003,443,423,20
18171,2004,476,442,34
18171,2005,427,459,-32
18171,2006,427,461,-34
18171,2007,492,446,46
18171,2008,448,482,-34
18171,2009,450,452,-2
18171,2010,440,456,-16
18173,1990,3178,2735,443
18173,1991,3080,2734,346
18173,1992,3398,2856,542
18173,1993,3526,2845,681
18173,1994,3534,3031,503
18173,1995,3342,2895,447
18173,1996,3561,3067,494
18173,1997,3295,3044,251
18173,1998,3618,3062,556
18173,1999,3531,3127,404
18173,2000,3294,3221,73
18173,2001,3469,3077,392
18173,2002,3544,2852,692
18173,2003,3596,3202,394
18173,2004,3644,2964,680
18173,2005,3724,3383,341
18173,2006,3731,3092,639
18173,2007,3607,3061,546
18173,2008,3438,3056,382
18173,2009,3482,2985,497
18173,2010,3197,2979,218
18175,1990,1082,864,218
18175,1991,1181,998,183
18175,1992,1261,920,341
18175,1993,1194,1054,140
18175,1994,1270,887,383
18175,1995,1261,856,405
18175,1996,1327,1008,319
18175,1997,1425,930,495
18175,1998,1336,1046,290
18175,1999,1311,1191,120
18175,2000,1165,1064,101
18175,2001,1153,993,160
18175,2002,989,1057,-68
18175,2003,1136,1053,83
18175,2004,1193,1236,-43
18175,2005,1154,1092,62
18175,2006,1175,1140,35
18175,2007,1196,1186,10
18175,2008,1112,1281,-169
18175,2009,1134,1007,127
18175,2010,992,1111,-119
18177,1990,2656,2787,-131
18177,1991,2568,2726,-158
18177,1992,2705,2649,56
18177,1993,2714,2809,-95
18177,1994,2710,2699,11
18177,1995,2436,2796,-360
18177,1996,2470,2686,-216
18177,1997,2424,2838,-414
18177,1998,2476,2885,-409
18177,1999,2519,2794,-275
18177,2000,2269,2603,-334
18177,2001,2514,2644,-130
18177,2002,2321,2637,-316
18177,2003,2110,2669,-559
18177,2004,2150,2648,-498
18177,2005,2217,2694,-477
18177,2006,2287,2632,-345
18177,2007,2192,2660,-468
18177,2008,2242,2415,-173
18177,2009,2030,2254,-224
18177,2010,2037,2418,-381
18179,1990,1157,1310,-153
18179,1991,1212,1274,-62
18179,1992,1208,1270,-62
18179,1993,1235,1297,-62
18179,1994,1362,1282,80
18179,1995,1204,1159,45
18179,1996,1213,1110,103
18179,1997,1196,1189,7
18179,1998,1210,1317,-107
18179,1999,1177,1179,-2
18179,2000,1095,1116,-21
18179,2001,1138,1118,20
18179,2002,1136,1165,-29
18179,2003,1134,1180,-46
18179,2004,1178,1225,-47
18179,2005,1180,1175,5
18179,2006,1066,1143,-77
18179,2007,1235,1183,52
18179,2008,1031,1175,-144
18179,2009,1106,1011,95
18179,2010,1087,1106,-19
18181,1990,1434,1429,5
18181,1991,1627,1306,321
18181,1992,1698,1519,179
18181,1993,1615,1623,-8
18181,1994,1887,1600,287
18181,1995,1744,1401,343
18181,1996,1357,1453,-96
18181,1997,1441,1327,114
18181,1998,1401,1358,43
18181,1999,1256,1395,-139
18181,2000,1192,1272,-80
18181,2001,1103,1347,-244
18181,2002,1108,1399,-291
18181,2003,1077,1235,-158
18181,2004,1091,1399,-308
18181,2005,1234,1395,-161
18181,2006,1141,1355,-214
18181,2007,1320,1278,42
18181,2008,1128,1458,-330
18181,2009,1234,1122,112
18181,2010,1157,1240,-83
18183,1990,1609,1525,84
18183,1991,1590,1395,195
18183,1992,1561,1355,206
18183,1993,1538,1323,215
18183,1994,1642,1410,232
18183,1995,1500,1305,195
18183,1996,1460,1459,1
18183,1997,1521,1332,189
18183,1998,1601,1325,276
18183,1999,1526,1526,0
18183,2000,1607,1430,177
18183,2001,1680,1494,186
18183,2002,1483,1326,157
18183,2003,1400,1437,-37
18183,2004,1635,1424,211
18183,2005,1672,1426,246
18183,2006,1617,1480,137
18183,2007,1497,1524,-27
18183,2008,1444,1510,-66
18183,2009,1508,1304,204
18183,2010,1395,1476,-81
19001,1990,329,315,14
19001,1991,321,341,-20
19001,1992,304,283,21
19001,1993,335,355,-20
19001,1994,382,380,2
19001,1995,369,375,-6
19001,1996,331,346,-15
19001,1997,286,301,-15
19001,1998,330,332,-2
19001,1999,361,423,-62
19001,2000,388,467,-79
19001,2001,431,435,-4
19001,2002,425,426,-1
19001,2003,402,427,-25
19001,2004,371,373,-2
19001,2005,344,373,-29
19001,2006,320,379,-59
19001,2007,364,442,-78
19001,2008,337,390,-53
19001,2009,330,316,14
19001,2010,266,313,-47
19003,1990,216,310,-94
19003,1991,160,227,-67
19003,1992,210,216,-6
19003,1993,213,198,15
19003,1994,199,216,-17
19003,1995,220,261,-41
19003,1996,217,229,-12
19003,1997,230,247,-17
19003,1998,248,227,21
19003,1999,216,205,11
19003,2000,186,248,-62
19003,2001,197,192,5
19003,2002,204,186,18
19003,2003,161,224,-63
19003,2004,183,220,-37
19003,2005,208,191,17
19003,2006,158,178,-20
19003,2007,169,194,-25
19003,2008,145,177,-32
19003,2009,168,177,-9
19003,2010,173,172,1
19005,1990,461,414,47
19005,1991,540,558,-18
19005,1992,504,471,33
19005,1993,500,547,-47
19005,1994,559,442,117
19005,1995,470,530,-60
19005,1996,453,520,-67
19005,1997,490,524,-34
19005,1998,463,505,-42
19005,1999,472,532,-60
19005,2000,477,790,-313
19005,2001,508,559,-51
19005,2002,480,466,14
19005,2003,497,521,-24
19005,2004,505,546,-41
19005,2005,473,568,-95
19005,2006,481,536,-55
19005,2007,576,650,-74
19005,2008,506,631,-125
19005,2009,545,543,2
19005,2010,528,631,-103
19007,1990,529,478,51
19007,1991,541,499,42
19007,1992,535,504,31
19007,1993,518,621,-103
19007,1994,582,568,14
19007,1995,522,459,63
19007,1996,539,581,-42
19007,1997,593,523,70
19007,1998,531,614,-83
19007,1999,567,585,-18
19007,2000,539,602,-63
19007,2001,489,585,-96
19007,2002,603,432,171
19007,2003,493,448,45
19007,2004,497,489,8
19007,2005,419,532,-113
19007,2006,410,551,-141
19007,2007,457,577,-120
19007,2008,457,491,-34
19007,2009,443,395,48
19007,2010,463,470,-7
19009,1990,270,312,-42
19009,1991,217,275,-58
19009,1992,208,271,-63
19009,1993,212,238,-26
19009,1994,255,266,-11
19009,1995,316,302,14
19009,1996,323,329,-6
19009,1997,335,341,-6
19009,1998,326,304,22
19009,1999,315,380,-65
19009,2000,258,341,-83
19009,2001,258,275,-17
19009,2002,239,320,-81
19009,2003,285,277,8
19009,2004,214,231,-17
19009,2005,244,270,-26
19009,2006,224,245,-21
19009,2007,260,204,56
19009,2008,232,259,-27
19009,2009,237,207,30
19009,2010,171,256,-85
19011,1990,1088,1093,-5
19011,1991,1100,975,125
19011,1992,1362,1000,362
19011,1993,1211,1061,150
19011,1994,1424,1000,424
19011,1995,1419,1153,266
19011,1996,1576,1368,208
19011,1997,1648,1319,329
19011,1998,1563,1210,353
19011,1999,1501,1408,93
19011,2000,1641,1310,331
19011,2001,1645,1288,357
19011,2002,1465,1344,121
19011,2003,1564,1229,335
19011,2004,1303,1188,115
19011,2005,1287,1326,-39
19011,2006,1298,1271,27
19011,2007,1286,1255,31
19011,2008,1310,1213,97
19011,2009,1254,1226,28
19011,2010,1138,1115,23
19013,1990,4712,4414,298
19013,1991,4244,4639,-395
19013,1992,4489,4833,-344
19013,1993,4104,5079,-975
19013,1994,4181,5210,-1029
19013,1995,4266,4712,-446
19013,1996,4043,5047,-1004
19013,1997,4249,4907,-658
19013,1998,4228,5399,-1171
19013,1999,4203,5239,-1036
19013,2000,4368,5284,-916
19013,2001,4300,5430,-1130
19013,2002,4212,5050,-838
19013,2003,4267,4901,-634
19013,2004,4213,4744,-531
19013,2005,4474,5096,-622
19013,2006,4071,5070,-999
19013,2007,4988,4853,135
19013,2008,4904,4733,171
19013,2009,4303,4512,-209
19013,2010,4239,4732,-493
19015,1990,1247,1162,85
19015,1991,1121,1161,-40
19015,1992,1148,1197,-49
19015,1993,1135,1114,21
19015,1994,1224,1141,83
19015,1995,1690,1352,338
19015,1996,1646,1366,280
19015,1997,1605,1626,-21
19015,1998,1696,1460,236
19015,1999,1717,1598,119
19015,2000,1519,1452,67
19015,2001,1448,1595,-147
19015,2002,1618,1491,127
19015,2003,1687,1513,174
19015,2004,1266,1177,89
19015,2005,1219,1188,31
19015,2006,1228,1206,22
19015,2007,1284,1281,3
19015,2008,1070,1145,-75
19015,2009,1165,1234,-69
19015,2010,1136,1128,8
19017,1990,1149,1123,26
19017,1991,1064,1026,38
19017,1992,1212,1048,164
19017,1993,1081,1139,-58
19017,1994,1055,1066,-11
19017,1995,1023,986,37
19017,1996,898,994,-96
19017,1997,1040,1035,5
19017,1998,1067,988,79
19017,1999,952,1042,-90
19017,2000,1084,967,117
19017,2001,932,1046,-114
19017,2002,1004,867,137
19017,2003,1065,1023,42
19017,2004,1133,989,144
19017,2005,1206,973,233
19017,2006,1085,1026,59
19017,2007,1071,1146,-75
19017,2008,1165,1172,-7
19017,2009,1007,977,30
19017,2010,1016,1024,-8
19019,1990,821,862,-41
19019,1991,929,932,-3
19019,1992,824,786,38
19019,1993,850,847,3
19019,1994,802,880,-78
19019,1995,797,877,-80
19019,1996,869,976,-107
19019,1997,911,1005,-94
19019,1998,892,945,-53
19019,1999,848,1035,-187
19019,2000,916,1090,-174
19019,2001,811,981,-170
19019,2002,773,852,-79
19019,2003,946,895,51
19019,2004,783,849,-66
19019,2005,771,792,-21
19019,2006,824,836,-12
19019,2007,813,794,19
19019,2008,810,914,-104
19019,2009,769,870,-101
19019,2010,728,802,-74
19021,1990,1092,1093,-1
19021,1991,1029,1039,-10
19021,1992,1146,1078,68
19021,1993,1034,1266,-232
19021,1994,1034,1185,-151
19021,1995,991,1137,-146
19021,1996,945,1238,-293
19021,1997,925,1143,-218
19021,1998,1145,1161,-16
19021,1999,942,1303,-361
19021,2000,1046,1370,-324
19021,2001,1158,1217,-59
19021,2002,916,1138,-222
19021,2003,850,1112,-262
19021,2004,894,1087,-193
19021,2005,929,1179,-250
19021,2006,969,1152,-183
19021,2007,1002,1157,-155
19021,2008,1093,1150,-57
19021,2009,1180,1117,63
19021,2010,1078,1217,-139
19023,1990,646,582,64
19023,1991,681,691,-10
19023,1992,681,734,-53
19023,1993,675,606,69
19023,1994,785,648,137
19023,1995,618,602,16
19023,1996,618,594,24
19023,1997,617,680,-63
19023,1998,576,651,-75
19023,1999,646,598,48
19023,2000,569,679,-110
19023,2001,561,634,-73
19023,2002,572,543,29
19023,2003,672,639,33
19023,2004,606,580,26
19023,2005,657,615,42
19023,2006,604,673,-69
19023,2007,579,550,29
19023,2008,594,821,-227
19023,2009,687,482,205
19023,2010,633,561,72
19025,1990,596,530,66
19025,1991,548,521,27
19025,1992,481,500,-19
19025,1993,542,465,77
19025,1994,412,578,-166
19025,1995,513,487,26
19025,1996,500,519,-19
19025,1997,484,519,-35
19025,1998,483,492,-9
19025,1999,536,582,-46
19025,2000,515,592,-77
19025,2001,462,577,-115
19025,2002,438,513,-75
19025,2003,465,497,-32
19025,2004,443,472,-29
19025,2005,472,464,8
19025,2006,344,423,-79
19025,2007,495,500,-5
19025,2008,397,474,-77
19025,2009,444,418,26
19025,2010,401,408,-7
19027,1990,758,833,-75
19027,1991,819,829,-10
19027,1992,778,704,74
19027,1993,647,825,-178
19027,1994,866,775,91
19027,1995,676,771,-95
19027,1996,831,789,42
19027,1997,813,828,-15
19027,1998,812,892,-80
19027,1999,644,928,-284
19027,2000,671,869,-198
19027,2001,747,846,-99
19027,2002,693,825,-132
19027,2003,652,772,-120
19027,2004,678,768,-90
19027,2005,652,848,-196
19027,2006,705,743,-38
19027,2007,754,851,-97
19027,2008,791,821,-30
19027,2009,742,669,73
19027,2010,767,786,-19
19029,1990,646,672,-26
19029,1991,582,609,-27
19029,1992,613,587,26
19029,1993,671,610,61
19029,1994,524,643,-119
19029,1995,543,552,-9
19029,1996,513,569,-56
19029,1997,513,614,-101
19029,1998,577,672,-95
19029,1999,622,563,59
19029,2000,539,609,-70
19029,2001,454,619,-165
19029,2002,514,466,48
19029,2003,459,549,-90
19029,2004,543,576,-33
19029,2005,559,552,7
19029,2006,545,580,-35
19029,2007,538,576,-38
19029,2008,553,575,-22
19029,2009,477,445,32
19029,2010,503,611,-108
19031,1990,856,865,-9
19031,1991,956,857,99
19031,1992,886,1017,-131
19031,1993,874,952,-78
19031,1994,951,831,120
19031,1995,998,879,119
19031,1996,1025,839,186
19031,1997,1057,1098,-41
19031,1998,1149,1039,110
19031,1999,1092,1093,-1
19031,2000,989,1064,-75
19031,2001,1029,979,50
19031,2002,1065,983,82
19031,2003,1036,1008,28
19031,2004,947,946,1
19031,2005,909,862,47
19031,2006,898,842,56
19031,2007,983,907,76
19031,2008,835,861,-26
19031,2009,853,848,5
19031,2010,779,812,-33
19033,1990,2174,2046,128
19033,1991,1842,2154,-312
19033,1992,1767,2123,-356
19033,1993,1825,2003,-178
19033,1994,1865,1850,15
19033,1995,1765,2046,-281
19033,1996,1811,1855,-44
19033,1997,1814,2093,-279
19033,1998,1800,2193,-393
19033,1999,1737,2074,-337
19033,2000,1586,2055,-469
19033,2001,1758,2030,-272
19033,2002,1736,1828,-92
19033,2003,1622,1915,-293
19033,2004,1598,1710,-112
19033,2005,1807,1986,-179
19033,2006,1682,1839,-157
19033,2007,1697,1884,-187
19033,2008,1630,1698,-68
19033,2009,1490,1668,-178
19033,2010,1598,1768,-170
19035,1990,562,610,-48
19035,1991,549,577,-28
19035,1992,545,588,-43
19035,1993,539,615,-76
19035,1994,473,671,-198
19035,1995,433,568,-135
19035,1996,545,579,-34
19035,1997,504,638,-134
19035,1998,520,607,-87
19035,1999,527,567,-40
19035,2000,528,606,-78
19035,2001,532,670,-138
19035,2002,492,548,-56
19035,2003,485,529,-44
19035,2004,415,532,-117
19035,2005,427,518,-91
19035,2006,382,468,-86
19035,2007,401,504,-103
19035,2008,486,472,14
19035,2009,543,362,181
19035,2010,479,516,-37
19037,1990,408,480,-72
19037,1991,488,498,-10
19037,1992,519,503,16
19037,1993,481,448,33
19037,1994,473,461,12
19037,1995,439,444,-5
19037,1996,511,523,-12
19037,1997,477,494,-17
19037,1998,475,481,-6
19037,1999,415,543,-128
19037,2000,436,462,-26
19037,2001,380,582,-202
19037,2002,345,489,-144
19037,2003,367,439,-72
19037,2004,421,503,-82
19037,2005,452,459,-7
19037,2006,407,460,-53
19037,2007,415,501,-86
19037,2008,452,456,-4
19037,2009,448,498,-50
19037,2010,514,409,105
19039,1990,428,462,-34
19039,1991,504,426,78
19039,1992,481,465,16
19039,1993,426,517,-91
19039,1994,418,444,-26
19039,1995,548,450,98
19039,1996,449,477,-28
19039,1997,545,439,106
19039,1998,531,521,10
19039,1999,745,506,239
19039,2000,505,572,-67
19039,2001,543,573,-30
19039,2002,616,597,19
19039,2003,597,591,6
19039,2004,543,657,-114
19039,2005,537,537,0
19039,2006,476,525,-49
19039,2007,554,511,43
19039,2008,479,575,-96
19039,2009,489,412,77
19039,2010,471,451,20
19041,1990,898,960,-62
19041,1991,836,799,37
19041,1992,814,879,-65
19041,1993,759,824,-65
19041,1994,822,937,-115
19041,1995,831,817,14
19041,1996,876,842,34
19041,1997,781,902,-121
19041,1998,768,951,-183
19041,1999,914,877,37
19041,2000,860,993,-133
19041,2001,729,945,-216
19041,2002,684,733,-49
19041,2003,641,748,-107
19041,2004,706,837,-131
19041,2005,728,821,-93
19041,2006,690,740,-50
19041,2007,781,800,-19
19041,2008,731,777,-46
19041,2009,625,747,-122
19041,2010,728,752,-24
19043,1990,522,705,-183
19043,1991,633,691,-58
19043,1992,628,620,8
19043,1993,705,685,20
19043,1994,734,718,16
19043,1995,821,695,126
19043,1996,810,798,12
19043,1997,708,748,-40
19043,1998,648,718,-70
19043,1999,621,823,-202
19043,2000,641,727,-86
19043,2001,660,776,-116
19043,2002,701,649,52
19043,2003,661,703,-42
19043,2004,635,719,-84
19043,2005,681,686,-5
19043,2006,706,749,-43
19043,2007,651,767,-116
19043,2008,648,698,-50
19043,2009,578,681,-103
19043,2010,599,641,-42
19045,1990,1875,2049,-174
19045,1991,2088,1986,102
19045,1992,1849,1946,-97
19045,1993,1564,1925,-361
19045,1994,1700,1895,-195
19045,1995,1595,2124,-529
19045,1996,1678,1964,-286
19045,1997,1745,1938,-193
19045,1998,1698,2078,-380
19045,1999,1606,1946,-340
19045,2000,1734,1929,-195
19045,2001,1761,1907,-146
19045,2002,1751,1834,-83
19045,2003,1684,1664,20
19045,2004,1659,1752,-93
19045,2005,1761,1793,-32
19045,2006,1683,1810,-127
19045,2007,1672,1845,-173
19045,2008,1687,1812,-125
19045,2009,1670,1664,6
19045,2010,1572,1766,-194
19047,1990,649,749,-100
19047,1991,649,694,-45
19047,1992,601,755,-154
19047,1993,670,716,-46
19047,1994,636,665,-29
19047,1995,664,695,-31
19047,1996,723,761,-38
19047,1997,655,709,-54
19047,1998,619,718,-99
19047,1999,669,744,-75
19047,2000,665,727,-62
19047,2001,667,752,-85
19047,2002,564,714,-150
19047,2003,615,664,-49
19047,2004,592,688,-96
19047,2005,663,731,-68
19047,2006,660,692,-32
19047,2007,614,855,-241
19047,2008,733,718,15
19047,2009,808,811,-3
19047,2010,831,791,40
19049,1990,2317,2050,267
19049,1991,2344,1974,370
19049,1992,2506,1979,527
19049,1993,2408,2065,343
19049,1994,2519,2079,440
19049,1995,3053,2236,817
19049,1996,3312,2288,1024
19049,1997,3443,2605,838
19049,1998,3739,2716,1023
19049,1999,3862,2897,965
19049,2000,4022,2739,1283
19049,2001,4468,3102,1366
19049,2002,4368,2843,1525
19049,2003,5277,2808,2469
19049,2004,5118,3305,1813
19049,2005,5729,3608,2121
19049,2006,5682,3774,1908
19049,2007,5651,3616,2035
19049,2008,5072,3744,1328
19049,2009,5405,4012,1393
19049,2010,5942,4022,1920
19051,1990,363,384,-21
19051,1991,295,335,-40
19051,1992,393,338,55
19051,1993,364,336,28
19051,1994,413,377,36
19051,1995,317,373,-56
19051,1996,352,342,10
19051,1997,271,314,-43
19051,1998,418,401,17
19051,1999,400,404,-4
19051,2000,403,345,58
19051,2001,369,403,-34
19051,2002,351,409,-58
19051,2003,382,305,77
19051,2004,325,359,-34
19051,2005,308,323,-15
19051,2006,356,353,3
19051,2007,281,283,-2
19051,2008,332,340,-8
19051,2009,335,332,3
19051,2010,260,279,-19
19053,1990,387,472,-85
19053,1991,396,355,41
19053,1992,320,431,-111
19053,1993,408,383,25
19053,1994,449,325,124
19053,1995,383,421,-38
19053,1996,384,414,-30
19053,1997,445,367,78
19053,1998,521,450,71
19053,1999,483,453,30
19053,2000,437,462,-25
19053,2001,467,457,10
19053,2002,451,428,23
19053,2003,447,468,-21
19053,2004,438,424,14
19053,2005,381,382,-1
19053,2006,379,386,-7
19053,2007,383,389,-6
19053,2008,392,356,36
19053,2009,316,371,-55
19053,2010,332,470,-138
19055,1990,664,645,19
19055,1991,676,656,20
19055,1992,558,602,-44
19055,1993,617,644,-27
19055,1994,643,637,6
19055,1995,616,672,-56
19055,1996,663,651,12
19055,1997,652,589,63
19055,1998,597,675,-78
19055,1999,618,719,-101
19055,2000,661,761,-100
19055,2001,690,645,45
19055,2002,487,634,-147
19055,2003,503,610,-107
19055,2004,588,659,-71
19055,2005,589,654,-65
19055,2006,611,609,2
19055,2007,631,747,-116
19055,2008,602,598,4
19055,2009,625,600,25
19055,2010,505,619,-114
19057,1990,1772,1649,123
19057,1991,1625,1672,-47
19057,1992,1715,1777,-62
19057,1993,1546,1656,-110
19057,1994,1492,1782,-290
19057,1995,1598,1725,-127
19057,1996,1543,1842,-299
19057,1997,1597,1736,-139
19057,1998,1558,1775,-217
19057,1999,1444,1781,-337
19057,2000,1477,1781,-304
19057,2001,1294,1796,-502
19057,2002,1372,1636,-264
19057,2003,1286,1742,-456
19057,2004,1407,1547,-140
19057,2005,1491,1655,-164
19057,2006,1490,1542,-52
19057,2007,1635,1817,-182
19057,2008,1751,1735,16
19057,2009,1267,1425,-158
19057,2010,1299,1375,-76
19059,1990,931,647,284
19059,1991,732,727,5
19059,1992,833,645,188
19059,1993,873,750,123
19059,1994,909,697,212
19059,1995,906,713,193
19059,1996,964,670,294
19059,1997,952,770,182
19059,1998,884,802,82
19059,1999,953,808,145
19059,2000,877,820,57
19059,2001,890,945,-55
19059,2002,886,847,39
19059,2003,915,698,217
19059,2004,887,770,117
19059,2005,971,857,114
19059,2006,903,926,-23
19059,2007,941,845,96
19059,2008,884,859,25
19059,2009,844,789,55
19059,2010,980,764,216
19061,1990,2793,2863,-70
19061,1991,2769,2756,13
19061,1992,2823,2834,-11
19061,1993,2698,2895,-197
19061,1994,2764,3120,-356
19061,1995,2608,2947,-339
19061,1996,2425,3131,-706
19061,1997,2444,3174,-730
19061,1998,2858,3049,-191
19061,1999,2848,3012,-164
19061,2000,2575,3199,-624
19061,2001,2766,2923,-157
19061,2002,2691,2631,60
19061,2003,2603,2707,-104
19061,2004,2626,2663,-37
19061,2005,2909,2684,225
19061,2006,3182,2882,300
19061,2007,3127,3147,-20
19061,2008,2736,2882,-146
19061,2009,2986,2515,471
19061,2010,3065,2810,255
19063,1990,583,569,14
19063,1991,563,524,39
19063,1992,464,578,-114
19063,1993,518,615,-97
19063,1994,438,537,-99
19063,1995,417,500,-83
19063,1996,465,503,-38
19063,1997,441,507,-66
19063,1998,365,537,-172
19063,1999,390,522,-132
19063,2000,330,432,-102
19063,2001,381,488,-107
19063,2002,387,427,-40
19063,2003,346,485,-139
19063,2004,358,458,-100
19063,2005,336,428,-92
19063,2006,398,471,-73
19063,2007,442,425,17
19063,2008,396,481,-85
19063,2009,399,441,-42
19063,2010,368,518,-150
19065,1990,919,869,50
19065,1991,823,898,-75
19065,1992,884,837,47
19065,1993,874,903,-29
19065,1994,854,940,-86
19065,1995,801,789,12
19065,1996,840,865,-25
19065,1997,757,892,-135
19065,1998,749,952,-203
19065,1999,813,891,-78
19065,2000,820,964,-144
19065,2001,843,911,-68
19065,2002,773,840,-67
19065,2003,685,867,-182
19065,2004,833,782,51
19065,2005,740,880,-140
19065,2006,704,909,-205
19065,2007,753,840,-87
19065,2008,865,833,32
19065,2009,720,728,-8
19065,2010,815,745,70
19067,1990,675,828,-153
19067,1991,766,672,94
19067,1992,731,841,-110
19067,1993,700,746,-46
19067,1994,692,746,-54
19067,1995,597,609,-12
19067,1996,597,616,-19
19067,1997,669,776,-107
19067,1998,632,726,-94
19067,1999,559,681,-122
19067,2000,540,735,-195
19067,2001,623,635,-12
19067,2002,598,589,9
19067,2003,570,602,-32
19067,2004,627,695,-68
19067,2005,662,676,-14
19067,2006,627,706,-79
19067,2007,658,735,-77
19067,2008,602,642,-40
19067,2009,632,593,39
19067,2010,511,701,-190
19069,1990,466,510,-44
19069,1991,437,517,-80
19069,1992,461,427,34
19069,1993,389,506,-117
19069,1994,405,420,-15
19069,1995,572,539,33
19069,1996,472,588,-116
19069,1997,515,553,-38
19069,1998,513,608,-95
19069,1999,469,593,-124
19069,2000,492,549,-57
19069,2001,526,536,-10
19069,2002,458,506,-48
19069,2003,494,508,-14
19069,2004,375,407,-32
19069,2005,384,474,-90
19069,2006,431,422,9
19069,2007,378,514,-136
19069,2008,420,489,-69
19069,2009,432,413,19
19069,2010,430,495,-65
19071,1990,387,434,-47
19071,1991,435,391,44
19071,1992,447,443,4
19071,1993,510,448,62
19071,1994,449,446,3
19071,1995,490,557,-67
19071,1996,483,553,-70
19071,1997,534,525,9
19071,1998,499,504,-5
19071,1999,484,482,2
19071,2000,451,525,-74
19071,2001,470,537,-67
19071,2002,476,468,8
19071,2003,415,460,-45
19071,2004,355,348,7
19071,2005,407,364,43
19071,2006,454,413,41
19071,2007,406,454,-48
19071,2008,383,463,-80
19071,2009,391,406,-15
19071,2010,354,384,-30
19073,1990,508,430,78
19073,1991,476,448,28
19073,1992,495,435,60
19073,1993,461,531,-70
19073,1994,422,453,-31
19073,1995,538,429,109
19073,1996,441,425,16
19073,1997,477,471,6
19073,1998,456,496,-40
19073,1999,421,466,-45
19073,2000,396,524,-128
19073,2001,498,449,49
19073,2002,371,472,-101
19073,2003,428,411,17
19073,2004,417,438,-21
19073,2005,394,480,-86
19073,2006,373,411,-38
19073,2007,379,491,-112
19073,2008,361,391,-30
19073,2009,420,402,18
19073,2010,348,355,-7
19075,1990,532,560,-28
19075,1991,602,508,94
19075,1992,598,621,-23
19075,1993,645,598,47
19075,1994,519,533,-14
19075,1995,626,515,111
19075,1996,557,513,44
19075,1997,536,596,-60
19075,1998,549,485,64
19075,1999,555,521,34
19075,2000,528,576,-48
19075,2001,671,585,86
19075,2002,540,509,31
19075,2003,611,548,63
19075,2004,555,598,-43
19075,2005,602,558,44
19075,2006,497,574,-77
19075,2007,633,537,96
19075,2008,677,587,90
19075,2009,606,544,62
19075,2010,568,490,78
19077,1990,710,541,169
19077,1991,628,571,57
19077,1992,562,567,-5
19077,1993,635,551,84
19077,1994,616,593,23
19077,1995,632,571,61
19077,1996,566,517,49
19077,1997,638,583,55
19077,1998,605,497,108
19077,1999,554,589,-35
19077,2000,568,565,3
19077,2001,629,608,21
19077,2002,578,431,147
19077,2003,567,487,80
19077,2004,591,601,-10
19077,2005,598,602,-4
19077,2006,582,545,37
19077,2007,582,566,16
19077,2008,561,636,-75
19077,2009,571,502,69
19077,2010,509,510,-1
19079,1990,842,845,-3
19079,1991,804,754,50
19079,1992,658,777,-119
19079,1993,728,768,-40
19079,1994,929,782,147
19079,1995,671,787,-116
19079,1996,790,830,-40
19079,1997,727,758,-31
19079,1998,726,822,-96
19079,1999,726,763,-37
19079,2000,710,865,-155
19079,2001,782,740,42
19079,2002,763,746,17
19079,2003,705,729,-24
19079,2004,736,716,20
19079,2005,718,813,-95
19079,2006,659,778,-119
19079,2007,667,825,-158
19079,2008,655,698,-43
19079,2009,635,683,-48
19079,2010,641,718,-77
19081,1990,479,623,-144
19081,1991,447,622,-175
19081,1992,475,667,-192
19081,1993,522,560,-38
19081,1994,519,530,-11
19081,1995,481,448,33
19081,1996,456,567,-111
19081,1997,516,489,27
19081,1998,483,499,-16
19081,1999,502,514,-12
19081,2000,456,584,-128
19081,2001,410,526,-116
19081,2002,508,449,59
19081,2003,436,490,-54
19081,2004,567,578,-11
19081,2005,514,596,-82
19081,2006,388,560,-172
19081,2007,531,532,-1
19081,2008,407,497,-90
19081,2009,421,505,-84
19081,2010,465,430,35
19083,1990,886,924,-38
19083,1991,865,936,-71
19083,1992,852,864,-12
19083,1993,933,862,71
19083,1994,930,872,58
19083,1995,861,905,-44
19083,1996,699,797,-98
19083,1997,744,835,-91
19083,1998,712,849,-137
19083,1999,815,812,3
19083,2000,691,860,-169
19083,2001,676,839,-163
19083,2002,609,717,-108
19083,2003,654,710,-56
19083,2004,734,840,-106
19083,2005,768,870,-102
19083,2006,727,735,-8
19083,2007,724,789,-65
19083,2008,704,829,-125
19083,2009,661,685,-24
19083,2010,688,756,-68
19085,1990,695,712,-17
19085,1991,690,677,13
19085,1992,770,664,106
19085,1993,721,607,114
19085,1994,778,606,172
19085,1995,801,679,122
19085,1996,886,810,76
19085,1997,740,685,55
19085,1998,691,774,-83
19085,1999,812,677,135
19085,2000,712,777,-65
19085,2001,696,761,-65
19085,2002,741,647,94
19085,2003,683,608,75
19085,2004,652,618,34
19085,2005,676,676,0
19085,2006,612,684,-72
19085,2007,575,715,-140
19085,2008,638,585,53
19085,2009,534,534,0
19085,2010,551,585,-34
19087,1990,986,942,44
19087,1991,961,916,45
19087,1992,904,1000,-96
19087,1993,967,851,116
19087,1994,918,918,0
19087,1995,975,1055,-80
19087,1996,932,974,-42
19087,1997,946,872,74
19087,1998,977,931,46
19087,1999,903,1025,-122
19087,2000,960,955,5
19087,2001,886,1032,-146
19087,2002,802,847,-45
19087,2003,766,835,-69
19087,2004,935,906,29
19087,2005,837,908,-71
19087,2006,895,908,-13
19087,2007,1022,1012,10
19087,2008,829,1051,-222
19087,2009,802,915,-113
19087,2010,850,800,50
19089,1990,424,353,71
19089,1991,408,379,29
19089,1992,427,435,-8
19089,1993,360,385,-25
19089,1994,370,381,-11
19089,1995,456,408,48
19089,1996,434,406,28
19089,1997,384,371,13
19089,1998,368,415,-47
19089,1999,397,433,-36
19089,2000,428,441,-13
19089,2001,378,409,-31
19089,2002,372,428,-56
19089,2003,400,402,-2
19089,2004,337,403,-66
19089,2005,320,393,-73
19089,2006,379,427,-48
19089,2007,359,429,-70
19089,2008,287,363,-76
19089,2009,287,319,-32
19089,2010,301,338,-37
19091,1990,427,486,-59
19091,1991,425,482,-57
19091,1992,427,452,-25
19091,1993,445,440,5
19091,1994,423,471,-48
19091,1995,437,423,14
19091,1996,454,442,12
19091,1997,449,454,-5
19091,1998,435,499,-64
19091,1999,494,565,-71
19091,2000,434,465,-31
19091,2001,327,485,-158
19091,2002,373,387,-14
19091,2003,392,420,-28
19091,2004,381,439,-58
19091,2005,425,455,-30
19091,2006,323,406,-83
19091,2007,407,417,-10
19091,2008,388,477,-89
19091,2009,366,406,-40
19091,2010,361,357,4
19093,1990,352,404,-52
19093,1991,302,280,22
19093,1992,426,364,62
19093,1993,400,385,15
19093,1994,317,408,-91
19093,1995,354,431,-77
19093,1996,363,431,-68
19093,1997,290,370,-80
19093,1998,322,317,5
19093,1999,269,357,-88
19093,2000,253,343,-90
19093,2001,332,342,-10
19093,2002,273,312,-39
19093,2003,248,292,-44
19093,2004,312,308,4
19093,2005,306,404,-98
19093,2006,272,298,-26
19093,2007,340,319,21
19093,2008,250,373,-123
19093,2009,300,284,16
19093,2010,309,267,42
19095,1990,613,560,53
19095,1991,630,657,-27
19095,1992,704,641,63
19095,1993,718,712,6
19095,1994,811,678,133
19095,1995,737,579,158
19095,1996,685,626,59
19095,1997,683,666,17
19095,1998,735,625,110
19095,1999,756,647,109
19095,2000,757,649,108
19095,2001,708,741,-33
19095,2002,808,696,112
19095,2003,745,701,44
19095,2004,730,657,73
19095,2005,731,686,45
19095,2006,690,735,-45
19095,2007,676,689,-13
19095,2008,777,721,56
19095,2009,597,687,-90
19095,2010,645,660,-15
19097,1990,813,882,-69
19097,1991,846,764,82
19097,1992,877,922,-45
19097,1993,802,737,65
19097,1994,731,874,-143
19097,1995,767,795,-28
19097,1996,659,774,-115
19097,1997,757,760,-3
19097,1998,758,810,-52
19097,1999,768,723,45
19097,2000,739,757,-18
19097,2001,705,787,-82
19097,2002,769,810,-41
19097,2003,717,722,-5
19097,2004,787,756,31
19097,2005,779,727,52
19097,2006,695,737,-42
19097,2007,793,827,-34
19097,2008,710,723,-13
19097,2009,777,734,43
19097,2010,697,737,-40
19099,1990,1357,1531,-174
19099,1991,1419,1423,-4
19099,1992,1381,1306,75
19099,1993,1364,1376,-12
19099,1994,1357,1475,-118
19099,1995,1535,1285,250
19099,1996,1601,1434,167
19099,1997,1599,1492,107
19099,1998,1632,1508,124
19099,1999,1572,1514,58
19099,2000,1635,1553,82
19099,2001,1637,1646,-9
19099,2002,1533,1508,25
19099,2003,1468,1575,-107
19099,2004,1442,1563,-121
19099,2005,1540,1711,-171
19099,2006,1618,1710,-92
19099,2007,1594,1623,-29
19099,2008,1554,1723,-169
19099,2009,1427,1510,-83
19099,2010,1356,1522,-166
19101,1990,762,777,-15
19101,1991,740,694,46
19101,1992,938,769,169
19101,1993,738,769,-31
19101,1994,745,789,-44
19101,1995,797,724,73
19101,1996,866,743,123
19101,1997,792,803,-11
19101,1998,636,881,-245
19101,1999,686,806,-120
19101,2000,681,749,-68
19101,2001,666,843,-177
19101,2002,694,682,12
19101,2003,686,700,-14
19101,2004,639,711,-72
19101,2005,674,786,-112
19101,2006,839,748,91
19101,2007,657,738,-81
19101,2008,712,689,23
19101,2009,657,712,-55
19101,2010,632,587,45
19103,1990,5928,6291,-363
19103,1991,6272,6220,52
19103,1992,6499,6315,184
19103,1993,6372,6428,-56
19103,1994,6203,6560,-357
19103,1995,6190,6764,-574
19103,1996,6444,6834,-390
19103,1997,6668,6789,-121
19103,1998,7104,6785,319
19103,1999,7189,7224,-35
19103,2000,7417,7362,55
19103,2001,7312,7277,35
19103,2002,7027,7082,-55
19103,2003,7334,7233,101
19103,2004,6998,7300,-302
19103,2005,7163,7447,-284
19103,2006,7329,7303,26
19103,2007,8028,7587,441
19103,2008,8010,7292,718
19103,2009,6620,7153,-533
19103,2010,6971,7383,-412
19105,1990,851,833,18
19105,1991,806,756,50
19105,1992,769,752,17
19105,1993,824,747,77
19105,1994,806,682,124
19105,1995,899,780,119
19105,1996,725,799,-74
19105,1997,753,780,-27
19105,1998,814,874,-60
19105,1999,714,772,-58
19105,2000,711,810,-99
19105,2001,869,740,129
19105,2002,783,728,55
19105,2003,822,660,162
19105,2004,776,814,-38
19105,2005,793,774,19
19105,2006,832,768,64
19105,2007,747,664,83
19105,2008,743,812,-69
19105,2009,826,692,134
19105,2010,724,757,-33
19107,1990,499,483,16
19107,1991,523,558,-35
19107,1992,526,550,-24
19107,1993,499,566,-67
19107,1994,556,470,86
19107,1995,538,606,-68
19107,1996,514,529,-15
19107,1997,439,452,-13
19107,1998,411,530,-119
19107,1999,523,428,95
19107,2000,472,488,-16
19107,2001,437,427,10
19107,2002,396,454,-58
19107,2003,371,472,-101
19107,2004,428,508,-80
19107,2005,427,483,-56
19107,2006,482,487,-5
19107,2007,458,482,-24
19107,2008,374,474,-100
19107,2009,346,387,-41
19107,2010,390,500,-110
19109,1990,491,739,-248
19109,1991,601,713,-112
19109,1992,556,708,-152
19109,1993,518,574,-56
19109,1994,512,634,-122
19109,1995,522,602,-80
19109,1996,589,595,-6
19109,1997,589,738,-149
19109,1998,583,614,-31
19109,1999,602,681,-79
19109,2000,515,764,-249
19109,2001,486,603,-117
19109,2002,504,584,-80
19109,2003,487,516,-29
19109,2004,445,571,-126
19109,2005,510,667,-157
19109,2006,451,495,-44
19109,2007,450,590,-140
19109,2008,514,496,18
19109,2009,452,522,-70
19109,2010,469,545,-76
19111,1990,1598,1468,130
19111,1991,1468,1394,74
19111,1992,1360,1521,-161
19111,1993,1400,1344,56
19111,1994,1455,1448,7
19111,1995,1214,1436,-222
19111,1996,1406,1489,-83
19111,1997,1306,1506,-200
19111,1998,1333,1537,-204
19111,1999,1235,1550,-315
19111,2000,1143,1526,-383
19111,2001,1143,1561,-418
19111,2002,1031,1300,-269
19111,2003,1153,1226,-73
19111,2004,1243,1283,-40
19111,2005,1292,1405,-113
19111,2006,1217,1420,-203
19111,2007,1275,1431,-156
19111,2008,1263,1322,-59
19111,2009,1135,1111,24
19111,2010,1024,1245,-221
19113,1990,6910,6937,-27
19113,1991,7263,6457,806
19113,1992,7267,6648,619
19113,1993,7515,6904,611
19113,1994,7986,7351,635
19113,1995,7486,7756,-270
19113,1996,8087,7949,138
19113,1997,8065,8091,-26
19113,1998,8492,7928,564
19113,1999,8114,7739,375
19113,2000,8167,8037,130
19113,2001,7548,7877,-329
19113,2002,7073,7592,-519
19113,2003,7225,7372,-147
19113,2004,7572,7205,367
19113,2005,7995,7239,756
19113,2006,8112,6930,1182
19113,2007,8616,7555,1061
19113,2008,7797,7647,150
19113,2009,7060,7338,-278
19113,2010,7659,7089,570
19115,1990,840,880,-40
19115,1991,738,996,-258
19115,1992,888,636,252
19115,1993,727,835,-108
19115,1994,776,684,92
19115,1995,726,721,5
19115,1996,662,817,-155
19115,1997,692,778,-86
19115,1998,687,784,-97
19115,1999,722,849,-127
19115,2000,620,675,-55
19115,2001,633,708,-75
19115,2002,611,664,-53
19115,2003,534,762,-228
19115,2004,457,677,-220
19115,2005,529,551,-22
19115,2006,587,632,-45
19115,2007,621,610,11
19115,2008,514,849,-335
19115,2009,523,598,-75
19115,2010,506,524,-18
19117,1990,449,377,72
19117,1991,388,435,-47
19117,1992,526,503,23
19117,1993,434,456,-22
19117,1994,470,442,28
19117,1995,403,418,-15
19117,1996,496,447,49
19117,1997,380,372,8
19117,1998,396,375,21
19117,1999,393,427,-34
19117,2000,491,431,60
19117,2001,413,427,-14
19117,2002,474,441,33
19117,2003,502,362,140
19117,2004,386,390,-4
19117,2005,388,422,-34
19117,2006,407,414,-7
19117,2007,348,489,-141
19117,2008,375,446,-71
19117,2009,345,358,-13
19117,2010,357,388,-31
19119,1990,382,450,-68
19119,1991,384,408,-24
19119,1992,398,444,-46
19119,1993,389,497,-108
19119,1994,447,468,-21
19119,1995,463,403,60
19119,1996,448,421,27
19119,1997,425,425,0
19119,1998,433,492,-59
19119,1999,416,496,-80
19119,2000,421,500,-79
19119,2001,471,502,-31
19119,2002,426,424,2
19119,2003,424,441,-17
19119,2004,418,458,-40
19119,2005,375,455,-80
19119,2006,341,451,-110
19119,2007,397,397,0
19119,2008,437,456,-19
19119,2009,418,391,27
19119,2010,432,406,26
19121,1990,795,725,70
19121,1991,815,654,161
19121,1992,811,701,110
19121,1993,819,748,71
19121,1994,953,798,155
19121,1995,825,696,129
19121,1996,845,753,92
19121,1997,853,737,116
19121,1998,902,709,193
19121,1999,848,727,121
19121,2000,914,809,105
19121,2001,1004,749,255
19121,2002,825,757,68
19121,2003,987,770,217
19121,2004,924,799,125
19121,2005,1003,716,287
19121,2006,878,728,150
19121,2007,834,756,78
19121,2008,704,779,-75
19121,2009,745,619,126
19121,2010,688,698,-10
19123,1990,958,1033,-75
19123,1991,951,987,-36
19123,1992,972,891,81
19123,1993,987,946,41
19123,1994,1017,975,42
19123,1995,1076,1181,-105
19123,1996,1042,1042,0
19123,1997,1075,1070,5
19123,1998,1133,1135,-2
19123,1999,1120,1283,-163
19123,2000,1128,1314,-186
19123,2001,1028,1197,-169
19123,2002,951,1127,-176
19123,2003,1097,1033,64
19123,2004,1017,889,128
19123,2005,913,1009,-96
19123,2006,980,1005,-25
19123,2007,946,975,-29
19123,2008,897,1074,-177
19123,2009,861,901,-40
19123,2010,894,920,-26
19125,1990,1265,1139,126
19125,1991,1205,1170,35
19125,1992,1268,1167,101
19125,1993,1404,1122,282
19125,1994,1504,1137,367
19125,1995,1329,1141,188
19125,1996,1285,1241,44
19125,1997,1491,1355,136
19125,1998,1447,1310,137
19125,1999,1488,1349,139
19125,2000,1673,1364,309
19125,2001,1380,1421,-41
19125,2002,1258,1395,-137
19125,2003,1381,1305,76
19125,2004,1579,1355,224
19125,2005,1571,1397,174
19125,2006,1437,1384,53
19125,2007,1446,1382,64
19125,2008,1256,1392,-136
19125,2009,1058,1285,-227
19125,2010,1274,1251,23
19127,1990,1732,1857,-125
19127,1991,1579,1813,-234
19127,1992,1781,1816,-35
19127,1993,1873,1745,128
19127,1994,1885,1628,257
19127,1995,1833,1887,-54
19127,1996,1781,1841,-60
19127,1997,1687,1916,-229
19127,1998,1793,1894,-101
19127,1999,1540,1769,-229
19127,2000,1515,1773,-258
19127,2001,1480,1674,-194
19127,2002,1342,1654,-312
19127,2003,1554,1639,-85
19127,2004,1403,1765,-362
19127,2005,1461,1836,-375
19127,2006,1417,1561,-144
19127,2007,1612,1679,-67
19127,2008,1559,1771,-212
19127,2009,1512,1486,26
19127,2010,1736,1601,135
19129,1990,783,683,100
19129,1991,844,732,112
19129,1992,710,722,-12
19129,1993,778,608,170
19129,1994,793,661,132
19129,1995,888,732,156
19129,1996,1026,723,303
19129,1997,883,781,102
19129,1998,938,787,151
19129,1999,865,816,49
19129,2000,839,838,1
19129,2001,799,688,111
19129,2002,923,800,123
19129,2003,917,801,116
19129,2004,1008,751,257
19129,2005,993,771,222
19129,2006,878,797,81
19129,2007,782,827,-45
19129,2008,748,823,-75
19129,2009,755,700,55
19129,2010,688,718,-30
19131,1990,319,338,-19
19131,1991,374,433,-59
19131,1992,459,333,126
19131,1993,383,354,29
19131,1994,385,358,27
19131,1995,328,331,-3
19131,1996,319,301,18
19131,1997,276,321,-45
19131,1998,347,291,56
19131,1999,337,336,1
19131,2000,332,369,-37
19131,2001,294,332,-38
19131,2002,332,332,0
19131,2003,360,263,97
19131,2004,338,360,-22
19131,2005,365,353,12
19131,2006,321,345,-24
19131,2007,355,378,-23
19131,2008,355,352,3
19131,2009,341,283,58
19131,2010,290,357,-67
19133,1990,360,370,-10
19133,1991,390,388,2
19133,1992,422,388,34
19133,1993,452,418,34
19133,1994,426,430,-4
19133,1995,397,373,24
19133,1996,410,365,45
19133,1997,408,420,-12
19133,1998,460,393,67
19133,1999,405,406,-1
19133,2000,422,491,-69
19133,2001,456,446,10
19133,2002,508,432,76
19133,2003,371,441,-70
19133,2004,355,389,-34
19133,2005,325,392,-67
19133,2006,391,380,11
19133,2007,362,384,-22
19133,2008,290,342,-52
19133,2009,340,318,22
19133,2010,438,352,86
19135,1990,357,332,25
19135,1991,395,342,53
19135,1992,353,349,4
19135,1993,356,363,-7
19135,1994,442,384,58
19135,1995,340,377,-37
19135,1996,401,412,-11
19135,1997,351,388,-37
19135,1998,401,409,-8
19135,1999,352,413,-61
19135,2000,320,373,-53
19135,2001,333,405,-72
19135,2002,337,298,39
19135,2003,307,294,13
19135,2004,336,348,-12
19135,2005,285,361,-76
19135,2006,343,372,-29
19135,2007,382,418,-36
19135,2008,308,347,-39
19135,2009,361,288,73
19135,2010,361,326,35
19137,1990,543,636,-93
19137,1991,595,627,-32
19137,1992,600,521,79
19137,1993,549,546,3
19137,1994,519,606,-87
19137,1995,599,627,-28
19137,1996,612,614,-2
19137,1997,570,539,31
19137,1998,523,646,-123
19137,1999,535,498,37
19137,2000,412,622,-210
19137,2001,471,626,-155
19137,2002,467,511,-44
19137,2003,506,484,22
19137,2004,531,509,22
19137,2005,523,535,-12
19137,2006,394,538,-144
19137,2007,449,554,-105
19137,2008,468,500,-32
19137,2009,398,438,-40
19137,2010,455,442,13
19139,1990,2054,1928,126
19139,1991,1913,1960,-47
19139,1992,1813,1811,2
19139,1993,1744,1925,-181
19139,1994,1670,1943,-273
19139,1995,1499,2006,-507
19139,1996,1530,1892,-362
19139,1997,1667,1863,-196
19139,1998,1753,1875,-122
19139,1999,1700,1776,-76
19139,2000,1554,1744,-190
19139,2001,1754,1905,-151
19139,2002,1396,1692,-296
19139,2003,1632,1652,-20
19139,2004,1657,1600,57
19139,2005,1717,1721,-4
19139,2006,1701,1810,-109
19139,2007,1766,1933,-167
19139,2008,1794,1757,37
19139,2009,1526,1756,-230
19139,2010,1678,1784,-106
19141,1990,751,688,63
19141,1991,704,686,18
19141,1992,705,778,-73
19141,1993,701,679,22
19141,1994,697,774,-77
19141,1995,605,811,-206
19141,1996,686,778,-92
19141,1997,663,779,-116
19141,1998,495,787,-292
19141,1999,579,757,-178
19141,2000,538,675,-137
19141,2001,570,717,-147
19141,2002,579,656,-77
19141,2003,473,687,-214
19141,2004,617,650,-33
19141,2005,631,612,19
19141,2006,630,700,-70
19141,2007,603,671,-68
19141,2008,723,655,68
19141,2009,588,631,-43
19141,2010,520,673,-153
19143,1990,278,326,-48
19143,1991,321,334,-13
19143,1992,284,290,-6
19143,1993,267,314,-47
19143,1994,245,349,-104
19143,1995,306,273,33
19143,1996,308,327,-19
19143,1997,225,313,-88
19143,1998,234,272,-38
19143,1999,224,277,-53
19143,2000,228,239,-11
19143,2001,227,290,-63
19143,2002,211,225,-14
19143,2003,223,236,-13
19143,2004,214,299,-85
19143,2005,259,271,-12
19143,2006,250,308,-58
19143,2007,322,314,8
19143,2008,267,321,-54
19143,2009,269,287,-18
19143,2010,207,289,-82
19145,1990,724,794,-70
19145,1991,666,774,-108
19145,1992,744,738,6
19145,1993,751,647,104
19145,1994,723,746,-23
19145,1995,741,663,78
19145,1996,684,784,-100
19145,1997,739,775,-36
19145,1998,649,738,-89
19145,1999,636,747,-111
19145,2000,643,771,-128
19145,2001,603,761,-158
19145,2002,549,569,-20
19145,2003,579,640,-61
19145,2004,668,588,80
19145,2005,648,614,34
19145,2006,652,750,-98
19145,2007,693,868,-175
19145,2008,552,714,-162
19145,2009,573,572,1
19145,2010,636,617,19
19147,1990,429,459,-30
19147,1991,417,478,-61
19147,1992,465,457,8
19147,1993,448,421,27
19147,1994,390,510,-120
19147,1995,432,438,-6
19147,1996,473,463,10
19147,1997,468,468,0
19147,1998,390,494,-104
19147,1999,503,499,4
19147,2000,359,443,-84
19147,2001,412,507,-95
19147,2002,320,426,-106
19147,2003,405,358,47
19147,2004,384,407,-23
19147,2005,335,424,-89
19147,2006,449,420,29
19147,2007,371,418,-47
19147,2008,431,408,23
19147,2009,306,391,-85
19147,2010,365,366,-1
19149,1990,976,1038,-62
19149,1991,1055,926,129
19149,1992,1078,959,119
19149,1993,1381,983,398
19149,1994,1094,1098,-4
19149,1995,1285,1104,181
19149,1996,981,949,32
19149,1997,976,1134,-158
19149,1998,1059,942,117
19149,1999,1034,1001,33
19149,2000,929,978,-49
19149,2001,801,1005,-204
19149,2002,978,939,39
19149,2003,1000,919,81
19149,2004,973,1031,-58
19149,2005,1080,1101,-21
19149,2006,929,1097,-168
19149,2007,1009,1016,-7
19149,2008,1023,1076,-53
19149,2009,998,1004,-6
19149,2010,922,1026,-104
19151,1990,360,417,-57
19151,1991,353,421,-68
19151,1992,305,452,-147
19151,1993,418,445,-27
19151,1994,388,355,33
19151,1995,316,398,-82
19151,1996,291,354,-63
19151,1997,422,410,12
19151,1998,366,370,-4
19151,1999,291,453,-162
19151,2000,293,363,-70
19151,2001,300,389,-89
19151,2002,253,343,-90
19151,2003,254,344,-90
19151,2004,236,332,-96
19151,2005,319,380,-61
19151,2006,340,322,18
19151,2007,308,367,-59
19151,2008,334,410,-76
19151,2009,295,390,-95
19151,2010,341,350,-9
19153,1990,15686,14409,1277
19153,1991,15808,14252,1556
19153,1992,15903,14627,1276
19153,1993,15445,15343,102
19153,1994,16207,15054,1153
19153,1995,15428,15666,-238
19153,1996,14822,16514,-1692
19153,1997,15452,16270,-818
19153,1998,16392,16250,142
19153,1999,16029,16322,-293
19153,2000,15642,16064,-422
19153,2001,16177,16288,-111
19153,2002,15221,15814,-593
19153,2003,15569,16045,-476
19153,2004,17062,15293,1769
19153,2005,17760,16325,1435
19153,2006,17310,16085,1225
19153,2007,17628,16438,1190
19153,2008,17151,15729,1422
19153,2009,16047,14936,1111
19153,2010,16073,16016,57
19155,1990,3437,3822,-385
19155,1991,3610,3421,189
19155,1992,3522,3648,-126
19155,1993,3222,3751,-529
19155,1994,3585,3621,-36
19155,1995,4191,3603,588
19155,1996,3960,3734,226
19155,1997,4156,3723,433
19155,1998,3851,3879,-28
19155,1999,4128,3873,255
19155,2000,3743,4119,-376
19155,2001,3960,3941,19
19155,2002,3948,3976,-28
19155,2003,3936,3596,340
19155,2004,3978,3837,141
19155,2005,3965,3773,192
19155,2006,3730,3888,-158
19155,2007,3918,3960,-42
19155,2008,3796,3920,-124
19155,2009,3978,3603,375
19155,2010,3509,3894,-385
19157,1990,858,943,-85
19157,1991,806,800,6
19157,1992,822,869,-47
19157,1993,961,887,74
19157,1994,920,891,29
19157,1995,851,825,26
19157,1996,886,863,23
19157,1997,802,895,-93
19157,1998,795,838,-43
19157,1999,901,859,42
19157,2000,887,880,7
19157,2001,879,876,3
19157,2002,800,768,32
19157,2003,773,740,33
19157,2004,829,854,-25
19157,2005,886,781,105
19157,2006,819,865,-46
19157,2007,839,918,-79
19157,2008,863,905,-42
19157,2009,678,695,-17
19157,2010,753,816,-63
19159,1990,216,210,6
19159,1991,195,0,195
19159,1992,218,226,-8
19159,1993,202,196,6
19159,1994,243,234,9
19159,1995,242,194,48
19159,1996,228,221,7
19159,1997,233,227,6
19159,1998,273,273,0
19159,1999,232,221,11
19159,2000,204,208,-4
19159,2001,176,247,-71
19159,2002,228,152,76
19159,2003,202,206,-4
19159,2004,201,278,-77
19159,2005,210,211,-1
19159,2006,203,198,5
19159,2007,213,200,13
19159,2008,190,239,-49
19159,2009,185,155,30
19159,2010,178,202,-24
19161,1990,500,596,-96
19161,1991,517,515,2
19161,1992,529,632,-103
19161,1993,558,450,108
19161,1994,467,501,-34
19161,1995,422,426,-4
19161,1996,459,503,-44
19161,1997,446,434,12
19161,1998,397,505,-108
19161,1999,376,508,-132
19161,2000,433,505,-72
19161,2001,323,500,-177
19161,2002,370,469,-99
19161,2003,370,386,-16
19161,2004,307,445,-138
19161,2005,430,381,49
19161,2006,341,443,-102
19161,2007,395,384,11
19161,2008,358,390,-32
19161,2009,408,372,36
19161,2010,382,428,-46
19163,1990,7298,6846,452
19163,1991,7018,6882,136
19163,1992,6673,7432,-759
19163,1993,6667,7399,-732
19163,1994,6717,7134,-417
19163,1995,6845,7248,-403
19163,1996,6858,7396,-538
19163,1997,6977,7428,-451
19163,1998,7293,7382,-89
19163,1999,6709,7713,-1004
19163,2000,6970,7930,-960
19163,2001,6805,7349,-544
19163,2002,6239,6912,-673
19163,2003,6523,6944,-421
19163,2004,6570,6779,-209
19163,2005,7109,6920,189
19163,2006,6960,6907,53
19163,2007,11171,6864,4307
19163,2008,12901,8012,4889
19163,2009,9890,8561,1329
19163,2010,8244,7523,721
19165,1990,583,582,1
19165,1991,533,575,-42
19165,1992,560,568,-8
19165,1993,527,550,-23
19165,1994,535,604,-69
19165,1995,566,519,47
19165,1996,592,547,45
19165,1997,527,603,-76
19165,1998,438,531,-93
19165,1999,492,495,-3
19165,2000,522,538,-16
19165,2001,427,515,-88
19165,2002,412,419,-7
19165,2003,439,466,-27
19165,2004,434,536,-102
19165,2005,508,535,-27
19165,2006,579,483,96
19165,2007,476,567,-91
19165,2008,454,604,-150
19165,2009,486,418,68
19165,2010,418,541,-123
19167,1990,1045,998,47
19167,1991,1068,1032,36
19167,1992,1266,1034,232
19167,1993,1075,1056,19
19167,1994,986,1115,-129
19167,1995,941,1143,-202
19167,1996,967,1117,-150
19167,1997,1015,1168,-153
19167,1998,869,1074,-205
19167,1999,1000,1258,-258
19167,2000,1068,1115,-47
19167,2001,987,1159,-172
19167,2002,919,1159,-240
19167,2003,987,1031,-44
19167,2004,931,1058,-127
19167,2005,996,1105,-109
19167,2006,1013,1074,-61
19167,2007,1028,1087,-59
19167,2008,1078,1060,18
19167,2009,933,1079,-146
19167,2010,1090,1067,23
19169,1990,4272,4533,-261
19169,1991,4511,4566,-55
19169,1992,4598,4547,51
19169,1993,4340,4826,-486
19169,1994,4631,4757,-126
19169,1995,4297,4565,-268
19169,1996,4475,4876,-401
19169,1997,4583,4912,-329
19169,1998,5023,5029,-6
19169,1999,4914,4996,-82
19169,2000,4611,5115,-504
19169,2001,4595,4932,-337
19169,2002,4556,4625,-69
19169,2003,4428,4764,-336
19169,2004,4400,5051,-651
19169,2005,4973,5196,-223
19169,2006,5081,5282,-201
19169,2007,5341,5291,50
19169,2008,5005,5194,-189
19169,2009,4013,5133,-1120
19169,2010,3995,5091,-1096
19171,1990,808,871,-63
19171,1991,805,808,-3
19171,1992,906,804,102
19171,1993,1024,823,201
19171,1994,815,837,-22
19171,1995,692,786,-94
19171,1996,744,771,-27
19171,1997,739,719,20
19171,1998,746,772,-26
19171,1999,692,786,-94
19171,2000,698,747,-49
19171,2001,641,733,-92
19171,2002,638,680,-42
19171,2003,720,685,35
19171,2004,760,833,-73
19171,2005,773,845,-72
19171,2006,745,824,-79
19171,2007,704,819,-115
19171,2008,708,898,-190
19171,2009,717,757,-40
19171,2010,701,778,-77
19173,1990,340,353,-13
19173,1991,309,273,36
19173,1992,308,275,33
19173,1993,328,298,30
19173,1994,368,329,39
19173,1995,347,311,36
19173,1996,334,328,6
19173,1997,390,348,42
19173,1998,359,436,-77
19173,1999,405,322,83
19173,2000,336,422,-86
19173,2001,319,356,-37
19173,2002,295,348,-53
19173,2003,270,350,-80
19173,2004,286,339,-53
19173,2005,271,249,22
19173,2006,268,340,-72
19173,2007,269,302,-33
19173,2008,318,277,41
19173,2009,243,249,-6
19173,2010,273,259,14
19175,1990,545,609,-64
19175,1991,531,628,-97
19175,1992,624,625,-1
19175,1993,575,635,-60
19175,1994,668,664,4
19175,1995,650,542,108
19175,1996,529,595,-66
19175,1997,627,613,14
19175,1998,731,666,65
19175,1999,518,597,-79
19175,2000,617,642,-25
19175,2001,509,555,-46
19175,2002,439,616,-177
19175,2003,559,522,37
19175,2004,530,550,-20
19175,2005,578,541,37
19175,2006,568,528,40
19175,2007,578,570,8
19175,2008,620,602,18
19175,2009,526,543,-17
19175,2010,591,544,47
19177,1990,384,314,70
19177,1991,382,382,0
19177,1992,338,330,8
19177,1993,327,346,-19
19177,1994,374,344,30
19177,1995,313,304,9
19177,1996,393,324,69
19177,1997,377,334,43
19177,1998,351,325,26
19177,1999,349,313,36
19177,2000,256,301,-45
19177,2001,341,287,54
19177,2002,318,308,10
19177,2003,305,307,-2
19177,2004,342,333,9
19177,2005,438,330,108
19177,2006,337,294,43
19177,2007,315,307,8
19177,2008,343,355,-12
19177,2009,307,323,-16
19177,2010,290,266,24
19179,1990,1541,1486,55
19179,1991,1637,1524,113
19179,1992,1614,1455,159
19179,1993,1322,1450,-128
19179,1994,1378,1542,-164
19179,1995,1356,1303,53
19179,1996,1339,1505,-166
19179,1997,1389,1476,-87
19179,1998,1451,1414,37
19179,1999,1480,1509,-29
19179,2000,1618,1619,-1
19179,2001,1705,1839,-134
19179,2002,1489,1515,-26
19179,2003,1469,1575,-106
19179,2004,1633,1587,46
19179,2005,1509,1598,-89
19179,2006,1380,1708,-328
19179,2007,1383,1565,-182
19179,2008,1477,1555,-78
19179,2009,1417,1414,3
19179,2010,1261,1544,-283
19181,1990,2482,2318,164
19181,1991,2546,2206,340
19181,1992,2548,2319,229
19181,1993,2479,2310,169
19181,1994,2450,2302,148
19181,1995,2028,1817,211
19181,1996,2000,1927,73
19181,1997,2064,1937,127
19181,1998,2098,1959,139
19181,1999,2085,1851,234
19181,2000,2038,1944,94
19181,2001,2284,2037,247
19181,2002,2394,2027,367
19181,2003,2171,2024,147
19181,2004,2642,2259,383
19181,2005,2682,2228,454
19181,2006,2556,2113,443
19181,2007,2543,2185,358
19181,2008,2491,2152,339
19181,2009,2336,2107,229
19181,2010,2331,2067,264
19183,1990,1213,1063,150
19183,1991,1210,996,214
19183,1992,1071,1006,65
19183,1993,1061,1096,-35
19183,1994,1147,929,218
19183,1995,952,923,29
19183,1996,920,856,64
19183,1997,867,939,-72
19183,1998,943,881,62
19183,1999,979,894,85
19183,2000,1067,875,192
19183,2001,956,934,22
19183,2002,910,850,60
19183,2003,921,912,9
19183,2004,957,969,-12
19183,2005,980,920,60
19183,2006,1037,929,108
19183,2007,1018,953,65
19183,2008,1029,988,41
19183,2009,883,858,25
19183,2010,998,861,137
19185,1990,300,313,-13
19185,1991,296,303,-7
19185,1992,304,230,74
19185,1993,288,313,-25
19185,1994,325,321,4
19185,1995,263,222,41
19185,1996,323,295,28
19185,1997,356,401,-45
19185,1998,321,351,-30
19185,1999,335,300,35
19185,2000,277,295,-18
19185,2001,305,319,-14
19185,2002,290,251,39
19185,2003,289,301,-12
19185,2004,311,297,14
19185,2005,341,285,56
19185,2006,280,307,-27
19185,2007,341,299,42
19185,2008,304,262,42
19185,2009,263,217,46
19185,2010,297,356,-59
19187,1990,1599,1663,-64
19187,1991,1398,1618,-220
19187,1992,1360,1528,-168
19187,1993,1374,1780,-406
19187,1994,1410,1651,-241
19187,1995,1315,1650,-335
19187,1996,1320,1594,-274
19187,1997,1516,1522,-6
19187,1998,1535,1658,-123
19187,1999,1449,1662,-213
19187,2000,1328,1630,-302
19187,2001,1238,1552,-314
19187,2002,1176,1436,-260
19187,2003,1137,1487,-350
19187,2004,1259,1477,-218
19187,2005,1331,1392,-61
19187,2006,1304,1472,-168
19187,2007,1393,1561,-168
19187,2008,1344,1461,-117
19187,2009,1193,1588,-395
19187,2010,1133,1362,-229
19189,1990,441,608,-167
19189,1991,545,557,-12
19189,1992,455,575,-120
19189,1993,570,478,92
19189,1994,604,504,100
19189,1995,593,553,40
19189,1996,526,492,34
19189,1997,464,588,-124
19189,1998,577,567,10
19189,1999,631,525,106
19189,2000,436,617,-181
19189,2001,478,537,-59
19189,2002,518,508,10
19189,2003,492,508,-16
19189,2004,445,483,-38
19189,2005,406,552,-146
19189,2006,458,516,-58
19189,2007,441,513,-72
19189,2008,407,524,-117
19189,2009,417,475,-58
19189,2010,440,466,-26
19191,1990,653,696,-43
19191,1991,712,740,-28
19191,1992,690,766,-76
19191,1993,663,759,-96
19191,1994,690,740,-50
19191,1995,647,665,-18
19191,1996,639,725,-86
19191,1997,697,663,34
19191,1998,606,646,-40
19191,1999,648,638,10
19191,2000,688,620,68
19191,2001,696,698,-2
19191,2002,568,671,-103
19191,2003,601,616,-15
19191,2004,634,635,-1
19191,2005,643,678,-35
19191,2006,715,639,76
19191,2007,720,670,50
19191,2008,683,681,2
19191,2009,586,586,0
19191,2010,659,647,12
19193,1990,4941,4934,7
19193,1991,4921,4929,-8
19193,1992,5008,4885,123
19193,1993,4936,5375,-439
19193,1994,5136,5133,3
19193,1995,5101,5501,-400
19193,1996,4413,5611,-1198
19193,1997,4352,5451,-1099
19193,1998,4471,5322,-851
19193,1999,4436,5469,-1033
19193,2000,3940,5262,-1322
19193,2001,3997,5075,-1078
19193,2002,3751,4827,-1076
19193,2003,3714,4750,-1036
19193,2004,3491,5044,-1553
19193,2005,3926,4581,-655
19193,2006,3776,4551,-775
19193,2007,3887,4348,-461
19193,2008,4097,4137,-40
19193,2009,3947,4066,-119
19193,2010,3790,4179,-389
19195,1990,330,423,-93
19195,1991,406,371,35
19195,1992,431,387,44
19195,1993,370,424,-54
19195,1994,349,339,10
19195,1995,441,388,53
19195,1996,338,386,-48
19195,1997,402,374,28
19195,1998,351,378,-27
19195,1999,354,313,41
19195,2000,316,383,-67
19195,2001,357,381,-24
19195,2002,320,338,-18
19195,2003,363,334,29
19195,2004,388,342,46
19195,2005,323,357,-34
19195,2006,411,359,52
19195,2007,341,332,9
19195,2008,295,325,-30
19195,2009,276,297,-21
19195,2010,315,332,-17
19197,1990,550,668,-118
19197,1991,643,542,101
19197,1992,583,618,-35
19197,1993,681,624,57
19197,1994,693,562,131
19197,1995,600,622,-22
19197,1996,577,645,-68
19197,1997,659,710,-51
19197,1998,606,707,-101
19197,1999,614,652,-38
19197,2000,576,690,-114
19197,2001,512,671,-159
19197,2002,510,638,-128
19197,2003,480,595,-115
19197,2004,512,598,-86
19197,2005,571,750,-179
19197,2006,541,614,-73
19197,2007,548,663,-115
19197,2008,537,611,-74
19197,2009,444,561,-117
19197,2010,539,579,-40
20001,1990,728,726,2
20001,1991,704,659,45
20001,1992,656,653,3
20001,1993,703,705,-2
20001,1994,652,689,-37
20001,1995,744,739,5
20001,1996,627,802,-175
20001,1997,737,690,47
20001,1998,658,733,-75
20001,1999,614,694,-80
20001,2000,612,743,-131
20001,2001,647,678,-31
20001,2002,567,701,-134
20001,2003,635,644,-9
20001,2004,528,647,-119
20001,2005,570,633,-63
20001,2006,517,624,-107
20001,2007,621,746,-125
20001,2008,534,632,-98
20001,2009,485,532,-47
20001,2010,554,538,16
20003,1990,411,445,-34
20003,1991,474,382,92
20003,1992,368,398,-30
20003,1993,438,392,46
20003,1994,531,367,164
20003,1995,435,375,60
20003,1996,444,384,60
20003,1997,409,398,11
20003,1998,464,380,84
20003,1999,372,420,-48
20003,2000,510,424,86
20003,2001,427,476,-49
20003,2002,481,421,60
20003,2003,484,493,-9
20003,2004,436,382,54
20003,2005,394,443,-49
20003,2006,408,365,43
20003,2007,458,404,54
20003,2008,369,430,-61
20003,2009,362,349,13
20003,2010,377,404,-27
20005,1990,560,691,-131
20005,1991,631,697,-66
20005,1992,694,721,-27
20005,1993,712,757,-45
20005,1994,701,680,21
20005,1995,618,649,-31
20005,1996,609,615,-6
20005,1997,732,725,7
20005,1998,750,761,-11
20005,1999,652,724,-72
20005,2000,716,697,19
20005,2001,719,782,-63
20005,2002,753,735,18
20005,2003,759,716,43
20005,2004,654,770,-116
20005,2005,705,734,-29
20005,2006,577,631,-54
20005,2007,654,748,-94
20005,2008,738,735,3
20005,2009,568,754,-186
20005,2010,589,722,-133
20007,1990,0,324,-324
20007,1991,246,284,-38
20007,1992,263,327,-64
20007,1993,276,303,-27
20007,1994,283,292,-9
20007,1995,220,283,-63
20007,1996,212,245,-33
20007,1997,209,234,-25
20007,1998,217,285,-68
20007,1999,245,264,-19
20007,2000,194,283,-89
20007,2001,223,249,-26
20007,2002,203,208,-5
20007,2003,208,240,-32
20007,2004,232,221,11
20007,2005,250,181,69
20007,2006,220,253,-33
20007,2007,229,269,-40
20007,2008,237,258,-21
20007,2009,213,239,-26
20007,2010,191,215,-24
20009,1990,1238,1412,-174
20009,1991,1206,1262,-56
20009,1992,1073,1482,-409
20009,1993,1191,1369,-178
20009,1994,1103,1487,-384
20009,1995,1181,1554,-373
20009,1996,1173,1387,-214
20009,1997,1044,1420,-376
20009,1998,1105,1427,-322
20009,1999,978,1393,-415
20009,2000,1059,1379,-320
20009,2001,1121,1329,-208
20009,2002,988,1230,-242
20009,2003,974,1279,-305
20009,2004,1056,1105,-49
20009,2005,1033,1141,-108
20009,2006,1064,1196,-132
20009,2007,1099,1290,-191
20009,2008,1274,1320,-46
20009,2009,1093,1075,18
20009,2010,1038,1057,-19
20011,1990,680,715,-35
20011,1991,614,663,-49
20011,1992,689,633,56
20011,1993,657,762,-105
20011,1994,783,608,175
20011,1995,787,643,144
20011,1996,814,743,71
20011,1997,731,808,-77
20011,1998,727,900,-173
20011,1999,796,749,47
20011,2000,717,744,-27
20011,2001,632,770,-138
20011,2002,669,736,-67
20011,2003,658,768,-110
20011,2004,597,699,-102
20011,2005,663,703,-40
20011,2006,683,709,-26
20011,2007,706,714,-8
20011,2008,671,661,10
20011,2009,524,609,-85
20011,2010,567,737,-170
20013,1990,519,535,-16
20013,1991,517,540,-23
20013,1992,522,626,-104
20013,1993,473,448,25
20013,1994,543,495,48
20013,1995,522,572,-50
20013,1996,587,515,72
20013,1997,565,556,9
20013,1998,458,566,-108
20013,1999,512,570,-58
20013,2000,429,513,-84
20013,2001,515,670,-155
20013,2002,508,579,-71
20013,2003,469,551,-82
20013,2004,438,551,-113
20013,2005,497,478,19
20013,2006,437,500,-63
20013,2007,513,531,-18
20013,2008,442,510,-68
20013,2009,406,431,-25
20013,2010,426,451,-25
20015,1990,3338,2802,536
20015,1991,3718,2993,725
20015,1992,3748,2790,958
20015,1993,3944,3089,855
20015,1994,4438,3014,1424
20015,1995,3628,3002,626
20015,1996,3634,3006,628
20015,1997,3711,3042,669
20015,1998,3737,3249,488
20015,1999,3753,3296,457
20015,2000,3413,3399,14
20015,2001,3515,3294,221
20015,2002,3566,3156,410
20015,2003,3717,3228,489
20015,2004,3592,3177,415
20015,2005,3820,3346,474
20015,2006,3449,3263,186
20015,2007,3912,3428,484
20015,2008,3771,3332,439
20015,2009,3178,3170,8
20015,2010,3318,3450,-132
20017,1990,160,241,-81
20017,1991,233,251,-18
20017,1992,224,210,14
20017,1993,207,246,-39
20017,1994,218,214,4
20017,1995,191,208,-17
20017,1996,183,180,3
20017,1997,203,150,53
20017,1998,141,212,-71
20017,1999,178,156,22
20017,2000,129,171,-42
20017,2001,174,171,3
20017,2002,114,163,-49
20017,2003,194,105,89
20017,2004,147,149,-2
20017,2005,186,136,50
20017,2006,111,177,-66
20017,2007,116,135,-19
20017,2008,115,139,-24
20017,2009,114,98,16
20017,2010,113,114,-1
20019,1990,224,253,-29
20019,1991,281,225,56
20019,1992,263,256,7
20019,1993,273,243,30
20019,1994,212,185,27
20019,1995,310,269,41
20019,1996,316,256,60
20019,1997,319,306,13
20019,1998,314,328,-14
20019,1999,305,300,5
20019,2000,290,327,-37
20019,2001,259,270,-11
20019,2002,258,236,22
20019,2003,260,262,-2
20019,2004,182,246,-64
20019,2005,217,314,-97
20019,2006,226,234,-8
20019,2007,212,229,-17
20019,2008,170,182,-12
20019,2009,167,165,2
20019,2010,151,156,-5
20021,1990,1120,998,122
20021,1991,1126,984,142
20021,1992,1152,1028,124
20021,1993,1098,978,120
20021,1994,1116,988,128
20021,1995,1178,1074,104
20021,1996,1123,1081,42
20021,1997,1038,1128,-90
20021,1998,995,1108,-113
20021,1999,1018,1154,-136
20021,2000,952,1171,-219
20021,2001,977,1246,-269
20021,2002,953,1125,-172
20021,2003,1007,1053,-46
20021,2004,857,1067,-210
20021,2005,1060,1021,39
20021,2006,1050,1031,19
20021,2007,1088,1233,-145
20021,2008,1047,1088,-41
20021,2009,965,1011,-46
20021,2010,887,985,-98
20023,1990,0,0,0
20023,1991,0,0,0
20023,1992,112,139,-27
20023,1993,164,98,66
20023,1994,104,150,-46
20023,1995,212,131,81
20023,1996,150,161,-11
20023,1997,127,146,-19
20023,1998,186,108,78
20023,1999,124,175,-51
20023,2000,109,145,-36
20023,2001,110,152,-42
20023,2002,109,165,-56
20023,2003,92,100,-8
20023,2004,83,95,-12
20023,2005,120,107,13
20023,2006,115,121,-6
20023,2007,131,135,-4
20023,2008,142,151,-9
20023,2009,112,100,12
20023,2010,107,138,-31
20025,1990,161,179,-18
20025,1991,160,0,160
20025,1992,177,166,11
20025,1993,209,157,52
20025,1994,136,143,-7
20025,1995,162,164,-2
20025,1996,195,152,43
20025,1997,148,191,-43
20025,1998,152,148,4
20025,1999,104,132,-28
20025,2000,133,137,-4
20025,2001,116,136,-20
20025,2002,130,158,-28
20025,2003,120,141,-21
20025,2004,123,166,-43
20025,2005,120,158,-38
20025,2006,114,148,-34
20025,2007,155,130,25
20025,2008,147,114,33
20025,2009,111,128,-17
20025,2010,71,138,-67
20027,1990,519,557,-38
20027,1991,662,421,241
20027,1992,571,625,-54
20027,1993,601,558,43
20027,1994,637,612,25
20027,1995,633,544,89
20027,1996,515,587,-72
20027,1997,475,479,-4
20027,1998,496,529,-33
20027,1999,518,464,54
20027,2000,458,527,-69
20027,2001,476,515,-39
20027,2002,414,516,-102
20027,2003,495,456,39
20027,2004,480,418,62
20027,2005,462,416,46
20027,2006,616,486,130
20027,2007,564,446,118
20027,2008,474,521,-47
20027,2009,466,466,0
20027,2010,487,456,31
20029,1990,445,524,-79
20029,1991,465,465,0
20029,1992,467,457,10
20029,1993,482,580,-98
20029,1994,545,623,-78
20029,1995,469,579,-110
20029,1996,504,532,-28
20029,1997,461,548,-87
20029,1998,481,494,-13
20029,1999,456,593,-137
20029,2000,464,553,-89
20029,2001,486,569,-83
20029,2002,427,469,-42
20029,2003,442,520,-78
20029,2004,446,419,27
20029,2005,402,496,-94
20029,2006,427,492,-65
20029,2007,521,494,27
20029,2008,517,508,9
20029,2009,458,404,54
20029,2010,350,451,-101
20031,1990,523,484,39
20031,1991,605,431,174
20031,1992,575,436,139
20031,1993,567,518,49
20031,1994,472,461,11
20031,1995,469,460,9
20031,1996,498,467,31
20031,1997,455,532,-77
20031,1998,495,427,68
20031,1999,504,474,30
20031,2000,499,532,-33
20031,2001,524,492,32
20031,2002,448,429,19
20031,2003,447,534,-87
20031,2004,412,440,-28
20031,2005,447,428,19
20031,2006,394,459,-65
20031,2007,469,427,42
20031,2008,490,462,28
20031,2009,411,431,-20
20031,2010,371,416,-45
20033,1990,0,0,0
20033,1991,0,0,0
20033,1992,99,98,1
20033,1993,103,117,-14
20033,1994,79,108,-29
20033,1995,81,93,-12
20033,1996,88,128,-40
20033,1997,78,85,-7
20033,1998,70,102,-32
20033,1999,46,97,-51
20033,2000,106,76,30
20033,2001,80,91,-11
20033,2002,49,76,-27
20033,2003,66,67,-1
20033,2004,97,76,21
20033,2005,45,107,-62
20033,2006,80,54,26
20033,2007,145,72,73
20033,2008,80,115,-35
20033,2009,75,71,4
20033,2010,96,74,22
20035,1990,1475,1866,-391
20035,1991,1751,1686,65
20035,1992,1551,1491,60
20035,1993,1602,1529,73
20035,1994,1600,1595,5
20035,1995,1762,1691,71
20035,1996,1619,1831,-212
20035,1997,1472,1831,-359
20035,1998,1694,1896,-202
20035,1999,1623,1800,-177
20035,2000,1449,1793,-344
20035,2001,2032,1720,312
20035,2002,1417,1960,-543
20035,2003,1552,1627,-75
20035,2004,1366,1767,-401
20035,2005,1542,1637,-95
20035,2006,1661,1519,142
20035,2007,1722,1726,-4
20035,2008,1636,2016,-380
20035,2009,1420,1649,-229
20035,2010,1444,1599,-155
20037,1990,1723,1664,59
20037,1991,1890,1803,87
20037,1992,2032,1761,271
20037,1993,2113,1733,380
20037,1994,1961,1693,268
20037,1995,1687,1867,-180
20037,1996,1664,1875,-211
20037,1997,1605,1755,-150
20037,1998,1673,1731,-58
20037,1999,1795,1967,-172
20037,2000,1705,1776,-71
20037,2001,1644,1865,-221
20037,2002,1762,1642,120
20037,2003,1511,1738,-227
20037,2004,1757,1917,-160
20037,2005,1681,1854,-173
20037,2006,1708,1869,-161
20037,2007,1790,1991,-201
20037,2008,1688,1920,-232
20037,2009,1601,1697,-96
20037,2010,1590,1778,-188
20039,1990,0,0,0
20039,1991,206,257,-51
20039,1992,174,258,-84
20039,1993,178,244,-66
20039,1994,167,212,-45
20039,1995,218,199,19
20039,1996,165,162,3
20039,1997,139,178,-39
20039,1998,180,227,-47
20039,1999,150,180,-30
20039,2000,168,181,-13
20039,2001,163,187,-24
20039,2002,144,197,-53
20039,2003,123,157,-34
20039,2004,100,152,-52
20039,2005,154,144,10
20039,2006,140,172,-32
20039,2007,154,152,2
20039,2008,178,199,-21
20039,2009,116,158,-42
20039,2010,130,136,-6
20041,1990,1200,1272,-72
20041,1991,1498,1146,352
20041,1992,1488,1376,112
20041,1993,1431,1271,160
20041,1994,1367,1190,177
20041,1995,1323,1239,84
20041,1996,1190,1297,-107
20041,1997,1095,1215,-120
20041,1998,1143,1071,72
20041,1999,1264,1159,105
20041,2000,1026,1256,-230
20041,2001,1206,1158,48
20041,2002,1275,1132,143
20041,2003,1080,1135,-55
20041,2004,1239,1120,119
20041,2005,1334,1141,193
20041,2006,1406,1278,128
20041,2007,1707,1327,380
20041,2008,1253,1437,-184
20041,2009,1259,1251,8
20041,2010,1278,1296,-18
20043,1990,413,403,10
20043,1991,422,465,-43
20043,1992,416,468,-52
20043,1993,306,632,-326
20043,1994,417,397,20
20043,1995,437,409,28
20043,1996,339,323,16
20043,1997,387,368,19
20043,1998,422,369,53
20043,1999,393,382,11
20043,2000,433,404,29
20043,2001,364,400,-36
20043,2002,391,405,-14
20043,2003,350,455,-105
20043,2004,337,469,-132
20043,2005,412,342,70
20043,2006,442,382,60
20043,2007,399,407,-8
20043,2008,350,489,-139
20043,2009,415,373,42
20043,2010,355,394,-39
20045,1990,5076,4716,360
20045,1991,5409,4870,539
20045,1992,6325,4796,1529
20045,1993,5905,4942,963
20045,1994,5890,5499,391
20045,1995,5940,5363,577
20045,1996,6051,5546,505
20045,1997,6250,5864,386
20045,1998,6796,5908,888
20045,1999,6288,6470,-182
20045,2000,6307,6318,-11
20045,2001,6529,6425,104
20045,2002,6276,6461,-185
20045,2003,6061,6109,-48
20045,2004,6040,6437,-397
20045,2005,6141,6471,-330
20045,2006,5830,6329,-499
20045,2007,5928,6282,-354
20045,2008,5928,6103,-175
20045,2009,5588,5544,44
20045,2010,5423,5788,-365
20047,1990,0,247,-247
20047,1991,202,264,-62
20047,1992,221,239,-18
20047,1993,251,244,7
20047,1994,188,191,-3
20047,1995,194,271,-77
20047,1996,175,199,-24
20047,1997,202,301,-99
20047,1998,185,181,4
20047,1999,147,237,-90
20047,2000,144,213,-69
20047,2001,175,214,-39
20047,2002,155,224,-69
20047,2003,192,178,14
20047,2004,153,188,-35
20047,2005,149,243,-94
20047,2006,149,171,-22
20047,2007,209,192,17
20047,2008,211,212,-1
20047,2009,228,178,50
20047,2010,160,186,-26
20049,1990,159,205,-46
20049,1991,171,0,171
20049,1992,246,167,79
20049,1993,223,193,30
20049,1994,194,196,-2
20049,1995,190,124,66
20049,1996,184,156,28
20049,1997,182,193,-11
20049,1998,144,137,7
20049,1999,137,200,-63
20049,2000,186,178,8
20049,2001,165,151,14
20049,2002,161,182,-21
20049,2003,178,175,3
20049,2004,150,155,-5
20049,2005,171,200,-29
20049,2006,175,159,16
20049,2007,202,141,61
20049,2008,149,155,-6
20049,2009,124,134,-10
20049,2010,104,161,-57
20051,1990,1207,1415,-208
20051,1991,1365,1464,-99
20051,1992,1449,1427,22
20051,1993,1401,1399,2
20051,1994,1423,1442,-19
20051,1995,1271,1424,-153
20051,1996,1456,1384,72
20051,1997,1375,1556,-181
20051,1998,1347,1672,-325
20051,1999,1272,1635,-363
20051,2000,1471,1614,-143
20051,2001,1362,1532,-170
20051,2002,1225,1419,-194
20051,2003,1279,1532,-253
20051,2004,1224,1531,-307
20051,2005,1374,1455,-81
20051,2006,1203,1410,-207
20051,2007,1436,1410,26
20051,2008,1429,1431,-2
20051,2009,1199,1459,-260
20051,2010,1334,1357,-23
20053,1990,304,318,-14
20053,1991,254,318,-64
20053,1992,304,264,40
20053,1993,264,280,-16
20053,1994,326,328,-2
20053,1995,280,276,4
20053,1996,252,278,-26
20053,1997,267,273,-6
20053,1998,278,314,-36
20053,1999,338,282,56
20053,2000,278,307,-29
20053,2001,316,316,0
20053,2002,315,302,13
20053,2003,277,292,-15
20053,2004,285,296,-11
20053,2005,324,267,57
20053,2006,275,268,7
20053,2007,266,325,-59
20053,2008,276,274,2
20053,2009,318,255,63
20053,2010,272,286,-14
20055,1990,2760,3102,-342
20055,1991,2864,3076,-212
20055,1992,2588,3056,-468
20055,1993,2649,3307,-658
20055,1994,2697,3226,-529
20055,1995,2353,3000,-647
20055,1996,2185,2905,-720
20055,1997,2238,2770,-532
20055,1998,2382,2808,-426
20055,1999,2383,2959,-576
20055,2000,1888,3187,-1299
20055,2001,1942,3500,-1558
20055,2002,1517,2648,-1131
20055,2003,1715,2466,-751
20055,2004,1596,2525,-929
20055,2005,1579,2449,-870
20055,2006,1582,2734,-1152
20055,2007,1822,2594,-772
20055,2008,2287,2127,160
20055,2009,1894,1977,-83
20055,2010,1774,2092,-318
20057,1990,1843,1975,-132
20057,1991,1998,2087,-89
20057,1992,1785,2324,-539
20057,1993,2362,1968,394
20057,1994,2160,2215,-55
20057,1995,1944,2223,-279
20057,1996,1557,2285,-728
20057,1997,1682,2018,-336
20057,1998,1628,2150,-522
20057,1999,1608,1928,-320
20057,2000,1479,2248,-769
20057,2001,1563,2233,-670
20057,2002,1559,1746,-187
20057,2003,1520,1902,-382
20057,2004,1390,1879,-489
20057,2005,1300,1989,-689
20057,2006,1634,1839,-205
20057,2007,1574,2067,-493
20057,2008,2362,1837,525
20057,2009,2019,1727,292
20057,2010,1798,1829,-31
20059,1990,1187,1187,0
20059,1991,1253,1149,104
20059,1992,1377,1101,276
20059,1993,1233,1089,144
20059,1994,1310,1155,155
20059,1995,1561,1218,343
20059,1996,1352,1204,148
20059,1997,1421,1244,177
20059,1998,1427,1280,147
20059,1999,1499,1385,114
20059,2000,1374,1329,45
20059,2001,1416,1347,69
20059,2002,1330,1279,51
20059,2003,1352,1298,54
20059,2004,1395,1365,30
20059,2005,1563,1362,201
20059,2006,1423,1317,106
20059,2007,1516,1434,82
20059,2008,1280,1398,-118
20059,2009,1364,1338,26
20059,2010,1151,1395,-244
20061,1990,6957,8990,-2033
20061,1991,10116,6210,3906
20061,1992,8945,11714,-2769
20061,1993,8865,8823,42
20061,1994,7322,9830,-2508
20061,1995,6144,11507,-5363
20061,1996,6113,8184,-2071
20061,1997,6521,7003,-482
20061,1998,6551,7682,-1131
20061,1999,5657,7204,-1547
20061,2000,6659,7889,-1230
20061,2001,6708,8271,-1563
20061,2002,6444,7189,-745
20061,2003,4980,6482,-1502
20061,2004,4840,5904,-1064
20061,2005,6062,6456,-394
20061,2006,6672,7186,-514
20061,2007,7639,5992,1647
20061,2008,7659,8111,-452
20061,2009,9436,7194,2242
20061,2010,6815,8057,-1242
20063,1990,0,184,-184
20063,1991,0,0,0
20063,1992,142,170,-28
20063,1993,150,114,36
20063,1994,152,185,-33
20063,1995,91,119,-28
20063,1996,159,153,6
20063,1997,135,169,-34
20063,1998,139,159,-20
20063,1999,128,142,-14
20063,2000,129,179,-50
20063,2001,116,161,-45
20063,2002,92,152,-60
20063,2003,117,140,-23
20063,2004,100,138,-38
20063,2005,91,110,-19
20063,2006,99,156,-57
20063,2007,121,201,-80
20063,2008,139,109,30
20063,2009,120,145,-25
20063,2010,137,92,45
20065,1990,0,189,-189
20065,1991,0,167,-167
20065,1992,135,220,-85
20065,1993,192,184,8
20065,1994,174,195,-21
20065,1995,134,145,-11
20065,1996,165,215,-50
20065,1997,131,171,-40
20065,1998,127,194,-67
20065,1999,100,154,-54
20065,2000,141,160,-19
20065,2001,170,154,16
20065,2002,125,153,-28
20065,2003,132,172,-40
20065,2004,105,114,-9
20065,2005,114,118,-4
20065,2006,144,152,-8
20065,2007,143,134,9
20065,2008,123,169,-46
20065,2009,158,136,22
20065,2010,128,86,42
20067,1990,557,627,-70
20067,1991,599,524,75
20067,1992,511,512,-1
20067,1993,602,637,-35
20067,1994,579,573,6
20067,1995,480,661,-181
20067,1996,528,547,-19
20067,1997,541,545,-4
20067,1998,479,735,-256
20067,1999,413,645,-232
20067,2000,423,623,-200
20067,2001,459,508,-49
20067,2002,284,582,-298
20067,2003,370,554,-184
20067,2004,291,501,-210
20067,2005,380,479,-99
20067,2006,360,435,-75
20067,2007,431,547,-116
20067,2008,435,452,-17
20067,2009,391,392,-1
20067,2010,383,411,-28
20069,1990,353,403,-50
20069,1991,305,325,-20
20069,1992,302,401,-99
20069,1993,307,294,13
20069,1994,432,360,72
20069,1995,389,349,40
20069,1996,278,356,-78
20069,1997,398,369,29
20069,1998,336,389,-53
20069,1999,390,389,1
20069,2000,348,417,-69
20069,2001,325,344,-19
20069,2002,314,386,-72
20069,2003,385,492,-107
20069,2004,302,453,-151
20069,2005,346,410,-64
20069,2006,325,440,-115
20069,2007,390,381,9
20069,2008,422,397,25
20069,2009,383,333,50
20069,2010,368,339,29
20071,1990,0,0,0
20071,1991,0,0,0
20071,1992,96,90,6
20071,1993,100,104,-4
20071,1994,100,73,27
20071,1995,51,95,-44
20071,1996,85,91,-6
20071,1997,77,102,-25
20071,1998,61,91,-30
20071,1999,87,82,5
20071,2000,78,105,-27
20071,2001,65,139,-74
20071,2002,28,76,-48
20071,2003,89,64,25
20071,2004,50,119,-69
20071,2005,55,97,-42
20071,2006,70,71,-1
20071,2007,51,68,-17
20071,2008,48,88,-40
20071,2009,92,45,47
20071,2010,85,102,-17
20073,1990,462,378,84
20073,1991,441,410,31
20073,1992,450,381,69
20073,1993,396,417,-21
20073,1994,472,387,85
20073,1995,458,344,114
20073,1996,442,466,-24
20073,1997,496,401,95
20073,1998,413,503,-90
20073,1999,460,451,9
20073,2000,475,405,70
20073,2001,442,457,-15
20073,2002,385,452,-67
20073,2003,392,394,-2
20073,2004,309,384,-75
20073,2005,299,465,-166
20073,2006,373,331,42
20073,2007,323,428,-105
20073,2008,334,372,-38
20073,2009,306,305,1
20073,2010,300,313,-13
20075,1990,0,189,-189
20075,1991,0,0,0
20075,1992,130,153,-23
20075,1993,125,158,-33
20075,1994,190,161,29
20075,1995,126,151,-25
20075,1996,175,171,4
20075,1997,206,160,46
20075,1998,132,166,-34
20075,1999,148,191,-43
20075,2000,149,180,-31
20075,2001,125,187,-62
20075,2002,141,181,-40
20075,2003,140,197,-57
20075,2004,143,180,-37
20075,2005,123,162,-39
20075,2006,154,132,22
20075,2007,172,161,11
20075,2008,217,167,50
20075,2009,119,181,-62
20075,2010,137,210,-73
20077,1990,318,390,-72
20077,1991,292,466,-174
20077,1992,330,361,-31
20077,1993,310,302,8
20077,1994,338,319,19
20077,1995,317,349,-32
20077,1996,406,338,68
20077,1997,317,340,-23
20077,1998,325,357,-32
20077,1999,283,329,-46
20077,2000,304,331,-27
20077,2001,260,334,-74
20077,2002,265,276,-11
20077,2003,242,288,-46
20077,2004,280,346,-66
20077,2005,304,319,-15
20077,2006,298,316,-18
20077,2007,380,308,72
20077,2008,280,340,-60
20077,2009,300,282,18
20077,2010,207,255,-48
20079,1990,1675,1865,-190
20079,1991,1783,1788,-5
20079,1992,2015,1559,456
20079,1993,1753,1748,5
20079,1994,1788,1701,87
20079,1995,1739,1686,53
20079,1996,1768,1618,150
20079,1997,1830,1766,64
20079,1998,1873,1843,30
20079,1999,1715,1826,-111
20079,2000,1826,1870,-44
20079,2001,1956,1723,233
20079,2002,1652,1686,-34
20079,2003,1699,1715,-16
20079,2004,1547,1541,6
20079,2005,1723,1855,-132
20079,2006,1725,1639,86
20079,2007,1805,1691,114
20079,2008,1914,1515,399
20079,2009,1568,1550,18
20079,2010,1554,1690,-136
20081,1990,331,345,-14
20081,1991,316,341,-25
20081,1992,287,355,-68
20081,1993,321,337,-16
20081,1994,273,339,-66
20081,1995,279,344,-65
20081,1996,304,284,20
20081,1997,217,332,-115
20081,1998,304,291,13
20081,1999,262,287,-25
20081,2000,279,333,-54
20081,2001,265,342,-77
20081,2002,227,281,-54
20081,2003,236,271,-35
20081,2004,284,332,-48
20081,2005,290,360,-70
20081,2006,277,311,-34
20081,2007,234,331,-97
20081,2008,302,323,-21
20081,2009,258,209,49
20081,2010,225,309,-84
20083,1990,176,137,39
20083,1991,130,205,-75
20083,1992,115,190,-75
20083,1993,173,127,46
20083,1994,116,138,-22
20083,1995,96,101,-5
20083,1996,176,121,55
20083,1997,71,85,-14
20083,1998,120,83,37
20083,1999,105,120,-15
20083,2000,146,97,49
20083,2001,112,97,15
20083,2002,119,96,23
20083,2003,106,115,-9
20083,2004,85,116,-31
20083,2005,98,87,11
20083,2006,71,109,-38
20083,2007,101,104,-3
20083,2008,85,105,-20
20083,2009,81,99,-18
20083,2010,125,93,32
20085,1990,718,757,-39
20085,1991,670,741,-71
20085,1992,679,657,22
20085,1993,731,697,34
20085,1994,730,711,19
20085,1995,773,609,164
20085,1996,661,668,-7
20085,1997,747,681,66
20085,1998,710,681,29
20085,1999,808,693,115
20085,2000,705,697,8
20085,2001,730,652,78
20085,2002,843,746,97
20085,2003,753,729,24
20085,2004,868,654,214
20085,2005,761,772,-11
20085,2006,733,744,-11
20085,2007,606,749,-143
20085,2008,739,669,70
20085,2009,712,643,69
20085,2010,589,653,-64
20087,1990,975,922,53
20087,1991,1114,918,196
20087,1992,1181,1081,100
20087,1993,1118,944,174
20087,1994,1166,990,176
20087,1995,991,766,225
20087,1996,1138,843,295
20087,1997,1092,930,162
20087,1998,1023,1088,-65
20087,1999,1099,1021,78
20087,2000,1071,993,78
20087,2001,1055,984,71
20087,2002,1008,967,41
20087,2003,1052,1000,52
20087,2004,1156,1100,56
20087,2005,990,1106,-116
20087,2006,1038,985,53
20087,2007,935,927,8
20087,2008,973,1028,-55
20087,2009,1029,914,115
20087,2010,871,941,-70
20089,1990,0,0,0
20089,1991,0,190,-190
20089,1992,185,208,-23
20089,1993,199,197,2
20089,1994,199,176,23
20089,1995,232,194,38
20089,1996,159,180,-21
20089,1997,165,213,-48
20089,1998,139,210,-71
20089,1999,164,210,-46
20089,2000,114,200,-86
20089,2001,131,202,-71
20089,2002,151,190,-39
20089,2003,158,170,-12
20089,2004,116,169,-53
20089,2005,163,139,24
20089,2006,101,158,-57
20089,2007,95,138,-43
20089,2008,116,156,-40
20089,2009,118,109,9
20089,2010,166,131,35
20091,1990,25462,22009,3453
20091,1991,25149,20907,4242
20091,1992,26250,21175,5075
20091,1993,27098,22167,4931
20091,1994,26128,22795,3333
20091,1995,26297,22651,3646
20091,1996,28160,23218,4942
20091,1997,29785,24168,5617
20091,1998,30318,24683,5635
20091,1999,30586,25286,5300
20091,2000,29423,26006,3417
20091,2001,30696,24896,5800
20091,2002,29156,24753,4403
20091,2003,28697,25104,3593
20091,2004,29345,26286,3059
20091,2005,30645,26801,3844
20091,2006,29340,26129,3211
20091,2007,28957,26051,2906
20091,2008,26637,25311,1326
20091,2009,25759,24979,780
20091,2010,25250,23776,1474
20093,1990,437,539,-102
20093,1991,456,498,-42
20093,1992,360,380,-20
20093,1993,452,364,88
20093,1994,417,416,1
20093,1995,356,389,-33
20093,1996,291,354,-63
20093,1997,232,325,-93
20093,1998,303,355,-52
20093,1999,270,354,-84
20093,2000,250,240,10
20093,2001,313,401,-88
20093,2002,218,315,-97
20093,2003,238,274,-36
20093,2004,215,318,-103
20093,2005,242,341,-99
20093,2006,217,317,-100
20093,2007,207,235,-28
20093,2008,285,248,37
20093,2009,277,243,34
20093,2010,248,285,-37
20095,1990,459,460,-1
20095,1991,456,501,-45
20095,1992,504,466,38
20095,1993,482,491,-9
20095,1994,429,423,6
20095,1995,440,399,41
20095,1996,448,404,44
20095,1997,443,454,-11
20095,1998,511,431,80
20095,1999,476,433,43
20095,2000,377,478,-101
20095,2001,401,524,-123
20095,2002,460,409,51
20095,2003,413,465,-52
20095,2004,358,491,-133
20095,2005,408,502,-94
20095,2006,370,454,-84
20095,2007,361,441,-80
20095,2008,408,396,12
20095,2009,387,397,-10
20095,2010,370,331,39
20097,1990,212,265,-53
20097,1991,0,0,0
20097,1992,228,231,-3
20097,1993,226,241,-15
20097,1994,232,228,4
20097,1995,237,268,-31
20097,1996,195,293,-98
20097,1997,226,255,-29
20097,1998,219,280,-61
20097,1999,152,245,-93
20097,2000,153,249,-96
20097,2001,202,241,-39
20097,2002,179,150,29
20097,2003,185,220,-35
20097,2004,138,210,-72
20097,2005,177,219,-42
20097,2006,172,210,-38
20097,2007,129,634,-505
20097,2008,203,180,23
20097,2009,189,149,40
20097,2010,114,159,-45
20099,1990,1030,1099,-69
20099,1991,984,1096,-112
20099,1992,933,1082,-149
20099,1993,1051,1115,-64
20099,1994,960,1071,-111
20099,1995,893,952,-59
20099,1996,929,960,-31
20099,1997,1031,1071,-40
20099,1998,979,1039,-60
20099,1999,821,1043,-222
20099,2000,838,1051,-213
20099,2001,846,946,-100
20099,2002,855,894,-39
20099,2003,867,961,-94
20099,2004,881,829,52
20099,2005,941,877,64
20099,2006,880,972,-92
20099,2007,966,1060,-94
20099,2008,809,890,-81
20099,2009,793,936,-143
20099,2010,768,854,-86
20101,1990,0,0,0
20101,1991,0,0,0
20101,1992,108,100,8
20101,1993,124,111,13
20101,1994,107,138,-31
20101,1995,79,140,-61
20101,1996,87,122,-35
20101,1997,134,80,54
20101,1998,67,139,-72
20101,1999,88,117,-29
20101,2000,87,148,-61
20101,2001,77,137,-60
20101,2002,80,99,-19
20101,2003,90,98,-8
20101,2004,83,102,-19
20101,2005,61,94,-33
20101,2006,108,88,20
20101,2007,112,107,5
20101,2008,130,90,40
20101,2009,110,123,-13
20101,2010,100,107,-7
20103,1990,7482,6128,1354
20103,1991,7419,6163,1256
20103,1992,7768,7538,230
20103,1993,7643,7065,578
20103,1994,7300,7267,33
20103,1995,7340,7261,79
20103,1996,6883,7008,-125
20103,1997,7009,6668,341
20103,1998,7210,7084,126
20103,1999,7297,6870,427
20103,2000,7468,6864,604
20103,2001,7729,7122,607
20103,2002,7370,7222,148
20103,2003,7201,7440,-239
20103,2004,7048,7074,-26
20103,2005,7215,6739,476
20103,2006,7044,6359,685
20103,2007,7057,6645,412
20103,2008,7191,6773,418
20103,2009,7582,6970,612
20103,2010,7292,7165,127
20105,1990,106,175,-69
20105,1991,167,151,16
20105,1992,181,166,15
20105,1993,168,128,40
20105,1994,182,127,55
20105,1995,140,152,-12
20105,1996,185,166,19
20105,1997,173,175,-2
20105,1998,192,152,40
20105,1999,204,199,5
20105,2000,196,183,13
20105,2001,202,217,-15
20105,2002,196,169,27
20105,2003,138,212,-74
20105,2004,206,183,23
20105,2005,178,199,-21
20105,2006,167,153,14
20105,2007,186,210,-24
20105,2008,147,213,-66
20105,2009,134,143,-9
20105,2010,148,172,-24
20107,1990,502,414,88
20107,1991,571,458,113
20107,1992,531,467,64
20107,1993,604,480,124
20107,1994,624,473,151
20107,1995,712,486,226
20107,1996,618,475,143
20107,1997,570,464,106
20107,1998,633,486,147
20107,1999,655,540,115
20107,2000,623,541,82
20107,2001,540,502,38
20107,2002,492,460,32
20107,2003,544,507,37
20107,2004,602,469,133
20107,2005,542,533,9
20107,2006,476,566,-90
20107,2007,493,581,-88
20107,2008,460,497,-37
20107,2009,441,431,10
20107,2010,540,506,34
20109,1990,162,0,162
20109,1991,220,151,69
20109,1992,136,237,-101
20109,1993,188,194,-6
20109,1994,198,171,27
20109,1995,181,270,-89
20109,1996,175,201,-26
20109,1997,174,208,-34
20109,1998,144,197,-53
20109,1999,195,187,8
20109,2000,199,240,-41
20109,2001,193,205,-12
20109,2002,135,186,-51
20109,2003,163,191,-28
20109,2004,139,170,-31
20109,2005,81,140,-59
20109,2006,136,140,-4
20109,2007,134,141,-7
20109,2008,135,162,-27
20109,2009,165,120,45
20109,2010,134,135,-1
20111,1990,2113,2443,-330
20111,1991,2038,2206,-168
20111,1992,2118,2164,-46
20111,1993,2038,2316,-278
20111,1994,2081,2331,-250
20111,1995,1875,2377,-502
20111,1996,1759,2333,-574
20111,1997,1765,2200,-435
20111,1998,1940,2183,-243
20111,1999,1770,2059,-289
20111,2000,1770,2108,-338
20111,2001,1736,2298,-562
20111,2002,1666,1988,-322
20111,2003,1583,1877,-294
20111,2004,1452,2019,-567
20111,2005,1463,2063,-600
20111,2006,1539,1892,-353
20111,2007,1462,2342,-880
20111,2008,1325,3045,-1720
20111,2009,1286,1727,-441
20111,2010,1371,1541,-170
20113,1990,1358,1478,-120
20113,1991,1476,1254,222
20113,1992,1412,1367,45
20113,1993,1528,1231,297
20113,1994,1414,1303,111
20113,1995,1428,1338,90
20113,1996,1366,1318,48
20113,1997,1388,1395,-7
20113,1998,1462,1192,270
20113,1999,1348,1296,52
20113,2000,1268,1364,-96
20113,2001,1225,1379,-154
20113,2002,1243,1253,-10
20113,2003,1217,1211,6
20113,2004,1306,1287,19
20113,2005,1260,1518,-258
20113,2006,1366,1316,50
20113,2007,1289,1472,-183
20113,2008,1326,1359,-33
20113,2009,1155,1351,-196
20113,2010,1260,1222,38
20115,1990,562,562,0
20115,1991,557,587,-30
20115,1992,674,526,148
20115,1993,662,561,101
20115,1994,699,500,199
20115,1995,597,574,23
20115,1996,646,603,43
20115,1997,522,580,-58
20115,1998,608,633,-25
20115,1999,695,598,97
20115,2000,579,528,51
20115,2001,537,552,-15
20115,2002,552,521,31
20115,2003,497,647,-150
20115,2004,554,580,-26
20115,2005,546,623,-77
20115,2006,562,628,-66
20115,2007,613,620,-7
20115,2008,627,565,62
20115,2009,515,530,-15
20115,2010,536,628,-92
20117,1990,348,427,-79
20117,1991,338,469,-131
20117,1992,414,461,-47
20117,1993,404,411,-7
20117,1994,442,344,98
20117,1995,428,422,6
20117,1996,367,429,-62
20117,1997,427,499,-72
20117,1998,368,399,-31
20117,1999,394,432,-38
20117,2000,323,416,-93
20117,2001,357,492,-135
20117,2002,373,453,-80
20117,2003,344,416,-72
20117,2004,428,415,13
20117,2005,389,411,-22
20117,2006,414,411,3
20117,2007,455,446,9
20117,2008,375,458,-83
20117,2009,387,382,5
20117,2010,401,437,-36
20119,1990,301,301,0
20119,1991,247,275,-28
20119,1992,286,256,30
20119,1993,299,291,8
20119,1994,347,328,19
20119,1995,283,280,3
20119,1996,272,336,-64
20119,1997,277,265,12
20119,1998,252,304,-52
20119,1999,298,277,21
20119,2000,268,299,-31
20119,2001,261,286,-25
20119,2002,218,292,-74
20119,2003,228,300,-72
20119,2004,255,239,16
20119,2005,261,330,-69
20119,2006,239,301,-62
20119,2007,295,269,26
20119,2008,240,254,-14
20119,2009,303,205,98
20119,2010,259,259,0
20121,1990,1365,1236,129
20121,1991,1327,1236,91
20121,1992,1547,1251,296
20121,1993,1720,1260,460
20121,1994,1560,1215,345
20121,1995,1459,1103,356
20121,1996,1459,1217,242
20121,1997,1413,1291,122
20121,1998,1617,1189,428
20121,1999,1675,1325,350
20121,2000,1437,1382,55
20121,2001,1453,1360,93
20121,2002,1311,1229,82
20121,2003,1552,1274,278
20121,2004,1964,1561,403
20121,2005,2045,1714,331
20121,2006,2063,1519,544
20121,2007,1726,1777,-51
20121,2008,1655,1652,3
20121,2009,1622,1514,108
20121,2010,1491,1578,-87
20123,1990,349,365,-16
20123,1991,317,304,13
20123,1992,263,355,-92
20123,1993,339,375,-36
20123,1994,333,303,30
20123,1995,303,289,14
20123,1996,259,311,-52
20123,1997,233,274,-41
20123,1998,312,285,27
20123,1999,247,296,-49
20123,2000,210,309,-99
20123,2001,253,323,-70
20123,2002,269,262,7
20123,2003,225,330,-105
20123,2004,252,319,-67
20123,2005,256,326,-70
20123,2006,284,255,29
20123,2007,321,328,-7
20123,2008,368,289,79
20123,2009,253,339,-86
20123,2010,304,346,-42
20125,1990,1680,1763,-83
20125,1991,1485,1990,-505
20125,1992,1606,1724,-118
20125,1993,1677,1716,-39
20125,1994,1627,1640,-13
20125,1995,1640,1790,-150
20125,1996,1745,1842,-97
20125,1997,1750,1874,-124
20125,1998,1750,1990,-240
20125,1999,1689,1960,-271
20125,2000,1595,1941,-346
20125,2001,1461,1908,-447
20125,2002,1521,1740,-219
20125,2003,1558,1677,-119
20125,2004,1501,1785,-284
20125,2005,1806,1779,27
20125,2006,1790,1688,102
20125,2007,1825,1979,-154
20125,2008,1628,1815,-187
20125,2009,1360,1684,-324
20125,2010,1246,1656,-410
20127,1990,418,345,73
20127,1991,318,325,-7
20127,1992,369,392,-23
20127,1993,337,332,5
20127,1994,282,308,-26
20127,1995,376,361,15
20127,1996,306,370,-64
20127,1997,284,352,-68
20127,1998,342,332,10
20127,1999,315,295,20
20127,2000,311,312,-1
20127,2001,293,324,-31
20127,2002,306,308,-2
20127,2003,323,291,32
20127,2004,317,247,70
20127,2005,300,351,-51
20127,2006,378,319,59
20127,2007,392,303,89
20127,2008,288,294,-6
20127,2009,321,349,-28
20127,2010,323,316,7
20129,1990,0,265,-265
20129,1991,0,0,0
20129,1992,219,301,-82
20129,1993,242,215,27
20129,1994,182,324,-142
20129,1995,203,226,-23
20129,1996,243,256,-13
20129,1997,234,264,-30
20129,1998,224,218,6
20129,1999,177,280,-103
20129,2000,190,328,-138
20129,2001,236,296,-60
20129,2002,247,319,-72
20129,2003,149,264,-115
20129,2004,201,249,-48
20129,2005,209,237,-28
20129,2006,231,299,-68
20129,2007,242,254,-12
20129,2008,200,197,3
20129,2009,196,213,-17
20129,2010,201,260,-59
20131,1990,400,403,-3
20131,1991,365,409,-44
20131,1992,437,422,15
20131,1993,416,368,48
20131,1994,406,461,-55
20131,1995,406,392,14
20131,1996,313,417,-104
20131,1997,366,399,-33
20131,1998,328,379,-51
20131,1999,323,396,-73
20131,2000,289,479,-190
20131,2001,388,374,14
20131,2002,355,359,-4
20131,2003,318,358,-40
20131,2004,359,382,-23
20131,2005,389,420,-31
20131,2006,426,425,1
20131,2007,359,432,-73
20131,2008,373,473,-100
20131,2009,336,369,-33
20131,2010,364,402,-38
20133,1990,905,814,91
20133,1991,778,845,-67
20133,1992,774,770,4
20133,1993,824,833,-9
20133,1994,876,862,14
20133,1995,757,857,-100
20133,1996,799,715,84
20133,1997,740,848,-108
20133,1998,828,893,-65
20133,1999,682,822,-140
20133,2000,746,791,-45
20133,2001,736,871,-135
20133,2002,695,789,-94
20133,2003,708,726,-18
20133,2004,738,775,-37
20133,2005,699,854,-155
20133,2006,862,729,133
20133,2007,817,787,30
20133,2008,728,779,-51
20133,2009,647,761,-114
20133,2010,640,679,-39
20135,1990,171,192,-21
20135,1991,0,203,-203
20135,1992,124,160,-36
20135,1993,154,142,12
20135,1994,132,219,-87
20135,1995,114,209,-95
20135,1996,131,158,-27
20135,1997,174,140,34
20135,1998,120,181,-61
20135,1999,140,182,-42
20135,2000,129,187,-58
20135,2001,118,152,-34
20135,2002,97,199,-102
20135,2003,97,149,-52
20135,2004,106,145,-39
20135,2005,138,163,-25
20135,2006,143,115,28
20135,2007,133,162,-29
20135,2008,142,179,-37
20135,2009,146,144,2
20135,2010,134,117,17
20137,1990,200,244,-44
20137,1991,232,284,-52
20137,1992,311,268,43
20137,1993,302,259,43
20137,1994,255,281,-26
20137,1995,251,246,5
20137,1996,291,273,18
20137,1997,254,287,-33
20137,1998,243,318,-75
20137,1999,246,235,11
20137,2000,231,287,-56
20137,2001,244,242,2
20137,2002,205,198,7
20137,2003,201,236,-35
20137,2004,249,267,-18
20137,2005,221,239,-18
20137,2006,229,287,-58
20137,2007,208,209,-1
20137,2008,232,250,-18
20137,2009,224,194,30
20137,2010,236,201,35
20139,1990,881,730,151
20139,1991,899,769,130
20139,1992,997,858,139
20139,1993,982,732,250
20139,1994,1015,761,254
20139,1995,1014,969,45
20139,1996,1124,912,212
20139,1997,1041,978,63
20139,1998,1009,1015,-6
20139,1999,1112,963,149
20139,2000,1049,1088,-39
20139,2001,1191,1052,139
20139,2002,1023,979,44
20139,2003,1070,923,147
20139,2004,979,866,113
20139,2005,840,878,-38
20139,2006,745,870,-125
20139,2007,922,899,23
20139,2008,806,964,-158
20139,2009,735,760,-25
20139,2010,759,726,33
20141,1990,0,229,-229
20141,1991,0,264,-264
20141,1992,201,237,-36
20141,1993,247,217,30
20141,1994,263,248,15
20141,1995,207,222,-15
20141,1996,175,225,-50
20141,1997,216,202,14
20141,1998,121,180,-59
20141,1999,211,228,-17
20141,2000,173,227,-54
20141,2001,169,210,-41
20141,2002,141,214,-73
20141,2003,163,175,-12
20141,2004,171,187,-16
20141,2005,204,210,-6
20141,2006,187,237,-50
20141,2007,176,227,-51
20141,2008,245,179,66
20141,2009,161,215,-54
20141,2010,168,167,1
20143,1990,311,319,-8
20143,1991,268,279,-11
20143,1992,377,307,70
20143,1993,369,267,102
20143,1994,436,246,190
20143,1995,444,365,79
20143,1996,494,419,75
20143,1997,480,406,74
20143,1998,510,470,40
20143,1999,522,431,91
20143,2000,460,499,-39
20143,2001,495,398,97
20143,2002,451,475,-24
20143,2003,417,429,-12
20143,2004,347,349,-2
20143,2005,375,355,20
20143,2006,390,365,25
20143,2007,386,345,41
20143,2008,396,393,3
20143,2009,283,306,-23
20143,2010,356,343,13
20145,1990,409,373,36
20145,1991,407,427,-20
20145,1992,400,336,64
20145,1993,332,354,-22
20145,1994,367,392,-25
20145,1995,305,368,-63
20145,1996,291,396,-105
20145,1997,356,391,-35
20145,1998,332,369,-37
20145,1999,307,344,-37
20145,2000,244,386,-142
20145,2001,274,339,-65
20145,2002,269,353,-84
20145,2003,314,318,-4
20145,2004,361,335,26
20145,2005,343,419,-76
20145,2006,360,356,4
20145,2007,322,367,-45
20145,2008,392,372,20
20145,2009,351,359,-8
20145,2010,351,348,3
20147,1990,265,344,-79
20147,1991,0,368,-368
20147,1992,314,377,-63
20147,1993,327,285,42
20147,1994,237,282,-45
20147,1995,237,289,-52
20147,1996,236,291,-55
20147,1997,288,316,-28
20147,1998,316,357,-41
20147,1999,279,317,-38
20147,2000,218,327,-109
20147,2001,204,288,-84
20147,2002,230,293,-63
20147,2003,190,249,-59
20147,2004,192,289,-97
20147,2005,252,285,-33
20147,2006,221,254,-33
20147,2007,252,279,-27
20147,2008,257,229,28
20147,2009,195,216,-21
20147,2010,213,263,-50
20149,1990,1030,915,115
20149,1991,1243,873,370
20149,1992,1129,1063,66
20149,1993,1176,1020,156
20149,1994,1140,1061,79
20149,1995,1637,1343,294
20149,1996,1617,1421,196
20149,1997,1504,1288,216
20149,1998,1590,1421,169
20149,1999,1707,1482,225
20149,2000,1514,1565,-51
20149,2001,1617,1602,15
20149,2002,1695,1492,203
20149,2003,1641,1571,70
20149,2004,1256,1195,61
20149,2005,1241,1164,77
20149,2006,1482,1148,334
20149,2007,1412,1276,136
20149,2008,1409,1320,89
20149,2009,1468,1216,252
20149,2010,1275,1240,35
20151,1990,471,540,-69
20151,1991,550,522,28
20151,1992,526,538,-12
20151,1993,558,541,17
20151,1994,601,538,63
20151,1995,486,522,-36
20151,1996,541,550,-9
20151,1997,548,521,27
20151,1998,465,612,-147
20151,1999,498,499,-1
20151,2000,456,558,-102
20151,2001,627,550,77
20151,2002,443,523,-80
20151,2003,446,530,-84
20151,2004,508,428,80
20151,2005,516,560,-44
20151,2006,531,545,-14
20151,2007,615,619,-4
20151,2008,542,608,-66
20151,2009,442,494,-52
20151,2010,506,520,-14
20153,1990,0,158,-158
20153,1991,0,171,-171
20153,1992,212,172,40
20153,1993,169,205,-36
20153,1994,166,191,-25
20153,1995,164,139,25
20153,1996,113,127,-14
20153,1997,123,181,-58
20153,1998,129,213,-84
20153,1999,143,148,-5
20153,2000,92,123,-31
20153,2001,121,130,-9
20153,2002,99,118,-19
20153,2003,78,115,-37
20153,2004,67,139,-72
20153,2005,106,102,4
20153,2006,84,95,-11
20153,2007,119,124,-5
20153,2008,109,124,-15
20153,2009,89,115,-26
20153,2010,111,113,-2
20155,1990,2615,2723,-108
20155,1991,2525,2652,-127
20155,1992,2575,2475,100
20155,1993,2551,2576,-25
20155,1994,2637,2422,215
20155,1995,2599,2568,31
20155,1996,2481,2570,-89
20155,1997,2603,2608,-5
20155,1998,2805,2562,243
20155,1999,2434,2817,-383
20155,2000,2203,2583,-380
20155,2001,2279,2815,-536
20155,2002,2375,2649,-274
20155,2003,2300,2634,-334
20155,2004,2279,2435,-156
20155,2005,2374,2409,-35
20155,2006,2261,2531,-270
20155,2007,2608,2470,138
20155,2008,2409,2262,147
20155,2009,2341,2168,173
20155,2010,2191,2374,-183
20157,1990,246,276,-30
20157,1991,215,289,-74
20157,1992,261,266,-5
20157,1993,269,233,36
20157,1994,294,291,3
20157,1995,273,212,61
20157,1996,208,230,-22
20157,1997,234,257,-23
20157,1998,209,290,-81
20157,1999,195,254,-59
20157,2000,195,261,-66
20157,2001,186,320,-134
20157,2002,218,265,-47
20157,2003,204,229,-25
20157,2004,226,224,2
20157,2005,186,236,-50
20157,2006,168,170,-2
20157,2007,229,250,-21
20157,2008,211,182,29
20157,2009,166,190,-24
20157,2010,191,205,-14
20159,1990,492,644,-152
20159,1991,520,584,-64
20159,1992,553,516,37
20159,1993,535,601,-66
20159,1994,650,567,83
20159,1995,585,586,-1
20159,1996,546,589,-43
20159,1997,557,584,-27
20159,1998,460,648,-188
20159,1999,492,580,-88
20159,2000,414,545,-131
20159,2001,486,563,-77
20159,2002,461,533,-72
20159,2003,487,477,10
20159,2004,459,496,-37
20159,2005,420,524,-104
20159,2006,468,564,-96
20159,2007,607,557,50
20159,2008,532,610,-78
20159,2009,560,531,29
20159,2010,483,504,-21
20161,1990,5825,8299,-2474
20161,1991,7787,6096,1691
20161,1992,7513,8668,-1155
20161,1993,7391,7905,-514
20161,1994,7315,7827,-512
20161,1995,4442,6860,-2418
20161,1996,4209,5565,-1356
20161,1997,4109,4966,-857
20161,1998,4350,4897,-547
20161,1999,4318,4741,-423
20161,2000,4039,5136,-1097
20161,2001,3951,4806,-855
20161,2002,4360,4401,-41
20161,2003,4254,4520,-266
20161,2004,4950,5505,-555
20161,2005,6370,6166,204
20161,2006,6573,6909,-336
20161,2007,6934,6564,370
20161,2008,7478,8309,-831
20161,2009,7964,8252,-288
20161,2010,7708,7810,-102
20163,1990,267,250,17
20163,1991,256,253,3
20163,1992,226,275,-49
20163,1993,279,257,22
20163,1994,232,274,-42
20163,1995,247,243,4
20163,1996,203,278,-75
20163,1997,257,290,-33
20163,1998,251,303,-52
20163,1999,237,293,-56
20163,2000,253,281,-28
20163,2001,204,271,-67
20163,2002,208,266,-58
20163,2003,258,268,-10
20163,2004,222,228,-6
20163,2005,231,231,0
20163,2006,217,234,-17
20163,2007,212,222,-10
20163,2008,206,280,-74
20163,2009,221,216,5
20163,2010,243,226,17
20165,1990,145,152,-7
20165,1991,203,224,-21
20165,1992,124,184,-60
20165,1993,166,203,-37
20165,1994,197,166,31
20165,1995,196,204,-8
20165,1996,169,216,-47
20165,1997,216,209,7
20165,1998,202,215,-13
20165,1999,135,183,-48
20165,2000,180,177,3
20165,2001,149,179,-30
20165,2002,167,183,-16
20165,2003,193,167,26
20165,2004,168,187,-19
20165,2005,134,189,-55
20165,2006,173,177,-4
20165,2007,181,136,45
20165,2008,169,192,-23
20165,2009,201,156,45
20165,2010,150,232,-82
20167,1990,372,386,-14
20167,1991,328,379,-51
20167,1992,420,363,57
20167,1993,422,385,37
20167,1994,428,378,50
20167,1995,360,366,-6
20167,1996,356,354,2
20167,1997,284,363,-79
20167,1998,316,376,-60
20167,1999,387,421,-34
20167,2000,286,425,-139
20167,2001,333,366,-33
20167,2002,282,327,-45
20167,2003,332,285,47
20167,2004,309,414,-105
20167,2005,352,360,-8
20167,2006,374,332,42
20167,2007,289,363,-74
20167,2008,316,335,-19
20167,2009,325,261,64
20167,2010,350,296,54
20169,1990,2857,2529,328
20169,1991,2663,2414,249
20169,1992,2724,2515,209
20169,1993,2527,2538,-11
20169,1994,2745,2607,138
20169,1995,2387,2628,-241
20169,1996,2358,2757,-399
20169,1997,2422,2798,-376
20169,1998,2585,2797,-212
20169,1999,2476,2755,-279
20169,2000,2491,2634,-143
20169,2001,2585,2767,-182
20169,2002,2213,2648,-435
20169,2003,2286,2408,-122
20169,2004,2389,2629,-240
20169,2005,2521,2789,-268
20169,2006,2575,2645,-70
20169,2007,2526,2798,-272
20169,2008,2568,2581,-13
20169,2009,2316,2271,45
20169,2010,2333,2544,-211
20171,1990,275,326,-51
20171,1991,308,298,10
20171,1992,334,332,2
20171,1993,290,345,-55
20171,1994,279,314,-35
20171,1995,325,302,23
20171,1996,275,320,-45
20171,1997,363,343,20
20171,1998,242,320,-78
20171,1999,226,297,-71
20171,2000,325,324,1
20171,2001,244,362,-118
20171,2002,230,298,-68
20171,2003,188,321,-133
20171,2004,276,264,12
20171,2005,211,287,-76
20171,2006,274,325,-51
20171,2007,269,293,-24
20171,2008,239,252,-13
20171,2009,283,246,37
20171,2010,255,291,-36
20173,1990,17910,17854,56
20173,1991,19070,17469,1601
20173,1992,17514,19252,-1738
20173,1993,16400,19812,-3412
20173,1994,17028,20717,-3689
20173,1995,16698,18511,-1813
20173,1996,18635,17054,1581
20173,1997,20307,16841,3466
20173,1998,18167,18819,-652
20173,1999,16390,19155,-2765
20173,2000,16277,18220,-1943
20173,2001,16990,17628,-638
20173,2002,15300,17686,-2386
20173,2003,14723,17425,-2702
20173,2004,15560,17245,-1685
20173,2005,16773,17367,-594
20173,2006,17166,16270,896
20173,2007,18113,16802,1311
20173,2008,18382,15657,2725
20173,2009,15415,16434,-1019
20173,2010,14820,17232,-2412
20175,1990,1818,2156,-338
20175,1991,1934,2195,-261
20175,1992,2045,2048,-3
20175,1993,1781,2089,-308
20175,1994,1722,1959,-237
20175,1995,1605,1850,-245
20175,1996,1601,2050,-449
20175,1997,1424,1950,-526
20175,1998,1496,2063,-567
20175,1999,1443,1863,-420
20175,2000,1460,1994,-534
20175,2001,1514,1799,-285
20175,2002,1219,1718,-499
20175,2003,1082,1569,-487
20175,2004,1119,1700,-581
20175,2005,1141,1614,-473
20175,2006,1299,1798,-499
20175,2007,1272,1775,-503
20175,2008,1497,1617,-120
20175,2009,1541,1598,-57
20175,2010,1522,1646,-124
20177,1990,6554,6568,-14
20177,1991,6430,6464,-34
20177,1992,7104,6904,200
20177,1993,7103,6917,186
20177,1994,6350,6819,-469
20177,1995,6138,6814,-676
20177,1996,6594,7169,-575
20177,1997,6555,7105,-550
20177,1998,6483,6972,-489
20177,1999,6542,6732,-190
20177,2000,6291,6650,-359
20177,2001,6404,7135,-731
20177,2002,6413,6634,-221
20177,2003,6135,6650,-515
20177,2004,6333,6695,-362
20177,2005,6326,6485,-159
20177,2006,6505,6426,79
20177,2007,6660,6277,383
20177,2008,6429,6313,116
20177,2009,6025,5808,217
20177,2010,5681,6013,-332
20179,1990,0,137,-137
20179,1991,110,0,110
20179,1992,166,194,-28
20179,1993,80,130,-50
20179,1994,105,111,-6
20179,1995,121,144,-23
20179,1996,87,78,9
20179,1997,149,139,10
20179,1998,105,128,-23
20179,1999,98,131,-33
20179,2000,64,135,-71
20179,2001,105,146,-41
20179,2002,111,110,1
20179,2003,64,129,-65
20179,2004,121,115,6
20179,2005,106,106,0
20179,2006,95,108,-13
20179,2007,136,91,45
20179,2008,89,114,-25
20179,2009,104,105,-1
20179,2010,102,116,-14
20181,1990,430,546,-116
20181,1991,0,412,-412
20181,1992,526,496,30
20181,1993,458,429,29
20181,1994,432,528,-96
20181,1995,428,487,-59
20181,1996,414,526,-112
20181,1997,469,499,-30
20181,1998,467,520,-53
20181,1999,424,509,-85
20181,2000,369,484,-115
20181,2001,368,529,-161
20181,2002,289,402,-113
20181,2003,313,410,-97
20181,2004,308,358,-50
20181,2005,307,446,-139
20181,2006,303,301,2
20181,2007,365,365,0
20181,2008,359,389,-30
20181,2009,340,313,27
20181,2010,375,356,19
20183,1990,0,188,-188
20183,1991,171,0,171
20183,1992,195,185,10
20183,1993,191,176,15
20183,1994,185,158,27
20183,1995,172,183,-11
20183,1996,146,209,-63
20183,1997,173,160,13
20183,1998,183,155,28
20183,1999,108,138,-30
20183,2000,164,199,-35
20183,2001,121,168,-47
20183,2002,116,142,-26
20183,2003,137,169,-32
20183,2004,155,152,3
20183,2005,140,197,-57
20183,2006,182,196,-14
20183,2007,174,164,10
20183,2008,147,189,-42
20183,2009,176,146,30
20183,2010,119,139,-20
20185,1990,278,385,-107
20185,1991,294,326,-32
20185,1992,278,343,-65
20185,1993,293,271,22
20185,1994,283,311,-28
20185,1995,235,266,-31
20185,1996,238,282,-44
20185,1997,238,263,-25
20185,1998,257,297,-40
20185,1999,199,267,-68
20185,2000,217,219,-2
20185,2001,211,268,-57
20185,2002,211,283,-72
20185,2003,184,224,-40
20185,2004,197,214,-17
20185,2005,167,235,-68
20185,2006,252,248,4
20185,2007,248,271,-23
20185,2008,207,246,-39
20185,2009,205,217,-12
20185,2010,167,222,-55
20187,1990,0,221,-221
20187,1991,0,265,-265
20187,1992,142,228,-86
20187,1993,189,165,24
20187,1994,166,191,-25
20187,1995,147,206,-59
20187,1996,153,174,-21
20187,1997,133,220,-87
20187,1998,115,156,-41
20187,1999,130,169,-39
20187,2000,103,138,-35
20187,2001,140,160,-20
20187,2002,114,172,-58
20187,2003,123,146,-23
20187,2004,70,172,-102
20187,2005,122,160,-38
20187,2006,150,177,-27
20187,2007,124,142,-18
20187,2008,146,175,-29
20187,2009,176,125,51
20187,2010,127,150,-23
20189,1990,370,373,-3
20189,1991,369,337,32
20189,1992,360,389,-29
20189,1993,293,382,-89
20189,1994,382,336,46
20189,1995,327,309,18
20189,1996,353,387,-34
20189,1997,318,353,-35
20189,1998,252,352,-100
20189,1999,344,377,-33
20189,2000,278,429,-151
20189,2001,339,416,-77
20189,2002,344,362,-18
20189,2003,392,268,124
20189,2004,266,383,-117
20189,2005,334,461,-127
20189,2006,338,387,-49
20189,2007,281,344,-63
20189,2008,331,303,28
20189,2009,316,224,92
20189,2010,226,356,-130
20191,1990,1523,1461,62
20191,1991,1682,1567,115
20191,1992,1661,1594,67
20191,1993,1489,1499,-10
20191,1994,1576,1546,30
20191,1995,1246,1096,150
20191,1996,1248,1138,110
20191,1997,1305,1210,95
20191,1998,1127,1238,-111
20191,1999,1206,1197,9
20191,2000,1090,1333,-243
20191,2001,1092,1343,-251
20191,2002,996,1223,-227
20191,2003,1063,1130,-67
20191,2004,1139,1374,-235
20191,2005,1217,1386,-169
20191,2006,1284,1423,-139
20191,2007,1346,1346,0
20191,2008,1101,1278,-177
20191,2009,1060,1175,-115
20191,2010,958,1206,-248
20193,1990,492,503,-11
20193,1991,502,551,-49
20193,1992,506,679,-173
20193,1993,637,530,107
20193,1994,514,540,-26
20193,1995,539,601,-62
20193,1996,436,575,-139
20193,1997,444,599,-155
20193,1998,413,507,-94
20193,1999,436,494,-58
20193,2000,431,482,-51
20193,2001,438,523,-85
20193,2002,395,503,-108
20193,2003,401,538,-137
20193,2004,411,555,-144
20193,2005,421,539,-118
20193,2006,383,457,-74
20193,2007,376,451,-75
20193,2008,531,538,-7
20193,2009,474,381,93
20193,2010,440,504,-64
20195,1990,161,199,-38
20195,1991,116,157,-41
20195,1992,184,167,17
20195,1993,128,179,-51
20195,1994,126,120,6
20195,1995,120,143,-23
20195,1996,137,191,-54
20195,1997,120,154,-34
20195,1998,154,171,-17
20195,1999,111,216,-105
20195,2000,147,186,-39
20195,2001,122,183,-61
20195,2002,114,120,-6
20195,2003,159,91,68
20195,2004,118,175,-57
20195,2005,151,147,4
20195,2006,141,147,-6
20195,2007,170,150,20
20195,2008,159,134,25
20195,2009,155,141,14
20195,2010,149,175,-26
20197,1990,372,504,-132
20197,1991,396,459,-63
20197,1992,402,465,-63
20197,1993,438,420,18
20197,1994,419,439,-20
20197,1995,386,377,9
20197,1996,377,362,15
20197,1997,466,499,-33
20197,1998,336,379,-43
20197,1999,337,339,-2
20197,2000,344,390,-46
20197,2001,316,350,-34
20197,2002,358,331,27
20197,2003,424,367,57
20197,2004,429,353,76
20197,2005,437,503,-66
20197,2006,549,405,144
20197,2007,484,412,72
20197,2008,425,413,12
20197,2009,375,401,-26
20197,2010,404,389,15
20199,1990,0,0,0
20199,1991,0,0,0
20199,1992,96,93,3
20199,1993,88,112,-24
20199,1994,66,94,-28
20199,1995,88,78,10
20199,1996,73,92,-19
20199,1997,86,88,-2
20199,1998,85,109,-24
20199,1999,55,109,-54
20199,2000,60,103,-43
20199,2001,80,92,-12
20199,2002,52,105,-53
20199,2003,66,105,-39
20199,2004,80,86,-6
20199,2005,66,61,5
20199,2006,65,86,-21
20199,2007,59,99,-40
20199,2008,85,82,3
20199,2009,84,74,10
20199,2010,94,58,36
20201,1990,0,291,-291
20201,1991,207,239,-32
20201,1992,243,245,-2
20201,1993,268,238,30
20201,1994,282,224,58
20201,1995,222,259,-37
20201,1996,210,256,-46
20201,1997,181,260,-79
20201,1998,241,270,-29
20201,1999,224,245,-21
20201,2000,220,299,-79
20201,2001,236,256,-20
20201,2002,210,238,-28
20201,2003,217,272,-55
20201,2004,214,248,-34
20201,2005,218,237,-19
20201,2006,199,234,-35
20201,2007,194,215,-21
20201,2008,208,243,-35
20201,2009,326,308,18
20201,2010,250,183,67
20203,1990,0,210,-210
20203,1991,0,0,0
20203,1992,190,188,2
20203,1993,244,212,32
20203,1994,164,215,-51
20203,1995,115,190,-75
20203,1996,126,166,-40
20203,1997,147,231,-84
20203,1998,106,185,-79
20203,1999,136,165,-29
20203,2000,177,178,-1
20203,2001,124,148,-24
20203,2002,115,158,-43
20203,2003,59,144,-85
20203,2004,137,162,-25
20203,2005,114,156,-42
20203,2006,93,179,-86
20203,2007,109,146,-37
20203,2008,125,154,-29
20203,2009,142,132,10
20203,2010,122,106,16
20205,1990,482,642,-160
20205,1991,550,488,62
20205,1992,644,467,177
20205,1993,568,449,119
20205,1994,587,559,28
20205,1995,511,476,35
20205,1996,500,481,19
20205,1997,511,539,-28
20205,1998,555,508,47
20205,1999,519,571,-52
20205,2000,540,518,22
20205,2001,488,557,-69
20205,2002,443,452,-9
20205,2003,372,499,-127
20205,2004,506,514,-8
20205,2005,547,544,3
20205,2006,548,500,48
20205,2007,494,647,-153
20205,2008,473,540,-67
20205,2009,396,425,-29
20205,2010,400,473,-73
20207,1990,214,275,-61
20207,1991,251,217,34
20207,1992,238,190,48
20207,1993,188,181,7
20207,1994,190,164,26
20207,1995,158,171,-13
20207,1996,179,167,12
20207,1997,209,197,12
20207,1998,156,155,1
20207,1999,179,232,-53
20207,2000,199,159,40
20207,2001,128,201,-73
20207,2002,143,124,19
20207,2003,148,174,-26
20207,2004,182,147,35
20207,2005,155,187,-32
20207,2006,157,191,-34
20207,2007,166,182,-16
20207,2008,166,152,14
20207,2009,186,158,28
20207,2010,157,139,18
20209,1990,6928,9414,-2486
20209,1991,7070,9412,-2342
20209,1992,6890,9075,-2185
20209,1993,6765,9236,-2471
20209,1994,7251,8985,-1734
20209,1995,6901,8334,-1433
20209,1996,7277,8524,-1247
20209,1997,7354,8652,-1298
20209,1998,7296,9306,-2010
20209,1999,7267,9153,-1886
20209,2000,7335,8447,-1112
20209,2001,7150,9337,-2187
20209,2002,7040,9213,-2173
20209,2003,7099,9296,-2197
20209,2004,7401,9011,-1610
20209,2005,7630,9430,-1800
20209,2006,7676,8917,-1241
20209,2007,8196,9090,-894
20209,2008,8521,8940,-419
20209,2009,8156,8606,-450
20209,2010,7814,8878,-1064
21001,1990,512,425,87
21001,1991,547,458,89
21001,1992,524,414,110
21001,1993,708,417,291
21001,1994,608,425,183
21001,1995,660,546,114
21001,1996,590,565,25
21001,1997,683,731,-48
21001,1998,697,724,-27
21001,1999,740,641,99
21001,2000,621,596,25
21001,2001,652,632,20
21001,2002,645,595,50
21001,2003,710,677,33
21001,2004,596,577,19
21001,2005,682,550,132
21001,2006,604,562,42
21001,2007,619,627,-8
21001,2008,702,617,85
21001,2009,635,738,-103
21001,2010,676,601,75
21003,1990,472,516,-44
21003,1991,570,428,142
21003,1992,648,492,156
21003,1993,666,480,186
21003,1994,678,435,243
21003,1995,1127,970,157
21003,1996,1267,977,290
21003,1997,1392,1018,374
21003,1998,1349,1070,279
21003,1999,1224,1210,14
21003,2000,1267,1096,171
21003,2001,1345,1158,187
21003,2002,1283,1121,162
21003,2003,1396,1097,299
21003,2004,805,734,71
21003,2005,958,816,142
21003,2006,827,664,163
21003,2007,897,729,168
21003,2008,805,823,-18
21003,2009,806,706,100
21003,2010,803,696,107
21005,1990,872,566,306
21005,1991,1023,668,355
21005,1992,1084,644,440
21005,1993,1056,704,352
21005,1994,1042,738,304
21005,1995,1474,1003,471
21005,1996,1361,1135,226
21005,1997,1455,1057,398
21005,1998,1361,1129,232
21005,1999,1381,1135,246
21005,2000,1371,1073,298
21005,2001,1261,1271,-10
21005,2002,1294,1090,204
21005,2003,1328,1126,202
21005,2004,1177,982,195
21005,2005,1307,935,372
21005,2006,1400,1024,376
21005,2007,1258,1149,109
21005,2008,1263,1031,232
21005,2009,1209,1087,122
21005,2010,1316,1126,190
21007,1990,452,408,44
21007,1991,393,402,-9
21007,1992,450,390,60
21007,1993,471,371,100
21007,1994,438,366,72
21007,1995,391,349,42
21007,1996,466,381,85
21007,1997,442,347,95
21007,1998,386,375,11
21007,1999,428,335,93
21007,2000,354,430,-76
21007,2001,336,374,-38
21007,2002,428,353,75
21007,2003,406,416,-10
21007,2004,380,338,42
21007,2005,356,393,-37
21007,2006,390,306,84
21007,2007,432,356,76
21007,2008,377,417,-40
21007,2009,347,327,20
21007,2010,356,343,13
21009,1990,1321,1140,181
21009,1991,1314,1209,105
21009,1992,1448,1119,329
21009,1993,1359,1172,187
21009,1994,1658,1208,450
21009,1995,1636,1304,332
21009,1996,1609,1242,367
21009,1997,1554,1401,153
21009,1998,1674,1404,270
21009,1999,1766,1488,278
21009,2000,1752,1421,331
21009,2001,1727,1600,127
21009,2002,1722,1430,292
21009,2003,1734,1523,211
21009,2004,1792,1496,296
21009,2005,1819,1545,274
21009,2006,1786,1458,328
21009,2007,1710,1507,203
21009,2008,1758,1636,122
21009,2009,1551,1697,-146
21009,2010,1716,1516,200
21011,1990,362,356,6
21011,1991,390,301,89
21011,1992,413,371,42
21011,1993,358,356,2
21011,1994,385,315,70
21011,1995,400,406,-6
21011,1996,570,396,174
21011,1997,627,453,174
21011,1998,606,491,115
21011,1999,672,503,169
21011,2000,654,520,134
21011,2001,618,501,117
21011,2002,570,544,26
21011,2003,629,548,81
21011,2004,539,454,85
21011,2005,547,486,61
21011,2006,571,545,26
21011,2007,660,528,132
21011,2008,542,602,-60
21011,2009,578,467,111
21011,2010,592,458,134
21013,1990,985,1298,-313
21013,1991,869,1121,-252
21013,1992,945,968,-23
21013,1993,925,1011,-86
21013,1994,864,1087,-223
21013,1995,894,1082,-188
21013,1996,924,1145,-221
21013,1997,713,1174,-461
21013,1998,972,1107,-135
21013,1999,947,1046,-99
21013,2000,933,1120,-187
21013,2001,1086,910,176
21013,2002,972,998,-26
21013,2003,918,1069,-151
21013,2004,964,1064,-100
21013,2005,849,921,-72
21013,2006,892,997,-105
21013,2007,973,968,5
21013,2008,831,911,-80
21013,2009,919,828,91
21013,2010,763,838,-75
21015,1990,6016,4313,1703
21015,1991,6115,4590,1525
21015,1992,6316,4671,1645
21015,1993,6726,4965,1761
21015,1994,6823,5362,1461
21015,1995,7440,5340,2100
21015,1996,8234,5824,2410
21015,1997,8786,6109,2677
21015,1998,9300,6570,2730
21015,1999,9322,6519,2803
21015,2000,9090,7023,2067
21015,2001,9559,7350,2209
21015,2002,9368,7020,2348
21015,2003,10296,7370,2926
21015,2004,10026,6894,3132
21015,2005,9818,7661,2157
21015,2006,9252,7588,1664
21015,2007,9496,7852,1644
21015,2008,8692,7616,1076
21015,2009,8098,7442,656
21015,2010,8355,7302,1053
21017,1990,1039,1034,5
21017,1991,982,998,-16
21017,1992,1004,1043,-39
21017,1993,846,968,-122
21017,1994,955,945,10
21017,1995,975,1031,-56
21017,1996,1196,1112,84
21017,1997,1162,1180,-18
21017,1998,1197,1205,-8
21017,1999,1138,1183,-45
21017,2000,1258,1149,109
21017,2001,1138,1162,-24
21017,2002,1228,1186,42
21017,2003,1201,1095,106
21017,2004,1046,961,85
21017,2005,959,1033,-74
21017,2006,1057,1064,-7
21017,2007,1191,1105,86
21017,2008,1027,1004,23
21017,2009,882,959,-77
21017,2010,966,991,-25
21019,1990,2252,2230,22
21019,1991,2124,2301,-177
21019,1992,2053,2143,-90
21019,1993,1833,2252,-419
21019,1994,2160,2324,-164
21019,1995,2119,2310,-191
21019,1996,1954,2139,-185
21019,1997,2050,2275,-225
21019,1998,2139,2714,-575
21019,1999,2197,2415,-218
21019,2000,2279,2255,24
21019,2001,2371,2145,226
21019,2002,2166,2096,70
21019,2003,1964,2113,-149
21019,2004,1981,2020,-39
21019,2005,1948,1856,92
21019,2006,1936,2005,-69
21019,2007,2157,2008,149
21019,2008,2276,1992,284
21019,2009,2073,1790,283
21019,2010,1939,2041,-102
21021,1990,1369,1359,10
21021,1991,1403,1302,101
21021,1992,1422,1211,211
21021,1993,1464,1247,217
21021,1994,1356,1274,82
21021,1995,1550,1401,149
21021,1996,1554,1518,36
21021,1997,1685,1593,92
21021,1998,1719,1536,183
21021,1999,1604,1648,-44
21021,2000,1474,1621,-147
21021,2001,1590,1506,84
21021,2002,1571,1451,120
21021,2003,1726,1476,250
21021,2004,1532,1448,84
21021,2005,1511,1521,-10
21021,2006,1549,1444,105
21021,2007,1592,1435,157
21021,2008,1548,1583,-35
21021,2009,1533,1388,145
21021,2010,1459,1358,101
21023,1990,417,304,113
21023,1991,429,334,95
21023,1992,375,302,73
21023,1993,363,358,5
21023,1994,370,330,40
21023,1995,436,356,80
21023,1996,454,395,59
21023,1997,508,446,62
21023,1998,509,480,29
21023,1999,518,504,14
21023,2000,513,444,69
21023,2001,580,491,89
21023,2002,455,429,26
21023,2003,579,403,176
21023,2004,440,485,-45
21023,2005,477,482,-5
21023,2006,428,452,-24
21023,2007,432,399,33
21023,2008,487,484,3
21023,2009,400,389,11
21023,2010,404,392,12
21025,1990,607,1111,-504
21025,1991,681,669,12
21025,1992,690,675,15
21025,1993,632,634,-2
21025,1994,678,676,2
21025,1995,438,434,4
21025,1996,528,475,53
21025,1997,491,504,-13
21025,1998,479,517,-38
21025,1999,400,489,-89
21025,2000,480,500,-20
21025,2001,550,606,-56
21025,2002,455,505,-50
21025,2003,486,448,38
21025,2004,382,376,6
21025,2005,336,385,-49
21025,2006,314,326,-12
21025,2007,402,330,72
21025,2008,307,372,-65
21025,2009,386,346,40
21025,2010,279,339,-60
21027,1990,640,591,49
21027,1991,689,546,143
21027,1992,671,584,87
21027,1993,547,637,-90
21027,1994,728,624,104
21027,1995,1034,668,366
21027,1996,1126,753,373
21027,1997,1006,903,103
21027,1998,1048,811,237
21027,1999,998,817,181
21027,2000,1135,919,216
21027,2001,1005,847,158
21027,2002,979,822,157
21027,2003,1070,943,127
21027,2004,977,805,172
21027,2005,870,838,32
21027,2006,921,731,190
21027,2007,957,794,163
21027,2008,813,854,-41
21027,2009,872,708,164
21027,2010,997,837,160
21029,1990,3625,2888,737
21029,1991,3777,2705,1072
21029,1992,4256,2976,1280
21029,1993,4150,2964,1186
21029,1994,4191,3221,970
21029,1995,3789,3132,657
21029,1996,3849,3539,310
21029,1997,4099,3196,903
21029,1998,4480,3397,1083
21029,1999,4470,3312,1158
21029,2000,4201,3634,567
21029,2001,4780,3815,965
21029,2002,4528,3637,891
21029,2003,4985,3736,1249
21029,2004,4638,3575,1063
21029,2005,4725,3704,1021
21029,2006,4477,3549,928
21029,2007,4517,3707,810
21029,2008,4138,3543,595
21029,2009,3874,3499,375
21029,2010,3801,3392,409
21031,1990,390,371,19
21031,1991,386,309,77
21031,1992,431,378,53
21031,1993,486,352,134
21031,1994,536,407,129
21031,1995,479,471,8
21031,1996,554,457,97
21031,1997,582,439,143
21031,1998,470,392,78
21031,1999,517,502,15
21031,2000,551,505,46
21031,2001,510,502,8
21031,2002,481,482,-1
21031,2003,576,478,98
21031,2004,446,491,-45
21031,2005,632,631,1
21031,2006,398,449,-51
21031,2007,647,598,49
21031,2008,496,509,-13
21031,2009,489,458,31
21031,2010,517,464,53
21033,1990,460,539,-79
21033,1991,550,518,32
21033,1992,511,574,-63
21033,1993,628,463,165
21033,1994,583,543,40
21033,1995,637,589,48
21033,1996,634,571,63
21033,1997,599,625,-26
21033,1998,609,602,7
21033,1999,598,692,-94
21033,2000,549,577,-28
21033,2001,572,572,0
21033,2002,556,505,51
21033,2003,631,609,22
21033,2004,556,453,103
21033,2005,559,484,75
21033,2006,571,454,117
21033,2007,661,530,131
21033,2008,546,517,29
21033,2009,526,499,27
21033,2010,542,485,57
21035,1990,1386,1222,164
21035,1991,1528,1123,405
21035,1992,1516,1243,273
21035,1993,1505,1233,272
21035,1994,1527,1358,169
21035,1995,1608,1377,231
21035,1996,1820,1339,481
21035,1997,1548,1358,190
21035,1998,1456,1571,-115
21035,1999,1386,1513,-127
21035,2000,1557,1455,102
21035,2001,1495,1471,24
21035,2002,1657,1415,242
21035,2003,1634,1427,207
21035,2004,1611,1454,157
21035,2005,1817,1527,290
21035,2006,1614,1548,66
21035,2007,1596,1657,-61
21035,2008,1642,1616,26
21035,2009,1600,1487,113
21035,2010,1505,1481,24
21037,1990,3731,3911,-180
21037,1991,3969,3831,138
21037,1992,4180,3877,303
21037,1993,4355,4291,64
21037,1994,4437,4199,238
21037,1995,4145,4310,-165
21037,1996,4172,4277,-105
21037,1997,4035,4573,-538
21037,1998,4195,4707,-512
21037,1999,4326,4776,-450
21037,2000,4123,4507,-384
21037,2001,4083,4557,-474
21037,2002,4024,4729,-705
21037,2003,4167,4886,-719
21037,2004,4330,4640,-310
21037,2005,4351,4907,-556
21037,2006,4183,4549,-366
21037,2007,4452,4586,-134
21037,2008,4579,4462,117
21037,2009,4606,4350,256
21037,2010,4343,4337,6
21039,1990,239,210,29
21039,1991,241,212,29
21039,1992,239,222,17
21039,1993,242,234,8
21039,1994,301,193,108
21039,1995,245,234,11
21039,1996,321,306,15
21039,1997,263,305,-42
21039,1998,322,293,29
21039,1999,283,285,-2
21039,2000,291,287,4
21039,2001,289,282,7
21039,2002,226,234,-8
21039,2003,251,254,-3
21039,2004,243,272,-29
21039,2005,264,254,10
21039,2006,179,253,-74
21039,2007,221,228,-7
21039,2008,234,190,44
21039,2009,201,194,7
21039,2010,166,216,-50
21041,1990,505,403,102
21041,1991,527,447,80
21041,1992,492,519,-27
21041,1993,549,505,44
21041,1994,580,574,6
21041,1995,456,610,-154
21041,1996,678,595,83
21041,1997,596,592,4
21041,1998,705,591,114
21041,1999,713,634,79
21041,2000,662,670,-8
21041,2001,661,605,56
21041,2002,592,650,-58
21041,2003,697,689,8
21041,2004,736,650,86
21041,2005,708,751,-43
21041,2006,693,685,8
21041,2007,740,738,2
21041,2008,786,721,65
21041,2009,685,784,-99
21041,2010,765,686,79
21043,1990,899,721,178
21043,1991,823,706,117
21043,1992,921,668,253
21043,1993,834,688,146
21043,1994,986,740,246
21043,1995,811,682,129
21043,1996,881,725,156
21043,1997,927,759,168
21043,1998,927,836,91
21043,1999,883,980,-97
21043,2000,825,827,-2
21043,2001,952,780,172
21043,2002,840,808,32
21043,2003,903,929,-26
21043,2004,878,736,142
21043,2005,901,822,79
21043,2006,836,861,-25
21043,2007,930,827,103
21043,2008,909,845,64
21043,2009,840,794,46
21043,2010,763,848,-85
21045,1990,430,431,-1
21045,1991,522,366,156
21045,1992,511,436,75
21045,1993,496,508,-12
21045,1994,506,496,10
21045,1995,591,582,9
21045,1996,689,634,55
21045,1997,695,503,192
21045,1998,666,603,63
21045,1999,723,608,115
21045,2000,641,551,90
21045,2001,740,597,143
21045,2002,688,558,130
21045,2003,665,577,88
21045,2004,558,434,124
21045,2005,559,532,27
21045,2006,485,496,-11
21045,2007,618,510,108
21045,2008,515,444,71
21045,2009,568,513,55
21045,2010,455,483,-28
21047,1990,9010,11929,-2919
21047,1991,11604,8950,2654
21047,1992,12762,15164,-2402
21047,1993,11666,12636,-970
21047,1994,11289,13055,-1766
21047,1995,11212,12888,-1676
21047,1996,11511,12580,-1069
21047,1997,11100,13309,-2209
21047,1998,10964,12875,-1911
21047,1999,11221,12656,-1435
21047,2000,11344,12501,-1157
21047,2001,10875,13114,-2239
21047,2002,9916,12417,-2501
21047,2003,7672,9044,-1372
21047,2004,10161,11110,-949
21047,2005,7202,10933,-3731
21047,2006,8852,7321,1531
21047,2007,8701,11403,-2702
21047,2008,8036,7559,477
21047,2009,9593,10855,-1262
21047,2010,8097,9735,-1638
21049,1990,1667,1654,13
21049,1991,1643,1506,137
21049,1992,1629,1618,11
21049,1993,1641,1588,53
21049,1994,1753,1634,119
21049,1995,1942,1482,460
21049,1996,1779,1769,10
21049,1997,1886,1747,139
21049,1998,2037,1710,327
21049,1999,1938,1757,181
21049,2000,1885,1800,85
21049,2001,1875,1784,91
21049,2002,1986,1735,251
21049,2003,1969,1706,263
21049,2004,1924,1648,276
21049,2005,1942,1696,246
21049,2006,1970,1644,326
21049,2007,1943,1928,15
21049,2008,1885,1647,238
21049,2009,1761,1691,70
21049,2010,1708,1695,13
21051,1990,465,441,24
21051,1991,490,464,26
21051,1992,552,416,136
21051,1993,460,545,-85
21051,1994,490,535,-45
21051,1995,481,538,-57
21051,1996,468,545,-77
21051,1997,510,447,63
21051,1998,442,514,-72
21051,1999,384,533,-149
21051,2000,380,448,-68
21051,2001,446,493,-47
21051,2002,442,562,-120
21051,2003,510,546,-36
21051,2004,471,569,-98
21051,2005,444,558,-114
21051,2006,487,530,-43
21051,2007,781,750,31
21051,2008,471,531,-60
21051,2009,479,513,-34
21051,2010,499,515,-16
21053,1990,250,223,27
21053,1991,231,243,-12
21053,1992,267,227,40
21053,1993,266,283,-17
21053,1994,296,241,55
21053,1995,234,268,-34
21053,1996,249,246,3
21053,1997,290,241,49
21053,1998,308,225,83
21053,1999,305,326,-21
21053,2000,265,280,-15
21053,2001,355,326,29
21053,2002,294,298,-4
21053,2003,302,344,-42
21053,2004,297,299,-2
21053,2005,314,285,29
21053,2006,293,233,60
21053,2007,327,259,68
21053,2008,344,381,-37
21053,2009,350,328,22
21053,2010,265,397,-132
21055,1990,401,343,58
21055,1991,413,355,58
21055,1992,433,311,122
21055,1993,350,377,-27
21055,1994,398,356,42
21055,1995,309,273,36
21055,1996,340,296,44
21055,1997,348,227,121
21055,1998,317,326,-9
21055,1999,343,293,50
21055,2000,307,422,-115
21055,2001,323,341,-18
21055,2002,334,340,-6
21055,2003,313,375,-62
21055,2004,325,340,-15
21055,2005,370,306,64
21055,2006,355,362,-7
21055,2007,397,346,51
21055,2008,332,395,-63
21055,2009,330,306,24
21055,2010,328,309,19
21057,1990,220,220,0
21057,1991,0,189,-189
21057,1992,227,171,56
21057,1993,236,192,44
21057,1994,206,200,6
21057,1995,229,175,54
21057,1996,167,199,-32
21057,1997,225,222,3
21057,1998,226,194,32
21057,1999,295,220,75
21057,2000,238,207,31
21057,2001,261,242,19
21057,2002,234,200,34
21057,2003,228,223,5
21057,2004,214,259,-45
21057,2005,204,196,8
21057,2006,186,223,-37
21057,2007,217,194,23
21057,2008,240,219,21
21057,2009,169,159,10
21057,2010,231,206,25
21059,1990,2763,2892,-129
21059,1991,2874,2560,314
21059,1992,2892,2667,225
21059,1993,3021,2604,417
21059,1994,2954,2876,78
21059,1995,2809,3012,-203
21059,1996,2919,3163,-244
21059,1997,2968,3182,-214
21059,1998,3053,3121,-68
21059,1999,3000,3139,-139
21059,2000,2877,3141,-264
21059,2001,2883,3145,-262
21059,2002,2838,2692,146
21059,2003,2783,3037,-254
21059,2004,2796,2935,-139
21059,2005,3040,2814,226
21059,2006,2939,2814,125
21059,2007,3060,2798,262
21059,2008,3055,2687,368
21059,2009,2844,2792,52
21059,2010,2724,2681,43
21061,1990,377,347,30
21061,1991,290,386,-96
21061,1992,350,250,100
21061,1993,371,309,62
21061,1994,420,303,117
21061,1995,655,441,214
21061,1996,597,462,135
21061,1997,559,418,141
21061,1998,631,420,211
21061,1999,595,539,56
21061,2000,579,502,77
21061,2001,602,544,58
21061,2002,513,475,38
21061,2003,616,623,-7
21061,2004,557,438,119
21061,2005,616,601,15
21061,2006,673,653,20
21061,2007,582,474,108
21061,2008,514,496,18
21061,2009,559,440,119
21061,2010,497,489,8
21063,1990,185,127,58
21063,1991,147,144,3
21063,1992,164,163,1
21063,1993,116,164,-48
21063,1994,165,183,-18
21063,1995,261,267,-6
21063,1996,262,279,-17
21063,1997,362,339,23
21063,1998,228,309,-81
21063,1999,295,211,84
21063,2000,205,208,-3
21063,2001,196,181,15
21063,2002,362,175,187
21063,2003,193,224,-31
21063,2004,197,184,13
21063,2005,256,193,63
21063,2006,201,234,-33
21063,2007,246,175,71
21063,2008,221,169,52
21063,2009,184,182,2
21063,2010,142,188,-46
21065,1990,459,357,102
21065,1991,455,347,108
21065,1992,408,347,61
21065,1993,441,370,71
21065,1994,428,376,52
21065,1995,566,559,7
21065,1996,659,700,-41
21065,1997,727,608,119
21065,1998,644,735,-91
21065,1999,641,627,14
21065,2000,623,604,19
21065,2001,643,613,30
21065,2002,614,686,-72
21065,2003,589,648,-59
21065,2004,451,514,-63
21065,2005,507,454,53
21065,2006,501,483,18
21065,2007,483,516,-33
21065,2008,459,453,6
21065,2009,479,435,44
21065,2010,544,504,40
21067,1990,13270,12958,312
21067,1991,13857,12706,1151
21067,1992,14015,12858,1157
21067,1993,13574,13370,204
21067,1994,13330,14284,-954
21067,1995,13584,13550,34
21067,1996,13792,14329,-537
21067,1997,14171,13972,199
21067,1998,15040,14773,267
21067,1999,14001,15037,-1036
21067,2000,13664,14794,-1130
21067,2001,13163,14678,-1515
21067,2002,13689,13444,245
21067,2003,13013,14354,-1341
21067,2004,13273,14200,-927
21067,2005,14214,14338,-124
21067,2006,13392,13976,-584
21067,2007,14365,14526,-161
21067,2008,14100,13828,272
21067,2009,13361,13502,-141
21067,2010,14098,13523,575
21069,1990,489,368,121
21069,1991,529,399,130
21069,1992,498,421,77
21069,1993,485,424,61
21069,1994,479,341,138
21069,1995,490,403,87
21069,1996,548,517,31
21069,1997,563,385,178
21069,1998,526,460,66
21069,1999,675,486,189
21069,2000,669,484,185
21069,2001,543,518,25
21069,2002,677,533,144
21069,2003,599,535,64
21069,2004,556,479,77
21069,2005,567,593,-26
21069,2006,651,486,165
21069,2007,608,556,52
21069,2008,533,590,-57
21069,2009,574,468,106
21069,2010,623,542,81
21071,1990,1203,1236,-33
21071,1991,1198,1244,-46
21071,1992,1160,1183,-23
21071,1993,1068,1052,16
21071,1994,1079,1188,-109
21071,1995,987,1245,-258
21071,1996,1056,1278,-222
21071,1997,1110,1194,-84
21071,1998,1094,1217,-123
21071,1999,1096,1303,-207
21071,2000,1139,1273,-134
21071,2001,1205,1150,55
21071,2002,1124,1232,-108
21071,2003,1152,1149,3
21071,2004,1030,1091,-61
21071,2005,1026,1163,-137
21071,2006,1118,1124,-6
21071,2007,1135,1213,-78
21071,2008,1149,1122,27
21071,2009,1154,1189,-35
21071,2010,1017,1120,-103
21073,1990,1969,2038,-69
21073,1991,2211,1935,276
21073,1992,2194,1968,226
21073,1993,2122,2048,74
21073,1994,2347,2031,316
21073,1995,2106,1995,111
21073,1996,2116,2121,-5
21073,1997,2209,2084,125
21073,1998,2228,2265,-37
21073,1999,2554,2156,398
21073,2000,2270,2242,28
21073,2001,2154,2240,-86
21073,2002,2051,2278,-227
21073,2003,2148,2167,-19
21073,2004,1969,2151,-182
21073,2005,2002,2254,-252
21073,2006,1972,2246,-274
21073,2007,2225,2126,99
21073,2008,1930,2203,-273
21073,2009,2000,2114,-114
21073,2010,1917,2109,-192
21075,1990,443,478,-35
21075,1991,447,449,-2
21075,1992,351,677,-326
21075,1993,381,610,-229
21075,1994,576,504,72
21075,1995,743,408,335
21075,1996,462,543,-81
21075,1997,429,483,-54
21075,1998,406,487,-81
21075,1999,410,553,-143
21075,2000,526,458,68
21075,2001,444,586,-142
21075,2002,366,461,-95
21075,2003,420,513,-93
21075,2004,376,471,-95
21075,2005,346,496,-150
21075,2006,384,412,-28
21075,2007,492,417,75
21075,2008,324,446,-122
21075,2009,409,359,50
21075,2010,338,366,-28
21077,1990,365,338,27
21077,1991,364,285,79
21077,1992,350,313,37
21077,1993,462,329,133
21077,1994,437,361,76
21077,1995,446,307,139
21077,1996,450,283,167
21077,1997,530,330,200
21077,1998,510,407,103
21077,1999,484,529,-45
21077,2000,470,451,19
21077,2001,375,448,-73
21077,2002,492,405,87
21077,2003,445,481,-36
21077,2004,557,513,44
21077,2005,460,533,-73
21077,2006,501,502,-1
21077,2007,554,534,20
21077,2008,586,591,-5
21077,2009,613,614,-1
21077,2010,566,539,27
21079,1990,778,621,157
21079,1991,805,605,200
21079,1992,702,585,117
21079,1993,864,581,283
21079,1994,851,652,199
21079,1995,989,762,227
21079,1996,1163,840,323
21079,1997,1131,846,285
21079,1998,1301,895,406
21079,1999,1407,1084,323
21079,2000,1275,1054,221
21079,2001,1565,1068,497
21079,2002,1355,1098,257
21079,2003,1507,1317,190
21079,2004,1186,931,255
21079,2005,1179,919,260
21079,2006,1109,988,121
21079,2007,1000,1012,-12
21079,2008,1035,1050,-15
21079,2009,960,908,52
21079,2010,880,908,-28
21081,1990,1234,980,254
21081,1991,1232,880,352
21081,1992,1250,1027,223
21081,1993,1353,983,370
21081,1994,1528,1015,513
21081,1995,1520,1138,382
21081,1996,1448,1231,217
21081,1997,1672,1383,289
21081,1998,1739,1470,269
21081,1999,1750,1405,345
21081,2000,1703,1356,347
21081,2001,1771,1573,198
21081,2002,1680,1455,225
21081,2003,1731,1674,57
21081,2004,1867,1837,30
21081,2005,1907,1926,-19
21081,2006,1786,1636,150
21081,2007,1839,1681,158
21081,2008,1545,1739,-194
21081,2009,1640,1658,-18
21081,2010,1506,1603,-97
21083,1990,1229,1134,95
21083,1991,1265,1063,202
21083,1992,1377,1118,259
21083,1993,1499,1163,336
21083,1994,1439,1193,246
21083,1995,1584,1174,410
21083,1996,1390,1371,19
21083,1997,1415,1261,154
21083,1998,1384,1269,115
21083,1999,1368,1345,23
21083,2000,1407,1469,-62
21083,2001,1423,1441,-18
21083,2002,1372,1243,129
21083,2003,1273,1376,-103
21083,2004,1401,1281,120
21083,2005,1309,1313,-4
21083,2006,1268,1255,13
21083,2007,1253,1334,-81
21083,2008,1266,1285,-19
21083,2009,1331,1141,190
21083,2010,1352,1329,23
21085,1990,865,564,301
21085,1991,772,637,135
21085,1992,894,534,360
21085,1993,962,683,279
21085,1994,949,709,240
21085,1995,771,684,87
21085,1996,959,689,270
21085,1997,959,662,297
21085,1998,752,729,23
21085,1999,796,687,109
21085,2000,830,796,34
21085,2001,832,784,48
21085,2002,905,675,230
21085,2003,922,734,188
21085,2004,896,784,112
21085,2005,837,780,57
21085,2006,759,718,41
21085,2007,825,763,62
21085,2008,829,750,79
21085,2009,901,665,236
21085,2010,802,690,112
21087,1990,296,282,14
21087,1991,327,300,27
21087,1992,309,273,36
21087,1993,300,303,-3
21087,1994,362,308,54
21087,1995,553,482,71
21087,1996,497,515,-18
21087,1997,509,456,53
21087,1998,555,507,48
21087,1999,601,538,63
21087,2000,601,458,143
21087,2001,588,562,26
21087,2002,591,456,135
21087,2003,527,582,-55
21087,2004,417,419,-2
21087,2005,455,392,63
21087,2006,443,412,31
21087,2007,487,480,7
21087,2008,426,419,7
21087,2009,359,399,-40
21087,2010,361,414,-53
21089,1990,1622,1767,-145
21089,1991,1825,1569,256
21089,1992,1552,1634,-82
21089,1993,1585,1562,23
21089,1994,1653,1795,-142
21089,1995,1645,1609,36
21089,1996,1638,1660,-22
21089,1997,1479,1636,-157
21089,1998,1617,1833,-216
21089,1999,1585,1673,-88
21089,2000,1590,1536,54
21089,2001,1573,1636,-63
21089,2002,1648,1464,184
21089,2003,1560,1470,90
21089,2004,1591,1503,88
21089,2005,1661,1527,134
21089,2006,1691,1433,258
21089,2007,1605,1491,114
21089,2008,1657,1476,181
21089,2009,1483,1408,75
21089,2010,1593,1592,1
21091,1990,357,407,-50
21091,1991,415,432,-17
21091,1992,415,316,99
21091,1993,377,357,20
21091,1994,488,389,99
21091,1995,486,357,129
21091,1996,559,468,91
21091,1997,515,485,30
21091,1998,455,487,-32
21091,1999,470,440,30
21091,2000,421,451,-30
21091,2001,417,434,-17
21091,2002,368,415,-47
21091,2003,393,409,-16
21091,2004,484,383,101
21091,2005,433,461,-28
21091,2006,411,387,24
21091,2007,428,383,45
21091,2008,430,418,12
21091,2009,342,372,-30
21091,2010,419,385,34
21093,1990,8773,11439,-2666
21093,1991,12935,9289,3646
21093,1992,11555,12503,-948
21093,1993,10843,10683,160
21093,1994,9846,10768,-922
21093,1995,8549,10871,-2322
21093,1996,8776,9275,-499
21093,1997,9007,9463,-456
21093,1998,8983,9092,-109
21093,1999,9026,8999,27
21093,2000,9060,9010,50
21093,2001,8835,9129,-294
21093,2002,8212,8655,-443
21093,2003,7903,8119,-216
21093,2004,8284,7809,475
21093,2005,7994,8047,-53
21093,2006,7826,7859,-33
21093,2007,8292,7985,307
21093,2008,8488,8274,214
21093,2009,11673,7595,4078
21093,2010,10099,10351,-252
21095,1990,860,963,-103
21095,1991,682,941,-259
21095,1992,713,896,-183
21095,1993,719,884,-165
21095,1994,745,757,-12
21095,1995,674,1101,-427
21095,1996,653,851,-198
21095,1997,610,923,-313
21095,1998,633,1016,-383
21095,1999,558,965,-407
21095,2000,682,950,-268
21095,2001,774,687,87
21095,2002,603,816,-213
21095,2003,632,791,-159
21095,2004,710,724,-14
21095,2005,671,652,19
21095,2006,687,637,50
21095,2007,566,680,-114
21095,2008,725,582,143
21095,2009,565,586,-21
21095,2010,461,518,-57
21097,1990,766,617,149
21097,1991,751,663,88
21097,1992,770,684,86
21097,1993,762,657,105
21097,1994,816,681,135
21097,1995,805,640,165
21097,1996,852,713,139
21097,1997,938,683,255
21097,1998,869,754,115
21097,1999,927,826,101
21097,2000,834,849,-15
21097,2001,877,884,-7
21097,2002,870,781,89
21097,2003,785,814,-29
21097,2004,770,685,85
21097,2005,823,744,79
21097,2006,842,731,111
21097,2007,847,763,84
21097,2008,786,762,24
21097,2009,710,768,-58
21097,2010,675,786,-111
21099,1990,794,534,260
21099,1991,695,523,172
21099,1992,686,523,163
21099,1993,739,542,197
21099,1994,812,565,247
21099,1995,613,567,46
21099,1996,693,571,122
21099,1997,652,558,94
21099,1998,665,593,72
21099,1999,777,538,239
21099,2000,608,739,-131
21099,2001,792,605,187
21099,2002,742,643,99
21099,2003,708,578,130
21099,2004,824,656,168
21099,2005,835,745,90
21099,2006,707,633,74
21099,2007,904,724,180
21099,2008,719,746,-27
21099,2009,751,692,59
21099,2010,793,787,6
21101,1990,1671,1640,31
21101,1991,1765,1433,332
21101,1992,1668,1521,147
21101,1993,1548,1621,-73
21101,1994,1593,1605,-12
21101,1995,1543,1572,-29
21101,1996,1711,1723,-12
21101,1997,1709,1800,-91
21101,1998,1772,1937,-165
21101,1999,1683,1840,-157
21101,2000,1666,1654,12
21101,2001,1657,1666,-9
21101,2002,1620,1639,-19
21101,2003,1743,1748,-5
21101,2004,1681,1698,-17
21101,2005,1731,1865,-134
21101,2006,1529,1644,-115
21101,2007,1655,1633,22
21101,2008,1601,1774,-173
21101,2009,1587,1470,117
21101,2010,1497,1480,17
21103,1990,854,619,235
21103,1991,780,584,196
21103,1992,845,616,229
21103,1993,745,705,40
21103,1994,786,744,42
21103,1995,918,698,220
21103,1996,959,778,181
21103,1997,848,836,12
21103,1998,964,800,164
21103,1999,955,898,57
21103,2000,963,952,11
21103,2001,965,895,70
21103,2002,983,829,154
21103,2003,1020,887,133
21103,2004,890,870,20
21103,2005,980,877,103
21103,2006,861,899,-38
21103,2007,875,801,74
21103,2008,834,721,113
21103,2009,750,836,-86
21103,2010,845,874,-29
21105,1990,268,241,27
21105,1991,231,245,-14
21105,1992,322,221,101
21105,1993,205,259,-54
21105,1994,217,279,-62
21105,1995,254,223,31
21105,1996,204,223,-19
21105,1997,193,219,-26
21105,1998,250,246,4
21105,1999,188,210,-22
21105,2000,224,236,-12
21105,2001,181,159,22
21105,2002,193,191,2
21105,2003,260,288,-28
21105,2004,207,216,-9
21105,2005,197,253,-56
21105,2006,203,176,27
21105,2007,240,238,2
21105,2008,198,201,-3
21105,2009,200,239,-39
21105,2010,195,207,-12
21107,1990,1633,1556,77
21107,1991,1438,1550,-112
21107,1992,1570,1782,-212
21107,1993,1624,1678,-54
21107,1994,1781,1548,233
21107,1995,1594,1690,-96
21107,1996,1615,1833,-218
21107,1997,1552,1534,18
21107,1998,1466,1765,-299
21107,1999,1601,1904,-303
21107,2000,1582,1853,-271
21107,2001,1812,1625,187
21107,2002,1741,1470,271
21107,2003,1680,1719,-39
21107,2004,1532,1651,-119
21107,2005,1706,1579,127
21107,2006,1460,1541,-81
21107,2007,1723,1669,54
21107,2008,1475,1654,-179
21107,2009,1401,1525,-124
21107,2010,1443,1396,47
21109,1990,374,301,73
21109,1991,368,298,70
21109,1992,354,345,9
21109,1993,376,251,125
21109,1994,364,304,60
21109,1995,343,279,64
21109,1996,356,316,40
21109,1997,402,352,50
21109,1998,381,332,49
21109,1999,369,392,-23
21109,2000,381,276,105
21109,2001,418,393,25
21109,2002,399,403,-4
21109,2003,371,372,-1
21109,2004,366,342,24
21109,2005,403,404,-1
21109,2006,405,404,1
21109,2007,426,382,44
21109,2008,322,404,-82
21109,2009,395,336,59
21109,2010,364,388,-24
21111,1990,21293,23493,-2200
21111,1991,21576,22365,-789
21111,1992,21826,23700,-1874
21111,1993,21663,23358,-1695
21111,1994,22071,24025,-1954
21111,1995,21355,23710,-2355
21111,1996,22349,24554,-2205
21111,1997,22155,24901,-2746
21111,1998,23667,25609,-1942
21111,1999,22695,25550,-2855
21111,2000,22569,24882,-2313
21111,2001,22783,25086,-2303
21111,2002,22225,23609,-1384
21111,2003,22152,24404,-2252
21111,2004,22054,24769,-2715
21111,2005,23618,25197,-1579
21111,2006,23618,23201,417
21111,2007,24208,24093,115
21111,2008,23346,23634,-288
21111,2009,21988,23567,-1579
21111,2010,22874,24150,-1276
21113,1990,2524,2194,330
21113,1991,2686,2245,441
21113,1992,2596,2187,409
21113,1993,2540,2315,225
21113,1994,2765,2454,311
21113,1995,2972,2408,564
21113,1996,3009,2557,452
21113,1997,2917,2790,127
21113,1998,3103,2751,352
21113,1999,3068,2736,332
21113,2000,3070,2808,262
21113,2001,3288,2712,576
21113,2002,3250,2829,421
21113,2003,3289,2856,433
21113,2004,3491,2807,684
21113,2005,3775,2897,878
21113,2006,3421,2951,470
21113,2007,3513,2897,616
21113,2008,3131,2806,325
21113,2009,2932,2881,51
21113,2010,2916,2910,6
21115,1990,809,822,-13
21115,1991,839,750,89
21115,1992,839,656,183
21115,1993,624,700,-76
21115,1994,790,694,96
21115,1995,676,722,-46
21115,1996,714,743,-29
21115,1997,717,750,-33
21115,1998,736,740,-4
21115,1999,648,924,-276
21115,2000,794,753,41
21115,2001,805,790,15
21115,2002,820,768,52
21115,2003,840,676,164
21115,2004,836,753,83
21115,2005,922,794,128
21115,2006,850,836,14
21115,2007,837,776,61
21115,2008,823,790,33
21115,2009,879,670,209
21115,2010,764,693,71
21117,1990,8146,8347,-201
21117,1991,7919,8588,-669
21117,1992,8799,8376,423
21117,1993,8546,9086,-540
21117,1994,8722,8887,-165
21117,1995,8152,8899,-747
21117,1996,9143,8910,233
21117,1997,8972,9210,-238
21117,1998,9423,9757,-334
21117,1999,9250,9790,-540
21117,2000,9081,9765,-684
21117,2001,9268,10124,-856
21117,2002,9265,9518,-253
21117,2003,9546,10025,-479
21117,2004,9506,10008,-502
21117,2005,10096,9632,464
21117,2006,9724,9437,287
21117,2007,9754,9885,-131
21117,2008,9505,9537,-32
21117,2009,9087,9505,-418
21117,2010,8625,9236,-611
21119,1990,423,366,57
21119,1991,426,393,33
21119,1992,382,445,-63
21119,1993,446,415,31
21119,1994,432,456,-24
21119,1995,380,496,-116
21119,1996,397,548,-151
21119,1997,474,540,-66
21119,1998,496,541,-45
21119,1999,523,562,-39
21119,2000,543,568,-25
21119,2001,638,499,139
21119,2002,515,577,-62
21119,2003,549,650,-101
21119,2004,466,431,35
21119,2005,477,559,-82
21119,2006,458,517,-59
21119,2007,576,497,79
21119,2008,469,420,49
21119,2009,410,454,-44
21119,2010,433,452,-19
21121,1990,1031,904,127
21121,1991,993,935,58
21121,1992,950,873,77
21121,1993,871,885,-14
21121,1994,1016,902,114
21121,1995,1031,1003,28
21121,1996,998,1035,-37
21121,1997,1197,999,198
21121,1998,1114,1178,-64
21121,1999,1247,1120,127
21121,2000,1197,1404,-207
21121,2001,1273,1202,71
21121,2002,1150,1125,25
21121,2003,1338,1300,38
21121,2004,1145,1092,53
21121,2005,1047,1018,29
21121,2006,1122,1035,87
21121,2007,1129,1059,70
21121,2008,1348,1122,226
21121,2009,971,995,-24
21121,2010,1150,1022,128
21123,1990,521,500,21
21123,1991,628,510,118
21123,1992,623,529,94
21123,1993,688,487,201
21123,1994,671,606,65
21123,1995,670,556,114
21123,1996,709,632,77
21123,1997,656,545,111
21123,1998,627,605,22
21123,1999,718,610,108
21123,2000,623,658,-35
21123,2001,715,662,53
21123,2002,698,694,4
21123,2003,775,700,75
21123,2004,838,679,159
21123,2005,848,728,120
21123,2006,731,723,8
21123,2007,840,776,64
21123,2008,804,731,73
21123,2009,676,607,69
21123,2010,829,762,67
21125,1990,1862,1471,391
21125,1991,1904,1444,460
21125,1992,2048,1508,540
21125,1993,1805,1522,283
21125,1994,2022,1679,343
21125,1995,2289,1717,572
21125,1996,2318,1821,497
21125,1997,2060,1805,255
21125,1998,2353,1766,587
21125,1999,2294,1757,537
21125,2000,2229,1849,380
21125,2001,2444,1916,528
21125,2002,2415,1838,577
21125,2003,3478,3283,195
21125,2004,2337,2040,297
21125,2005,2371,2017,354
21125,2006,2366,2042,324
21125,2007,2366,2228,138
21125,2008,2445,2119,326
21125,2009,2207,1946,261
21125,2010,2379,2184,195
21127,1990,520,412,108
21127,1991,679,440,239
21127,1992,606,526,80
21127,1993,592,391,201
21127,1994,512,437,75
21127,1995,569,492,77
21127,1996,580,558,22
21127,1997,536,443,93
21127,1998,585,460,125
21127,1999,608,508,100
21127,2000,596,518,78
21127,2001,651,529,122
21127,2002,611,583,28
21127,2003,602,472,130
21127,2004,669,553,116
21127,2005,644,550,94
21127,2006,641,579,62
21127,2007,627,487,140
21127,2008,645,567,78
21127,2009,568,510,58
21127,2010,600,500,100
21129,1990,282,283,-1
21129,1991,275,270,5
21129,1992,189,225,-36
21129,1993,195,263,-68
21129,1994,230,192,38
21129,1995,182,196,-14
21129,1996,253,211,42
21129,1997,213,207,6
21129,1998,194,239,-45
21129,1999,248,214,34
21129,2000,207,192,15
21129,2001,251,224,27
21129,2002,260,221,39
21129,2003,220,256,-36
21129,2004,193,258,-65
21129,2005,254,243,11
21129,2006,227,200,27
21129,2007,202,209,-7
21129,2008,218,203,15
21129,2009,219,213,6
21129,2010,227,248,-21
21131,1990,284,333,-49
21131,1991,305,320,-15
21131,1992,288,309,-21
21131,1993,264,255,9
21131,1994,201,347,-146
21131,1995,226,332,-106
21131,1996,249,273,-24
21131,1997,338,308,30
21131,1998,364,416,-52
21131,1999,331,393,-62
21131,2000,266,366,-100
21131,2001,331,323,8
21131,2002,281,358,-77
21131,2003,251,360,-109
21131,2004,288,265,23
21131,2005,249,309,-60
21131,2006,266,290,-24
21131,2007,251,311,-60
21131,2008,296,322,-26
21131,2009,241,268,-27
21131,2010,253,279,-26
21133,1990,584,631,-47
21133,1991,516,634,-118
21133,1992,490,663,-173
21133,1993,542,559,-17
21133,1994,521,616,-95
21133,1995,528,642,-114
21133,1996,606,696,-90
21133,1997,555,769,-214
21133,1998,638,778,-140
21133,1999,646,750,-104
21133,2000,532,694,-162
21133,2001,641,596,45
21133,2002,518,545,-27
21133,2003,555,650,-95
21133,2004,457,578,-121
21133,2005,586,602,-16
21133,2006,560,583,-23
21133,2007,483,593,-110
21133,2008,577,530,47
21133,2009,600,469,131
21133,2010,486,509,-23
21135,1990,436,426,10
21135,1991,414,395,19
21135,1992,439,429,10
21135,1993,502,403,99
21135,1994,451,402,49
21135,1995,365,330,35
21135,1996,392,403,-11
21135,1997,358,396,-38
21135,1998,414,464,-50
21135,1999,426,342,84
21135,2000,371,468,-97
21135,2001,335,451,-116
21135,2002,382,388,-6
21135,2003,467,405,62
21135,2004,436,418,18
21135,2005,519,392,127
21135,2006,461,435,26
21135,2007,474,497,-23
21135,2008,432,473,-41
21135,2009,417,459,-42
21135,2010,439,416,23
21137,1990,912,846,66
21137,1991,977,870,107
21137,1992,1100,746,354
21137,1993,1043,878,165
21137,1994,1132,880,252
21137,1995,1075,847,228
21137,1996,1116,986,130
21137,1997,1168,952,216
21137,1998,1149,1054,95
21137,1999,1183,900,283
21137,2000,1158,969,189
21137,2001,1206,1014,192
21137,2002,1173,947,226
21137,2003,1264,1113,151
21137,2004,1248,1024,224
21137,2005,1202,1134,68
21137,2006,1234,1164,70
21137,2007,1141,1273,-132
21137,2008,1147,1035,112
21137,2009,1145,1161,-16
21137,2010,1008,1115,-107
21139,1990,478,443,35
21139,1991,542,503,39
21139,1992,548,549,-1
21139,1993,534,430,104
21139,1994,544,450,94
21139,1995,442,510,-68
21139,1996,556,409,147
21139,1997,493,436,57
21139,1998,488,445,43
21139,1999,524,468,56
21139,2000,496,477,19
21139,2001,524,470,54
21139,2002,464,500,-36
21139,2003,493,478,15
21139,2004,602,530,72
21139,2005,509,500,9
21139,2006,490,497,-7
21139,2007,489,476,13
21139,2008,535,485,50
21139,2009,450,388,62
21139,2010,539,491,48
21141,1990,909,841,68
21141,1991,1087,805,282
21141,1992,1034,873,161
21141,1993,956,873,83
21141,1994,1114,942,172
21141,1995,1097,896,201
21141,1996,1132,978,154
21141,1997,1054,1089,-35
21141,1998,956,1008,-52
21141,1999,1049,1032,17
21141,2000,1041,1086,-45
21141,2001,1003,992,11
21141,2002,996,925,71
21141,2003,1174,1055,119
21141,2004,1061,1047,14
21141,2005,1088,1042,46
21141,2006,1034,998,36
21141,2007,1138,1129,9
21141,2008,1117,1034,83
21141,2009,1022,947,75
21141,2010,936,1031,-95
21143,1990,373,276,97
21143,1991,406,308,98
21143,1992,496,277,219
21143,1993,494,318,176
21143,1994,493,338,155
21143,1995,453,318,135
21143,1996,458,386,72
21143,1997,437,367,70
21143,1998,474,400,74
21143,1999,488,350,138
21143,2000,528,443,85
21143,2001,479,452,27
21143,2002,440,438,2
21143,2003,456,420,36
21143,2004,434,379,55
21143,2005,529,392,137
21143,2006,393,407,-14
21143,2007,448,394,54
21143,2008,439,395,44
21143,2009,410,337,73
21143,2010,433,352,81
21145,1990,2927,2816,111
21145,1991,3139,2697,442
21145,1992,3196,2806,390
21145,1993,3152,2802,350
21145,1994,2973,3112,-139
21145,1995,3216,3145,71
21145,1996,3154,3184,-30
21145,1997,2947,3289,-342
21145,1998,3049,3079,-30
21145,1999,3156,3361,-205
21145,2000,2969,3387,-418
21145,2001,3079,3279,-200
21145,2002,2985,3048,-63
21145,2003,2878,2952,-74
21145,2004,3020,2944,76
21145,2005,3210,3097,113
21145,2006,2982,2911,71
21145,2007,3194,2923,271
21145,2008,3171,2974,197
21145,2009,2646,2743,-97
21145,2010,2876,2702,174
21147,1990,449,428,21
21147,1991,450,435,15
21147,1992,433,298,135
21147,1993,384,407,-23
21147,1994,487,315,172
21147,1995,385,435,-50
21147,1996,412,409,3
21147,1997,383,403,-20
21147,1998,433,420,13
21147,1999,363,424,-61
21147,2000,419,471,-52
21147,2001,418,406,12
21147,2002,464,482,-18
21147,2003,423,474,-51
21147,2004,445,436,9
21147,2005,382,412,-30
21147,2006,368,391,-23
21147,2007,413,475,-62
21147,2008,412,466,-54
21147,2009,448,444,4
21147,2010,382,441,-59
21149,1990,387,409,-22
21149,1991,415,363,52
21149,1992,387,470,-83
21149,1993,371,351,20
21149,1994,415,389,26
21149,1995,414,360,54
21149,1996,389,374,15
21149,1997,398,346,52
21149,1998,405,387,18
21149,1999,457,370,87
21149,2000,398,489,-91
21149,2001,463,383,80
21149,2002,379,451,-72
21149,2003,411,378,33
21149,2004,420,429,-9
21149,2005,402,494,-92
21149,2006,406,375,31
21149,2007,413,428,-15
21149,2008,379,440,-61
21149,2009,376,379,-3
21149,2010,358,343,15
21151,1990,2929,2591,338
21151,1991,3068,2491,577
21151,1992,3263,2462,801
21151,1993,3093,2629,464
21151,1994,3394,2898,496
21151,1995,3472,2792,680
21151,1996,3555,3009,546
21151,1997,3578,3157,421
21151,1998,3911,3332,579
21151,1999,4107,3270,837
21151,2000,3943,3474,469
21151,2001,4179,3711,468
21151,2002,4037,3328,709
21151,2003,4318,3407,911
21151,2004,4255,3290,965
21151,2005,4281,3733,548
21151,2006,4053,3853,200
21151,2007,4052,3711,341
21151,2008,3914,3772,142
21151,2009,3964,3579,385
21151,2010,3808,3612,196
21153,1990,221,223,-2
21153,1991,253,221,32
21153,1992,248,227,21
21153,1993,209,228,-19
21153,1994,220,234,-14
21153,1995,209,192,17
21153,1996,258,198,60
21153,1997,155,243,-88
21153,1998,295,222,73
21153,1999,233,285,-52
21153,2000,253,361,-108
21153,2001,289,261,28
21153,2002,256,282,-26
21153,2003,288,275,13
21153,2004,264,281,-17
21153,2005,236,276,-40
21153,2006,293,340,-47
21153,2007,279,344,-65
21153,2008,329,213,116
21153,2009,258,254,4
21153,2010,210,261,-51
21155,1990,517,488,29
21155,1991,495,534,-39
21155,1992,503,494,9
21155,1993,515,602,-87
21155,1994,536,543,-7
21155,1995,602,496,106
21155,1996,530,520,10
21155,1997,562,582,-20
21155,1998,596,555,41
21155,1999,560,552,8
21155,2000,577,532,45
21155,2001,626,549,77
21155,2002,547,576,-29
21155,2003,570,529,41
21155,2004,591,520,71
21155,2005,668,645,23
21155,2006,543,545,-2
21155,2007,641,555,86
21155,2008,606,591,15
21155,2009,582,612,-30
21155,2010,624,537,87
21157,1990,1243,943,300
21157,1991,1370,1123,247
21157,1992,1468,1097,371
21157,1993,1418,1079,339
21157,1994,1549,1114,435
21157,1995,1557,1185,372
21157,1996,1428,1290,138
21157,1997,1491,1190,301
21157,1998,1258,1168,90
21157,1999,1416,1322,94
21157,2000,1424,1294,130
21157,2001,1378,1325,53
21157,2002,1525,1184,341
21157,2003,1421,1252,169
21157,2004,1581,1278,303
21157,2005,1586,1212,374
21157,2006,1554,1256,298
21157,2007,1513,1379,134
21157,2008,1434,1398,36
21157,2009,1375,1188,187
21157,2010,1241,1276,-35
21159,1990,347,307,40
21159,1991,315,337,-22
21159,1992,309,372,-63
21159,1993,289,308,-19
21159,1994,307,322,-15
21159,1995,288,458,-170
21159,1996,266,581,-315
21159,1997,253,396,-143
21159,1998,246,419,-173
21159,1999,341,404,-63
21159,2000,353,386,-33
21159,2001,386,406,-20
21159,2002,289,322,-33
21159,2003,257,397,-140
21159,2004,287,386,-99
21159,2005,237,337,-100
21159,2006,310,344,-34
21159,2007,298,345,-47
21159,2008,322,370,-48
21159,2009,295,339,-44
21159,2010,344,389,-45
21161,1990,817,699,118
21161,1991,944,646,298
21161,1992,839,816,23
21161,1993,878,914,-36
21161,1994,809,833,-24
21161,1995,663,783,-120
21161,1996,802,810,-8
21161,1997,813,825,-12
21161,1998,791,845,-54
21161,1999,831,878,-47
21161,2000,910,865,45
21161,2001,768,750,18
21161,2002,735,816,-81
21161,2003,827,776,51
21161,2004,886,743,143
21161,2005,952,894,58
21161,2006,900,835,65
21161,2007,928,847,81
21161,2008,938,914,24
21161,2009,815,800,15
21161,2010,895,869,26
21163,1990,1332,1840,-508
21163,1991,1534,1436,98
21163,1992,1783,1795,-12
21163,1993,1623,1455,168
21163,1994,1788,1498,290
21163,1995,1226,1022,204
21163,1996,1206,938,268
21163,1997,1229,997,232
21163,1998,1136,959,177
21163,1999,1455,1062,393
21163,2000,1553,1366,187
21163,2001,1582,1311,271
21163,2002,1410,1352,58
21163,2003,1609,1189,420
21163,2004,2989,2919,70
21163,2005,2765,2957,-192
21163,2006,2200,2360,-160
21163,2007,2617,2616,1
21163,2008,2518,2951,-433
21163,2009,2638,2493,145
21163,2010,3154,2442,712
21165,1990,193,207,-14
21165,1991,162,140,22
21165,1992,246,141,105
21165,1993,202,217,-15
21165,1994,293,201,92
21165,1995,232,189,43
21165,1996,343,252,91
21165,1997,319,241,78
21165,1998,284,242,42
21165,1999,363,236,127
21165,2000,322,300,22
21165,2001,356,298,58
21165,2002,316,338,-22
21165,2003,302,244,58
21165,2004,341,342,-1
21165,2005,360,334,26
21165,2006,338,325,13
21165,2007,313,257,56
21165,2008,292,318,-26
21165,2009,322,230,92
21165,2010,315,256,59
21167,1990,924,882,42
21167,1991,1008,842,166
21167,1992,900,910,-10
21167,1993,906,872,34
21167,1994,970,803,167
21167,1995,934,781,153
21167,1996,928,908,20
21167,1997,964,820,144
21167,1998,1070,1002,68
21167,1999,987,959,28
21167,2000,918,912,6
21167,2001,976,946,30
21167,2002,1041,911,130
21167,2003,1000,871,129
21167,2004,975,903,72
21167,2005,1025,967,58
21167,2006,1011,937,74
21167,2007,1094,937,157
21167,2008,913,982,-69
21167,2009,931,866,65
21167,2010,905,961,-56
21169,1990,367,365,2
21169,1991,385,386,-1
21169,1992,492,351,141
21169,1993,324,311,13
21169,1994,458,370,88
21169,1995,355,326,29
21169,1996,411,319,92
21169,1997,353,313,40
21169,1998,311,308,3
21169,1999,357,423,-66
21169,2000,355,322,33
21169,2001,372,406,-34
21169,2002,342,314,28
21169,2003,372,302,70
21169,2004,498,433,65
21169,2005,486,410,76
21169,2006,501,458,43
21169,2007,421,481,-60
21169,2008,486,507,-21
21169,2009,512,407,105
21169,2010,352,459,-107
21171,1990,360,355,5
21171,1991,408,370,38
21171,1992,363,332,31
21171,1993,407,383,24
21171,1994,414,433,-19
21171,1995,305,451,-146
21171,1996,274,334,-60
21171,1997,243,363,-120
21171,1998,348,352,-4
21171,1999,282,326,-44
21171,2000,312,293,19
21171,2001,271,295,-24
21171,2002,287,302,-15
21171,2003,252,316,-64
21171,2004,348,320,28
21171,2005,269,298,-29
21171,2006,281,348,-67
21171,2007,347,463,-116
21171,2008,434,351,83
21171,2009,416,328,88
21171,2010,313,322,-9
21173,1990,830,956,-126
21173,1991,969,920,49
21173,1992,1000,814,186
21173,1993,1022,823,199
21173,1994,952,900,52
21173,1995,974,876,98
21173,1996,1086,973,113
21173,1997,1090,955,135
21173,1998,1326,886,440
21173,1999,1276,1079,197
21173,2000,1162,1013,149
21173,2001,1270,1132,138
21173,2002,1148,993,155
21173,2003,1109,1086,23
21173,2004,1456,1099,357
21173,2005,1588,1174,414
21173,2006,1425,1244,181
21173,2007,1387,1217,170
21173,2008,1576,1327,249
21173,2009,1325,1356,-31
21173,2010,1392,1368,24
21175,1990,414,268,146
21175,1991,407,311,96
21175,1992,328,321,7
21175,1993,309,264,45
21175,1994,349,352,-3
21175,1995,290,312,-22
21175,1996,350,335,15
21175,1997,379,370,9
21175,1998,372,364,8
21175,1999,395,370,25
21175,2000,459,380,79
21175,2001,464,358,106
21175,2002,389,373,16
21175,2003,393,366,27
21175,2004,385,435,-50
21175,2005,352,405,-53
21175,2006,393,371,22
21175,2007,262,344,-82
21175,2008,332,378,-46
21175,2009,333,248,85
21175,2010,350,325,25
21177,1990,852,852,0
21177,1991,746,905,-159
21177,1992,786,821,-35
21177,1993,779,806,-27
21177,1994,936,787,149
21177,1995,862,818,44
21177,1996,921,853,68
21177,1997,869,821,48
21177,1998,762,872,-110
21177,1999,844,962,-118
21177,2000,824,855,-31
21177,2001,883,928,-45
21177,2002,836,810,26
21177,2003,861,835,26
21177,2004,844,888,-44
21177,2005,851,861,-10
21177,2006,766,793,-27
21177,2007,862,907,-45
21177,2008,930,869,61
21177,2009,882,827,55
21177,2010,734,833,-99
21179,1990,1251,953,298
21179,1991,1410,1005,405
21179,1992,1529,999,530
21179,1993,1368,928,440
21179,1994,1634,1007,627
21179,1995,1572,1071,501
21179,1996,1720,1092,628
21179,1997,1642,1226,416
21179,1998,1944,1237,707
21179,1999,1961,1401,560
21179,2000,1862,1454,408
21179,2001,1896,1592,304
21179,2002,1771,1379,392
21179,2003,1892,1451,441
21179,2004,1937,1568,369
21179,2005,2212,1598,614
21179,2006,1988,1526,462
21179,2007,1897,1588,309
21179,2008,1769,1555,214
21179,2009,1952,1567,385
21179,2010,1840,1568,272
21181,1990,313,292,21
21181,1991,331,266,65
21181,1992,328,296,32
21181,1993,314,286,28
21181,1994,325,274,51
21181,1995,250,262,-12
21181,1996,207,183,24
21181,1997,198,224,-26
21181,1998,258,210,48
21181,1999,196,254,-58
21181,2000,228,326,-98
21181,2001,247,287,-40
21181,2002,334,200,134
21181,2003,247,208,39
21181,2004,314,336,-22
21181,2005,313,349,-36
21181,2006,359,308,51
21181,2007,320,339,-19
21181,2008,296,359,-63
21181,2009,323,285,38
21181,2010,307,308,-1
21183,1990,734,634,100
21183,1991,762,772,-10
21183,1992,763,750,13
21183,1993,798,672,126
21183,1994,779,747,32
21183,1995,854,664,190
21183,1996,938,762,176
21183,1997,778,769,9
21183,1998,892,807,85
21183,1999,849,836,13
21183,2000,908,790,118
21183,2001,927,810,117
21183,2002,840,828,12
21183,2003,922,731,191
21183,2004,932,856,76
21183,2005,942,926,16
21183,2006,841,804,37
21183,2007,930,830,100
21183,2008,813,993,-180
21183,2009,922,949,-27
21183,2010,982,934,48
21185,1990,3088,1968,1120
21185,1991,3083,2220,863
21185,1992,3614,2338,1276
21185,1993,3383,2251,1132
21185,1994,3559,2419,1140
21185,1995,3134,2432,702
21185,1996,3371,2649,722
21185,1997,3243,2528,715
21185,1998,3637,2775,862
21185,1999,3838,2711,1127
21185,2000,3271,2672,599
21185,2001,3417,2634,783
21185,2002,3458,2530,928
21185,2003,3554,2583,971
21185,2004,4095,3034,1061
21185,2005,4274,2909,1365
21185,2006,4101,2893,1208
21185,2007,3789,2960,829
21185,2008,3293,3017,276
21185,2009,3332,2901,431
21185,2010,3240,2947,293
21187,1990,485,323,162
21187,1991,417,381,36
21187,1992,497,358,139
21187,1993,497,409,88
21187,1994,553,494,59
21187,1995,555,363,192
21187,1996,575,415,160
21187,1997,589,418,171
21187,1998,533,508,25
21187,1999,617,533,84
21187,2000,583,470,113
21187,2001,619,449,170
21187,2002,652,593,59
21187,2003,713,547,166
21187,2004,619,572,47
21187,2005,662,617,45
21187,2006,658,516,142
21187,2007,614,576,38
21187,2008,495,493,2
21187,2009,487,515,-28
21187,2010,499,500,-1
21189,1990,161,0,161
21189,1991,145,126,19
21189,1992,112,65,47
21189,1993,129,96,33
21189,1994,84,99,-15
21189,1995,147,102,45
21189,1996,110,182,-72
21189,1997,117,103,14
21189,1998,118,126,-8
21189,1999,153,122,31
21189,2000,118,183,-65
21189,2001,95,121,-26
21189,2002,100,112,-12
21189,2003,140,108,32
21189,2004,117,151,-34
21189,2005,101,133,-32
21189,2006,117,166,-49
21189,2007,161,119,42
21189,2008,106,127,-21
21189,2009,188,143,45
21189,2010,150,107,43
21191,1990,704,529,175
21191,1991,735,603,132
21191,1992,752,620,132
21191,1993,727,544,183
21191,1994,668,539,129
21191,1995,788,563,225
21191,1996,833,728,105
21191,1997,709,857,-148
21191,1998,856,708,148
21191,1999,924,619,305
21191,2000,756,692,64
21191,2001,903,838,65
21191,2002,854,722,132
21191,2003,759,757,2
21191,2004,740,730,10
21191,2005,851,828,23
21191,2006,774,776,-2
21191,2007,809,848,-39
21191,2008,720,748,-28
21191,2009,838,760,78
21191,2010,657,805,-148
21193,1990,984,831,153
21193,1991,776,813,-37
21193,1992,788,902,-114
21193,1993,870,798,72
21193,1994,838,912,-74
21193,1995,692,918,-226
21193,1996,865,935,-70
21193,1997,731,964,-233
21193,1998,864,1117,-253
21193,1999,702,1070,-368
21193,2000,768,851,-83
21193,2001,940,860,80
21193,2002,894,869,25
21193,2003,756,811,-55
21193,2004,670,847,-177
21193,2005,885,798,87
21193,2006,785,865,-80
21193,2007,929,847,82
21193,2008,880,792,88
21193,2009,791,723,68
21193,2010,787,768,19
21195,1990,1755,1668,87
21195,1991,1517,1710,-193
21195,1992,1510,1630,-120
21195,1993,1527,1658,-131
21195,1994,1606,1837,-231
21195,1995,1475,1795,-320
21195,1996,1463,1932,-469
21195,1997,1333,1772,-439
21195,1998,1437,1919,-482
21195,1999,1341,1968,-627
21195,2000,1466,1953,-487
21195,2001,1701,1639,62
21195,2002,1476,1663,-187
21195,2003,1432,1737,-305
21195,2004,1466,1648,-182
21195,2005,1642,1583,59
21195,2006,1511,1567,-56
21195,2007,1543,1598,-55
21195,2008,1656,1381,275
21195,2009,1513,1558,-45
21195,2010,1384,1532,-148
21197,1990,481,521,-40
21197,1991,562,390,172
21197,1992,482,420,62
21197,1993,428,408,20
21197,1994,426,452,-26
21197,1995,496,406,90
21197,1996,563,460,103
21197,1997,594,511,83
21197,1998,662,493,169
21197,1999,648,550,98
21197,2000,597,592,5
21197,2001,567,701,-134
21197,2002,532,563,-31
21197,2003,634,544,90
21197,2004,583,608,-25
21197,2005,607,692,-85
21197,2006,606,638,-32
21197,2007,597,630,-33
21197,2008,644,650,-6
21197,2009,641,535,106
21197,2010,601,589,12
21199,1990,1771,1341,430
21199,1991,2014,1270,744
21199,1992,1810,1355,455
21199,1993,2186,1375,811
21199,1994,2179,1526,653
21199,1995,2168,1611,557
21199,1996,1975,1537,438
21199,1997,2018,1760,258
21199,1998,2138,1674,464
21199,1999,2073,1806,267
21199,2000,2030,1791,239
21199,2001,2105,1785,320
21199,2002,2103,1654,449
21199,2003,2306,1759,547
21199,2004,2088,1741,347
21199,2005,2272,1924,348
21199,2006,2173,1772,401
21199,2007,2361,1836,525
21199,2008,2161,1971,190
21199,2009,2113,1709,404
21199,2010,2140,1963,177
21201,1990,114,0,114
21201,1991,106,100,6
21201,1992,97,105,-8
21201,1993,100,97,3
21201,1994,92,81,11
21201,1995,76,108,-32
21201,1996,101,105,-4
21201,1997,131,110,21
21201,1998,118,71,47
21201,1999,84,102,-18
21201,2000,108,128,-20
21201,2001,138,97,41
21201,2002,124,139,-15
21201,2003,80,106,-26
21201,2004,95,111,-16
21201,2005,130,71,59
21201,2006,69,121,-52
21201,2007,110,83,27
21201,2008,81,73,8
21201,2009,108,93,15
21201,2010,72,108,-36
21203,1990,487,405,82
21203,1991,423,432,-9
21203,1992,506,375,131
21203,1993,396,377,19
21203,1994,407,360,47
21203,1995,512,374,138
21203,1996,533,452,81
21203,1997,548,389,159
21203,1998,537,483,54
21203,1999,531,461,70
21203,2000,477,502,-25
21203,2001,574,498,76
21203,2002,531,547,-16
21203,2003,577,555,22
21203,2004,540,519,21
21203,2005,511,487,24
21203,2006,644,581,63
21203,2007,556,538,18
21203,2008,580,559,21
21203,2009,543,518,25
21203,2010,646,551,95
21205,1990,880,796,84
21205,1991,923,829,94
21205,1992,934,852,82
21205,1993,874,782,92
21205,1994,902,917,-15
21205,1995,899,794,105
21205,1996,959,817,142
21205,1997,1012,930,82
21205,1998,1037,1046,-9
21205,1999,964,1048,-84
21205,2000,1108,1010,98
21205,2001,1065,1130,-65
21205,2002,1002,1008,-6
21205,2003,899,1012,-113
21205,2004,970,940,30
21205,2005,1089,1020,69
21205,2006,1136,1135,1
21205,2007,1126,1126,0
21205,2008,1142,1042,100
21205,2009,988,992,-4
21205,2010,1082,1033,49
21207,1990,534,384,150
21207,1991,546,357,189
21207,1992,557,332,225
21207,1993,560,393,167
21207,1994,527,430,97
21207,1995,506,349,157
21207,1996,496,432,64
21207,1997,503,611,-108
21207,1998,526,542,-16
21207,1999,521,487,34
21207,2000,596,485,111
21207,2001,550,479,71
21207,2002,506,399,107
21207,2003,534,386,148
21207,2004,589,461,128
21207,2005,632,502,130
21207,2006,579,415,164
21207,2007,578,489,89
21207,2008,679,544,135
21207,2009,555,577,-22
21207,2010,598,475,123
21209,1990,1609,1364,245
21209,1991,1808,1312,496
21209,1992,1769,1377,392
21209,1993,1837,1291,546
21209,1994,2100,1527,573
21209,1995,1848,1412,436
21209,1996,2120,1535,585
21209,1997,2287,1520,767
21209,1998,2573,1672,901
21209,1999,2669,1802,867
21209,2000,2269,1693,576
21209,2001,2301,1842,459
21209,2002,2420,1687,733
21209,2003,2434,1798,636
21209,2004,3001,2039,962
21209,2005,3539,2057,1482
21209,2006,3286,2501,785
21209,2007,3387,2404,983
21209,2008,3029,2410,619
21209,2009,3004,2332,672
21209,2010,2824,2627,197
21211,1990,1441,1178,263
21211,1991,1485,1172,313
21211,1992,1775,1275,500
21211,1993,1674,1196,478
21211,1994,1800,1341,459
21211,1995,1788,1425,363
21211,1996,1873,1494,379
21211,1997,2033,1468,565
21211,1998,2266,1605,661
21211,1999,2171,1663,508
21211,2000,2098,1843,255
21211,2001,2136,1709,427
21211,2002,2260,1809,451
21211,2003,2320,1657,663
21211,2004,2459,1811,648
21211,2005,2635,1761,874
21211,2006,2512,1932,580
21211,2007,2278,2023,255
21211,2008,2258,1952,306
21211,2009,2469,2063,406
21211,2010,2258,2271,-13
21213,1990,709,533,176
21213,1991,716,621,95
21213,1992,676,685,-9
21213,1993,740,623,117
21213,1994,854,696,158
21213,1995,937,925,12
21213,1996,958,969,-11
21213,1997,1122,886,236
21213,1998,916,888,28
21213,1999,900,882,18
21213,2000,1016,884,132
21213,2001,871,905,-34
21213,2002,940,915,25
21213,2003,922,867,55
21213,2004,908,796,112
21213,2005,917,798,119
21213,2006,916,844,72
21213,2007,870,875,-5
21213,2008,907,930,-23
21213,2009,882,840,42
21213,2010,807,813,-6
21215,1990,402,346,56
21215,1991,379,377,2
21215,1992,274,456,-182
21215,1993,316,262,54
21215,1994,285,285,0
21215,1995,730,390,340
21215,1996,760,391,369
21215,1997,765,754,11
21215,1998,1030,468,562
21215,1999,1143,475,668
21215,2000,1157,607,550
21215,2001,1116,609,507
21215,2002,1182,699,483
21215,2003,1066,789,277
21215,2004,1387,823,564
21215,2005,1460,848,612
21215,2006,1409,805,604
21215,2007,1299,870,429
21215,2008,996,852,144
21215,2009,994,835,159
21215,2010,1004,822,182
21217,1990,780,713,67
21217,1991,901,692,209
21217,1992,882,721,161
21217,1993,842,665,177
21217,1994,886,701,185
21217,1995,807,783,24
21217,1996,875,802,73
21217,1997,812,798,14
21217,1998,730,839,-109
21217,1999,769,816,-47
21217,2000,897,898,-1
21217,2001,936,733,203
21217,2002,770,730,40
21217,2003,820,844,-24
21217,2004,1007,846,161
21217,2005,934,909,25
21217,2006,960,916,44
21217,2007,1057,988,69
21217,2008,1001,863,138
21217,2009,986,868,118
21217,2010,978,882,96
21219,1990,462,446,16
21219,1991,501,422,79
21219,1992,535,491,44
21219,1993,544,469,75
21219,1994,563,558,5
21219,1995,559,494,65
21219,1996,494,532,-38
21219,1997,511,486,25
21219,1998,483,480,3
21219,1999,563,611,-48
21219,2000,600,563,37
21219,2001,509,586,-77
21219,2002,480,540,-60
21219,2003,556,581,-25
21219,2004,611,590,21
21219,2005,575,544,31
21219,2006,644,577,67
21219,2007,656,540,116
21219,2008,621,556,65
21219,2009,534,639,-105
21219,2010,529,521,8
21221,1990,509,397,112
21221,1991,741,384,357
21221,1992,604,529,75
21221,1993,707,434,273
21221,1994,719,463,256
21221,1995,746,411,335
21221,1996,726,501,225
21221,1997,719,506,213
21221,1998,721,566,155
21221,1999,733,513,220
21221,2000,714,623,91
21221,2001,707,642,65
21221,2002,710,570,140
21221,2003,769,432,337
21221,2004,782,723,59
21221,2005,748,684,64
21221,2006,834,625,209
21221,2007,758,692,66
21221,2008,682,638,44
21221,2009,716,632,84
21221,2010,685,662,23
21223,1990,429,359,70
21223,1991,429,345,84
21223,1992,516,314,202
21223,1993,455,353,102
21223,1994,570,428,142
21223,1995,585,375,210
21223,1996,504,484,20
21223,1997,583,308,275
21223,1998,516,370,146
21223,1999,548,424,124
21223,2000,568,364,204
21223,2001,554,386,168
21223,2002,549,457,92
21223,2003,598,441,157
21223,2004,504,503,1
21223,2005,495,465,30
21223,2006,508,467,41
21223,2007,527,513,14
21223,2008,559,584,-25
21223,2009,513,492,21
21223,2010,520,548,-28
21225,1990,509,609,-100
21225,1991,524,542,-18
21225,1992,521,648,-127
21225,1993,564,568,-4
21225,1994,550,688,-138
21225,1995,484,483,1
21225,1996,506,554,-48
21225,1997,540,581,-41
21225,1998,496,598,-102
21225,1999,554,650,-96
21225,2000,543,625,-82
21225,2001,604,574,30
21225,2002,626,595,31
21225,2003,607,643,-36
21225,2004,509,601,-92
21225,2005,478,638,-160
21225,2006,437,606,-169
21225,2007,488,637,-149
21225,2008,503,562,-59
21225,2009,541,482,59
21225,2010,512,562,-50
21227,1990,3761,3479,282
21227,1991,3823,3226,597
21227,1992,4271,3172,1099
21227,1993,4316,3636,680
21227,1994,4544,3680,864
21227,1995,4429,3830,599
21227,1996,4475,4170,305
21227,1997,4587,4583,4
21227,1998,4358,4696,-338
21227,1999,4617,4521,96
21227,2000,4414,4525,-111
21227,2001,4356,4266,90
21227,2002,4662,4136,526
21227,2003,4985,4335,650
21227,2004,4960,4124,836
21227,2005,5454,4332,1122
21227,2006,5006,4524,482
21227,2007,5334,4594,740
21227,2008,5245,4477,768
21227,2009,4865,4708,157
21227,2010,4684,4695,-11
21229,1990,333,339,-6
21229,1991,351,343,8
21229,1992,388,382,6
21229,1993,389,304,85
21229,1994,399,352,47
21229,1995,368,304,64
21229,1996,395,355,40
21229,1997,412,368,44
21229,1998,463,376,87
21229,1999,454,433,21
21229,2000,440,386,54
21229,2001,432,369,63
21229,2002,427,355,72
21229,2003,372,420,-48
21229,2004,430,407,23
21229,2005,487,455,32
21229,2006,540,414,126
21229,2007,466,476,-10
21229,2008,446,507,-61
21229,2009,517,435,82
21229,2010,478,458,20
21231,1990,489,404,85
21231,1991,517,369,148
21231,1992,480,415,65
21231,1993,519,405,114
21231,1994,650,482,168
21231,1995,587,471,116
21231,1996,524,425,99
21231,1997,591,407,184
21231,1998,566,497,69
21231,1999,569,429,140
21231,2000,482,520,-38
21231,2001,512,428,84
21231,2002,560,422,138
21231,2003,615,560,55
21231,2004,552,564,-12
21231,2005,600,559,41
21231,2006,511,438,73
21231,2007,630,559,71
21231,2008,687,596,91
21231,2009,607,592,15
21231,2010,662,617,45
21233,1990,566,635,-69
21233,1991,522,638,-116
21233,1992,596,571,25
21233,1993,585,559,26
21233,1994,650,674,-24
21233,1995,593,596,-3
21233,1996,650,616,34
21233,1997,649,687,-38
21233,1998,642,771,-129
21233,1999,707,716,-9
21233,2000,688,781,-93
21233,2001,695,677,18
21233,2002,673,727,-54
21233,2003,745,731,14
21233,2004,714,711,3
21233,2005,659,783,-124
21233,2006,611,603,8
21233,2007,580,787,-207
21233,2008,614,612,2
21233,2009,602,649,-47
21233,2010,632,703,-71
21235,1990,1541,1533,8
21235,1991,1640,1326,314
21235,1992,1703,1348,355
21235,1993,1736,1322,414
21235,1994,1593,1526,67
21235,1995,1324,1202,122
21235,1996,1339,1330,9
21235,1997,1343,1297,46
21235,1998,1409,1289,120
21235,1999,1503,1291,212
21235,2000,1619,1363,256
21235,2001,1457,1314,143
21235,2002,1436,1240,196
21235,2003,1286,1130,156
21235,2004,1428,1209,219
21235,2005,1464,1401,63
21235,2006,1497,1418,79
21235,2007,1549,1398,151
21235,2008,1442,1358,84
21235,2009,1270,1368,-98
21235,2010,1292,1267,25
21237,1990,337,175,162
21237,1991,298,216,82
21237,1992,239,217,22
21237,1993,231,166,65
21237,1994,259,214,45
21237,1995,219,275,-56
21237,1996,218,237,-19
21237,1997,196,190,6
21237,1998,220,178,42
21237,1999,250,198,52
21237,2000,199,293,-94
21237,2001,199,191,8
21237,2002,194,223,-29
21237,2003,198,178,20
21237,2004,317,247,70
21237,2005,266,299,-33
21237,2006,256,279,-23
21237,2007,230,259,-29
21237,2008,292,281,11
21237,2009,231,259,-28
21237,2010,235,230,5
21239,1990,1416,1219,197
21239,1991,1511,1298,213
21239,1992,1358,1369,-11
21239,1993,1598,1341,257
21239,1994,1586,1320,266
21239,1995,1507,1258,249
21239,1996,1387,1307,80
21239,1997,1573,1270,303
21239,1998,1425,1477,-52
21239,1999,1501,1408,93
21239,2000,1320,1390,-70
21239,2001,1358,1360,-2
21239,2002,1076,1140,-64
21239,2003,1270,1183,87
21239,2004,1434,1308,126
21239,2005,1464,1323,141
21239,2006,1341,1245,96
21239,2007,1483,1299,184
21239,2008,1433,1280,153
21239,2009,1469,1234,235
21239,2010,1286,1436,-150
22001,1990,1923,1970,-47
22001,1991,1821,2070,-249
22001,1992,1864,1799,65
22001,1993,1843,1935,-92
22001,1994,1799,1846,-47
22001,1995,2065,1891,174
22001,1996,1919,2149,-230
22001,1997,2009,2134,-125
22001,1998,2024,2193,-169
22001,1999,2003,2291,-288
22001,2000,1975,2228,-253
22001,2001,2088,2158,-70
22001,2002,2042,2217,-175
22001,2003,2065,2412,-347
22001,2004,2017,2104,-87
22001,2005,2631,2243,388
22001,2006,2192,2211,-19
22001,2007,2225,2255,-30
22001,2008,2260,2290,-30
22001,2009,2260,2171,89
22001,2010,2261,2298,-37
22003,1990,898,1000,-102
22003,1991,915,941,-26
22003,1992,845,934,-89
22003,1993,906,874,32
22003,1994,1133,958,175
22003,1995,1034,957,77
22003,1996,974,1105,-131
22003,1997,986,973,13
22003,1998,993,1067,-74
22003,1999,991,1129,-138
22003,2000,891,1058,-167
22003,2001,1010,1058,-48
22003,2002,1062,970,92
22003,2003,974,1040,-66
22003,2004,925,999,-74
22003,2005,1114,966,148
22003,2006,943,993,-50
22003,2007,1031,1031,0
22003,2008,1053,1086,-33
22003,2009,868,1035,-167
22003,2010,890,954,-64
22005,1990,2822,2516,306
22005,1991,3022,2410,612
22005,1992,3190,2525,665
22005,1993,3710,2594,1116
22005,1994,3644,2616,1028
22005,1995,3727,2652,1075
22005,1996,4012,2674,1338
22005,1997,3805,2957,848
22005,1998,4643,3230,1413
22005,1999,4821,3097,1724
22005,2000,4564,3438,1126
22005,2001,4722,3595,1127
22005,2002,5116,3614,1502
22005,2003,5265,3804,1461
22005,2004,5736,3657,2079
22005,2005,8020,4325,3695
22005,2006,7028,4841,2187
22005,2007,6590,5099,1491
22005,2008,5872,4769,1103
22005,2009,6119,4740,1379
22005,2010,5954,4826,1128
22007,1990,667,811,-144
22007,1991,703,867,-164
22007,1992,686,850,-164
22007,1993,669,787,-118
22007,1994,758,718,40
22007,1995,926,1159,-233
22007,1996,1160,1155,5
22007,1997,1119,1066,53
22007,1998,1169,1109,60
22007,1999,1144,1263,-119
22007,2000,925,1209,-284
22007,2001,1048,1176,-128
22007,2002,1022,1085,-63
22007,2003,1017,1166,-149
22007,2004,807,889,-82
22007,2005,1107,969,138
22007,2006,1024,1069,-45
22007,2007,1121,1223,-102
22007,2008,923,1000,-77
22007,2009,730,908,-178
22007,2010,812,956,-144
22009,1990,1026,1292,-266
22009,1991,1180,1182,-2
22009,1992,1129,1203,-74
22009,1993,1163,1243,-80
22009,1994,1314,1133,181
22009,1995,1232,1068,164
22009,1996,1208,1164,44
22009,1997,1151,1127,24
22009,1998,1070,1196,-126
22009,1999,1102,1141,-39
22009,2000,1035,1181,-146
22009,2001,1050,1128,-78
22009,2002,1182,1039,143
22009,2003,1084,1213,-129
22009,2004,1039,1129,-90
22009,2005,1685,1119,566
22009,2006,1059,1335,-276
22009,2007,1432,1469,-37
22009,2008,1161,1193,-32
22009,2009,1103,1152,-49
22009,2010,983,1239,-256
22011,1990,2530,2213,317
22011,1991,2510,2398,112
22011,1992,2623,2782,-159
22011,1993,2492,2607,-115
22011,1994,2135,2100,35
22011,1995,2032,2118,-86
22011,1996,1830,1855,-25
22011,1997,1769,1809,-40
22011,1998,1870,1795,75
22011,1999,2000,1844,156
22011,2000,1830,1790,40
22011,2001,1934,1949,-15
22011,2002,2044,1815,229
22011,2003,2178,1844,334
22011,2004,2085,1719,366
22011,2005,2315,2010,305
22011,2006,2074,2000,74
22011,2007,2176,2040,136
22011,2008,2119,1959,160
22011,2009,2419,1746,673
22011,2010,2178,1985,193
22013,1990,736,789,-53
22013,1991,759,820,-61
22013,1992,911,735,176
22013,1993,816,766,50
22013,1994,797,810,-13
22013,1995,734,803,-69
22013,1996,760,839,-79
22013,1997,699,763,-64
22013,1998,699,769,-70
22013,1999,770,847,-77
22013,2000,697,851,-154
22013,2001,769,805,-36
22013,2002,717,768,-51
22013,2003,786,738,48
22013,2004,751,787,-36
22013,2005,715,721,-6
22013,2006,658,654,4
22013,2007,687,788,-101
22013,2008,761,725,36
22013,2009,701,697,4
22013,2010,725,746,-21
22015,1990,7374,7965,-591
22015,1991,7435,7505,-70
22015,1992,8465,7954,511
22015,1993,8449,7887,562
22015,1994,9340,8658,682
22015,1995,8344,7821,523
22015,1996,8300,8238,62
22015,1997,7623,8579,-956
22015,1998,8351,8139,212
22015,1999,8658,8467,191
22015,2000,8576,8345,231
22015,2001,8831,8564,267
22015,2002,8727,8366,361
22015,2003,8988,8352,636
22015,2004,9135,8273,862
22015,2005,9759,8760,999
22015,2006,9157,8775,382
22015,2007,9496,8951,545
22015,2008,9412,8972,440
22015,2009,10096,8964,1132
22015,2010,10597,9231,1366
22017,1990,10169,12964,-2795
22017,1991,10763,11356,-593
22017,1992,10741,11491,-750
22017,1993,10636,12190,-1554
22017,1994,11373,12153,-780
22017,1995,10255,12109,-1854
22017,1996,10252,12048,-1796
22017,1997,9888,11956,-2068
22017,1998,9896,11694,-1798
22017,1999,10225,11823,-1598
22017,2000,9684,11193,-1509
22017,2001,9791,11461,-1670
22017,2002,9978,10913,-935
22017,2003,10643,10700,-57
22017,2004,10550,11084,-534
22017,2005,12052,10957,1095
22017,2006,10372,11625,-1253
22017,2007,10914,11460,-546
22017,2008,10555,10677,-122
22017,2009,11190,10244,946
22017,2010,11063,11079,-16
22019,1990,6769,6649,120
22019,1991,6806,6863,-57
22019,1992,6304,6343,-39
22019,1993,6318,5940,378
22019,1994,6562,5816,746
22019,1995,7121,5987,1134
22019,1996,6462,6703,-241
22019,1997,6497,6813,-316
22019,1998,6177,6855,-678
22019,1999,5694,6941,-1247
22019,2000,5472,6806,-1334
22019,2001,6057,6888,-831
22019,2002,6036,6217,-181
22019,2003,6035,6324,-289
22019,2004,6095,6355,-260
22019,2005,7212,8497,-1285
22019,2006,6920,6690,230
22019,2007,7067,6581,486
22019,2008,6626,6116,510
22019,2009,6086,5494,592
22019,2010,5781,6057,-276
22021,1990,412,452,-40
22021,1991,389,382,7
22021,1992,551,426,125
22021,1993,666,478,188
22021,1994,511,484,27
22021,1995,468,501,-33
22021,1996,604,525,79
22021,1997,533,525,8
22021,1998,539,511,28
22021,1999,515,540,-25
22021,2000,532,547,-15
22021,2001,504,454,50
22021,2002,469,454,15
22021,2003,513,402,111
22021,2004,438,525,-87
22021,2005,449,455,-6
22021,2006,358,417,-59
22021,2007,420,401,19
22021,2008,375,384,-9
22021,2009,370,403,-33
22021,2010,401,414,-13
22023,1990,327,367,-40
22023,1991,357,497,-140
22023,1992,266,376,-110
22023,1993,270,379,-109
22023,1994,283,375,-92
22023,1995,331,386,-55
22023,1996,452,300,152
22023,1997,407,325,82
22023,1998,368,396,-28
22023,1999,332,432,-100
22023,2000,311,402,-91
22023,2001,319,411,-92
22023,2002,340,411,-71
22023,2003,472,502,-30
22023,2004,443,483,-40
22023,2005,251,1484,-1233
22023,2006,506,682,-176
22023,2007,405,482,-77
22023,2008,296,732,-436
22023,2009,299,419,-120
22023,2010,312,326,-14
22025,1990,480,442,38
22025,1991,463,536,-73
22025,1992,434,450,-16
22025,1993,443,468,-25
22025,1994,445,469,-24
22025,1995,420,446,-26
22025,1996,398,478,-80
22025,1997,448,468,-20
22025,1998,347,484,-137
22025,1999,386,461,-75
22025,2000,437,458,-21
22025,2001,379,448,-69
22025,2002,324,401,-77
22025,2003,382,434,-52
22025,2004,360,438,-78
22025,2005,494,414,80
22025,2006,417,388,29
22025,2007,470,370,100
22025,2008,363,440,-77
22025,2009,363,400,-37
22025,2010,328,380,-52
22027,1990,584,628,-44
22027,1991,610,591,19
22027,1992,606,590,16
22027,1993,669,617,52
22027,1994,626,638,-12
22027,1995,595,694,-99
22027,1996,519,635,-116
22027,1997,554,604,-50
22027,1998,459,608,-149
22027,1999,500,641,-141
22027,2000,513,553,-40
22027,2001,547,602,-55
22027,2002,602,593,9
22027,2003,576,632,-56
22027,2004,591,628,-37
22027,2005,698,613,85
22027,2006,570,600,-30
22027,2007,609,710,-101
22027,2008,559,592,-33
22027,2009,508,606,-98
22027,2010,524,604,-80
22029,1990,1045,1199,-154
22029,1991,1035,1003,32
22029,1992,989,998,-9
22029,1993,940,962,-22
22029,1994,960,903,57
22029,1995,741,912,-171
22029,1996,798,961,-163
22029,1997,1068,1038,30
22029,1998,847,1043,-196
22029,1999,785,909,-124
22029,2000,744,863,-119
22029,2001,744,905,-161
22029,2002,640,823,-183
22029,2003,710,829,-119
22029,2004,671,823,-152
22029,2005,958,855,103
22029,2006,796,921,-125
22029,2007,909,942,-33
22029,2008,953,887,66
22029,2009,804,880,-76
22029,2010,874,813,61
22031,1990,1153,1444,-291
22031,1991,1227,1340,-113
22031,1992,1156,1296,-140
22031,1993,1144,1240,-96
22031,1994,1279,1218,61
22031,1995,1219,1248,-29
22031,1996,1358,1148,210
22031,1997,1182,1330,-148
22031,1998,1260,1205,55
22031,1999,1340,1382,-42
22031,2000,1244,1256,-12
22031,2001,1396,1232,164
22031,2002,1320,1228,92
22031,2003,1321,1138,183
22031,2004,1289,1216,73
22031,2005,1355,1371,-16
22031,2006,1412,1292,120
22031,2007,1471,1430,41
22031,2008,1257,1364,-107
22031,2009,1426,1164,262
22031,2010,1387,1351,36
22033,1990,16736,16129,607
22033,1991,17111,15882,1229
22033,1992,16756,17151,-395
22033,1993,15603,17783,-2180
22033,1994,15336,17999,-2663
22033,1995,14544,17747,-3203
22033,1996,14875,18372,-3497
22033,1997,15024,18148,-3124
22033,1998,15345,18325,-2980
22033,1999,15094,18511,-3417
22033,2000,14418,18489,-4071
22033,2001,15049,17999,-2950
22033,2002,15065,17067,-2002
22033,2003,15125,16995,-1870
22033,2004,14934,17775,-2841
22033,2005,27467,19051,8416
22033,2006,18978,22294,-3316
22033,2007,17905,21630,-3725
22033,2008,18134,18865,-731
22033,2009,17278,18617,-1339
22033,2010,16435,19712,-3277
22035,1990,312,488,-176
22035,1991,457,429,28
22035,1992,330,508,-178
22035,1993,361,389,-28
22035,1994,325,392,-67
22035,1995,236,526,-290
22035,1996,367,506,-139
22035,1997,422,493,-71
22035,1998,333,455,-122
22035,1999,351,465,-114
22035,2000,295,459,-164
22035,2001,296,433,-137
22035,2002,283,401,-118
22035,2003,262,363,-101
22035,2004,238,331,-93
22035,2005,264,392,-128
22035,2006,244,298,-54
22035,2007,224,305,-81
22035,2008,236,261,-25
22035,2009,215,326,-111
22035,2010,251,321,-70
22037,1990,1028,1004,24
22037,1991,1074,990,84
22037,1992,1134,1002,132
22037,1993,1067,922,145
22037,1994,1019,1036,-17
22037,1995,1046,873,173
22037,1996,926,989,-63
22037,1997,966,980,-14
22037,1998,1006,939,67
22037,1999,936,936,0
22037,2000,876,936,-60
22037,2001,788,942,-154
22037,2002,889,956,-67
22037,2003,893,1007,-114
22037,2004,900,1047,-147
22037,2005,1176,1053,123
22037,2006,995,1050,-55
22037,2007,1032,994,38
22037,2008,1095,1064,31
22037,2009,946,1169,-223
22037,2010,1031,1086,-55
22039,1990,921,929,-8
22039,1991,869,887,-18
22039,1992,995,912,83
22039,1993,885,902,-17
22039,1994,905,1082,-177
22039,1995,969,913,56
22039,1996,844,998,-154
22039,1997,974,1095,-121
22039,1998,967,1018,-51
22039,1999,947,1143,-196
22039,2000,1028,1143,-115
22039,2001,1020,1139,-119
22039,2002,946,1192,-246
22039,2003,1060,1036,24
22039,2004,1119,1013,106
22039,2005,1280,1119,161
22039,2006,1221,1186,35
22039,2007,1082,1431,-349
22039,2008,1113,1256,-143
22039,2009,1121,1156,-35
22039,2010,1034,1155,-121
22041,1990,649,901,-252
22041,1991,760,758,2
22041,1992,775,671,104
22041,1993,701,815,-114
22041,1994,659,771,-112
22041,1995,716,838,-122
22041,1996,744,832,-88
22041,1997,757,838,-81
22041,1998,729,880,-151
22041,1999,734,745,-11
22041,2000,639,872,-233
22041,2001,668,863,-195
22041,2002,639,713,-74
22041,2003,633,781,-148
22041,2004,586,824,-238
22041,2005,822,792,30
22041,2006,759,798,-39
22041,2007,715,784,-69
22041,2008,745,859,-114
22041,2009,663,620,43
22041,2010,656,728,-72
22043,1990,894,880,14
22043,1991,999,1001,-2
22043,1992,1053,1010,43
22043,1993,1129,1107,22
22043,1994,1223,915,308
22043,1995,1176,955,221
22043,1996,1108,1144,-36
22043,1997,1193,964,229
22043,1998,1122,942,180
22043,1999,1147,1133,14
22043,2000,1169,1204,-35
22043,2001,1146,1184,-38
22043,2002,1128,1061,67
22043,2003,1252,1073,179
22043,2004,1125,894,231
22043,2005,1297,981,316
22043,2006,1114,1143,-29
22043,2007,1297,1108,189
22043,2008,1252,1162,90
22043,2009,1196,1124,72
22043,2010,1231,1416,-185
22045,1990,2145,2183,-38
22045,1991,2155,2246,-91
22045,1992,2542,2489,53
22045,1993,2237,2466,-229
22045,1994,2225,2382,-157
22045,1995,2184,2282,-98
22045,1996,2364,2400,-36
22045,1997,2518,2418,100
22045,1998,2421,2549,-128
22045,1999,2333,2877,-544
22045,2000,2495,2789,-294
22045,2001,2519,2839,-320
22045,2002,2429,2681,-252
22045,2003,2638,2865,-227
22045,2004,2458,2689,-231
22045,2005,3196,2814,382
22045,2006,2673,2810,-137
22045,2007,2784,2957,-173
22045,2008,3095,3171,-76
22045,2009,2604,3060,-456
22045,2010,2681,2917,-236
22047,1990,1109,1362,-253
22047,1991,1059,1268,-209
22047,1992,1167,1332,-165
22047,1993,1132,1402,-270
22047,1994,1045,1380,-335
22047,1995,1168,1267,-99
22047,1996,1157,1301,-144
22047,1997,1140,1312,-172
22047,1998,1063,1312,-249
22047,1999,1096,1289,-193
22047,2000,1119,1336,-217
22047,2001,1118,1349,-231
22047,2002,1029,1442,-413
22047,2003,1148,1509,-361
22047,2004,1126,1383,-257
22047,2005,1841,1412,429
22047,2006,1267,1551,-284
22047,2007,1463,1446,17
22047,2008,1294,1618,-324
22047,2009,1249,1435,-186
22047,2010,1436,1617,-181
22049,1990,547,661,-114
22049,1991,723,650,73
22049,1992,702,674,28
22049,1993,740,614,126
22049,1994,738,638,100
22049,1995,1018,966,52
22049,1996,1134,1171,-37
22049,1997,1092,1205,-113
22049,1998,1120,1154,-34
22049,1999,1236,1284,-48
22049,2000,1262,1215,47
22049,2001,1244,1355,-111
22049,2002,1278,1285,-7
22049,2003,1173,1228,-55
22049,2004,622,717,-95
22049,2005,885,775,110
22049,2006,764,854,-90
22049,2007,909,838,71
22049,2008,658,767,-109
22049,2009,644,625,19
22049,2010,667,651,16
22051,1990,21837,22375,-538
22051,1991,22314,23075,-761
22051,1992,21048,24436,-3388
22051,1993,20906,23746,-2840
22051,1994,20866,23389,-2523
22051,1995,18680,22795,-4115
22051,1996,19139,23608,-4469
22051,1997,19484,22875,-3391
22051,1998,19434,23221,-3787
22051,1999,18680,23759,-5079
22051,2000,18711,23153,-4442
22051,2001,19455,22234,-2779
22051,2002,19616,21736,-2120
22051,2003,20599,22053,-1454
22051,2004,19986,23077,-3091
22051,2005,31647,53806,-22159
22051,2006,27785,27278,507
22051,2007,22192,25924,-3732
22051,2008,20755,23447,-2692
22051,2009,19417,21542,-2125
22051,2010,19885,20991,-1106
22053,1990,1294,1260,34
22053,1991,1208,1354,-146
22053,1992,1149,1396,-247
22053,1993,1155,1162,-7
22053,1994,1216,1091,125
22053,1995,1129,1178,-49
22053,1996,1063,1253,-190
22053,1997,1064,1285,-221
22053,1998,1099,1347,-248
22053,1999,1102,1361,-259
22053,2000,1028,1318,-290
22053,2001,1138,1338,-200
22053,2002,1102,1218,-116
22053,2003,1217,1244,-27
22053,2004,1270,1334,-64
22053,2005,1432,1389,43
22053,2006,1324,1457,-133
22053,2007,1303,1309,-6
22053,2008,1282,1378,-96
22053,2009,1215,1296,-81
22053,2010,1258,1245,13
22055,1990,9150,8102,1048
22055,1991,8853,8377,476
22055,1992,9240,8250,990
22055,1993,8744,8174,570
22055,1994,8858,7858,1000
22055,1995,8575,8206,369
22055,1996,9442,8807,635
22055,1997,9398,9189,209
22055,1998,9105,9408,-303
22055,1999,8785,9830,-1045
22055,2000,8828,9738,-910
22055,2001,9570,9495,75
22055,2002,9053,9425,-372
22055,2003,9050,9263,-213
22055,2004,9363,9222,141
22055,2005,12218,9503,2715
22055,2006,9896,10246,-350
22055,2007,10665,10262,403
22055,2008,10791,9867,924
22055,2009,9931,9907,24
22055,2010,9999,9636,363
22057,1990,2233,2554,-321
22057,1991,2176,2616,-440
22057,1992,2329,2567,-238
22057,1993,2332,2565,-233
22057,1994,2323,2461,-138
22057,1995,2892,3250,-358
22057,1996,3279,3271,8
22057,1997,3532,3242,290
22057,1998,3327,3418,-91
22057,1999,3105,3780,-675
22057,2000,3274,3515,-241
22057,2001,3615,3431,184
22057,2002,3581,3498,83
22057,2003,3731,3693,38
22057,2004,2784,3058,-274
22057,2005,3945,3292,653
22057,2006,3222,3506,-284
22057,2007,3360,3543,-183
22057,2008,3679,3854,-175
22057,2009,3411,3667,-256
22057,2010,3310,3377,-67
22059,1990,519,461,58
22059,1991,562,514,48
22059,1992,532,531,1
22059,1993,558,616,-58
22059,1994,533,501,32
22059,1995,554,538,16
22059,1996,455,520,-65
22059,1997,447,542,-95
22059,1998,488,507,-19
22059,1999,513,508,5
22059,2000,457,530,-73
22059,2001,525,481,44
22059,2002,478,560,-82
22059,2003,460,464,-4
22059,2004,529,549,-20
22059,2005,606,521,85
22059,2006,494,449,45
22059,2007,497,496,1
22059,2008,472,474,-2
22059,2009,561,380,181
22059,2010,469,478,-9
22061,1990,1853,1789,64
22061,1991,2039,1834,205
22061,1992,2212,1834,378
22061,1993,1986,2145,-159
22061,1994,1942,2129,-187
22061,1995,1700,1999,-299
22061,1996,1716,1974,-258
22061,1997,1660,1918,-258
22061,1998,1721,1896,-175
22061,1999,1780,1969,-189
22061,2000,1832,2000,-168
22061,2001,1807,1934,-127
22061,2002,1846,1878,-32
22061,2003,1961,1801,160
22061,2004,1984,2140,-156
22061,2005,2135,2298,-163
22061,2006,2020,2266,-246
22061,2007,2088,2283,-195
22061,2008,2232,2208,24
22061,2009,1905,2032,-127
22061,2010,1989,2353,-364
22063,1990,3920,3452,468
22063,1991,4340,3596,744
22063,1992,4718,3514,1204
22063,1993,4644,3575,1069
22063,1994,5172,3652,1520
22063,1995,5232,3589,1643
22063,1996,5697,3769,1928
22063,1997,5737,4062,1675
22063,1998,6146,4193,1953
22063,1999,5958,4147,1811
22063,2000,6061,4202,1859
22063,2001,6478,4183,2295
22063,2002,6367,4374,1993
22063,2003,6671,4413,2258
22063,2004,6522,4491,2031
22063,2005,8450,5120,3330
22063,2006,7738,5631,2107
22063,2007,8040,5674,2366
22063,2008,6861,5694,1167
22063,2009,6868,5575,1293
22063,2010,6678,5926,752
22065,1990,407,597,-190
22065,1991,486,552,-66
22065,1992,463,399,64
22065,1993,493,477,16
22065,1994,507,477,30
22065,1995,508,556,-48
22065,1996,467,631,-164
22065,1997,371,614,-243
22065,1998,464,533,-69
22065,1999,482,569,-87
22065,2000,391,622,-231
22065,2001,432,647,-215
22065,2002,421,547,-126
22065,2003,434,475,-41
22065,2004,411,583,-172
22065,2005,423,601,-178
22065,2006,361,508,-147
22065,2007,409,516,-107
22065,2008,319,598,-279
22065,2009,445,461,-16
22065,2010,397,438,-41
22067,1990,989,1329,-340
22067,1991,1132,1147,-15
22067,1992,1178,1128,50
22067,1993,1035,1200,-165
22067,1994,1047,1075,-28
22067,1995,1029,1190,-161
22067,1996,1127,1305,-178
22067,1997,956,1260,-304
22067,1998,906,1172,-266
22067,1999,1019,1210,-191
22067,2000,841,1214,-373
22067,2001,1069,1313,-244
22067,2002,1155,1111,44
22067,2003,1084,1256,-172
22067,2004,943,1331,-388
22067,2005,1051,1262,-211
22067,2006,1014,1388,-374
22067,2007,1152,1307,-155
22067,2008,1076,1222,-146
22067,2009,1065,1226,-161
22067,2010,985,1229,-244
22069,1990,1544,1633,-89
22069,1991,1612,1623,-11
22069,1992,1558,1523,35
22069,1993,1606,1538,68
22069,1994,1667,1718,-51
22069,1995,1569,1804,-235
22069,1996,1534,1652,-118
22069,1997,1598,1844,-246
22069,1998,1621,1727,-106
22069,1999,1602,1681,-79
22069,2000,1502,1919,-417
22069,2001,1464,1725,-261
22069,2002,1427,1627,-200
22069,2003,1478,1663,-185
22069,2004,1470,1630,-160
22069,2005,1749,1653,96
22069,2006,1586,1732,-146
22069,2007,1619,1756,-137
22069,2008,1590,1720,-130
22069,2009,1430,1519,-89
22069,2010,1428,1739,-311
22071,1990,17207,23298,-6091
22071,1991,18356,21965,-3609
22071,1992,18411,22431,-4020
22071,1993,17494,22420,-4926
22071,1994,17189,21970,-4781
22071,1995,15069,21160,-6091
22071,1996,15721,21467,-5746
22071,1997,16139,21297,-5158
22071,1998,16315,20805,-4490
22071,1999,16179,21331,-5152
22071,2000,15792,21904,-6112
22071,2001,15790,21444,-5654
22071,2002,15935,20990,-5055
22071,2003,15896,22117,-6221
22071,2004,16045,22588,-6543
22071,2005,8134,144648,-136514
22071,2006,37632,22354,15278
22071,2007,30556,16233,14323
22071,2008,25931,15337,10594
22071,2009,22768,15309,7459
22071,2010,22108,16586,5522
22073,1990,5551,5685,-134
22073,1991,5999,5548,451
22073,1992,5763,6062,-299
22073,1993,5510,5922,-412
22073,1994,5674,6054,-380
22073,1995,5532,5872,-340
22073,1996,5618,6141,-523
22073,1997,5341,6117,-776
22073,1998,5487,6338,-851
22073,1999,5617,6377,-760
22073,2000,5423,6549,-1126
22073,2001,5861,5867,-6
22073,2002,5662,5701,-39
22073,2003,5738,6039,-301
22073,2004,5608,6461,-853
22073,2005,6708,6281,427
22073,2006,5601,6546,-945
22073,2007,5890,6295,-405
22073,2008,5936,5703,233
22073,2009,5692,5695,-3
22073,2010,5774,5865,-91
22075,1990,1628,1862,-234
22075,1991,1646,1763,-117
22075,1992,1585,2038,-453
22075,1993,1547,1685,-138
22075,1994,1710,1729,-19
22075,1995,1526,1628,-102
22075,1996,1639,1666,-27
22075,1997,1629,1652,-23
22075,1998,1554,1798,-244
22075,1999,1559,1732,-173
22075,2000,1724,1650,74
22075,2001,1733,1601,132
22075,2002,2099,1662,437
22075,2003,2630,1848,782
22075,2004,2117,2274,-157
22075,2005,1898,6709,-4811
22075,2006,2677,2667,10
22075,2007,2246,2447,-201
22075,2008,1843,2093,-250
22075,2009,2045,1863,182
22075,2010,2042,1805,237
22077,1990,830,871,-41
22077,1991,767,772,-5
22077,1992,755,807,-52
22077,1993,887,843,44
22077,1994,808,867,-59
22077,1995,709,817,-108
22077,1996,968,715,253
22077,1997,775,910,-135
22077,1998,700,885,-185
22077,1999,781,835,-54
22077,2000,780,948,-168
22077,2001,749,908,-159
22077,2002,777,876,-99
22077,2003,805,878,-73
22077,2004,728,830,-102
22077,2005,1190,904,286
22077,2006,851,912,-61
22077,2007,911,953,-42
22077,2008,842,963,-121
22077,2009,852,938,-86
22077,2010,821,888,-67
22079,1990,5949,6547,-598
22079,1991,5590,6678,-1088
22079,1992,5103,10089,-4986
22079,1993,5204,4851,353
22079,1994,4979,4708,271
22079,1995,4240,5217,-977
22079,1996,4902,5073,-171
22079,1997,4439,4861,-422
22079,1998,4567,4860,-293
22079,1999,4343,4680,-337
22079,2000,4599,5101,-502
22079,2001,4315,4673,-358
22079,2002,4581,4542,39
22079,2003,4292,4319,-27
22079,2004,4366,4516,-150
22079,2005,6090,4842,1248
22079,2006,4854,5207,-353
22079,2007,4698,5177,-479
22079,2008,4863,4975,-112
22079,2009,4592,4538,54
22079,2010,4486,4429,57
22081,1990,285,467,-182
22081,1991,475,419,56
22081,1992,470,481,-11
22081,1993,453,522,-69
22081,1994,490,422,68
22081,1995,383,398,-15
22081,1996,333,398,-65
22081,1997,386,427,-41
22081,1998,347,461,-114
22081,1999,344,418,-74
22081,2000,298,353,-55
22081,2001,359,346,13
22081,2002,285,301,-16
22081,2003,343,370,-27
22081,2004,321,444,-123
22081,2005,396,436,-40
22081,2006,351,417,-66
22081,2007,373,457,-84
22081,2008,340,427,-87
22081,2009,364,399,-35
22081,2010,352,369,-17
22083,1990,813,1030,-217
22083,1991,893,971,-78
22083,1992,863,952,-89
22083,1993,1017,1015,2
22083,1994,951,946,5
22083,1995,868,852,16
22083,1996,869,909,-40
22083,1997,836,846,-10
22083,1998,773,857,-84
22083,1999,824,981,-157
22083,2000,830,907,-77
22083,2001,787,989,-202
22083,2002,799,918,-119
22083,2003,889,964,-75
22083,2004,892,961,-69
22083,2005,1042,968,74
22083,2006,934,1023,-89
22083,2007,986,1007,-21
22083,2008,949,1052,-103
22083,2009,900,882,18
22083,2010,972,924,48
22085,1990,798,892,-94
22085,1991,1084,739,345
22085,1992,926,828,98
22085,1993,967,751,216
22085,1994,918,828,90
22085,1995,930,742,188
22085,1996,956,856,100
22085,1997,863,826,37
22085,1998,889,862,27
22085,1999,859,778,81
22085,2000,792,868,-76
22085,2001,799,804,-5
22085,2002,877,864,13
22085,2003,893,850,43
22085,2004,845,750,95
22085,2005,902,836,66
22085,2006,844,816,28
22085,2007,798,826,-28
22085,2008,820,861,-41
22085,2009,781,783,-2
22085,2010,878,720,158
22087,1990,2003,2478,-475
22087,1991,2055,2317,-262
22087,1992,2117,2201,-84
22087,1993,2088,2169,-81
22087,1994,2145,2174,-29
22087,1995,1942,2346,-404
22087,1996,1967,2344,-377
22087,1997,1925,2331,-406
22087,1998,1892,2350,-458
22087,1999,1899,2571,-672
22087,2000,1952,2366,-414
22087,2001,2048,2332,-284
22087,2002,1891,2311,-420
22087,2003,2182,2447,-265
22087,2004,2275,2634,-359
22087,2005,277,29846,-29569
22087,2006,5212,1682,3530
22087,2007,4001,1077,2924
22087,2008,3140,1155,1985
22087,2009,3195,1247,1948
22087,2010,3029,1488,1541
22089,1990,2672,2361,311
22089,1991,2719,2528,191
22089,1992,2938,2603,335
22089,1993,2823,2526,297
22089,1994,2693,2498,195
22089,1995,2962,2757,205
22089,1996,3020,2725,295
22089,1997,3059,2842,217
22089,1998,3001,2872,129
22089,1999,2936,2948,-12
22089,2000,2778,2855,-77
22089,2001,2945,2737,208
22089,2002,2577,2728,-151
22089,2003,2859,2607,252
22089,2004,2928,2709,219
22089,2005,4175,3460,715
22089,2006,3281,3373,-92
22089,2007,3275,3534,-259
22089,2008,2732,2890,-158
22089,2009,2519,2675,-156
22089,2010,2273,2688,-415
22091,1990,391,339,52
22091,1991,421,451,-30
22091,1992,366,353,13
22091,1993,305,457,-152
22091,1994,372,369,3
22091,1995,593,742,-149
22091,1996,727,774,-47
22091,1997,807,899,-92
22091,1998,796,725,71
22091,1999,778,756,22
22091,2000,653,759,-106
22091,2001,729,679,50
22091,2002,632,737,-105
22091,2003,738,760,-22
22091,2004,656,742,-86
22091,2005,1035,625,410
22091,2006,715,776,-61
22091,2007,698,748,-50
22091,2008,736,727,9
22091,2009,884,910,-26
22091,2010,678,884,-206
22093,1990,477,770,-293
22093,1991,496,729,-233
22093,1992,646,756,-110
22093,1993,604,741,-137
22093,1994,525,790,-265
22093,1995,509,648,-139
22093,1996,585,749,-164
22093,1997,656,704,-48
22093,1998,728,728,0
22093,1999,609,778,-169
22093,2000,589,732,-143
22093,2001,630,731,-101
22093,2002,511,739,-228
22093,2003,587,773,-186
22093,2004,695,749,-54
22093,2005,1129,794,335
22093,2006,982,945,37
22093,2007,855,1037,-182
22093,2008,821,909,-88
22093,2009,753,982,-229
22093,2010,630,918,-288
22095,1990,2267,2298,-31
22095,1991,2264,2256,8
22095,1992,2318,2472,-154
22095,1993,2806,2391,415
22095,1994,2148,2326,-178
22095,1995,1864,2060,-196
22095,1996,1867,2252,-385
22095,1997,2074,2156,-82
22095,1998,1981,2057,-76
22095,1999,2016,2137,-121
22095,2000,2048,1896,152
22095,2001,2056,2026,30
22095,2002,2344,2115,229
22095,2003,2547,2373,174
22095,2004,2752,2424,328
22095,2005,4252,3204,1048
22095,2006,3041,3329,-288
22095,2007,2726,3255,-529
22095,2008,2459,2912,-453
22095,2009,2181,2682,-501
22095,2010,2011,2563,-552
22097,1990,2464,2658,-194
22097,1991,2500,2643,-143
22097,1992,2651,2618,33
22097,1993,2264,2573,-309
22097,1994,2703,2474,229
22097,1995,2296,2446,-150
22097,1996,2590,2554,36
22097,1997,2558,2658,-100
22097,1998,2614,2636,-22
22097,1999,2508,2543,-35
22097,2000,2568,2666,-98
22097,2001,2541,2690,-149
22097,2002,2626,2518,108
22097,2003,2643,2698,-55
22097,2004,2750,2721,29
22097,2005,4014,2954,1060
22097,2006,3235,3276,-41
22097,2007,3419,3184,235
22097,2008,3329,3290,39
22097,2009,3197,3132,65
22097,2010,2980,3209,-229
22099,1990,1311,1558,-247
22099,1991,1397,1446,-49
22099,1992,1462,1594,-132
22099,1993,1674,1444,230
22099,1994,1525,1725,-200
22099,1995,1588,1508,80
22099,1996,1795,1582,213
22099,1997,1874,1615,259
22099,1998,1865,1956,-91
22099,1999,1850,1911,-61
22099,2000,1901,1819,82
22099,2001,1958,1818,140
22099,2002,1971,1820,151
22099,2003,2104,1942,162
22099,2004,2108,2267,-159
22099,2005,2867,2159,708
22099,2006,2426,2228,198
22099,2007,2510,2320,190
22099,2008,2527,2429,98
22099,2009,2392,2324,68
22099,2010,2397,2193,204
22101,1990,2055,2489,-434
22101,1991,1875,2641,-766
22101,1992,1717,2750,-1033
22101,1993,1757,2288,-531
22101,1994,1844,2039,-195
22101,1995,1840,2173,-333
22101,1996,1864,2312,-448
22101,1997,2195,2287,-92
22101,1998,1765,2464,-699
22101,1999,1680,2647,-967
22101,2000,1645,2393,-748
22101,2001,1749,2253,-504
22101,2002,1679,2069,-390
22101,2003,1810,2242,-432
22101,2004,1591,2410,-819
22101,2005,2514,2182,332
22101,2006,1909,2474,-565
22101,2007,2073,2654,-581
22101,2008,2185,2718,-533
22101,2009,2150,2338,-188
22101,2010,1900,2356,-456
22103,1990,11025,8079,2946
22103,1991,11173,7933,3240
22103,1992,12024,8187,3837
22103,1993,12277,7984,4293
22103,1994,12325,8482,3843
22103,1995,11888,8487,3401
22103,1996,12446,8718,3728
22103,1997,11696,9026,2670
22103,1998,11667,9079,2588
22103,1999,11603,9371,2232
22103,2000,11436,9253,2183
22103,2001,12539,8886,3653
22103,2002,12355,8640,3715
22103,2003,12754,8809,3945
22103,2004,13390,9237,4153
22103,2005,19355,17593,1762
22103,2006,12505,11557,948
22103,2007,11839,10393,1446
22103,2008,10519,9466,1053
22103,2009,10256,8352,1904
22103,2010,10411,9105,1306
22105,1990,3515,3435,80
22105,1991,3828,3303,525
22105,1992,3969,3094,875
22105,1993,4065,3347,718
22105,1994,4081,3287,794
22105,1995,3854,3498,356
22105,1996,4060,3573,487
22105,1997,4203,3616,587
22105,1998,4232,3746,486
22105,1999,3790,3547,243
22105,2000,3926,3702,224
22105,2001,4082,3893,189
22105,2002,4056,3664,392
22105,2003,4362,3619,743
22105,2004,4454,3842,612
22105,2005,7974,4474,3500
22105,2006,5958,4768,1190
22105,2007,5612,4909,703
22105,2008,5277,5013,264
22105,2009,5269,4610,659
22105,2010,5126,4646,480
22107,1990,208,353,-145
22107,1991,226,297,-71
22107,1992,235,232,3
22107,1993,252,241,11
22107,1994,252,260,-8
22107,1995,223,256,-33
22107,1996,251,342,-91
22107,1997,220,276,-56
22107,1998,233,270,-37
22107,1999,216,355,-139
22107,2000,241,341,-100
22107,2001,265,297,-32
22107,2002,216,324,-108
22107,2003,194,287,-93
22107,2004,230,270,-40
22107,2005,270,255,15
22107,2006,192,295,-103
22107,2007,172,269,-97
22107,2008,239,319,-80
22107,2009,203,223,-20
22107,2010,190,251,-61
22109,1990,3344,3168,176
22109,1991,3154,3189,-35
22109,1992,2903,3653,-750
22109,1993,3008,3355,-347
22109,1994,2987,3217,-230
22109,1995,3290,3026,264
22109,1996,3642,3390,252
22109,1997,3868,3393,475
22109,1998,3482,3923,-441
22109,1999,3356,4020,-664
22109,2000,3390,3758,-368
22109,2001,3365,3648,-283
22109,2002,3450,3648,-198
22109,2003,3529,3992,-463
22109,2004,3534,3593,-59
22109,2005,4764,4092,672
22109,2006,4213,4323,-110
22109,2007,4060,4580,-520
22109,2008,4080,4755,-675
22109,2009,3855,4370,-515
22109,2010,3541,4141,-600
22111,1990,900,941,-41
22111,1991,1062,920,142
22111,1992,1083,915,168
22111,1993,1106,963,143
22111,1994,1070,994,76
22111,1995,965,915,50
22111,1996,1049,926,123
22111,1997,1085,994,91
22111,1998,1024,1007,17
22111,1999,1061,1147,-86
22111,2000,979,937,42
22111,2001,874,1008,-134
22111,2002,925,879,46
22111,2003,891,959,-68
22111,2004,955,975,-20
22111,2005,1042,1021,21
22111,2006,995,1053,-58
22111,2007,1113,1067,46
22111,2008,1000,1107,-107
22111,2009,1066,1011,55
22111,2010,898,998,-100
22113,1990,1458,1661,-203
22113,1991,1634,1591,43
22113,1992,1561,1597,-36
22113,1993,1646,1649,-3
22113,1994,1322,1704,-382
22113,1995,1616,1466,150
22113,1996,1837,1566,271
22113,1997,1768,1600,168
22113,1998,1720,1725,-5
22113,1999,1537,1874,-337
22113,2000,1491,1766,-275
22113,2001,1697,1715,-18
22113,2002,1675,1833,-158
22113,2003,1942,1879,63
22113,2004,2158,1882,276
22113,2005,2398,2170,228
22113,2006,2172,2108,64
22113,2007,2322,2101,221
22113,2008,2099,2101,-2
22113,2009,2135,2003,132
22113,2010,2083,2224,-141
22115,1990,10534,10064,470
22115,1991,12630,11537,1093
22115,1992,10247,19748,-9501
22115,1993,13652,14288,-636
22115,1994,7407,9440,-2033
22115,1995,7585,9438,-1853
22115,1996,6182,9281,-3099
22115,1997,6825,7887,-1062
22115,1998,6567,7048,-481
22115,1999,7381,7930,-549
22115,2000,6959,7754,-795
22115,2001,6406,8169,-1763
22115,2002,6771,8047,-1276
22115,2003,5737,6728,-991
22115,2004,7430,8587,-1157
22115,2005,5792,8204,-2412
22115,2006,4798,6240,-1442
22115,2007,5509,8031,-2522
22115,2008,6720,5455,1265
22115,2009,8208,7733,475
22115,2010,6535,7800,-1265
22117,1990,1191,1666,-475
22117,1991,1392,1335,57
22117,1992,1359,1323,36
22117,1993,1291,1336,-45
22117,1994,1381,1326,55
22117,1995,1311,1278,33
22117,1996,1300,1351,-51
22117,1997,1260,1394,-134
22117,1998,1308,1343,-35
22117,1999,1342,1435,-93
22117,2000,1348,1388,-40
22117,2001,1332,1435,-103
22117,2002,1372,1419,-47
22117,2003,1427,1363,64
22117,2004,1544,1266,278
22117,2005,2159,2072,87
22117,2006,1971,1349,622
22117,2007,1654,1420,234
22117,2008,1509,1495,14
22117,2009,1295,1488,-193
22117,2010,1428,1432,-4
22119,1990,1684,2004,-320
22119,1991,1664,1726,-62
22119,1992,1849,1837,12
22119,1993,2010,1650,360
22119,1994,1826,1913,-87
22119,1995,1847,1663,184
22119,1996,1805,1748,57
22119,1997,1732,1715,17
22119,1998,1651,1666,-15
22119,1999,1579,1882,-303
22119,2000,1547,1700,-153
22119,2001,1738,1727,11
22119,2002,1586,1714,-128
22119,2003,1715,1748,-33
22119,2004,1677,1660,17
22119,2005,1765,1678,87
22119,2006,1642,1674,-32
22119,2007,1789,1782,7
22119,2008,1898,1862,36
22119,2009,1750,1579,171
22119,2010,1832,1773,59
22121,1990,1175,1192,-17
22121,1991,1214,1207,7
22121,1992,1300,1189,111
22121,1993,1232,1332,-100
22121,1994,1186,1184,2
22121,1995,1212,1142,70
22121,1996,1208,1416,-208
22121,1997,1261,1192,69
22121,1998,1129,1422,-293
22121,1999,1111,1319,-208
22121,2000,1223,1300,-77
22121,2001,1290,1314,-24
22121,2002,1268,1339,-71
22121,2003,1343,1280,63
22121,2004,1258,1524,-266
22121,2005,1790,1324,466
22121,2006,1621,1395,226
22121,2007,1521,1559,-38
22121,2008,1532,1508,24
22121,2009,1795,1460,335
22121,2010,1597,1595,2
22123,1990,666,658,8
22123,1991,579,710,-131
22123,1992,606,604,2
22123,1993,501,647,-146
22123,1994,586,532,54
22123,1995,642,474,168
22123,1996,620,635,-15
22123,1997,658,677,-19
22123,1998,640,622,18
22123,1999,615,676,-61
22123,2000,480,644,-164
22123,2001,575,552,23
22123,2002,556,534,22
22123,2003,447,598,-151
22123,2004,414,491,-77
22123,2005,513,600,-87
22123,2006,474,594,-120
22123,2007,509,607,-98
22123,2008,498,527,-29
22123,2009,561,553,8
22123,2010,453,493,-40
22125,1990,499,499,0
22125,1991,543,512,31
22125,1992,545,448,97
22125,1993,529,467,62
22125,1994,516,624,-108
22125,1995,541,421,120
22125,1996,577,529,48
22125,1997,621,479,142
22125,1998,584,439,145
22125,1999,545,465,80
22125,2000,544,570,-26
22125,2001,513,502,11
22125,2002,484,430,54
22125,2003,438,548,-110
22125,2004,495,414,81
22125,2005,756,580,176
22125,2006,489,619,-130
22125,2007,562,547,15
22125,2008,493,606,-113
22125,2009,493,500,-7
22125,2010,557,602,-45
22127,1990,472,707,-235
22127,1991,642,561,81
22127,1992,568,566,2
22127,1993,701,646,55
22127,1994,675,711,-36
22127,1995,628,707,-79
22127,1996,559,627,-68
22127,1997,560,598,-38
22127,1998,462,596,-134
22127,1999,514,653,-139
22127,2000,503,655,-152
22127,2001,551,592,-41
22127,2002,490,622,-132
22127,2003,537,657,-120
22127,2004,444,532,-88
22127,2005,518,599,-81
22127,2006,564,616,-52
22127,2007,529,613,-84
22127,2008,595,608,-13
22127,2009,447,538,-91
22127,2010,481,609,-128
23001,1990,3760,4727,-967
23001,1991,3313,4342,-1029
23001,1992,3972,4080,-108
23001,1993,3598,4048,-450
23001,1994,3725,4139,-414
23001,1995,3533,4593,-1060
23001,1996,3676,4312,-636
23001,1997,4001,4029,-28
23001,1998,3908,3991,-83
23001,1999,3986,3865,121
23001,2000,4085,3927,158
23001,2001,4454,3858,596
23001,2002,4576,3871,705
23001,2003,4536,4087,449
23001,2004,4787,4402,385
23001,2005,4699,4575,124
23001,2006,4170,4644,-474
23001,2007,4295,4408,-113
23001,2008,3851,4606,-755
23001,2009,3557,4043,-486
23001,2010,3540,4059,-519
23003,1990,3688,3803,-115
23003,1991,3143,3592,-449
23003,1992,3134,4410,-1276
23003,1993,1863,5807,-3944
23003,1994,1759,4522,-2763
23003,1995,1724,2145,-421
23003,1996,1821,2289,-468
23003,1997,1510,2383,-873
23003,1998,1732,2352,-620
23003,1999,1897,2075,-178
23003,2000,1703,2249,-546
23003,2001,1939,1939,0
23003,2002,2093,1739,354
23003,2003,2072,1875,197
23003,2004,1948,1816,132
23003,2005,1903,1753,150
23003,2006,1938,1750,188
23003,2007,1757,1851,-94
23003,2008,1659,1802,-143
23003,2009,1407,1705,-298
23003,2010,1527,1607,-80
23005,1990,11729,12322,-593
23005,1991,10910,11757,-847
23005,1992,11033,12061,-1028
23005,1993,11872,11068,804
23005,1994,11893,11363,530
23005,1995,12687,11480,1207
23005,1996,12239,11556,683
23005,1997,12204,11278,926
23005,1998,12394,11587,807
23005,1999,13177,13132,45
23005,2000,12962,12855,107
23005,2001,12949,12062,887
23005,2002,12939,11932,1007
23005,2003,12673,12519,154
23005,2004,12998,12962,36
23005,2005,12840,13492,-652
23005,2006,12576,12600,-24
23005,2007,12722,12569,153
23005,2008,12064,12066,-2
23005,2009,10497,12422,-1925
23005,2010,11299,11147,152
23007,1990,1295,1266,29
23007,1991,1159,1136,23
23007,1992,1103,1182,-79
23007,1993,1233,1121,112
23007,1994,1141,1307,-166
23007,1995,1009,1271,-262
23007,1996,1284,1211,73
23007,1997,1101,1234,-133
23007,1998,1175,1235,-60
23007,1999,1118,1122,-4
23007,2000,1220,1250,-30
23007,2001,1245,1091,154
23007,2002,1175,1115,60
23007,2003,1225,1078,147
23007,2004,1175,1219,-44
23007,2005,1181,1107,74
23007,2006,1156,1212,-56
23007,2007,1129,1145,-16
23007,2008,1104,1152,-48
23007,2009,895,1076,-181
23007,2010,1006,955,51
23009,1990,2341,2015,326
23009,1991,2378,2060,318
23009,1992,2315,1916,399
23009,1993,2636,1952,684
23009,1994,2366,2065,301
23009,1995,2103,2066,37
23009,1996,2408,2051,357
23009,1997,2300,2079,221
23009,1998,2151,2236,-85
23009,1999,2389,2162,227
23009,2000,2312,2094,218
23009,2001,2371,2148,223
23009,2002,2425,1842,583
23009,2003,2287,1776,511
23009,2004,2147,1952,195
23009,2005,2109,1878,231
23009,2006,1912,1872,40
23009,2007,1924,1972,-48
23009,2008,1890,1888,2
23009,2009,1613,1852,-239
23009,2010,1887,1683,204
23011,1990,4748,4368,380
23011,1991,3954,4357,-403
23011,1992,3908,4254,-346
23011,1993,3977,4036,-59
23011,1994,3996,4294,-298
23011,1995,4084,4789,-705
23011,1996,3920,4406,-486
23011,1997,3921,4400,-479
23011,1998,4129,4138,-9
23011,1999,4399,4203,196
23011,2000,4742,4166,576
23011,2001,4592,4129,463
23011,2002,4988,4008,980
23011,2003,5264,4226,1038
23011,2004,5010,4383,627
23011,2005,4964,4765,199
23011,2006,4705,4391,314
23011,2007,4749,4469,280
23011,2008,4397,4470,-73
23011,2009,4045,4163,-118
23011,2010,4142,4264,-122
23013,1990,1617,1437,180
23013,1991,1414,1304,110
23013,1992,1551,1279,272
23013,1993,1543,1384,159
23013,1994,1696,1420,276
23013,1995,1729,1441,288
23013,1996,1651,1571,80
23013,1997,1718,1542,176
23013,1998,1647,1410,237
23013,1999,1684,1449,235
23013,2000,1776,1478,298
23013,2001,1780,1407,373
23013,2002,1558,1386,172
23013,2003,1609,1392,217
23013,2004,1659,1504,155
23013,2005,1608,1600,8
23013,2006,1442,1463,-21
23013,2007,1555,1537,18
23013,2008,1388,1481,-93
23013,2009,1207,1300,-93
23013,2010,1285,1221,64
23015,1990,1492,1486,6
23015,1991,1384,1384,0
23015,1992,1393,1207,186
23015,1993,1346,1276,70
23015,1994,1479,1145,334
23015,1995,1703,1600,103
23015,1996,1633,1514,119
23015,1997,1587,1458,129
23015,1998,1672,1467,205
23015,1999,1734,1349,385
23015,2000,1836,1404,432
23015,2001,1744,1365,379
23015,2002,1791,1386,405
23015,2003,1822,1421,401
23015,2004,1684,1535,149
23015,2005,1713,1625,88
23015,2006,1544,1400,144
23015,2007,1570,1557,13
23015,2008,1424,1529,-105
23015,2009,1324,1347,-23
23015,2010,1357,1361,-4
23017,1990,1896,2207,-311
23017,1991,2031,2053,-22
23017,1992,1885,1890,-5
23017,1993,2056,1973,83
23017,1994,2157,1859,298
23017,1995,2280,1879,401
23017,1996,2150,2099,51
23017,1997,2182,2162,20
23017,1998,2401,2028,373
23017,1999,2222,1904,318
23017,2000,2359,1964,395
23017,2001,2430,1871,559
23017,2002,2330,1923,407
23017,2003,2583,1979,604
23017,2004,2455,2076,379
23017,2005,2350,2067,283
23017,2006,2273,1883,390
23017,2007,2193,2076,117
23017,2008,2013,2262,-249
23017,2009,1862,1918,-56
23017,2010,1980,1838,142
23019,1990,5376,5590,-214
23019,1991,4705,5827,-1122
23019,1992,4876,4948,-72
23019,1993,4951,4943,8
23019,1994,4717,5491,-774
23019,1995,4868,5533,-665
23019,1996,4734,5411,-677
23019,1997,4795,5724,-929
23019,1998,5047,5226,-179
23019,1999,5084,5477,-393
23019,2000,5334,5009,325
23019,2001,5490,5248,242
23019,2002,5618,5036,582
23019,2003,5346,5452,-106
23019,2004,5371,5387,-16
23019,2005,5502,5231,271
23019,2006,5301,4901,400
23019,2007,5176,5395,-219
23019,2008,4985,5238,-253
23019,2009,4357,4869,-512
23019,2010,4417,4951,-534
23021,1990,743,794,-51
23021,1991,750,723,27
23021,1992,761,732,29
23021,1993,613,800,-187
23021,1994,786,734,52
23021,1995,664,786,-122
23021,1996,727,749,-22
23021,1997,675,753,-78
23021,1998,664,703,-39
23021,1999,822,698,124
23021,2000,727,758,-31
23021,2001,799,698,101
23021,2002,923,693,230
23021,2003,798,670,128
23021,2004,869,756,113
23021,2005,785,717,68
23021,2006,831,742,89
23021,2007,740,805,-65
23021,2008,634,727,-93
23021,2009,667,566,101
23021,2010,593,646,-53
23023,1990,2895,2999,-104
23023,1991,2630,2924,-294
23023,1992,2813,2797,16
23023,1993,2652,2828,-176
23023,1994,2684,2753,-69
23023,1995,3194,2818,376
23023,1996,3082,2592,490
23023,1997,2893,2758,135
23023,1998,2954,2692,262
23023,1999,2750,2728,22
23023,2000,2733,2551,182
23023,2001,2743,2511,232
23023,2002,2819,2407,412
23023,2003,2764,2687,77
23023,2004,2732,2847,-115
23023,2005,2744,2740,4
23023,2006,2429,2418,11
23023,2007,2475,2553,-78
23023,2008,2140,2412,-272
23023,2009,1912,2273,-361
23023,2010,1933,1951,-18
23025,1990,2391,2138,253
23025,1991,2012,2002,10
23025,1992,2064,2008,56
23025,1993,1834,1930,-96
23025,1994,2000,2018,-18
23025,1995,2350,1634,716
23025,1996,1699,1835,-136
23025,1997,1645,1679,-34
23025,1998,1784,1715,69
23025,1999,1931,1760,171
23025,2000,1857,1855,2
23025,2001,1851,1742,109
23025,2002,1929,1732,197
23025,2003,1795,1694,101
23025,2004,2225,2045,180
23025,2005,2428,2018,410
23025,2006,2230,2021,209
23025,2007,2077,2288,-211
23025,2008,2083,2172,-89
23025,2009,1971,1814,157
23025,2010,1813,1919,-106
23027,1990,1613,1293,320
23027,1991,1440,1255,185
23027,1992,1558,1193,365
23027,1993,1501,1316,185
23027,1994,1621,1263,358
23027,1995,1672,1421,251
23027,1996,1671,1533,138
23027,1997,1721,1488,233
23027,1998,1633,1381,252
23027,1999,2108,1383,725
23027,2000,2024,1499,525
23027,2001,1934,1428,506
23027,2002,1898,1446,452
23027,2003,1756,1567,189
23027,2004,1880,1642,238
23027,2005,1792,1646,146
23027,2006,1628,1547,81
23027,2007,1598,1652,-54
23027,2008,1594,1548,46
23027,2009,1571,1336,235
23027,2010,1489,1440,49
23029,1990,1388,1170,218
23029,1991,1355,1180,175
23029,1992,1284,1188,96
23029,1993,1130,1262,-132
23029,1994,1352,1284,68
23029,1995,1189,1259,-70
23029,1996,1171,1303,-132
23029,1997,1008,1274,-266
23029,1998,1042,1229,-187
23029,1999,1126,1273,-147
23029,2000,1010,1329,-319
23029,2001,1119,1131,-12
23029,2002,1261,1125,136
23029,2003,1173,1123,50
23029,2004,1055,1105,-50
23029,2005,1068,1036,32
23029,2006,1056,967,89
23029,2007,952,1079,-127
23029,2008,894,1112,-218
23029,2009,912,929,-17
23029,2010,885,841,44
23031,1990,7897,8424,-527
23031,1991,7280,7684,-404
23031,1992,7231,7403,-172
23031,1993,7528,7280,248
23031,1994,7961,7061,900
23031,1995,8079,6716,1363
23031,1996,8815,7510,1305
23031,1997,8468,7522,946
23031,1998,8908,7121,1787
23031,1999,10826,6877,3949
23031,2000,10306,7333,2973
23031,2001,9965,7537,2428
23031,2002,9268,7409,1859
23031,2003,9323,8009,1314
23031,2004,9047,8377,670
23031,2005,8347,8697,-350
23031,2006,8087,7732,355
23031,2007,8205,7794,411
23031,2008,7566,7841,-275
23031,2009,7355,7222,133
23031,2010,7725,6856,869
24001,1990,2121,2010,111
24001,1991,1852,1959,-107
24001,1992,1861,2053,-192
24001,1993,1890,1905,-15
24001,1994,2167,1905,262
24001,1995,1868,2184,-316
24001,1996,1825,2208,-383
24001,1997,1770,2036,-266
24001,1998,1837,2389,-552
24001,1999,1759,2216,-457
24001,2000,1901,2093,-192
24001,2001,1916,2041,-125
24001,2002,1778,1867,-89
24001,2003,1862,1786,76
24001,2004,1796,1949,-153
24001,2005,1904,1964,-60
24001,2006,1922,1793,129
24001,2007,1804,1989,-185
24001,2008,1757,1719,38
24001,2009,1611,1635,-24
24001,2010,1450,1709,-259
24003,1990,27090,26497,593
24003,1991,28212,25421,2791
24003,1992,30678,28330,2348
24003,1993,29797,26898,2899
24003,1994,28912,27774,1138
24003,1995,27653,27473,180
24003,1996,29456,28363,1093
24003,1997,29830,27553,2277
24003,1998,30511,28317,2194
24003,1999,30859,28532,2327
24003,2000,30982,29061,1921
24003,2001,31407,29763,1644
24003,2002,30340,30726,-386
24003,2003,30713,31220,-507
24003,2004,30683,32070,-1387
24003,2005,30980,34125,-3145
24003,2006,29494,30912,-1418
24003,2007,30156,30977,-821
24003,2008,29097,27545,1552
24003,2009,28871,27494,1377
24003,2010,29237,28258,979
24005,1990,37145,36100,1045
24005,1991,38478,38407,71
24005,1992,37840,41766,-3926
24005,1993,38360,40108,-1748
24005,1994,38177,38729,-552
24005,1995,36862,36553,309
24005,1996,39610,39208,402
24005,1997,38276,42315,-4039
24005,1998,40492,41025,-533
24005,1999,41453,39876,1577
24005,2000,41714,39639,2075
24005,2001,42511,40072,2439
24005,2002,43157,40354,2803
24005,2003,42973,41582,1391
24005,2004,42446,41673,773
24005,2005,44013,43553,460
24005,2006,41478,42885,-1407
24005,2007,39732,42448,-2716
24005,2008,37000,38691,-1691
24005,2009,36323,36622,-299
24005,2010,36171,35551,620
24009,1990,4442,2619,1823
24009,1991,4346,2486,1860
24009,1992,4531,2639,1892
24009,1993,4442,2587,1855
24009,1994,4370,2696,1674
24009,1995,4262,2723,1539
24009,1996,5030,3137,1893
24009,1997,4970,3213,1757
24009,1998,4770,3384,1386
24009,1999,4891,3163,1728
24009,2000,4954,3241,1713
24009,2001,5836,3482,2354
24009,2002,6000,3686,2314
24009,2003,5426,3950,1476
24009,2004,5198,4219,979
24009,2005,4931,4426,505
24009,2006,4437,4189,248
24009,2007,4094,4002,92
24009,2008,3895,3682,213
24009,2009,4096,3642,454
24009,2010,3924,3617,307
24011,1990,1470,1376,94
24011,1991,1616,1271,345
24011,1992,1583,1395,188
24011,1993,1666,1345,321
24011,1994,1666,1445,221
24011,1995,1522,1364,158
24011,1996,1633,1420,213
24011,1997,1534,1549,-15
24011,1998,1601,1544,57
24011,1999,1697,1494,203
24011,2000,1549,1466,83
24011,2001,1737,1558,179
24011,2002,1711,1379,332
24011,2003,1581,1534,47
24011,2004,2021,1492,529
24011,2005,2108,1634,474
24011,2006,2027,1630,397
24011,2007,1904,1675,229
24011,2008,1592,1704,-112
24011,2009,1464,1579,-115
24011,2010,1358,1622,-264
24013,1990,7336,5422,1914
24013,1991,7279,5531,1748
24013,1992,7713,6429,1284
24013,1993,8078,6162,1916
24013,1994,8340,5827,2513
24013,1995,8027,5641,2386
24013,1996,8197,5913,2284
24013,1997,7822,6149,1673
24013,1998,8310,6546,1764
24013,1999,8752,6814,1938
24013,2000,8927,6727,2200
24013,2001,10367,6633,3734
24013,2002,10295,7179,3116
24013,2003,9278,7084,2194
24013,2004,8177,7131,1046
24013,2005,8137,7361,776
24013,2006,6738,6730,8
24013,2007,6218,6381,-163
24013,2008,5326,5752,-426
24013,2009,5669,5491,178
24013,2010,5145,5331,-186
24015,1990,3598,2957,641
24015,1991,3463,2719,744
24015,1992,3605,2791,814
24015,1993,3479,2892,587
24015,1994,3490,2783,707
24015,1995,3610,3038,572
24015,1996,3993,3182,811
24015,1997,4207,3132,1075
24015,1998,4654,3323,1331
24015,1999,4567,3337,1230
24015,2000,4862,3636,1226
24015,2001,4889,3623,1266
24015,2002,5254,3580,1674
24015,2003,5462,3828,1634
24015,2004,5479,4069,1410
24015,2005,5551,4337,1214
24015,2006,4844,4623,221
24015,2007,4515,4477,38
24015,2008,4310,4028,282
24015,2009,4250,3985,265
24015,2010,4145,3927,218
24017,1990,6993,6247,746
24017,1991,7064,6374,690
24017,1992,6921,6595,326
24017,1993,7063,6670,393
24017,1994,7503,6524,979
24017,1995,7355,6681,674
24017,1996,7671,6742,929
24017,1997,8103,6666,1437
24017,1998,8323,6773,1550
24017,1999,8979,7299,1680
24017,2000,9177,6759,2418
24017,2001,10004,7517,2487
24017,2002,10482,7501,2981
24017,2003,10522,8190,2332
24017,2004,10837,8934,1903
24017,2005,11092,9862,1230
24017,2006,10267,9994,273
24017,2007,9214,8963,251
24017,2008,8401,8403,-2
24017,2009,8701,7629,1072
24017,2010,8473,7498,975
24019,1990,1014,1168,-154
24019,1991,1128,1021,107
24019,1992,1063,1001,62
24019,1993,986,1029,-43
24019,1994,1032,1189,-157
24019,1995,1095,932,163
24019,1996,1086,1088,-2
24019,1997,921,1144,-223
24019,1998,1107,974,133
24019,1999,998,1145,-147
24019,2000,1077,1039,38
24019,2001,1193,1135,58
24019,2002,1235,1069,166
24019,2003,1411,1109,302
24019,2004,1503,1188,315
24019,2005,1493,1257,236
24019,2006,1537,1198,339
24019,2007,1516,1372,144
24019,2008,1388,1464,-76
24019,2009,1371,1222,149
24019,2010,1313,1349,-36
24021,1990,9818,7778,2040
24021,1991,10097,7481,2616
24021,1992,11688,7452,4236
24021,1993,11674,7797,3877
24021,1994,10572,8168,2404
24021,1995,9774,8347,1427
24021,1996,10470,8583,1887
24021,1997,10141,8403,1738
24021,1998,11129,8748,2381
24021,1999,11869,8971,2898
24021,2000,12929,9178,3751
24021,2001,14288,9908,4380
24021,2002,13555,11238,2317
24021,2003,14030,12150,1880
24021,2004,14420,13241,1179
24021,2005,14619,13785,834
24021,2006,13159,12019,1140
24021,2007,11748,11795,-47
24021,2008,10677,10971,-294
24021,2009,11466,10201,1265
24021,2010,11130,10051,1079
24023,1990,911,683,228
24023,1991,864,786,78
24023,1992,899,858,41
24023,1993,863,863,0
24023,1994,844,907,-63
24023,1995,830,934,-104
24023,1996,939,864,75
24023,1997,825,1018,-193
24023,1998,924,864,60
24023,1999,853,910,-57
24023,2000,859,871,-12
24023,2001,964,797,167
24023,2002,990,809,181
24023,2003,839,838,1
24023,2004,876,980,-104
24023,2005,897,860,37
24023,2006,911,852,59
24023,2007,885,790,95
24023,2008,769,830,-61
24023,2009,712,729,-17
24023,2010,806,766,40
24025,1990,12722,9101,3621
24025,1991,12439,9138,3301
24025,1992,12537,10903,1634
24025,1993,12909,10225,2684
24025,1994,12275,10480,1795
24025,1995,11669,10022,1647
24025,1996,11842,10272,1570
24025,1997,11813,10110,1703
24025,1998,11969,10484,1485
24025,1999,12019,10428,1591
24025,2000,12038,10511,1527
24025,2001,13245,10382,2863
24025,2002,13478,10435,3043
24025,2003,13379,11268,2111
24025,2004,13882,11515,2367
24025,2005,13827,12655,1172
24025,2006,11725,12369,-644
24025,2007,11757,11677,80
24025,2008,10892,10988,-96
24025,2009,10647,10185,462
24025,2010,10770,10281,489
24027,1990,16631,14493,2138
24027,1991,16593,14405,2188
24027,1992,17694,14876,2818
24027,1993,17307,15020,2287
24027,1994,17716,15431,2285
24027,1995,17179,15391,1788
24027,1996,17402,16310,1092
24027,1997,20666,15180,5486
24027,1998,20658,16526,4132
24027,1999,19842,17005,2837
24027,2000,19332,17187,2145
24027,2001,18705,17709,996
24027,2002,18563,18002,561
24027,2003,18509,18797,-288
24027,2004,19475,19684,-209
24027,2005,19820,19535,285
24027,2006,18569,18384,185
24027,2007,17814,17949,-135
24027,2008,17795,15955,1840
24027,2009,18048,15528,2520
24027,2010,17799,16115,1684
24029,1990,978,746,232
24029,1991,947,769,178
24029,1992,978,784,194
24029,1993,939,701,238
24029,1994,1041,727,314
24029,1995,884,776,108
24029,1996,961,836,125
24029,1997,906,904,2
24029,1998,1024,898,126
24029,1999,1123,795,328
24029,2000,1028,869,159
24029,2001,962,842,120
24029,2002,1018,872,146
24029,2003,1012,858,154
24029,2004,918,768,150
24029,2005,824,737,87
24029,2006,907,715,192
24029,2007,950,744,206
24029,2008,756,728,28
24029,2009,750,666,84
24029,2010,643,647,-4
24031,1990,42215,46428,-4213
24031,1991,44977,46970,-1993
24031,1992,44285,47933,-3648
24031,1993,44389,48446,-4057
24031,1994,43678,46900,-3222
24031,1995,40424,45076,-4652
24031,1996,40793,45903,-5110
24031,1997,41990,45251,-3261
24031,1998,44460,45486,-1026
24031,1999,45409,46626,-1217
24031,2000,45770,47293,-1523
24031,2001,45022,48413,-3391
24031,2002,43968,51255,-7287
24031,2003,43889,53502,-9613
24031,2004,45593,54343,-8750
24031,2005,46017,56421,-10404
24031,2006,43438,52396,-8958
24031,2007,44793,48412,-3619
24031,2008,44530,43491,1039
24031,2009,44192,43870,322
24031,2010,43283,43110,173
24033,1990,49869,50858,-989
24033,1991,49079,52672,-3593
24033,1992,48635,54163,-5528
24033,1993,50289,51834,-1545
24033,1994,49158,51836,-2678
24033,1995,44730,48660,-3930
24033,1996,43745,50261,-6516
24033,1997,43206,48479,-5273
24033,1998,43160,48992,-5832
24033,1999,44914,48844,-3930
24033,2000,46585,45512,1073
24033,2001,47393,48472,-1079
24033,2002,46969,49507,-2538
24033,2003,46146,50565,-4419
24033,2004,46475,53093,-6618
24033,2005,45844,56297,-10453
24033,2006,42842,55518,-12676
24033,2007,41691,51637,-9946
24033,2008,40386,46079,-5693
24033,2009,41090,44194,-3104
24033,2010,40314,43196,-2882
24035,1990,2044,1731,313
24035,1991,2062,1791,271
24035,1992,2150,1791,359
24035,1993,1935,1805,130
24035,1994,2321,1835,486
24035,1995,2390,1570,820
24035,1996,2461,1790,671
24035,1997,2299,1775,524
24035,1998,2538,1831,707
24035,1999,2418,1912,506
24035,2000,2370,1979,391
24035,2001,2879,1881,998
24035,2002,2861,1985,876
24035,2003,2545,2167,378
24035,2004,2768,2493,275
24035,2005,2824,2307,517
24035,2006,2519,1990,529
24035,2007,2465,2079,386
24035,2008,2087,1908,179
24035,2009,2114,1971,143
24035,2010,2137,1752,385
24037,1990,5803,4947,856
24037,1991,5621,5202,419
24037,1992,5327,6281,-954
24037,1993,5403,5163,240
24037,1994,5198,5003,195
24037,1995,5452,4796,656
24037,1996,6610,4921,1689
24037,1997,6144,4766,1378
24037,1998,5656,5347,309
24037,1999,5811,5396,415
24037,2000,5452,5291,161
24037,2001,6413,4786,1627
24037,2002,6372,4795,1577
24037,2003,6498,5224,1274
24037,2004,6450,5636,814
24037,2005,6838,5659,1179
24037,2006,6485,5705,780
24037,2007,6153,5781,372
24037,2008,5648,5342,306
24037,2009,6368,5068,1300
24037,2010,5948,5006,942
24039,1990,786,904,-118
24039,1991,857,847,10
24039,1992,757,823,-66
24039,1993,870,901,-31
24039,1994,887,776,111
24039,1995,903,838,65
24039,1996,953,998,-45
24039,1997,872,967,-95
24039,1998,976,922,54
24039,1999,886,934,-48
24039,2000,923,881,42
24039,2001,1095,842,253
24039,2002,913,930,-17
24039,2003,1085,885,200
24039,2004,1040,1018,22
24039,2005,1040,944,96
24039,2006,1044,948,96
24039,2007,1011,1063,-52
24039,2008,849,989,-140
24039,2009,878,854,24
24039,2010,809,1019,-210
24041,1990,1787,1318,469
24041,1991,1584,1518,66
24041,1992,1722,1450,272
24041,1993,1816,1449,367
24041,1994,1823,1442,381
24041,1995,1623,1607,16
24041,1996,1835,1470,365
24041,1997,1829,1461,368
24041,1998,1956,1623,333
24041,1999,1934,1652,282
24041,2000,1790,1614,176
24041,2001,1944,1721,223
24041,2002,1983,1682,301
24041,2003,2168,1651,517
24041,2004,2264,1707,557
24041,2005,2215,1831,384
24041,2006,1919,1794,125
24041,2007,1842,1804,38
24041,2008,1643,1547,96
24041,2009,1673,1457,216
24041,2010,1664,1541,123
24043,1990,5133,4494,639
24043,1991,4609,4238,371
24043,1992,4604,4436,168
24043,1993,4475,4453,22
24043,1994,4977,4651,326
24043,1995,4680,4671,9
24043,1996,5169,4740,429
24043,1997,4641,4825,-184
24043,1998,4823,4881,-58
24043,1999,4991,4675,316
24043,2000,5095,4610,485
24043,2001,5830,4746,1084
24043,2002,6549,4862,1687
24043,2003,7234,5248,1986
24043,2004,7900,5901,1999
24043,2005,7963,6315,1648
24043,2006,7018,6036,982
24043,2007,6368,6215,153
24043,2008,5917,6002,-85
24043,2009,5605,5394,211
24043,2010,5849,5471,378
24045,1990,3737,2953,784
24045,1991,3369,3063,306
24045,1992,3644,3083,561
24045,1993,3673,3407,266
24045,1994,3638,3309,329
24045,1995,3388,3548,-160
24045,1996,3393,3713,-320
24045,1997,3605,3581,24
24045,1998,3611,3826,-215
24045,1999,3997,3650,347
24045,2000,3753,3768,-15
24045,2001,4017,3829,188
24045,2002,4392,3659,733
24045,2003,4596,3943,653
24045,2004,4908,3890,1018
24045,2005,4874,4037,837
24045,2006,4412,4285,127
24045,2007,4272,4223,49
24045,2008,4005,4342,-337
24045,2009,3683,3898,-215
24045,2010,3660,4036,-376
24047,1990,2888,1980,908
24047,1991,2799,2212,587
24047,1992,2822,2134,688
24047,1993,2897,2290,607
24047,1994,2967,2219,748
24047,1995,3006,2135,871
24047,1996,3256,2374,882
24047,1997,3116,2569,547
24047,1998,3269,2488,781
24047,1999,3324,2585,739
24047,2000,3468,2458,1010
24047,2001,3644,2765,879
24047,2002,3517,2735,782
24047,2003,3560,2806,754
24047,2004,3368,3004,364
24047,2005,3591,2749,842
24047,2006,3297,2678,619
24047,2007,2862,2568,294
24047,2008,2558,2499,59
24047,2009,2528,2408,120
24047,2010,2669,2474,195
24510,1990,29945,36590,-6645
24510,1991,30347,39315,-8968
24510,1992,32376,40220,-7844
24510,1993,30114,40912,-10798
24510,1994,29808,39469,-9661
24510,1995,19904,30918,-11014
24510,1996,21654,32916,-11262
24510,1997,22050,32237,-10187
24510,1998,22441,33245,-10804
24510,1999,22896,32352,-9456
24510,2000,23400,31469,-8069
24510,2001,24159,31347,-7188
24510,2002,24518,30957,-6439
24510,2003,24550,30525,-5975
24510,2004,26120,31508,-5388
24510,2005,27371,32706,-5335
24510,2006,27567,32633,-5066
24510,2007,28044,33478,-5434
24510,2008,27387,31284,-3897
24510,2009,26665,30912,-4247
24510,2010,26211,30690,-4479
25001,1990,8451,8318,133
25001,1991,8701,7204,1497
25001,1992,9271,7094,2177
25001,1993,10034,7187,2847
25001,1994,10400,6857,3543
25001,1995,9821,6818,3003
25001,1996,10048,7471,2577
25001,1997,10621,7290,3331
25001,1998,11393,7497,3896
25001,1999,11162,7389,3773
25001,2000,10302,7778,2524
25001,2001,10523,8073,2450
25001,2002,9893,7945,1948
25001,2003,8829,8686,143
25001,2004,8193,9034,-841
25001,2005,8085,8832,-747
25001,2006,7188,7905,-717
25001,2007,7288,7690,-402
25001,2008,7037,6905,132
25001,2009,7361,6223,1138
25001,2010,7166,6703,463
25003,1990,3013,4416,-1403
25003,1991,2830,3870,-1040
25003,1992,3037,3828,-791
25003,1993,3074,3452,-378
25003,1994,3097,3656,-559
25003,1995,3214,3502,-288
25003,1996,3480,3804,-324
25003,1997,3018,3881,-863
25003,1998,3463,3898,-435
25003,1999,3315,3757,-442
25003,2000,3383,3766,-383
25003,2001,3416,3732,-316
25003,2002,3510,3401,109
25003,2003,3226,3577,-351
25003,2004,3296,3628,-332
25003,2005,3186,3573,-387
25003,2006,3091,3212,-121
25003,2007,2858,3382,-524
25003,2008,2879,2982,-103
25003,2009,2577,2815,-238
25003,2010,2569,2929,-360
25005,1990,12773,15226,-2453
25005,1991,12398,14124,-1726
25005,1992,13539,13843,-304
25005,1993,13525,13610,-85
25005,1994,13844,13715,129
25005,1995,13305,13493,-188
25005,1996,13766,13479,287
25005,1997,14662,13689,973
25005,1998,16173,14641,1532
25005,1999,16084,14147,1937
25005,2000,16524,14979,1545
25005,2001,17441,15107,2334
25005,2002,16563,15703,860
25005,2003,16087,17108,-1021
25005,2004,15740,18191,-2451
25005,2005,15313,17849,-2536
25005,2006,14367,16058,-1691
25005,2007,14682,15759,-1077
25005,2008,13834,14358,-524
25005,2009,13239,13790,-551
25005,2010,12977,13623,-646
25007,1990,560,574,-14
25007,1991,621,503,118
25007,1992,583,484,99
25007,1993,729,493,236
25007,1994,798,491,307
25007,1995,820,432,388
25007,1996,743,481,262
25007,1997,714,507,207
25007,1998,697,537,160
25007,1999,752,535,217
25007,2000,737,610,127
25007,2001,741,657,84
25007,2002,731,659,72
25007,2003,644,680,-36
25007,2004,584,642,-58
25007,2005,533,638,-105
25007,2006,594,592,2
25007,2007,618,637,-19
25007,2008,576,548,28
25007,2009,554,482,72
25007,2010,635,534,101
25009,1990,19015,25351,-6336
25009,1991,18873,23392,-4519
25009,1992,19118,22144,-3026
25009,1993,19980,21586,-1606
25009,1994,21792,21953,-161
25009,1995,20907,20990,-83
25009,1996,22282,22131,151
25009,1997,23666,22226,1440
25009,1998,23491,23979,-488
25009,1999,24817,24530,287
25009,2000,25533,24975,558
25009,2001,25514,27787,-2273
25009,2002,23987,28212,-4225
25009,2003,23676,28962,-5286
25009,2004,24912,29328,-4416
25009,2005,23923,27615,-3692
25009,2006,21459,24383,-2924
25009,2007,22890,23918,-1028
25009,2008,22644,22438,206
25009,2009,22600,21477,1123
25009,2010,21985,21770,215
25011,1990,2892,3164,-272
25011,1991,2647,2943,-296
25011,1992,2759,2913,-154
25011,1993,2819,2965,-146
25011,1994,2886,2839,47
25011,1995,2743,2691,52
25011,1996,2679,3050,-371
25011,1997,2687,2953,-266
25011,1998,2834,2802,32
25011,1999,2864,2923,-59
25011,2000,2972,2941,31
25011,2001,3095,2841,254
25011,2002,2884,2881,3
25011,2003,2920,2809,111
25011,2004,3017,2916,101
25011,2005,2792,2997,-205
25011,2006,2641,2849,-208
25011,2007,2742,2818,-76
25011,2008,2620,2858,-238
25011,2009,2451,2653,-202
25011,2010,2696,2579,117
25013,1990,8860,13545,-4685
25013,1991,8427,13351,-4924
25013,1992,8244,12247,-4003
25013,1993,8344,12534,-4190
25013,1994,8297,12256,-3959
25013,1995,8304,11414,-3110
25013,1996,9254,10982,-1728
25013,1997,9277,11129,-1852
25013,1998,9291,11186,-1895
25013,1999,9995,11236,-1241
25013,2000,10078,11460,-1382
25013,2001,10754,10889,-135
25013,2002,10554,10827,-273
25013,2003,10121,11981,-1860
25013,2004,10316,12291,-1975
25013,2005,10442,12816,-2374
25013,2006,9851,12285,-2434
25013,2007,10230,12314,-2084
25013,2008,9936,11082,-1146
25013,2009,9267,10661,-1394
25013,2010,9066,10754,-1688
25015,1990,6773,7005,-232
25015,1991,6529,6834,-305
25015,1992,6803,6639,164
25015,1993,7120,6599,521
25015,1994,7035,6799,236
25015,1995,6653,6576,77
25015,1996,6808,6842,-34
25015,1997,6765,7048,-283
25015,1998,7000,6795,205
25015,1999,6876,6787,89
25015,2000,6977,7038,-61
25015,2001,7308,6723,585
25015,2002,7185,6444,741
25015,2003,6983,7028,-45
25015,2004,7168,7397,-229
25015,2005,6948,7123,-175
25015,2006,6966,7039,-73
25015,2007,7230,6979,251
25015,2008,6780,6664,116
25015,2009,5942,6467,-525
25015,2010,6064,6373,-309
25017,1990,52852,68917,-16065
25017,1991,55327,65957,-10630
25017,1992,57009,65026,-8017
25017,1993,56438,63002,-6564
25017,1994,57475,65594,-8119
25017,1995,56682,60615,-3933
25017,1996,59627,63323,-3696
25017,1997,59752,65387,-5635
25017,1998,60852,67886,-7034
25017,1999,61346,70106,-8760
25017,2000,62391,71144,-8753
25017,2001,58859,76260,-17401
25017,2002,59037,74849,-15812
25017,2003,59240,74857,-15617
25017,2004,58910,74765,-15855
25017,2005,59948,70608,-10660
25017,2006,58559,65575,-7016
25017,2007,62734,62549,185
25017,2008,62334,58429,3905
25017,2009,57229,60509,-3280
25017,2010,57362,60031,-2669
25019,1990,439,398,41
25019,1991,454,411,43
25019,1992,428,322,106
25019,1993,578,326,252
25019,1994,519,379,140
25019,1995,552,373,179
25019,1996,579,436,143
25019,1997,636,360,276
25019,1998,621,428,193
25019,1999,663,489,174
25019,2000,750,589,161
25019,2001,803,514,289
25019,2002,692,567,125
25019,2003,673,597,76
25019,2004,523,628,-105
25019,2005,587,522,65
25019,2006,604,500,104
25019,2007,705,688,17
25019,2008,626,615,11
25019,2009,454,596,-142
25019,2010,410,556,-146
25021,1990,30224,33891,-3667
25021,1991,32860,33489,-629
25021,1992,32691,34008,-1317
25021,1993,33178,33534,-356
25021,1994,33593,34128,-535
25021,1995,31800,32453,-653
25021,1996,33050,34341,-1291
25021,1997,33155,34681,-1526
25021,1998,33416,35963,-2547
25021,1999,32994,35276,-2282
25021,2000,33016,34485,-1469
25021,2001,32408,35594,-3186
25021,2002,31617,35985,-4368
25021,2003,31640,35519,-3879
25021,2004,32384,36506,-4122
25021,2005,32631,34427,-1796
25021,2006,30909,31810,-901
25021,2007,32925,31436,1489
25021,2008,30879,30070,809
25021,2009,31670,30112,1558
25021,2010,30115,30354,-239
25023,1990,15553,17860,-2307
25023,1991,15606,17189,-1583
25023,1992,17089,16473,616
25023,1993,17376,16420,956
25023,1994,17376,16677,699
25023,1995,16452,15352,1100
25023,1996,17182,15777,1405
25023,1997,17714,15687,2027
25023,1998,18952,16716,2236
25023,1999,18793,16849,1944
25023,2000,18603,16560,2043
25023,2001,19200,17426,1774
25023,2002,18564,18375,189
25023,2003,18176,19074,-898
25023,2004,18762,19309,-547
25023,2005,17619,18949,-1330
25023,2006,15877,16509,-632
25023,2007,16565,16359,206
25023,2008,15703,14931,772
25023,2009,15539,14538,1001
25023,2010,15161,14887,274
25025,1990,28288,44639,-16351
25025,1991,29110,44063,-14953
25025,1992,30984,40828,-9844
25025,1993,30995,39168,-8173
25025,1994,31770,40701,-8931
25025,1995,30818,37945,-7127
25025,1996,32913,39254,-6341
25025,1997,33586,40033,-6447
25025,1998,36217,41107,-4890
25025,1999,35613,44937,-9324
25025,2000,37269,44778,-7509
25025,2001,36384,48529,-12145
25025,2002,35547,51613,-16066
25025,2003,34893,51813,-16920
25025,2004,36516,52289,-15773
25025,2005,37442,49490,-12048
25025,2006,37049,44903,-7854
25025,2007,39060,45283,-6223
25025,2008,40325,42614,-2289
25025,2009,37057,44435,-7378
25025,2010,38088,42681,-4593
25027,1990,17481,24580,-7099
25027,1991,17589,21041,-3452
25027,1992,18534,20924,-2390
25027,1993,19109,20067,-958
25027,1994,20048,20409,-361
25027,1995,19466,20130,-664
25027,1996,21273,19478,1795
25027,1997,22202,20088,2114
25027,1998,23900,20782,3118
25027,1999,24516,20988,3528
25027,2000,25488,22100,3388
25027,2001,24858,23453,1405
25027,2002,24056,23482,574
25027,2003,23007,25066,-2059
25027,2004,24607,25724,-1117
25027,2005,23202,25184,-1982
25027,2006,21157,23818,-2661
25027,2007,21128,23787,-2659
25027,2008,20187,21367,-1180
25027,2009,19475,19963,-488
25027,2010,19115,20471,-1356
26001,1990,645,545,100
26001,1991,753,642,111
26001,1992,609,716,-107
26001,1993,721,536,185
26001,1994,771,489,282
26001,1995,1023,660,363
26001,1996,841,708,133
26001,1997,1059,768,291
26001,1998,877,686,191
26001,1999,847,737,110
26001,2000,841,723,118
26001,2001,727,752,-25
26001,2002,619,473,146
26001,2003,608,533,75
26001,2004,582,452,130
26001,2005,589,477,112
26001,2006,523,438,85
26001,2007,536,479,57
26001,2008,443,461,-18
26001,2009,432,475,-43
26001,2010,418,392,26
26003,1990,606,337,269
26003,1991,442,356,86
26003,1992,459,387,72
26003,1993,425,371,54
26003,1994,487,411,76
26003,1995,448,388,60
26003,1996,411,357,54
26003,1997,337,427,-90
26003,1998,451,332,119
26003,1999,392,464,-72
26003,2000,445,423,22
26003,2001,384,408,-24
26003,2002,381,356,25
26003,2003,350,327,23
26003,2004,351,371,-20
26003,2005,352,284,68
26003,2006,393,300,93
26003,2007,345,383,-38
26003,2008,323,294,29
26003,2009,274,315,-41
26003,2010,311,310,1
26005,1990,5255,4581,674
26005,1991,5323,4855,468
26005,1992,5513,4651,862
26005,1993,5562,5140,422
26005,1994,5952,5171,781
26005,1995,6033,5077,956
26005,1996,6235,5297,938
26005,1997,6148,5564,584
26005,1998,6552,5373,1179
26005,1999,6625,5736,889
26005,2000,6640,5596,1044
26005,2001,6609,5881,728
26005,2002,5559,5168,391
26005,2003,5950,5238,712
26005,2004,5443,5330,113
26005,2005,5171,5372,-201
26005,2006,5055,5310,-255
26005,2007,5375,5519,-144
26005,2008,4744,5275,-531
26005,2009,4768,4812,-44
26005,2010,4513,5268,-755
26007,1990,1186,1114,72
26007,1991,1131,1038,93
26007,1992,1176,1131,45
26007,1993,1089,1170,-81
26007,1994,1096,1264,-168
26007,1995,1173,1175,-2
26007,1996,1149,1165,-16
26007,1997,1027,1141,-114
26007,1998,1224,1057,167
26007,1999,1103,1190,-87
26007,2000,1124,1110,14
26007,2001,1055,1197,-142
26007,2002,966,1049,-83
26007,2003,957,972,-15
26007,2004,922,1046,-124
26007,2005,884,1064,-180
26007,2006,927,892,35
26007,2007,979,1013,-34
26007,2008,870,1101,-231
26007,2009,768,866,-98
26007,2010,860,927,-67
26009,1990,1296,1045,251
26009,1991,1234,1131,103
26009,1992,1223,937,286
26009,1993,1321,1091,230
26009,1994,1559,1057,502
26009,1995,1757,1269,488
26009,1996,1798,1381,417
26009,1997,1890,1334,556
26009,1998,1929,1335,594
26009,1999,2105,1378,727
26009,2000,1916,1590,326
26009,2001,2043,1543,500
26009,2002,1497,1130,367
26009,2003,1466,1247,219
26009,2004,1352,1251,101
26009,2005,1273,1178,95
26009,2006,1217,1161,56
26009,2007,1174,1191,-17
26009,2008,1236,1324,-88
26009,2009,1130,1247,-117
26009,2010,1049,1115,-66
26011,1990,947,638,309
26011,1991,922,759,163
26011,1992,895,735,160
26011,1993,871,792,79
26011,1994,952,745,207
26011,1995,1079,946,133
26011,1996,1001,992,9
26011,1997,1002,922,80
26011,1998,1116,966,150
26011,1999,1052,890,162
26011,2000,918,879,39
26011,2001,942,896,46
26011,2002,756,742,14
26011,2003,722,686,36
26011,2004,793,727,66
26011,2005,729,806,-77
26011,2006,671,702,-31
26011,2007,749,840,-91
26011,2008,754,758,-4
26011,2009,708,695,13
26011,2010,638,703,-65
26013,1990,316,255,61
26013,1991,285,241,44
26013,1992,304,282,22
26013,1993,410,251,159
26013,1994,314,295,19
26013,1995,293,290,3
26013,1996,281,286,-5
26013,1997,310,330,-20
26013,1998,352,263,89
26013,1999,304,325,-21
26013,2000,283,320,-37
26013,2001,278,317,-39
26013,2002,281,274,7
26013,2003,270,282,-12
26013,2004,260,273,-13
26013,2005,246,243,3
26013,2006,227,319,-92
26013,2007,217,292,-75
26013,2008,293,251,42
26013,2009,199,231,-32
26013,2010,205,207,-2
26015,1990,2960,2927,33
26015,1991,2907,2618,289
26015,1992,2915,2711,204
26015,1993,3073,2849,224
26015,1994,3218,2908,310
26015,1995,6204,5717,487
26015,1996,6196,7405,-1209
26015,1997,3834,4015,-181
26015,1998,3844,4007,-163
26015,1999,3358,2950,408
26015,2000,3294,2880,414
26015,2001,3326,2989,337
26015,2002,2843,2414,429
26015,2003,2781,2554,227
26015,2004,2857,2418,439
26015,2005,2763,2849,-86
26015,2006,2739,2578,161
26015,2007,2501,2713,-212
26015,2008,2312,2758,-446
26015,2009,2164,2649,-485
26015,2010,2208,2354,-146
26017,1990,3118,3712,-594
26017,1991,3409,3622,-213
26017,1992,3302,3764,-462
26017,1993,3208,3901,-693
26017,1994,3150,3849,-699
26017,1995,3360,4036,-676
26017,1996,3347,3811,-464
26017,1997,3300,3879,-579
26017,1998,3506,4082,-576
26017,1999,3598,3964,-366
26017,2000,3507,4026,-519
26017,2001,3639,3791,-152
26017,2002,3030,3374,-344
26017,2003,2975,3247,-272
26017,2004,2888,3207,-319
26017,2005,2957,3448,-491
26017,2006,2789,3298,-509
26017,2007,3330,3351,-21
26017,2008,2985,3241,-256
26017,2009,2881,3066,-185
26017,2010,2768,3285,-517
26019,1990,714,620,94
26019,1991,748,606,142
26019,1992,747,577,170
26019,1993,886,662,224
26019,1994,963,662,301
26019,1995,1035,735,300
26019,1996,1290,918,372
26019,1997,1320,958,362
26019,1998,1474,936,538
26019,1999,1384,985,399
26019,2000,1299,952,347
26019,2001,1323,965,358
26019,2002,1096,759,337
26019,2003,1078,885,193
26019,2004,1186,936,250
26019,2005,1122,992,130
26019,2006,931,998,-67
26019,2007,986,955,31
26019,2008,889,912,-23
26019,2009,885,863,22
26019,2010,882,848,34
26021,1990,5728,6468,-740
26021,1991,5732,6266,-534
26021,1992,5404,6098,-694
26021,1993,5500,6189,-689
26021,1994,5993,6138,-145
26021,1995,5899,6738,-839
26021,1996,5665,6639,-974
26021,1997,5667,6777,-1110
26021,1998,5855,6585,-730
26021,1999,6214,6402,-188
26021,2000,5376,6684,-1308
26021,2001,6078,6524,-446
26021,2002,5522,6073,-551
26021,2003,5063,5822,-759
26021,2004,5097,6071,-974
26021,2005,5119,6197,-1078
26021,2006,5494,6046,-552
26021,2007,5960,6293,-333
26021,2008,5505,6114,-609
26021,2009,5136,5869,-733
26021,2010,5346,5947,-601
26023,1990,1737,1803,-66
26023,1991,1701,1645,56
26023,1992,1824,1737,87
26023,1993,1802,1823,-21
26023,1994,2215,1820,395
26023,1995,2141,2010,131
26023,1996,2181,2101,80
26023,1997,2053,2203,-150
26023,1998,2177,2218,-41
26023,1999,2293,2185,108
26023,2000,2098,2435,-337
26023,2001,2135,2194,-59
26023,2002,1839,1909,-70
26023,2003,1772,1966,-194
26023,2004,1665,2045,-380
26023,2005,1769,2207,-438
26023,2006,1703,1863,-160
26023,2007,1644,2204,-560
26023,2008,1587,1969,-382
26023,2009,1423,1875,-452
26023,2010,1535,1624,-89
26025,1990,5401,5243,158
26025,1991,4862,4635,227
26025,1992,4856,4647,209
26025,1993,5153,4789,364
26025,1994,5312,5283,29
26025,1995,5038,5220,-182
26025,1996,6974,5277,1697
26025,1997,5986,5144,842
26025,1998,5821,5584,237
26025,1999,5302,5457,-155
26025,2000,5164,5541,-377
26025,2001,5152,5310,-158
26025,2002,4844,5145,-301
26025,2003,4569,4876,-307
26025,2004,4363,5354,-991
26025,2005,4570,5407,-837
26025,2006,4129,5357,-1228
26025,2007,4368,5072,-704
26025,2008,4152,5381,-1229
26025,2009,4228,4741,-513
26025,2010,4176,5051,-875
26027,1990,2449,2684,-235
26027,1991,2345,2485,-140
26027,1992,2588,2504,84
26027,1993,2443,2449,-6
26027,1994,2973,2551,422
26027,1995,2902,2590,312
26027,1996,2698,2662,36
26027,1997,2641,2787,-146
26027,1998,2757,2690,67
26027,1999,2807,2594,213
26027,2000,2644,2524,120
26027,2001,2613,2561,52
26027,2002,2342,2327,15
26027,2003,2525,2293,232
26027,2004,2542,2454,88
26027,2005,2526,2460,66
26027,2006,2503,2392,111
26027,2007,2649,2545,104
26027,2008,2274,2466,-192
26027,2009,2166,2251,-85
26027,2010,2141,1992,149
26029,1990,1275,1131,144
26029,1991,1387,1001,386
26029,1992,1310,1055,255
26029,1993,1348,1048,300
26029,1994,1414,1097,317
26029,1995,1204,1089,115
26029,1996,1299,1105,194
26029,1997,1317,1143,174
26029,1998,1422,1096,326
26029,1999,1346,1180,166
26029,2000,1311,1159,152
26029,2001,1292,1279,13
26029,2002,1249,1125,124
26029,2003,1206,1267,-61
26029,2004,1230,1255,-25
26029,2005,1179,1309,-130
26029,2006,1224,1201,23
26029,2007,1180,1300,-120
26029,2008,1116,1249,-133
26029,2009,1067,1150,-83
26029,2010,1218,1037,181
26031,1990,1260,1347,-87
26031,1991,1279,975,304
26031,1992,1261,966,295
26031,1993,1442,994,448
26031,1994,1566,1090,476
26031,1995,1472,1124,348
26031,1996,1593,1103,490
26031,1997,1646,1208,438
26031,1998,1638,1255,383
26031,1999,1791,1253,538
26031,2000,1631,1225,406
26031,2001,1690,1274,416
26031,2002,1361,1231,130
26031,2003,1216,1219,-3
26031,2004,1272,1117,155
26031,2005,1171,1136,35
26031,2006,1074,1187,-113
26031,2007,1062,1320,-258
26031,2008,961,1197,-236
26031,2009,1000,1123,-123
26031,2010,1079,1062,17
26033,1990,1475,1422,53
26033,1991,1372,1238,134
26033,1992,1534,1292,242
26033,1993,1505,1272,233
26033,1994,1361,1318,43
26033,1995,1613,1276,337
26033,1996,1613,1400,213
26033,1997,1391,1546,-155
26033,1998,1427,1597,-170
26033,1999,1358,1406,-48
26033,2000,1425,1511,-86
26033,2001,1517,1375,142
26033,2002,1418,1322,96
26033,2003,1391,1379,12
26033,2004,1291,1286,5
26033,2005,1199,1397,-198
26033,2006,1207,1316,-109
26033,2007,1251,1422,-171
26033,2008,1295,1339,-44
26033,2009,1308,1093,215
26033,2010,1232,1142,90
26035,1990,1668,1141,527
26035,1991,1610,1228,382
26035,1992,1744,1237,507
26035,1993,1678,1290,388
26035,1994,1690,1330,360
26035,1995,1949,1393,556
26035,1996,1999,1511,488
26035,1997,2082,1576,506
26035,1998,2040,1554,486
26035,1999,2190,1653,537
26035,2000,1961,1870,91
26035,2001,2057,1694,363
26035,2002,1557,1511,46
26035,2003,1494,1345,149
26035,2004,1558,1473,85
26035,2005,1458,1402,56
26035,2006,1353,1385,-32
26035,2007,1440,1571,-131
26035,2008,1438,1486,-48
26035,2009,1585,1265,320
26035,2010,1352,1323,29
26037,1990,3697,3469,228
26037,1991,3532,3666,-134
26037,1992,3693,3698,-5
26037,1993,3691,3459,232
26037,1994,3787,3524,263
26037,1995,4520,4323,197
26037,1996,4839,4609,230
26037,1997,4644,4575,69
26037,1998,4916,4583,333
26037,1999,5209,4471,738
26037,2000,5043,4469,574
26037,2001,5570,4624,946
26037,2002,4120,3447,673
26037,2003,4134,3480,654
26037,2004,4035,3660,375
26037,2005,4230,3959,271
26037,2006,3830,3685,145
26037,2007,3788,3923,-135
26037,2008,3312,3645,-333
26037,2009,3473,3548,-75
26037,2010,3699,3766,-67
26039,1990,771,571,200
26039,1991,721,539,182
26039,1992,826,526,300
26039,1993,774,609,165
26039,1994,820,682,138
26039,1995,897,810,87
26039,1996,1009,845,164
26039,1997,1107,886,221
26039,1998,990,894,96
26039,1999,1105,778,327
26039,2000,1074,884,190
26039,2001,1136,894,242
26039,2002,799,646,153
26039,2003,684,654,30
26039,2004,692,586,106
26039,2005,665,701,-36
26039,2006,589,665,-76
26039,2007,698,689,9
26039,2008,562,665,-103
26039,2009,574,586,-12
26039,2010,619,586,33
26041,1990,1309,1204,105
26041,1991,1294,1210,84
26041,1992,1385,1145,240
26041,1993,1202,1202,0
26041,1994,1271,1183,88
26041,1995,1279,1133,146
26041,1996,1266,1249,17
26041,1997,1216,1272,-56
26041,1998,1090,1167,-77
26041,1999,1276,1136,140
26041,2000,1145,1243,-98
26041,2001,1094,1136,-42
26041,2002,996,1053,-57
26041,2003,1107,1094,13
26041,2004,1048,1073,-25
26041,2005,1126,1141,-15
26041,2006,960,1213,-253
26041,2007,1021,1095,-74
26041,2008,980,1153,-173
26041,2009,958,909,49
26041,2010,917,888,29
26043,1990,1185,1184,1
26043,1991,1141,1038,103
26043,1992,1018,1016,2
26043,1993,1055,991,64
26043,1994,1091,984,107
26043,1995,1026,915,111
26043,1996,1000,1003,-3
26043,1997,982,1031,-49
26043,1998,959,1002,-43
26043,1999,995,976,19
26043,2000,901,1062,-161
26043,2001,988,960,28
26043,2002,892,896,-4
26043,2003,889,864,25
26043,2004,888,938,-50
26043,2005,897,985,-88
26043,2006,879,927,-48
26043,2007,865,954,-89
26043,2008,804,914,-110
26043,2009,644,703,-59
26043,2010,823,735,88
26045,1990,6402,5807,595
26045,1991,6170,5917,253
26045,1992,6160,5975,185
26045,1993,6215,5858,357
26045,1994,6569,5850,719
26045,1995,6849,6434,415
26045,1996,6989,6884,105
26045,1997,6807,6680,127
26045,1998,6873,6819,54
26045,1999,6994,6851,143
26045,2000,7167,6996,171
26045,2001,7608,7318,290
26045,2002,6918,6665,253
26045,2003,6728,6835,-107
26045,2004,6674,6486,188
26045,2005,6466,6799,-333
26045,2006,6301,6481,-180
26045,2007,5971,6656,-685
26045,2008,5740,6581,-841
26045,2009,6255,6156,99
26045,2010,5738,5983,-245
26047,1990,1566,1224,342
26047,1991,1547,1378,169
26047,1992,1468,1220,248
26047,1993,1500,1133,367
26047,1994,1656,1367,289
26047,1995,1492,1178,314
26047,1996,1506,1173,333
26047,1997,1452,1319,133
26047,1998,1506,1311,195
26047,1999,1609,1346,263
26047,2000,1703,1329,374
26047,2001,1610,1312,298
26047,2002,1644,1488,156
26047,2003,1732,1396,336
26047,2004,1592,1487,105
26047,2005,1630,1571,59
26047,2006,1586,1710,-124
26047,2007,1672,1611,61
26047,2008,1621,1704,-83
26047,2009,1496,1542,-46
26047,2010,1565,1460,105
26049,1990,11561,14411,-2850
26049,1991,11076,13876,-2800
26049,1992,11305,14112,-2807
26049,1993,11661,13827,-2166
26049,1994,12839,14107,-1268
26049,1995,12298,13380,-1082
26049,1996,12177,14796,-2619
26049,1997,12226,14180,-1954
26049,1998,13447,14374,-927
26049,1999,14667,14755,-88
26049,2000,13600,14241,-641
26049,2001,14068,14184,-116
26049,2002,12795,13110,-315
26049,2003,12261,13064,-803
26049,2004,12136,13575,-1439
26049,2005,11780,14007,-2227
26049,2006,10713,14648,-3935
26049,2007,10046,15567,-5521
26049,2008,10076,15012,-4936
26049,2009,10532,13704,-3172
26049,2010,10234,13730,-3496
26051,1990,1322,940,382
26051,1991,1323,1014,309
26051,1992,1417,932,485
26051,1993,1393,996,397
26051,1994,1409,1093,316
26051,1995,1366,966,400
26051,1996,1316,1113,203
26051,1997,1385,1038,347
26051,1998,1368,1108,260
26051,1999,1424,1152,272
26051,2000,1293,1059,234
26051,2001,1416,1138,278
26051,2002,1271,1032,239
26051,2003,1304,1140,164
26051,2004,1167,1138,29
26051,2005,1249,1102,147
26051,2006,880,1127,-247
26051,2007,1098,1134,-36
26051,2008,1081,1096,-15
26051,2009,1059,971,88
26051,2010,1149,914,235
26053,1990,671,555,116
26053,1991,664,545,119
26053,1992,702,533,169
26053,1993,595,587,8
26053,1994,676,615,61
26053,1995,736,721,15
26053,1996,652,690,-38
26053,1997,598,851,-253
26053,1998,599,696,-97
26053,1999,635,658,-23
26053,2000,589,642,-53
26053,2001,596,678,-82
26053,2002,626,610,16
26053,2003,570,630,-60
26053,2004,537,539,-2
26053,2005,461,595,-134
26053,2006,531,503,28
26053,2007,597,556,41
26053,2008,525,532,-7
26053,2009,543,483,60
26053,2010,445,504,-59
26055,1990,3971,3212,759
26055,1991,4250,3123,1127
26055,1992,4227,3400,827
26055,1993,4270,3433,837
26055,1994,4532,3667,865
26055,1995,4398,3464,934
26055,1996,4332,3682,650
26055,1997,7845,3751,4094
26055,1998,4715,3923,792
26055,1999,4680,3956,724
26055,2000,4792,4105,687
26055,2001,4702,3894,808
26055,2002,4325,3728,597
26055,2003,4247,3811,436
26055,2004,4421,3850,571
26055,2005,4302,3722,580
26055,2006,4348,3811,537
26055,2007,4280,4055,225
26055,2008,4016,3983,33
26055,2009,3741,3776,-35
26055,2010,4288,3241,1047
26057,1990,1706,1622,84
26057,1991,1513,1657,-144
26057,1992,1563,1563,0
26057,1993,1493,1667,-174
26057,1994,1607,1656,-49
26057,1995,2108,2266,-158
26057,1996,2082,2146,-64
26057,1997,2099,2080,19
26057,1998,1997,2296,-299
26057,1999,2128,2170,-42
26057,2000,2118,2287,-169
26057,2001,2117,2214,-97
26057,2002,1667,1559,108
26057,2003,1490,1654,-164
26057,2004,1395,1508,-113
26057,2005,1560,1723,-163
26057,2006,1432,1535,-103
26057,2007,1544,1808,-264
26057,2008,1491,1725,-234
26057,2009,1456,1579,-123
26057,2010,1364,1635,-271
26059,1990,2062,1824,238
26059,1991,1964,1810,154
26059,1992,1842,1974,-132
26059,1993,2104,1858,246
26059,1994,2113,1999,114
26059,1995,2258,1903,355
26059,1996,2341,2105,236
26059,1997,2034,2013,21
26059,1998,2231,1995,236
26059,1999,2337,1963,374
26059,2000,2056,2031,25
26059,2001,2064,2024,40
26059,2002,2135,1999,136
26059,2003,1879,2021,-142
26059,2004,1804,1994,-190
26059,2005,2053,2191,-138
26059,2006,1788,2006,-218
26059,2007,1774,2236,-462
26059,2008,1766,2019,-253
26059,2009,1688,1783,-95
26059,2010,1561,1696,-135
26061,1990,1324,1244,80
26061,1991,1383,1241,142
26061,1992,1369,1347,22
26061,1993,1458,1231,227
26061,1994,1453,1374,79
26061,1995,1401,1335,66
26061,1996,1368,1572,-204
26061,1997,1391,1464,-73
26061,1998,1389,1501,-112
26061,1999,1296,1386,-90
26061,2000,1225,1372,-147
26061,2001,1434,1317,117
26061,2002,1252,1205,47
26061,2003,1218,1173,45
26061,2004,1267,1246,21
26061,2005,1256,1416,-160
26061,2006,1219,1405,-186
26061,2007,1340,1253,87
26061,2008,1319,1349,-30
26061,2009,1151,1144,7
26061,2010,1057,1311,-254
26063,1990,1127,1072,55
26063,1991,1019,1061,-42
26063,1992,1066,1034,32
26063,1993,1167,998,169
26063,1994,1155,1022,133
26063,1995,1182,1076,106
26063,1996,1208,1167,41
26063,1997,1138,1115,23
26063,1998,1194,1120,74
26063,1999,1184,1282,-98
26063,2000,1056,1289,-233
26063,2001,1073,1222,-149
26063,2002,1078,1106,-28
26063,2003,987,1139,-152
26063,2004,924,1088,-164
26063,2005,887,1100,-213
26063,2006,884,1069,-185
26063,2007,834,1104,-270
26063,2008,959,1091,-132
26063,2009,861,948,-87
26063,2010,836,1021,-185
26065,1990,13320,15587,-2267
26065,1991,13242,15682,-2440
26065,1992,13245,16432,-3187
26065,1993,12650,15890,-3240
26065,1994,13493,15856,-2363
26065,1995,13219,15122,-1903
26065,1996,13656,16043,-2387
26065,1997,12961,16066,-3105
26065,1998,13498,16126,-2628
26065,1999,13461,15682,-2221
26065,2000,14134,15656,-1522
26065,2001,14068,15881,-1813
26065,2002,13183,15250,-2067
26065,2003,13146,15225,-2079
26065,2004,12660,16022,-3362
26065,2005,12536,15693,-3157
26065,2006,12248,15232,-2984
26065,2007,12578,15600,-3022
26065,2008,12278,14956,-2678
26065,2009,11405,14157,-2752
26065,2010,11878,13856,-1978
26067,1990,2450,2401,49
26067,1991,2475,2329,146
26067,1992,2612,2443,169
26067,1993,2436,2446,-10
26067,1994,2623,2358,265
26067,1995,2534,2364,170
26067,1996,2794,2504,290
26067,1997,2700,2573,127
26067,1998,2653,2613,40
26067,1999,2763,2524,239
26067,2000,2644,2558,86
26067,2001,2682,2640,42
26067,2002,2702,2483,219
26067,2003,2624,2514,110
26067,2004,2550,2702,-152
26067,2005,2604,2641,-37
26067,2006,2386,2715,-329
26067,2007,2365,2866,-501
26067,2008,2330,2753,-423
26067,2009,2412,2491,-79
26067,2010,2277,2450,-173
26069,1990,3091,2888,203
26069,1991,2598,2829,-231
26069,1992,1718,6617,-4899
26069,1993,1843,2679,-836
26069,1994,1854,1305,549
26069,1995,1825,1384,441
26069,1996,1651,1438,213
26069,1997,1609,1390,219
26069,1998,1639,1379,260
26069,1999,1486,1435,51
26069,2000,1355,1363,-8
26069,2001,1391,1482,-91
26069,2002,1270,1224,46
26069,2003,1387,1249,138
26069,2004,1446,1153,293
26069,2005,1441,1253,188
26069,2006,1330,1302,28
26069,2007,1259,1245,14
26069,2008,1143,1187,-44
26069,2009,1126,1194,-68
26069,2010,1084,1071,13
26071,1990,458,472,-14
26071,1991,473,470,3
26071,1992,437,384,53
26071,1993,466,396,70
26071,1994,452,353,99
26071,1995,403,349,54
26071,1996,392,383,9
26071,1997,406,395,11
26071,1998,432,379,53
26071,1999,457,437,20
26071,2000,399,451,-52
26071,2001,392,428,-36
26071,2002,478,385,93
26071,2003,412,439,-27
26071,2004,392,373,19
26071,2005,459,433,26
26071,2006,471,383,88
26071,2007,411,425,-14
26071,2008,334,377,-43
26071,2009,358,334,24
26071,2010,397,310,87
26073,1990,2443,2269,174
26073,1991,2574,2303,271
26073,1992,2495,2413,82
26073,1993,2460,2486,-26
26073,1994,2720,2562,158
26073,1995,2724,2744,-20
26073,1996,2862,2742,120
26073,1997,2943,2896,47
26073,1998,3322,2948,374
26073,1999,3024,3352,-328
26073,2000,3252,3155,97
26073,2001,3275,3090,185
26073,2002,2943,2930,13
26073,2003,2911,2946,-35
26073,2004,2859,2948,-89
26073,2005,2884,3040,-156
26073,2006,2716,3134,-418
26073,2007,2807,3339,-532
26073,2008,2933,3127,-194
26073,2009,2698,3043,-345
26073,2010,2669,2924,-255
26075,1990,4935,5251,-316
26075,1991,4999,5172,-173
26075,1992,4880,4931,-51
26075,1993,4713,4784,-71
26075,1994,5288,4899,389
26075,1995,5272,4830,442
26075,1996,5343,5023,320
26075,1997,5188,5059,129
26075,1998,5553,5177,376
26075,1999,5710,5235,475
26075,2000,5428,5030,398
26075,2001,5415,4936,479
26075,2002,4923,4622,301
26075,2003,4700,4977,-277
26075,2004,5030,4935,95
26075,2005,5021,5291,-270
26075,2006,4475,5060,-585
26075,2007,4379,5920,-1541
26075,2008,4230,5147,-917
26075,2009,4226,4767,-541
26075,2010,4199,4717,-518
26077,1990,8736,9879,-1143
26077,1991,9360,9643,-283
26077,1992,9581,9509,72
26077,1993,9692,10339,-647
26077,1994,9623,10706,-1083
26077,1995,9661,10160,-499
26077,1996,9845,10967,-1122
26077,1997,9908,11034,-1126
26077,1998,10216,11630,-1414
26077,1999,10367,11181,-814
26077,2000,9891,10891,-1000
26077,2001,10215,10264,-49
26077,2002,9764,9988,-224
26077,2003,9762,11939,-2177
26077,2004,9888,10665,-777
26077,2005,10158,10923,-765
26077,2006,9778,10723,-945
26077,2007,9793,10791,-998
26077,2008,9811,9947,-136
26077,2009,9062,9679,-617
26077,2010,9470,9832,-362
26079,1990,909,680,229
26079,1991,765,773,-8
26079,1992,822,619,203
26079,1993,887,828,59
26079,1994,865,826,39
26079,1995,832,675,157
26079,1996,844,836,8
26079,1997,793,713,80
26079,1998,814,660,154
26079,1999,790,699,91
26079,2000,852,745,107
26079,2001,818,728,90
26079,2002,1022,898,124
26079,2003,928,927,1
26079,2004,896,900,-4
26079,2005,955,828,127
26079,2006,842,888,-46
26079,2007,988,949,39
26079,2008,865,1050,-185
26079,2009,857,915,-58
26079,2010,849,803,46
26081,1990,18505,19362,-857
26081,1991,17862,19605,-1743
26081,1992,17986,19719,-1733
26081,1993,18798,20136,-1338
26081,1994,20481,20322,159
26081,1995,20289,20840,-551
26081,1996,20409,22120,-1711
26081,1997,19468,21724,-2256
26081,1998,21151,21628,-477
26081,1999,21432,22237,-805
26081,2000,20495,22246,-1751
26081,2001,20419,22845,-2426
26081,2002,18787,21756,-2969
26081,2003,18412,22307,-3895
26081,2004,19304,22467,-3163
26081,2005,19345,22427,-3082
26081,2006,18663,21878,-3215
26081,2007,18878,22731,-3853
26081,2008,18968,21530,-2562
26081,2009,17420,21027,-3607
26081,2010,19538,20059,-521
26083,1990,132,99,33
26083,1991,137,77,60
26083,1992,136,80,56
26083,1993,122,88,34
26083,1994,144,70,74
26083,1995,134,36,98
26083,1996,133,103,30
26083,1997,129,96,33
26083,1998,130,97,33
26083,1999,144,109,35
26083,2000,146,123,23
26083,2001,96,161,-65
26083,2002,100,95,5
26083,2003,103,96,7
26083,2004,90,109,-19
26083,2005,183,92,91
26083,2006,152,98,54
26083,2007,127,91,36
26083,2008,115,97,18
26083,2009,101,65,36
26083,2010,128,97,31
26085,1990,600,468,132
26085,1991,612,425,187
26085,1992,607,443,164
26085,1993,667,475,192
26085,1994,607,534,73
26085,1995,770,541,229
26085,1996,906,615,291
26085,1997,851,563,288
26085,1998,849,633,216
26085,1999,969,704,265
26085,2000,954,799,155
26085,2001,836,805,31
26085,2002,763,536,227
26085,2003,710,586,124
26085,2004,695,609,86
26085,2005,654,705,-51
26085,2006,618,609,9
26085,2007,639,639,0
26085,2008,628,632,-4
26085,2009,548,554,-6
26085,2010,574,522,52
26087,1990,4653,3729,924
26087,1991,4573,3748,825
26087,1992,4642,3958,684
26087,1993,4751,4021,730
26087,1994,5304,3832,1472
26087,1995,5459,4134,1325
26087,1996,5029,4338,691
26087,1997,5011,4295,716
26087,1998,4886,4372,514
26087,1999,5328,4373,955
26087,2000,4993,4377,616
26087,2001,4791,4312,479
26087,2002,4066,3774,292
26087,2003,4126,3791,335
26087,2004,4238,3842,396
26087,2005,3997,4002,-5
26087,2006,3295,3861,-566
26087,2007,3365,4305,-940
26087,2008,3103,4105,-1002
26087,2009,3472,3883,-411
26087,2010,3601,3568,33
26089,1990,1078,927,151
26089,1991,1271,861,410
26089,1992,1299,945,354
26089,1993,1264,1028,236
26089,1994,1716,1270,446
26089,1995,1021,885,136
26089,1996,1108,812,296
26089,1997,1092,920,172
26089,1998,978,869,109
26089,1999,1006,704,302
26089,2000,947,804,143
26089,2001,887,842,45
26089,2002,1260,982,278
26089,2003,1116,997,119
26089,2004,1030,1039,-9
26089,2005,1086,1010,76
26089,2006,1004,932,72
26089,2007,1056,1058,-2
26089,2008,1015,997,18
26089,2009,937,919,18
26089,2010,1055,1277,-222
26091,1990,3509,3438,71
26091,1991,3400,3391,9
26091,1992,3593,3395,198
26091,1993,3733,3519,214
26091,1994,4136,3479,657
26091,1995,3763,3401,362
26091,1996,3737,3323,414
26091,1997,3763,3547,216
26091,1998,4102,3426,676
26091,1999,3954,3730,224
26091,2000,3916,3607,309
26091,2001,3843,3531,312
26091,2002,3609,3440,169
26091,2003,3521,3280,241
26091,2004,3372,3561,-189
26091,2005,3389,3466,-77
26091,2006,3098,3520,-422
26091,2007,2974,3871,-897
26091,2008,2973,3840,-867
26091,2009,2833,3500,-667
26091,2010,3066,3476,-410
26093,1990,8129,6397,1732
26093,1991,8141,6425,1716
26093,1992,8354,6543,1811
26093,1993,9220,6834,2386
26093,1994,9983,6911,3072
26093,1995,10618,7325,3293
26093,1996,10461,7642,2819
26093,1997,10665,7456,3209
26093,1998,11789,7788,4001
26093,1999,11523,7545,3978
26093,2000,11772,7690,4082
26093,2001,11368,7997,3371
26093,2002,9702,7229,2473
26093,2003,9983,7112,2871
26093,2004,10247,7507,2740
26093,2005,9474,7769,1705
26093,2006,7704,7552,152
26093,2007,7429,8054,-625
26093,2008,7355,7645,-290
26093,2009,7422,7795,-373
26093,2010,7900,7272,628
26095,1990,233,253,-20
26095,1991,225,291,-66
26095,1992,279,274,5
26095,1993,251,259,-8
26095,1994,283,268,15
26095,1995,400,305,95
26095,1996,317,281,36
26095,1997,342,299,43
26095,1998,285,325,-40
26095,1999,282,322,-40
26095,2000,333,262,71
26095,2001,304,321,-17
26095,2002,248,298,-50
26095,2003,291,271,20
26095,2004,204,247,-43
26095,2005,230,281,-51
26095,2006,265,211,54
26095,2007,210,269,-59
26095,2008,233,261,-28
26095,2009,179,234,-55
26095,2010,208,197,11
26097,1990,635,574,61
26097,1991,619,596,23
26097,1992,715,631,84
26097,1993,665,568,97
26097,1994,644,617,27
26097,1995,775,741,34
26097,1996,760,756,4
26097,1997,699,705,-6
26097,1998,763,663,100
26097,1999,717,706,11
26097,2000,639,772,-133
26097,2001,642,751,-109
26097,2002,601,616,-15
26097,2003,660,705,-45
26097,2004,544,597,-53
26097,2005,573,706,-133
26097,2006,601,661,-60
26097,2007,557,703,-146
26097,2008,544,595,-51
26097,2009,495,515,-20
26097,2010,578,590,-12
26099,1990,28924,30149,-1225
26099,1991,27581,29531,-1950
26099,1992,26623,50869,-24246
26099,1993,27607,38851,-11244
26099,1994,30274,37016,-6742
26099,1995,28966,27941,1025
26099,1996,29608,28735,873
26099,1997,29100,28408,692
26099,1998,30704,28450,2254
26099,1999,32388,28540,3848
26099,2000,31718,27872,3846
26099,2001,30624,28516,2108
26099,2002,29570,27174,2396
26099,2003,29485,27496,1989
26099,2004,29864,28825,1039
26099,2005,29329,29612,-283
26099,2006,27353,29159,-1806
26099,2007,29008,31019,-2011
26099,2008,29273,31162,-1889
26099,2009,29954,31410,-1456
26099,2010,31523,30468,1055
26101,1990,1035,831,204
26101,1991,1020,845,175
26101,1992,1334,845,489
26101,1993,981,867,114
26101,1994,1060,873,187
26101,1995,1075,967,108
26101,1996,1181,988,193
26101,1997,1192,990,202
26101,1998,1221,1034,187
26101,1999,1316,895,421
26101,2000,1293,1109,184
26101,2001,1248,984,264
26101,2002,1237,975,262
26101,2003,1094,1043,51
26101,2004,971,1064,-93
26101,2005,1031,1016,15
26101,2006,999,1028,-29
26101,2007,961,1038,-77
26101,2008,876,994,-118
26101,2009,894,886,8
26101,2010,951,814,137
26103,1990,3748,3806,-58
26103,1991,3889,3680,209
26103,1992,4283,4667,-384
26103,1993,3115,4552,-1437
26103,1994,1977,6587,-4610
26103,1995,1889,4623,-2734
26103,1996,2062,2474,-412
26103,1997,2109,3357,-1248
26103,1998,2253,2186,67
26103,1999,2095,2137,-42
26103,2000,2183,2249,-66
26103,2001,2111,2249,-138
26103,2002,1925,2001,-76
26103,2003,2134,1873,261
26103,2004,2087,2175,-88
26103,2005,2180,2268,-88
26103,2006,2072,2256,-184
26103,2007,2166,2192,-26
26103,2008,2207,2129,78
26103,2009,1878,1846,32
26103,2010,2136,1876,260
26105,1990,1153,876,277
26105,1991,1208,953,255
26105,1992,1081,942,139
26105,1993,1317,958,359
26105,1994,1185,1063,122
26105,1995,1252,998,254
26105,1996,1213,1060,153
26105,1997,1134,1023,111
26105,1998,1142,1086,56
26105,1999,1225,1088,137
26105,2000,1280,1167,113
26105,2001,1344,1055,289
26105,2002,1133,1084,49
26105,2003,1152,1026,126
26105,2004,1195,1182,13
26105,2005,1114,1055,59
26105,2006,1042,1213,-171
26105,2007,1117,1089,28
26105,2008,1080,1084,-4
26105,2009,1037,1009,28
26105,2010,953,1021,-68
26107,1990,2132,1749,383
26107,1991,2136,1862,274
26107,1992,2074,1918,156
26107,1993,2189,1879,310
26107,1994,2218,2158,60
26107,1995,2799,2079,720
26107,1996,2836,2330,506
26107,1997,2631,2227,404
26107,1998,2831,2439,392
26107,1999,2759,2475,284
26107,2000,2647,2553,94
26107,2001,2810,2363,447
26107,2002,2209,2128,81
26107,2003,2239,1897,342
26107,2004,2119,2081,38
26107,2005,2146,2188,-42
26107,2006,1910,2194,-284
26107,2007,1996,2251,-255
26107,2008,1946,2082,-136
26107,2009,1979,1889,90
26107,2010,2054,1804,250
26109,1990,851,995,-144
26109,1991,872,923,-51
26109,1992,857,864,-7
26109,1993,803,802,1
26109,1994,999,918,81
26109,1995,851,835,16
26109,1996,919,963,-44
26109,1997,885,924,-39
26109,1998,897,902,-5
26109,1999,861,966,-105
26109,2000,893,905,-12
26109,2001,847,909,-62
26109,2002,886,875,11
26109,2003,886,846,40
26109,2004,846,960,-114
26109,2005,819,925,-106
26109,2006,877,868,9
26109,2007,922,858,64
26109,2008,690,814,-124
26109,2009,704,771,-67
26109,2010,720,716,4
26111,1990,3844,3872,-28
26111,1991,3736,3450,286
26111,1992,3770,3701,69
26111,1993,3869,3876,-7
26111,1994,3710,3815,-105
26111,1995,3823,3491,332
26111,1996,3890,3880,10
26111,1997,3474,3557,-83
26111,1998,3660,3767,-107
26111,1999,3612,3711,-99
26111,2000,3681,3506,175
26111,2001,3577,3775,-198
26111,2002,3618,3536,82
26111,2003,3297,3560,-263
26111,2004,3251,3744,-493
26111,2005,3142,3593,-451
26111,2006,3225,3633,-408
26111,2007,3518,3667,-149
26111,2008,3230,3411,-181
26111,2009,3156,3430,-274
26111,2010,3593,3449,144
26113,1990,690,512,178
26113,1991,763,563,200
26113,1992,692,562,130
26113,1993,743,518,225
26113,1994,769,644,125
26113,1995,741,660,81
26113,1996,698,682,16
26113,1997,787,610,177
26113,1998,885,674,211
26113,1999,903,652,251
26113,2000,948,800,148
26113,2001,952,775,177
26113,2002,763,634,129
26113,2003,682,617,65
26113,2004,721,707,14
26113,2005,665,700,-35
26113,2006,729,734,-5
26113,2007,789,802,-13
26113,2008,731,776,-45
26113,2009,642,656,-14
26113,2010,669,630,39
26115,1990,5554,5420,134
26115,1991,5361,5440,-79
26115,1992,5312,5536,-224
26115,1993,6062,5344,718
26115,1994,6375,5224,1151
26115,1995,6627,5709,918
26115,1996,6624,5580,1044
26115,1997,6609,5997,612
26115,1998,6709,5867,842
26115,1999,7084,5753,1331
26115,2000,6742,6021,721
26115,2001,6777,6117,660
26115,2002,6264,5388,876
26115,2003,6186,5284,902
26115,2004,6677,5820,857
26115,2005,6419,5797,622
26115,2006,5589,5738,-149
26115,2007,5388,6191,-803
26115,2008,5194,5803,-609
26115,2009,5133,5637,-504
26115,2010,4938,5421,-483
26117,1990,2929,2513,416
26117,1991,3011,2650,361
26117,1992,2842,2515,327
26117,1993,3117,2561,556
26117,1994,3315,2758,557
26117,1995,2820,2373,447
26117,1996,2788,2521,267
26117,1997,2825,2430,395
26117,1998,2857,2564,293
26117,1999,2872,2586,286
26117,2000,2928,2716,212
26117,2001,2917,2708,209
26117,2002,3055,2877,178
26117,2003,3129,2830,299
26117,2004,3062,2954,108
26117,2005,3069,3163,-94
26117,2006,2707,3035,-328
26117,2007,3128,3185,-57
26117,2008,3000,3240,-240
26117,2009,2840,3013,-173
26117,2010,2779,2846,-67
26119,1990,566,447,119
26119,1991,566,352,214
26119,1992,629,360,269
26119,1993,552,473,79
26119,1994,544,448,96
26119,1995,704,459,245
26119,1996,689,525,164
26119,1997,633,555,78
26119,1998,631,542,89
26119,1999,671,466,205
26119,2000,605,462,143
26119,2001,593,548,45
26119,2002,537,478,59
26119,2003,510,451,59
26119,2004,496,462,34
26119,2005,557,488,69
26119,2006,482,440,42
26119,2007,507,471,36
26119,2008,457,473,-16
26119,2009,461,368,93
26119,2010,407,419,-12
26121,1990,4685,4867,-182
26121,1991,4463,4698,-235
26121,1992,4785,4887,-102
26121,1993,4610,4797,-187
26121,1994,4985,4896,89
26121,1995,4889,4360,529
26121,1996,4921,4630,291
26121,1997,4883,4719,164
26121,1998,5071,4758,313
26121,1999,5319,4913,406
26121,2000,4943,4972,-29
26121,2001,4896,4940,-44
26121,2002,4825,4703,122
26121,2003,4608,4499,109
26121,2004,4956,4626,330
26121,2005,4785,5178,-393
26121,2006,4697,5123,-426
26121,2007,4666,5245,-579
26121,2008,4242,5587,-1345
26121,2009,4393,5051,-658
26121,2010,4163,5138,-975
26123,1990,2470,1928,542
26123,1991,2810,1843,967
26123,1992,2643,2002,641
26123,1993,2613,2011,602
26123,1994,2764,2060,704
26123,1995,2570,2065,505
26123,1996,2548,2043,505
26123,1997,2447,1986,461
26123,1998,2402,2060,342
26123,1999,2514,2263,251
26123,2000,2447,2039,408
26123,2001,2294,2227,67
26123,2002,2366,2120,246
26123,2003,2308,2206,102
26123,2004,2398,2316,82
26123,2005,2078,2285,-207
26123,2006,2145,2160,-15
26123,2007,2228,2422,-194
26123,2008,2016,2434,-418
26123,2009,1975,2190,-215
26123,2010,2019,2080,-61
26125,1990,49519,53417,-3898
26125,1991,48151,50400,-2249
26125,1992,74121,50390,23731
26125,1993,62880,54768,8112
26125,1994,64767,56123,8644
26125,1995,54484,53927,557
26125,1996,54123,56454,-2331
26125,1997,53352,57457,-4105
26125,1998,54592,58706,-4114
26125,1999,55542,58909,-3367
26125,2000,52986,58619,-5633
26125,2001,50088,59636,-9548
26125,2002,48770,54837,-6067
26125,2003,48530,54313,-5783
26125,2004,47748,55393,-7645
26125,2005,47043,56069,-9026
26125,2006,45148,54121,-8973
26125,2007,48171,54932,-6761
26125,2008,49692,53832,-4140
26125,2009,49464,53855,-4391
26125,2010,52266,50981,1285
26127,1990,1187,1136,51
26127,1991,1240,1177,63
26127,1992,1264,1123,141
26127,1993,1395,1122,273
26127,1994,1393,1181,212
26127,1995,1153,931,222
26127,1996,1179,1062,117
26127,1997,1059,1051,8
26127,1998,1056,1028,28
26127,1999,1186,1024,162
26127,2000,1061,1028,33
26127,2001,1188,930,258
26127,2002,1292,1184,108
26127,2003,1388,1218,170
26127,2004,1253,1284,-31
26127,2005,1225,1197,28
26127,2006,1132,1352,-220
26127,2007,1188,1356,-168
26127,2008,1087,1282,-195
26127,2009,1126,1302,-176
26127,2010,1065,1173,-108
26129,1990,1180,803,377
26129,1991,1073,829,244
26129,1992,1145,915,230
26129,1993,1258,889,369
26129,1994,1259,969,290
26129,1995,1033,888,145
26129,1996,1034,905,129
26129,1997,1110,957,153
26129,1998,1210,1049,161
26129,1999,1096,956,140
26129,2000,1051,934,117
26129,2001,1039,919,120
26129,2002,1016,875,141
26129,2003,1094,964,130
26129,2004,1037,950,87
26129,2005,957,938,19
26129,2006,875,908,-33
26129,2007,967,959,8
26129,2008,1022,889,133
26129,2009,886,976,-90
26129,2010,900,914,-14
26131,1990,367,347,20
26131,1991,337,361,-24
26131,1992,327,361,-34
26131,1993,301,331,-30
26131,1994,311,304,7
26131,1995,313,469,-156
26131,1996,280,494,-214
26131,1997,270,448,-178
26131,1998,239,358,-119
26131,1999,345,352,-7
26131,2000,323,312,11
26131,2001,314,279,35
26131,2002,265,288,-23
26131,2003,263,225,38
26131,2004,282,318,-36
26131,2005,230,285,-55
26131,2006,231,227,4
26131,2007,209,277,-68
26131,2008,212,216,-4
26131,2009,244,208,36
26131,2010,194,243,-49
26133,1990,1166,1126,40
26133,1991,1190,1049,141
26133,1992,1441,1011,430
26133,1993,1405,1136,269
26133,1994,1479,1222,257
26133,1995,1283,1091,192
26133,1996,1159,1212,-53
26133,1997,1160,1173,-13
26133,1998,1253,1266,-13
26133,1999,1123,1003,120
26133,2000,1146,1117,29
26133,2001,1193,1052,141
26133,2002,1176,1169,7
26133,2003,1253,1179,74
26133,2004,1192,1263,-71
26133,2005,1107,1230,-123
26133,2006,1167,1278,-111
26133,2007,1260,1361,-101
26133,2008,1069,1213,-144
26133,2009,1096,1126,-30
26133,2010,1127,1127,0
26135,1990,493,378,115
26135,1991,536,373,163
26135,1992,478,348,130
26135,1993,504,359,145
26135,1994,560,346,214
26135,1995,376,308,68
26135,1996,405,327,78
26135,1997,389,327,62
26135,1998,353,319,34
26135,1999,379,354,25
26135,2000,369,286,83
26135,2001,357,366,-9
26135,2002,503,420,83
26135,2003,358,389,-31
26135,2004,351,414,-63
26135,2005,375,351,24
26135,2006,426,373,53
26135,2007,397,379,18
26135,2008,312,374,-62
26135,2009,331,318,13
26135,2010,361,303,58
26137,1990,1314,1007,307
26137,1991,1246,910,336
26137,1992,1451,939,512
26137,1993,1331,1112,219
26137,1994,1499,988,511
26137,1995,1331,943,388
26137,1996,1312,984,328
26137,1997,1393,1142,251
26137,1998,1340,1068,272
26137,1999,1402,1114,288
26137,2000,1410,1130,280
26137,2001,1282,1052,230
26137,2002,1347,1222,125
26137,2003,1345,1264,81
26137,2004,1346,1219,127
26137,2005,1385,1322,63
26137,2006,1256,1372,-116
26137,2007,1132,1449,-317
26137,2008,1179,1340,-161
26137,2009,1204,1226,-22
26137,2010,1143,1170,-27
26139,1990,10209,8399,1810
26139,1991,10113,8859,1254
26139,1992,10535,8875,1660
26139,1993,11106,9033,2073
26139,1994,11735,9224,2511
26139,1995,11474,8752,2722
26139,1996,11570,9238,2332
26139,1997,11355,9348,2007
26139,1998,11840,9630,2210
26139,1999,11995,10253,1742
26139,2000,11163,9992,1171
26139,2001,10619,10660,-41
26139,2002,10958,10214,744
26139,2003,11025,10614,411
26139,2004,11003,10963,40
26139,2005,11084,10860,224
26139,2006,10588,11108,-520
26139,2007,10839,11179,-340
26139,2008,9949,11044,-1095
26139,2009,9858,10545,-687
26139,2010,10582,10217,365
26141,1990,586,481,105
26141,1991,540,486,54
26141,1992,574,478,96
26141,1993,556,511,45
26141,1994,770,485,285
26141,1995,529,440,89
26141,1996,541,498,43
26141,1997,592,460,132
26141,1998,522,471,51
26141,1999,485,551,-66
26141,2000,574,503,71
26141,2001,538,525,13
26141,2002,478,480,-2
26141,2003,482,435,47
26141,2004,504,479,25
26141,2005,518,525,-7
26141,2006,479,484,-5
26141,2007,448,490,-42
26141,2008,456,465,-9
26141,2009,452,429,23
26141,2010,457,455,2
26143,1990,1416,983,433
26143,1991,1417,944,473
26143,1992,1507,1029,478
26143,1993,1602,1029,573
26143,1994,1779,1053,726
26143,1995,1474,1002,472
26143,1996,1489,1091,398
26143,1997,1266,1006,260
26143,1998,1486,1105,381
26143,1999,1416,1151,265
26143,2000,1394,1087,307
26143,2001,1272,1048,224
26143,2002,1610,1138,472
26143,2003,1371,1192,179
26143,2004,1322,1170,152
26143,2005,1303,1170,133
26143,2006,1200,1150,50
26143,2007,1204,1304,-100
26143,2008,1177,1189,-12
26143,2009,1166,963,203
26143,2010,1162,1043,119
26145,1990,6185,7509,-1324
26145,1991,5809,7280,-1471
26145,1992,6011,7306,-1295
26145,1993,5605,7803,-2198
26145,1994,6709,7849,-1140
26145,1995,6201,7153,-952
26145,1996,5800,7321,-1521
26145,1997,5790,7263,-1473
26145,1998,5810,7336,-1526
26145,1999,5982,7332,-1350
26145,2000,5857,6935,-1078
26145,2001,5753,6448,-695
26145,2002,5366,6337,-971
26145,2003,5112,6077,-965
26145,2004,5019,6442,-1423
26145,2005,5021,6897,-1876
26145,2006,4560,7324,-2764
26145,2007,5136,6810,-1674
26145,2008,5163,6367,-1204
26145,2009,4964,5973,-1009
26145,2010,4995,6081,-1086
26147,1990,6254,5227,1027
26147,1991,6031,5377,654
26147,1992,5431,9648,-4217
26147,1993,5838,6838,-1000
26147,1994,6355,6637,-282
26147,1995,6494,5877,617
26147,1996,6816,5802,1014
26147,1997,6934,5701,1233
26147,1998,7109,5711,1398
26147,1999,6893,6133,760
26147,2000,6429,5788,641
26147,2001,6415,5781,634
26147,2002,6323,5183,1140
26147,2003,6041,5454,587
26147,2004,5650,6088,-438
26147,2005,5521,5696,-175
26147,2006,4927,5726,-799
26147,2007,9559,6484,3075
26147,2008,9055,6584,2471
26147,2009,4782,6220,-1438
26147,2010,4794,5511,-717
26149,1990,2402,2610,-208
26149,1991,2316,2341,-25
26149,1992,2548,2554,-6
26149,1993,2612,2567,45
26149,1994,2792,2616,176
26149,1995,2741,2576,165
26149,1996,2587,2724,-137
26149,1997,2381,2582,-201
26149,1998,2453,2429,24
26149,1999,2442,2409,33
26149,2000,2299,2674,-375
26149,2001,2261,2719,-458
26149,2002,2280,2341,-61
26149,2003,2311,2630,-319
26149,2004,2121,2354,-233
26149,2005,2248,2645,-397
26149,2006,2197,2470,-273
26149,2007,2194,2487,-293
26149,2008,1994,2744,-750
26149,2009,1984,2365,-381
26149,2010,1969,2380,-411
26151,1990,1817,1703,114
26151,1991,1968,1563,405
26151,1992,1945,1623,322
26151,1993,1995,1657,338
26151,1994,2063,1778,285
26151,1995,2098,1730,368
26151,1996,1986,1756,230
26151,1997,2011,1851,160
26151,1998,2097,1845,252
26151,1999,1938,2001,-63
26151,2000,1929,1929,0
26151,2001,1916,1871,45
26151,2002,1693,1796,-103
26151,2003,1838,1673,165
26151,2004,1700,1784,-84
26151,2005,1605,1632,-27
26151,2006,1559,1862,-303
26151,2007,1564,1887,-323
26151,2008,1331,1946,-615
26151,2009,1605,1650,-45
26151,2010,1374,1600,-226
26153,1990,310,369,-59
26153,1991,493,340,153
26153,1992,413,380,33
26153,1993,335,323,12
26153,1994,393,326,67
26153,1995,281,295,-14
26153,1996,323,251,72
26153,1997,330,240,90
26153,1998,293,263,30
26153,1999,321,246,75
26153,2000,305,314,-9
26153,2001,226,272,-46
26153,2002,326,286,40
26153,2003,356,271,85
26153,2004,264,290,-26
26153,2005,299,288,11
26153,2006,238,293,-55
26153,2007,304,253,51
26153,2008,256,216,40
26153,2009,243,229,14
26153,2010,252,225,27
26155,1990,3186,3232,-46
26155,1991,3108,3099,9
26155,1992,3184,3102,82
26155,1993,3243,3408,-165
26155,1994,3498,3408,90
26155,1995,2801,2818,-17
26155,1996,2619,2854,-235
26155,1997,2495,2660,-165
26155,1998,2533,2864,-331
26155,1999,2651,2834,-183
26155,2000,2817,2724,93
26155,2001,2656,2775,-119
26155,2002,3013,2847,166
26155,2003,3145,2995,150
26155,2004,2858,3228,-370
26155,2005,2816,2980,-164
26155,2006,2537,3155,-618
26155,2007,2471,3242,-771
26155,2008,2400,3158,-758
26155,2009,2581,2787,-206
26155,2010,2341,2804,-463
26157,1990,2222,2320,-98
26157,1991,2534,2358,176
26157,1992,2563,2304,259
26157,1993,2355,2325,30
26157,1994,2672,2305,367
26157,1995,2259,2136,123
26157,1996,2313,2243,70
26157,1997,2099,2211,-112
26157,1998,2309,2224,85
26157,1999,2180,2297,-117
26157,2000,2142,2199,-57
26157,2001,2124,2297,-173
26157,2002,2352,2281,71
26157,2003,2120,2231,-111
26157,2004,2133,2228,-95
26157,2005,2080,2470,-390
26157,2006,2037,2302,-265
26157,2007,1847,2352,-505
26157,2008,1876,2404,-528
26157,2009,1819,2027,-208
26157,2010,1877,2000,-123
26159,1990,3753,3441,312
26159,1991,3866,3431,435
26159,1992,3744,3500,244
26159,1993,4112,3742,370
26159,1994,4246,3861,385
26159,1995,3504,3207,297
26159,1996,3535,3518,17
26159,1997,3264,3312,-48
26159,1998,3323,3338,-15
26159,1999,3339,3411,-72
26159,2000,3359,3337,22
26159,2001,3430,3316,114
26159,2002,3905,3590,315
26159,2003,3891,3682,209
26159,2004,3476,3572,-96
26159,2005,3588,3635,-47
26159,2006,3354,3678,-324
26159,2007,3624,3913,-289
26159,2008,3431,3457,-26
26159,2009,3196,3637,-441
26159,2010,3352,3417,-65
26161,1990,17578,17514,64
26161,1991,17268,18268,-1000
26161,1992,17303,18521,-1218
26161,1993,18116,18650,-534
26161,1994,19439,18680,759
26161,1995,17336,16980,356
26161,1996,18029,17744,285
26161,1997,17823,17448,375
26161,1998,18566,18174,392
26161,1999,19009,18042,967
26161,2000,19000,18740,260
26161,2001,19336,19169,167
26161,2002,18433,18519,-86
26161,2003,18507,18829,-322
26161,2004,17813,18615,-802
26161,2005,17392,18918,-1526
26161,2006,16958,18763,-1805
26161,2007,17204,21177,-3973
26161,2008,17522,18254,-732
26161,2009,15790,17528,-1738
26161,2010,16313,17297,-984
26163,1990,42444,63995,-21551
26163,1991,40667,61798,-21131
26163,1992,40747,62414,-21667
26163,1993,40673,62718,-22045
26163,1994,44555,62004,-17449
26163,1995,42923,58753,-15830
26163,1996,43670,60667,-16997
26163,1997,42288,60666,-18378
26163,1998,44209,62145,-17936
26163,1999,44130,64047,-19917
26163,2000,44283,62912,-18629
26163,2001,42694,62534,-19840
26163,2002,41088,60900,-19812
26163,2003,39960,61694,-21734
26163,2004,40856,63239,-22383
26163,2005,40369,65169,-24800
26163,2006,37269,66269,-29000
26163,2007,39513,72040,-32527
26163,2008,41756,67220,-25464
26163,2009,42837,65665,-22828
26163,2010,46277,64469,-18192
26165,1990,1530,1443,87
26165,1991,1657,1446,211
26165,1992,1729,1392,337
26165,1993,1728,1465,263
26165,1994,1743,1442,301
26165,1995,1595,1555,40
26165,1996,1732,1467,265
26165,1997,1569,1674,-105
26165,1998,1789,1506,283
26165,1999,1674,1539,135
26165,2000,1675,1639,36
26165,2001,1661,1566,95
26165,2002,1855,1425,430
26165,2003,1654,1522,132
26165,2004,1814,1581,233
26165,2005,1782,1667,115
26165,2006,1697,1625,72
26165,2007,1738,1858,-120
26165,2008,1679,1786,-107
26165,2009,1596,1569,27
26165,2010,1620,1638,-18
27001,1990,696,542,154
27001,1991,756,541,215
27001,1992,821,600,221
27001,1993,820,552,268
27001,1994,853,561,292
27001,1995,819,523,296
27001,1996,870,660,210
27001,1997,1005,639,366
27001,1998,979,813,166
27001,1999,924,679,245
27001,2000,805,730,75
27001,2001,884,593,291
27001,2002,875,725,150
27001,2003,775,567,208
27001,2004,709,565,144
27001,2005,768,661,107
27001,2006,587,535,52
27001,2007,674,658,16
27001,2008,551,626,-75
27001,2009,623,515,108
27001,2010,575,500,75
27003,1990,16151,13569,2582
27003,1991,15851,13826,2025
27003,1992,17658,14228,3430
27003,1993,18354,14635,3719
27003,1994,16660,14898,1762
27003,1995,15886,14183,1703
27003,1996,16942,15634,1308
27003,1997,17000,15170,1830
27003,1998,19037,16458,2579
27003,1999,19481,16453,3028
27003,2000,18558,16564,1994
27003,2001,19373,18058,1315
27003,2002,18443,17636,807
27003,2003,19629,17465,2164
27003,2004,18483,17305,1178
27003,2005,18392,17584,808
27003,2006,16294,16582,-288
27003,2007,16288,16377,-89
27003,2008,16685,16462,223
27003,2009,16534,16843,-309
27003,2010,15474,16054,-580
27005,1990,1485,1334,151
27005,1991,1432,1265,167
27005,1992,1293,1272,21
27005,1993,1448,1182,266
27005,1994,1466,1337,129
27005,1995,1284,1227,57
27005,1996,1240,1123,117
27005,1997,1316,1263,53
27005,1998,1476,1347,129
27005,1999,1562,1304,258
27005,2000,1632,1317,315
27005,2001,1607,1202,405
27005,2002,1615,1238,377
27005,2003,1607,1303,304
27005,2004,1456,1335,121
27005,2005,1556,1300,256
27005,2006,1303,1275,28
27005,2007,1298,1228,70
27005,2008,1322,1336,-14
27005,2009,1200,1171,29
27005,2010,1257,1186,71
27007,1990,1821,1505,316
27007,1991,1690,1411,279
27007,1992,1654,1585,69
27007,1993,1868,1360,508
27007,1994,1832,1776,56
27007,1995,1800,1716,84
27007,1996,1815,1618,197
27007,1997,1684,1804,-120
27007,1998,1925,1705,220
27007,1999,1863,1654,209
27007,2000,1998,1700,298
27007,2001,1896,1701,195
27007,2002,1873,1558,315
27007,2003,1796,1730,66
27007,2004,1897,1673,224
27007,2005,1811,1740,71
27007,2006,1677,1739,-62
27007,2007,1716,1828,-112
27007,2008,1827,1759,68
27007,2009,1632,1578,54
27007,2010,1620,1500,120
27009,1990,2495,2148,347
27009,1991,2330,2096,234
27009,1992,2525,2222,303
27009,1993,2591,2269,322
27009,1994,2409,2294,115
27009,1995,2909,2770,139
27009,1996,2947,2823,124
27009,1997,2954,2835,119
27009,1998,3374,2906,468
27009,1999,4363,3008,1355
27009,2000,3935,3223,712
27009,2001,3961,3249,712
27009,2002,3743,3346,397
27009,2003,3657,3454,203
27009,2004,2783,2758,25
27009,2005,2826,2992,-166
27009,2006,2813,2730,83
27009,2007,2930,3086,-156
27009,2008,2832,2872,-40
27009,2009,2683,2829,-146
27009,2010,2622,2703,-81
27011,1990,198,245,-47
27011,1991,0,311,-311
27011,1992,181,195,-14
27011,1993,211,198,13
27011,1994,185,260,-75
27011,1995,209,216,-7
27011,1996,182,289,-107
27011,1997,244,233,11
27011,1998,182,220,-38
27011,1999,222,264,-42
27011,2000,199,229,-30
27011,2001,187,191,-4
27011,2002,172,209,-37
27011,2003,173,251,-78
27011,2004,199,198,1
27011,2005,204,220,-16
27011,2006,150,163,-13
27011,2007,200,204,-4
27011,2008,183,212,-29
27011,2009,188,175,13
27011,2010,148,205,-57
27013,1990,2806,2889,-83
27013,1991,2592,3032,-440
27013,1992,2972,2984,-12
27013,1993,2968,3038,-70
27013,1994,2991,2979,12
27013,1995,2888,3114,-226
27013,1996,2880,3258,-378
27013,1997,2997,3306,-309
27013,1998,3378,3459,-81
27013,1999,3091,3531,-440
27013,2000,3257,3308,-51
27013,2001,3335,3208,127
27013,2002,3248,3111,137
27013,2003,3046,3211,-165
27013,2004,3435,3218,217
27013,2005,3677,3358,319
27013,2006,3265,3462,-197
27013,2007,3554,3641,-87
27013,2008,3314,3570,-256
27013,2009,2967,3286,-319
27013,2010,3131,3386,-255
27015,1990,908,998,-90
27015,1991,897,891,6
27015,1992,986,991,-5
27015,1993,855,941,-86
27015,1994,888,972,-84
27015,1995,1060,982,78
27015,1996,910,1074,-164
27015,1997,894,1091,-197
27015,1998,922,1117,-195
27015,1999,888,1105,-217
27015,2000,1022,1116,-94
27015,2001,859,972,-113
27015,2002,840,1066,-226
27015,2003,953,1021,-68
27015,2004,809,958,-149
27015,2005,1025,1007,18
27015,2006,922,1112,-190
27015,2007,881,1024,-143
27015,2008,828,963,-135
27015,2009,822,918,-96
27015,2010,766,870,-104
27017,1990,1183,1073,110
27017,1991,1149,1042,107
27017,1992,1247,1000,247
27017,1993,1272,1022,250
27017,1994,1174,1166,8
27017,1995,1308,1145,163
27017,1996,1321,1227,94
27017,1997,1297,1292,5
27017,1998,1356,1212,144
27017,1999,1344,1267,77
27017,2000,1418,1236,182
27017,2001,1601,1207,394
27017,2002,1621,1166,455
27017,2003,1503,1173,330
27017,2004,1530,1260,270
27017,2005,1333,1285,48
27017,2006,1298,1207,91
27017,2007,1453,1217,236
27017,2008,1295,1216,79
27017,2009,1139,1157,-18
27017,2010,1254,1218,36
27019,1990,3940,2913,1027
27019,1991,4085,3053,1032
27019,1992,4726,3417,1309
27019,1993,4934,3499,1435
27019,1994,4848,3328,1520
27019,1995,5291,3679,1612
27019,1996,4997,4149,848
27019,1997,5088,4281,807
27019,1998,6274,4471,1803
27019,1999,6178,4393,1785
27019,2000,5847,4566,1281
27019,2001,6267,4583,1684
27019,2002,6472,4645,1827
27019,2003,6285,4537,1748
27019,2004,6320,4473,1847
27019,2005,6287,4882,1405
27019,2006,5279,4587,692
27019,2007,5484,4466,1018
27019,2008,5177,4333,844
27019,2009,4903,4344,559
27019,2010,5113,4539,574
27021,1990,1114,962,152
27021,1991,1283,819,464
27021,1992,1314,918,396
27021,1993,1236,940,296
27021,1994,1474,968,506
27021,1995,1833,1286,547
27021,1996,1831,1280,551
27021,1997,1853,1421,432
27021,1998,2437,1667,770
27021,1999,2407,1688,719
27021,2000,2434,1916,518
27021,2001,2218,1828,390
27021,2002,2293,1815,478
27021,2003,2265,1886,379
27021,2004,1812,1422,390
27021,2005,1719,1628,91
27021,2006,1501,1435,66
27021,2007,1621,1412,209
27021,2008,1366,1469,-103
27021,2009,1535,1317,218
27021,2010,1297,1418,-121
27023,1990,556,551,5
27023,1991,473,573,-100
27023,1992,562,544,18
27023,1993,559,474,85
27023,1994,534,500,34
27023,1995,595,663,-68
27023,1996,692,635,57
27023,1997,574,645,-71
27023,1998,648,689,-41
27023,1999,548,630,-82
27023,2000,579,674,-95
27023,2001,582,641,-59
27023,2002,575,662,-87
27023,2003,572,651,-79
27023,2004,545,479,66
27023,2005,583,600,-17
27023,2006,542,685,-143
27023,2007,533,616,-83
27023,2008,511,613,-102
27023,2009,567,494,73
27023,2010,526,618,-92
27025,1990,2099,1675,424
27025,1991,2297,1648,649
27025,1992,2680,1706,974
27025,1993,2624,1734,890
27025,1994,2795,1677,1118
27025,1995,2784,1931,853
27025,1996,2941,1878,1063
27025,1997,2915,1965,950
27025,1998,3614,2255,1359
27025,1999,3778,2295,1483
27025,2000,3658,2297,1361
27025,2001,3605,2526,1079
27025,2002,3592,2559,1033
27025,2003,3746,2603,1143
27025,2004,3419,2747,672
27025,2005,3294,2778,516
27025,2006,2772,2667,105
27025,2007,2578,2540,38
27025,2008,2451,2547,-96
27025,2009,2435,2536,-101
27025,2010,2365,2626,-261
27027,1990,2449,2506,-57
27027,1991,2653,2530,123
27027,1992,2596,2513,83
27027,1993,2605,2734,-129
27027,1994,2578,2523,55
27027,1995,2498,2743,-245
27027,1996,2588,2805,-217
27027,1997,2303,2697,-394
27027,1998,2633,2711,-78
27027,1999,2681,2576,105
27027,2000,2630,2451,179
27027,2001,2645,2531,114
27027,2002,2711,2536,175
27027,2003,2854,2390,464
27027,2004,2877,2514,363
27027,2005,3005,2625,380
27027,2006,3010,2741,269
27027,2007,3236,2698,538
27027,2008,3201,2727,474
27027,2009,2925,2756,169
27027,2010,2973,2806,167
27029,1990,261,332,-71
27029,1991,263,291,-28
27029,1992,326,265,61
27029,1993,395,325,70
27029,1994,442,326,116
27029,1995,441,459,-18
27029,1996,432,422,10
27029,1997,421,459,-38
27029,1998,389,480,-91
27029,1999,318,445,-127
27029,2000,365,347,18
27029,2001,351,306,45
27029,2002,297,317,-20
27029,2003,346,311,35
27029,2004,359,389,-30
27029,2005,365,415,-50
27029,2006,358,354,4
27029,2007,341,332,9
27029,2008,337,372,-35
27029,2009,345,312,33
27029,2010,332,313,19
27031,1990,265,190,75
27031,1991,258,190,68
27031,1992,295,138,157
27031,1993,298,227,71
27031,1994,299,219,80
27031,1995,284,222,62
27031,1996,282,226,56
27031,1997,306,291,15
27031,1998,298,288,10
27031,1999,334,226,108
27031,2000,282,284,-2
27031,2001,295,235,60
27031,2002,284,260,24
27031,2003,303,276,27
27031,2004,289,262,27
27031,2005,259,197,62
27031,2006,221,212,9
27031,2007,296,249,47
27031,2008,222,261,-39
27031,2009,236,271,-35
27031,2010,272,225,47
27033,1990,462,610,-148
27033,1991,571,550,21
27033,1992,599,558,41
27033,1993,517,500,17
27033,1994,460,592,-132
27033,1995,446,521,-75
27033,1996,428,569,-141
27033,1997,432,475,-43
27033,1998,459,522,-63
27033,1999,389,543,-154
27033,2000,474,550,-76
27033,2001,436,484,-48
27033,2002,435,464,-29
27033,2003,511,490,21
27033,2004,440,562,-122
27033,2005,422,519,-97
27033,2006,449,440,9
27033,2007,431,450,-19
27033,2008,462,497,-35
27033,2009,546,423,123
27033,2010,514,522,-8
27035,1990,2516,1725,791
27035,1991,2620,1709,911
27035,1992,2839,1890,949
27035,1993,2612,1853,759
27035,1994,2808,1984,824
27035,1995,2637,1938,699
27035,1996,2531,2195,336
27035,1997,2577,2200,377
27035,1998,2885,2425,460
27035,1999,2996,2344,652
27035,2000,2758,2315,443
27035,2001,2942,2156,786
27035,2002,2777,2133,644
27035,2003,2783,2218,565
27035,2004,3030,2535,495
27035,2005,3210,2531,679
27035,2006,2827,2319,508
27035,2007,2942,2660,282
27035,2008,2411,2396,15
27035,2009,2457,2272,185
27035,2010,2380,2480,-100
27037,1990,21409,17525,3884
27037,1991,21403,17007,4396
27037,1992,23529,18495,5034
27037,1993,23385,19185,4200
27037,1994,22940,18580,4360
27037,1995,23246,19028,4218
27037,1996,23678,20817,2861
27037,1997,24111,20944,3167
27037,1998,25245,22670,2575
27037,1999,25409,22579,2830
27037,2000,24587,22810,1777
27037,2001,24063,23162,901
27037,2002,22967,22648,319
27037,2003,23788,22805,983
27037,2004,23687,22562,1125
27037,2005,23392,22841,551
27037,2006,21806,21126,680
27037,2007,21077,21221,-144
27037,2008,20832,21007,-175
27037,2009,20267,21285,-1018
27037,2010,19982,20217,-235
27039,1990,933,841,92
27039,1991,872,770,102
27039,1992,967,847,120
27039,1993,856,906,-50
27039,1994,894,881,13
27039,1995,833,817,16
27039,1996,964,857,107
27039,1997,885,866,19
27039,1998,1154,1035,119
27039,1999,1327,902,425
27039,2000,1198,983,215
27039,2001,1280,1011,269
27039,2002,1252,1056,196
27039,2003,1200,978,222
27039,2004,935,908,27
27039,2005,1052,1014,38
27039,2006,844,896,-52
27039,2007,959,855,104
27039,2008,898,999,-101
27039,2009,893,818,75
27039,2010,863,904,-41
27041,1990,1529,1306,223
27041,1991,1469,1352,117
27041,1992,1688,1337,351
27041,1993,1612,1310,302
27041,1994,1635,1296,339
27041,1995,1521,1217,304
27041,1996,1511,1309,202
27041,1997,1646,1361,285
27041,1998,1653,1516,137
27041,1999,1640,1374,266
27041,2000,1702,1372,330
27041,2001,1731,1363,368
27041,2002,1748,1328,420
27041,2003,1737,1347,390
27041,2004,1717,1271,446
27041,2005,1695,1515,180
27041,2006,1732,1368,364
27041,2007,1592,1503,89
27041,2008,1477,1480,-3
27041,2009,1324,1394,-70
27041,2010,1515,1365,150
27043,1990,595,768,-173
27043,1991,645,690,-45
27043,1992,629,623,6
27043,1993,675,692,-17
27043,1994,655,688,-33
27043,1995,516,598,-82
27043,1996,665,613,52
27043,1997,537,660,-123
27043,1998,689,701,-12
27043,1999,623,747,-124
27043,2000,602,724,-122
27043,2001,615,613,2
27043,2002,552,649,-97
27043,2003,632,715,-83
27043,2004,528,694,-166
27043,2005,581,596,-15
27043,2006,555,667,-112
27043,2007,513,653,-140
27043,2008,570,629,-59
27043,2009,527,622,-95
27043,2010,591,545,46
27045,1990,689,810,-121
27045,1991,803,785,18
27045,1992,752,796,-44
27045,1993,747,692,55
27045,1994,866,851,15
27045,1995,894,779,115
27045,1996,779,892,-113
27045,1997,860,809,51
27045,1998,791,886,-95
27045,1999,946,899,47
27045,2000,953,829,124
27045,2001,824,802,22
27045,2002,922,914,8
27045,2003,838,901,-63
27045,2004,795,868,-73
27045,2005,801,904,-103
27045,2006,826,801,25
27045,2007,794,958,-164
27045,2008,667,772,-105
27045,2009,601,673,-72
27045,2010,672,720,-48
27047,1990,1169,1439,-270
27047,1991,1064,1251,-187
27047,1992,1258,1181,77
27047,1993,1031,1264,-233
27047,1994,944,1398,-454
27047,1995,1001,1012,-11
27047,1996,1053,1251,-198
27047,1997,1079,1110,-31
27047,1998,1120,1169,-49
27047,1999,1128,1275,-147
27047,2000,1085,1169,-84
27047,2001,1007,1362,-355
27047,2002,1031,1122,-91
27047,2003,1027,1182,-155
27047,2004,915,1096,-181
27047,2005,1047,1140,-93
27047,2006,1062,1161,-99
27047,2007,1034,1205,-171
27047,2008,1125,1055,70
27047,2009,906,1103,-197
27047,2010,1101,1168,-67
27049,1990,1821,1657,164
27049,1991,1596,1605,-9
27049,1992,1931,1518,413
27049,1993,2082,1770,312
27049,1994,1903,1807,96
27049,1995,1759,1718,41
27049,1996,1945,1726,219
27049,1997,1865,1680,185
27049,1998,1955,1913,42
27049,1999,1930,1856,74
27049,2000,2007,1680,327
27049,2001,2067,1874,193
27049,2002,1983,1941,42
27049,2003,2024,1962,62
27049,2004,1942,2047,-105
27049,2005,2091,2020,71
27049,2006,2055,1835,220
27049,2007,1886,1921,-35
27049,2008,1861,1900,-39
27049,2009,1806,1766,40
27049,2010,1767,1875,-108
27051,1990,287,299,-12
27051,1991,266,296,-30
27051,1992,241,256,-15
27051,1993,325,243,82
27051,1994,338,291,47
27051,1995,267,278,-11
27051,1996,286,282,4
27051,1997,269,279,-10
27051,1998,290,277,13
27051,1999,263,307,-44
27051,2000,325,309,16
27051,2001,339,322,17
27051,2002,294,288,6
27051,2003,276,323,-47
27051,2004,292,311,-19
27051,2005,289,290,-1
27051,2006,328,309,19
27051,2007,276,309,-33
27051,2008,260,319,-59
27051,2009,286,296,-10
27051,2010,309,312,-3
27053,1990,45798,51514,-5716
27053,1991,45856,52333,-6477
27053,1992,47953,53999,-6046
27053,1993,47696,55580,-7884
27053,1994,48121,54419,-6298
27053,1995,46850,52765,-5915
27053,1996,48415,56033,-7618
27053,1997,49548,54968,-5420
27053,1998,52999,58488,-5489
27053,1999,51831,59957,-8126
27053,2000,52670,60240,-7570
27053,2001,49625,64638,-15013
27053,2002,48292,61958,-13666
27053,2003,48711,61511,-12800
27053,2004,48575,61636,-13061
27053,2005,51244,61521,-10277
27053,2006,50322,56351,-6029
27053,2007,51173,56662,-5489
27053,2008,52583,54374,-1791
27053,2009,48958,55185,-6227
27053,2010,51701,51749,-48
27055,1990,734,795,-61
27055,1991,804,663,141
27055,1992,787,675,112
27055,1993,824,727,97
27055,1994,745,718,27
27055,1995,721,693,28
27055,1996,719,756,-37
27055,1997,707,732,-25
27055,1998,865,721,144
27055,1999,842,767,75
27055,2000,957,791,166
27055,2001,738,793,-55
27055,2002,695,713,-18
27055,2003,694,738,-44
27055,2004,701,663,38
27055,2005,697,697,0
27055,2006,690,778,-88
27055,2007,655,803,-148
27055,2008,579,688,-109
27055,2009,559,544,15
27055,2010,562,643,-81
27057,1990,807,618,189
27057,1991,837,643,194
27057,1992,990,655,335
27057,1993,834,632,202
27057,1994,1017,716,301
27057,1995,989,744,245
27057,1996,941,696,245
27057,1997,935,721,214
27057,1998,978,862,116
27057,1999,1035,790,245
27057,2000,821,792,29
27057,2001,847,734,113
27057,2002,806,718,88
27057,2003,870,693,177
27057,2004,930,900,30
27057,2005,1016,947,69
27057,2006,1001,815,186
27057,2007,1062,948,114
27057,2008,945,1007,-62
27057,2009,889,814,75
27057,2010,976,1014,-38
27059,1990,1637,1396,241
27059,1991,1563,1422,141
27059,1992,1689,1466,223
27059,1993,1560,1528,32
27059,1994,1553,1273,280
27059,1995,1908,1469,439
27059,1996,1967,1582,385
27059,1997,1886,1499,387
27059,1998,2245,1630,615
27059,1999,2506,1753,753
27059,2000,2595,1772,823
27059,2001,2936,1910,1026
27059,2002,3056,1834,1222
27059,2003,2808,2056,752
27059,2004,2659,1939,720
27059,2005,2624,1988,636
27059,2006,2276,1801,475
27059,2007,2022,1940,82
27059,2008,2031,2029,2
27059,2009,2078,2025,53
27059,2010,2037,1926,111
27061,1990,1644,1523,121
27061,1991,1610,1328,282
27061,1992,1716,1350,366
27061,1993,1613,1328,285
27061,1994,1582,1444,138
27061,1995,1568,1337,231
27061,1996,1517,1266,251
27061,1997,1570,1389,181
27061,1998,1581,1494,87
27061,1999,1459,1374,85
27061,2000,1494,1535,-41
27061,2001,1563,1443,120
27061,2002,1579,1307,272
27061,2003,1327,1373,-46
27061,2004,1400,1326,74
27061,2005,1527,1407,120
27061,2006,1494,1259,235
27061,2007,1445,1406,39
27061,2008,1329,1140,189
27061,2009,1251,1226,25
27061,2010,1341,1250,91
27063,1990,459,469,-10
27063,1991,481,473,8
27063,1992,448,474,-26
27063,1993,512,488,24
27063,1994,485,497,-12
27063,1995,546,498,48
27063,1996,429,518,-89
27063,1997,422,546,-124
27063,1998,420,518,-98
27063,1999,376,471,-95
27063,2000,408,458,-50
27063,2001,561,422,139
27063,2002,374,430,-56
27063,2003,431,385,46
27063,2004,395,434,-39
27063,2005,412,456,-44
27063,2006,401,445,-44
27063,2007,369,487,-118
27063,2008,436,497,-61
27063,2009,398,378,20
27063,2010,382,432,-50
27065,1990,624,596,28
27065,1991,644,587,57
27065,1992,664,572,92
27065,1993,770,608,162
27065,1994,820,629,191
27065,1995,745,662,83
27065,1996,824,644,180
27065,1997,816,662,154
27065,1998,900,655,245
27065,1999,977,702,275
27065,2000,925,757,168
27065,2001,956,769,187
27065,2002,1094,745,349
27065,2003,982,862,120
27065,2004,908,752,156
27065,2005,898,798,100
27065,2006,820,769,51
27065,2007,798,784,14
27065,2008,669,882,-213
27065,2009,701,688,13
27065,2010,718,699,19
27067,1990,1788,1672,116
27067,1991,1703,1523,180
27067,1992,1686,1500,186
27067,1993,1779,1604,175
27067,1994,1665,1855,-190
27067,1995,2005,1773,232
27067,1996,1681,1979,-298
27067,1997,1694,1954,-260
27067,1998,1880,2129,-249
27067,1999,1740,2136,-396
27067,2000,1753,1974,-221
27067,2001,1542,2077,-535
27067,2002,1736,1644,92
27067,2003,1646,1813,-167
27067,2004,1549,1688,-139
27067,2005,1535,1813,-278
27067,2006,1468,1745,-277
27067,2007,1564,1729,-165
27067,2008,1608,1695,-87
27067,2009,1423,1519,-96
27067,2010,1477,1764,-287
27069,1990,173,227,-54
27069,1991,211,249,-38
27069,1992,154,195,-41
27069,1993,182,228,-46
27069,1994,215,208,7
27069,1995,172,183,-11
27069,1996,156,188,-32
27069,1997,172,205,-33
27069,1998,162,241,-79
27069,1999,135,185,-50
27069,2000,132,209,-77
27069,2001,120,201,-81
27069,2002,125,175,-50
27069,2003,124,180,-56
27069,2004,130,151,-21
27069,2005,147,219,-72
27069,2006,118,177,-59
27069,2007,124,138,-14
27069,2008,157,153,4
27069,2009,144,148,-4
27069,2010,160,169,-9
27071,1990,661,967,-306
27071,1991,526,645,-119
27071,1992,485,454,31
27071,1993,477,550,-73
27071,1994,439,564,-125
27071,1995,419,592,-173
27071,1996,539,567,-28
27071,1997,480,569,-89
27071,1998,421,579,-158
27071,1999,434,631,-197
27071,2000,403,577,-174
27071,2001,457,572,-115
27071,2002,490,478,12
27071,2003,426,488,-62
27071,2004,435,442,-7
27071,2005,351,439,-88
27071,2006,365,409,-44
27071,2007,365,465,-100
27071,2008,367,450,-83
27071,2009,437,351,86
27071,2010,377,410,-33
27073,1990,208,317,-109
27073,1991,334,346,-12
27073,1992,341,335,6
27073,1993,244,326,-82
27073,1994,269,357,-88
27073,1995,192,285,-93
27073,1996,280,312,-32
27073,1997,266,331,-65
27073,1998,233,343,-110
27073,1999,215,266,-51
27073,2000,207,278,-71
27073,2001,280,269,11
27073,2002,193,244,-51
27073,2003,214,292,-78
27073,2004,216,291,-75
27073,2005,199,303,-104
27073,2006,255,253,2
27073,2007,234,289,-55
27073,2008,280,265,15
27073,2009,210,295,-85
27073,2010,235,217,18
27075,1990,427,428,-1
27075,1991,445,403,42
27075,1992,416,339,77
27075,1993,355,331,24
27075,1994,474,385,89
27075,1995,444,334,110
27075,1996,450,407,43
27075,1997,388,413,-25
27075,1998,548,454,94
27075,1999,511,461,50
27075,2000,558,469,89
27075,2001,501,447,54
27075,2002,515,411,104
27075,2003,503,480,23
27075,2004,412,390,22
27075,2005,449,423,26
27075,2006,392,392,0
27075,2007,451,455,-4
27075,2008,449,402,47
27075,2009,359,331,28
27075,2010,359,389,-30
27077,1990,267,156,111
27077,1991,276,213,63
27077,1992,190,214,-24
27077,1993,236,206,30
27077,1994,238,237,1
27077,1995,210,130,80
27077,1996,230,286,-56
27077,1997,268,245,23
27077,1998,241,193,48
27077,1999,177,216,-39
27077,2000,183,214,-31
27077,2001,170,215,-45
27077,2002,197,176,21
27077,2003,188,153,35
27077,2004,171,170,1
27077,2005,220,247,-27
27077,2006,137,211,-74
27077,2007,166,230,-64
27077,2008,122,170,-48
27077,2009,165,148,17
27077,2010,145,185,-40
27079,1990,1117,1110,7
27079,1991,1089,1045,44
27079,1992,1172,1082,90
27079,1993,1225,1083,142
27079,1994,1201,1113,88
27079,1995,1350,1179,171
27079,1996,1497,1330,167
27079,1997,1439,1297,142
27079,1998,1459,1477,-18
27079,1999,1609,1399,210
27079,2000,1548,1390,158
27079,2001,1740,1527,213
27079,2002,1870,1376,494
27079,2003,1770,1455,315
27079,2004,1518,1375,143
27079,2005,1573,1332,241
27079,2006,1422,1154,268
27079,2007,1328,1405,-77
27079,2008,1307,1404,-97
27079,2009,1174,1276,-102
27079,2010,1198,1318,-120
27081,1990,193,258,-65
27081,1991,296,214,82
27081,1992,237,206,31
27081,1993,274,286,-12
27081,1994,232,252,-20
27081,1995,255,260,-5
27081,1996,264,315,-51
27081,1997,294,398,-104
27081,1998,228,292,-64
27081,1999,264,313,-49
27081,2000,239,255,-16
27081,2001,238,279,-41
27081,2002,264,275,-11
27081,2003,209,241,-32
27081,2004,197,228,-31
27081,2005,222,254,-32
27081,2006,226,238,-12
27081,2007,279,298,-19
27081,2008,227,259,-32
27081,2009,192,214,-22
27081,2010,183,232,-49
27083,1990,1112,1306,-194
27083,1991,1239,1299,-60
27083,1992,1267,1253,14
27083,1993,1232,1204,28
27083,1994,1171,1479,-308
27083,1995,1046,1426,-380
27083,1996,1061,1472,-411
27083,1997,1191,1396,-205
27083,1998,1176,1461,-285
27083,1999,1156,1339,-183
27083,2000,1105,1364,-259
27083,2001,1017,1508,-491
27083,2002,1107,1356,-249
27083,2003,1046,1301,-255
27083,2004,1068,1221,-153
27083,2005,1222,1328,-106
27083,2006,1141,1437,-296
27083,2007,1197,1365,-168
27083,2008,1156,1400,-244
27083,2009,1040,1180,-140
27083,2010,1134,1338,-204
27085,1990,1487,1517,-30
27085,1991,1472,1461,11
27085,1992,1571,1411,160
27085,1993,1631,1547,84
27085,1994,1578,1566,12
27085,1995,1819,1512,307
27085,1996,1617,1747,-130
27085,1997,1967,1809,158
27085,1998,1840,1708,132
27085,1999,1614,1917,-303
27085,2000,1936,1808,128
27085,2001,1915,1826,89
27085,2002,1641,1716,-75
27085,2003,1752,1609,143
27085,2004,1864,1755,109
27085,2005,2099,1769,330
27085,2006,1772,1786,-14
27085,2007,1611,1795,-184
27085,2008,1382,1839,-457
27085,2009,1384,1644,-260
27085,2010,1369,1685,-316
27087,1990,0,158,-158
27087,1991,191,191,0
27087,1992,210,144,66
27087,1993,212,173,39
27087,1994,211,228,-17
27087,1995,186,211,-25
27087,1996,195,231,-36
27087,1997,190,239,-49
27087,1998,226,190,36
27087,1999,236,301,-65
27087,2000,227,210,17
27087,2001,183,222,-39
27087,2002,187,234,-47
27087,2003,190,230,-40
27087,2004,207,224,-17
27087,2005,176,221,-45
27087,2006,257,251,6
27087,2007,244,248,-4
27087,2008,217,275,-58
27087,2009,209,222,-13
27087,2010,256,234,22
27089,1990,337,445,-108
27089,1991,415,523,-108
27089,1992,332,446,-114
27089,1993,414,407,7
27089,1994,441,483,-42
27089,1995,459,406,53
27089,1996,391,501,-110
27089,1997,399,605,-206
27089,1998,360,546,-186
27089,1999,300,417,-117
27089,2000,344,454,-110
27089,2001,564,588,-24
27089,2002,470,386,84
27089,2003,400,405,-5
27089,2004,343,390,-47
27089,2005,395,407,-12
27089,2006,391,454,-63
27089,2007,362,446,-84
27089,2008,348,433,-85
27089,2009,324,393,-69
27089,2010,369,345,24
27091,1990,892,935,-43
27091,1991,754,943,-189
27091,1992,821,868,-47
27091,1993,720,905,-185
27091,1994,856,869,-13
27091,1995,724,839,-115
27091,1996,797,879,-82
27091,1997,768,922,-154
27091,1998,701,883,-182
27091,1999,672,736,-64
27091,2000,662,929,-267
27091,2001,760,866,-106
27091,2002,697,779,-82
27091,2003,743,859,-116
27091,2004,688,811,-123
27091,2005,619,839,-220
27091,2006,733,750,-17
27091,2007,819,901,-82
27091,2008,774,906,-132
27091,2009,663,678,-15
27091,2010,644,757,-113
27093,1990,912,856,56
27093,1991,857,1014,-157
27093,1992,963,947,16
27093,1993,1043,859,184
27093,1994,973,880,93
27093,1995,988,845,143
27093,1996,1009,1005,4
27093,1997,1150,990,160
27093,1998,1027,1073,-46
27093,1999,1100,980,120
27093,2000,1122,1048,74
27093,2001,1060,961,99
27093,2002,1143,1040,103
27093,2003,1128,1104,24
27093,2004,1054,1070,-16
27093,2005,1174,1046,128
27093,2006,981,1052,-71
27093,2007,1003,1009,-6
27093,2008,941,1100,-159
27093,2009,969,1001,-32
27093,2010,797,955,-158
27095,1990,1015,824,191
27095,1991,1084,859,225
27095,1992,1371,927,444
27095,1993,1552,1016,536
27095,1994,1436,1007,429
27095,1995,1224,928,296
27095,1996,1273,960,313
27095,1997,1123,850,273
27095,1998,1178,962,216
27095,1999,1428,1085,343
27095,2000,1398,1007,391
27095,2001,1656,1132,524
27095,2002,1557,1106,451
27095,2003,1583,1228,355
27095,2004,1673,1195,478
27095,2005,1531,1263,268
27095,2006,1417,1242,175
27095,2007,1303,1367,-64
27095,2008,1327,1381,-54
27095,2009,1264,1352,-88
27095,2010,1227,1278,-51
27097,1990,1036,1130,-94
27097,1991,1036,1057,-21
27097,1992,1176,1002,174
27097,1993,1121,1055,66
27097,1994,1159,1096,63
27097,1995,1114,1007,107
27097,1996,1070,1127,-57
27097,1997,1141,1168,-27
27097,1998,1136,1215,-79
27097,1999,1248,1019,229
27097,2000,1401,1152,249
27097,2001,1393,1177,216
27097,2002,1260,1269,-9
27097,2003,1301,1316,-15
27097,2004,1367,1291,76
27097,2005,1296,1267,29
27097,2006,1323,1186,137
27097,2007,1292,1171,121
27097,2008,1172,1314,-142
27097,2009,1165,1175,-10
27097,2010,1082,1117,-35
27099,1990,1444,1482,-38
27099,1991,1202,1444,-242
27099,1992,1527,1395,132
27099,1993,1286,1456,-170
27099,1994,1317,1471,-154
27099,1995,1310,1402,-92
27099,1996,1381,1404,-23
27099,1997,1418,1407,11
27099,1998,1566,1544,22
27099,1999,1733,1571,162
27099,2000,1679,1724,-45
27099,2001,1461,1623,-162
27099,2002,1458,1522,-64
27099,2003,1300,1386,-86
27099,2004,1273,1665,-392
27099,2005,1449,1498,-49
27099,2006,1279,1527,-248
27099,2007,1513,1765,-252
27099,2008,1561,1481,80
27099,2009,1519,1543,-24
27099,2010,1621,1937,-316
27101,1990,395,331,64
27101,1991,352,363,-11
27101,1992,337,381,-44
27101,1993,341,374,-33
27101,1994,283,321,-38
27101,1995,379,313,66
27101,1996,381,404,-23
27101,1997,386,419,-33
27101,1998,357,399,-42
27101,1999,359,391,-32
27101,2000,363,398,-35
27101,2001,339,361,-22
27101,2002,279,355,-76
27101,2003,322,324,-2
27101,2004,273,310,-37
27101,2005,324,311,13
27101,2006,285,379,-94
27101,2007,286,328,-42
27101,2008,359,313,46
27101,2009,249,346,-97
27101,2010,289,314,-25
27103,1990,1960,1815,145
27103,1991,2021,1907,114
27103,1992,1934,1855,79
27103,1993,1865,1973,-108
27103,1994,1995,1794,201
27103,1995,1662,1608,54
27103,1996,1791,1729,62
27103,1997,1698,2064,-366
27103,1998,1647,1971,-324
27103,1999,1964,1720,244
27103,2000,2055,1881,174
27103,2001,1839,1946,-107
27103,2002,1913,1939,-26
27103,2003,1997,1983,14
27103,2004,2006,2253,-247
27103,2005,2337,2247,90
27103,2006,2167,2155,12
27103,2007,2044,2163,-119
27103,2008,2130,2179,-49
27103,2009,2018,1972,46
27103,2010,1879,1980,-101
27105,1990,899,997,-98
27105,1991,953,932,21
27105,1992,904,894,10
27105,1993,970,1012,-42
27105,1994,927,1089,-162
27105,1995,871,1123,-252
27105,1996,822,1290,-468
27105,1997,795,1342,-547
27105,1998,924,1231,-307
27105,1999,981,1147,-166
27105,2000,869,1060,-191
27105,2001,756,1091,-335
27105,2002,761,958,-197
27105,2003,636,876,-240
27105,2004,683,832,-149
27105,2005,642,921,-279
27105,2006,808,892,-84
27105,2007,922,924,-2
27105,2008,922,1047,-125
27105,2009,812,973,-161
27105,2010,854,939,-85
27107,1990,237,272,-35
27107,1991,267,346,-79
27107,1992,313,303,10
27107,1993,290,295,-5
27107,1994,318,321,-3
27107,1995,363,299,64
27107,1996,274,347,-73
27107,1997,262,350,-88
27107,1998,350,360,-10
27107,1999,302,323,-21
27107,2000,280,340,-60
27107,2001,291,307,-16
27107,2002,286,364,-78
27107,2003,318,326,-8
27107,2004,245,331,-86
27107,2005,285,408,-123
27107,2006,259,302,-43
27107,2007,238,307,-69
27107,2008,249,337,-88
27107,2009,282,242,40
27107,2010,275,250,25
27109,1990,5986,5347,639
27109,1991,5158,5120,38
27109,1992,6357,5527,830
27109,1993,5326,6184,-858
27109,1994,4806,6335,-1529
27109,1995,5280,5836,-556
27109,1996,5861,5731,130
27109,1997,6689,5857,832
27109,1998,6511,5798,713
27109,1999,6689,6371,318
27109,2000,6536,6326,210
27109,2001,6671,6109,562
27109,2002,6304,5965,339
27109,2003,6509,6228,281
27109,2004,6167,6039,128
27109,2005,6667,6378,289
27109,2006,6605,6355,250
27109,2007,6824,6330,494
27109,2008,6467,6201,266
27109,2009,5277,5951,-674
27109,2010,5877,6221,-344
27111,1990,2222,1846,376
27111,1991,2252,1926,326
27111,1992,2137,1820,317
27111,1993,2294,1817,477
27111,1994,2514,1937,577
27111,1995,2591,1706,885
27111,1996,2458,2151,307
27111,1997,2521,2171,350
27111,1998,2733,2113,620
27111,1999,2486,2183,303
27111,2000,2504,2154,350
27111,2001,2628,2043,585
27111,2002,2749,2128,621
27111,2003,2552,2127,425
27111,2004,2513,2163,350
27111,2005,2692,2082,610
27111,2006,2349,2053,296
27111,2007,2409,2130,279
27111,2008,2309,2172,137
27111,2009,2035,2037,-2
27111,2010,2134,1872,262
27113,1990,664,582,82
27113,1991,656,656,0
27113,1992,657,683,-26
27113,1993,586,611,-25
27113,1994,662,661,1
27113,1995,695,597,98
27113,1996,654,621,33
27113,1997,620,746,-126
27113,1998,682,707,-25
27113,1999,505,658,-153
27113,2000,544,734,-190
27113,2001,817,648,169
27113,2002,653,712,-59
27113,2003,553,620,-67
27113,2004,596,621,-25
27113,2005,641,599,42
27113,2006,616,718,-102
27113,2007,586,682,-96
27113,2008,602,617,-15
27113,2009,620,627,-7
27113,2010,653,593,60
27115,1990,1118,1002,116
27115,1991,1119,870,249
27115,1992,1292,937,355
27115,1993,1102,933,169
27115,1994,1153,965,188
27115,1995,1375,914,461
27115,1996,1315,1025,290
27115,1997,1274,1044,230
27115,1998,1419,1054,365
27115,1999,1508,1063,445
27115,2000,1469,1123,346
27115,2001,1504,1202,302
27115,2002,1379,1234,145
27115,2003,1446,1191,255
27115,2004,1451,1214,237
27115,2005,1472,1355,117
27115,2006,1256,1120,136
27115,2007,1224,1295,-71
27115,2008,1253,1220,33
27115,2009,1197,1227,-30
27115,2010,1168,1237,-69
27117,1990,376,416,-40
27117,1991,421,403,18
27117,1992,368,437,-69
27117,1993,428,399,29
27117,1994,375,373,2
27117,1995,336,472,-136
27117,1996,368,417,-49
27117,1997,415,443,-28
27117,1998,417,474,-57
27117,1999,384,570,-186
27117,2000,464,439,25
27117,2001,357,472,-115
27117,2002,360,427,-67
27117,2003,354,430,-76
27117,2004,327,461,-134
27117,2005,413,402,11
27117,2006,478,457,21
27117,2007,480,388,92
27117,2008,434,484,-50
27117,2009,332,368,-36
27117,2010,376,416,-40
27119,1990,1320,1498,-178
27119,1991,1465,1414,51
27119,1992,1470,1515,-45
27119,1993,1421,1511,-90
27119,1994,1571,1644,-73
27119,1995,1501,1589,-88
27119,1996,1274,1626,-352
27119,1997,1286,2194,-908
27119,1998,1298,1584,-286
27119,1999,1255,1315,-60
27119,2000,1222,1459,-237
27119,2001,1364,1444,-80
27119,2002,1354,1324,30
27119,2003,1408,1356,52
27119,2004,1390,1340,50
27119,2005,1337,1396,-59
27119,2006,1325,1470,-145
27119,2007,1362,1507,-145
27119,2008,1493,1359,134
27119,2009,1319,1271,48
27119,2010,1271,1419,-148
27121,1990,511,528,-17
27121,1991,495,418,77
27121,1992,500,458,42
27121,1993,488,446,42
27121,1994,535,450,85
27121,1995,514,380,134
27121,1996,513,479,34
27121,1997,443,464,-21
27121,1998,471,455,16
27121,1999,499,437,62
27121,2000,461,461,0
27121,2001,535,494,41
27121,2002,482,462,20
27121,2003,479,468,11
27121,2004,486,469,17
27121,2005,526,512,14
27121,2006,452,481,-29
27121,2007,497,457,40
27121,2008,504,563,-59
27121,2009,393,454,-61
27121,2010,482,469,13
27123,1990,24121,29008,-4887
27123,1991,25004,29003,-3999
27123,1992,25418,30965,-5547
27123,1993,26091,31386,-5295
27123,1994,25345,29821,-4476
27123,1995,24554,28946,-4392
27123,1996,26464,29487,-3023
27123,1997,26522,29956,-3434
27123,1998,28210,32218,-4008
27123,1999,28060,32867,-4807
27123,2000,28460,32539,-4079
27123,2001,27454,35135,-7681
27123,2002,25768,34926,-9158
27123,2003,25631,35250,-9619
27123,2004,26185,34790,-8605
27123,2005,27176,34078,-6902
27123,2006,27103,30796,-3693
27123,2007,27850,30893,-3043
27123,2008,28536,30916,-2380
27123,2009,28259,31827,-3568
27123,2010,28576,29443,-867
27125,1990,165,201,-36
27125,1991,0,163,-163
27125,1992,165,179,-14
27125,1993,198,151,47
27125,1994,152,212,-60
27125,1995,164,165,-1
27125,1996,170,204,-34
27125,1997,130,191,-61
27125,1998,175,186,-11
27125,1999,128,192,-64
27125,2000,193,181,12
27125,2001,162,180,-18
27125,2002,188,145,43
27125,2003,202,190,12
27125,2004,189,238,-49
27125,2005,127,210,-83
27125,2006,192,152,40
27125,2007,169,191,-22
27125,2008,207,158,49
27125,2009,169,217,-48
27125,2010,213,217,-4
27127,1990,641,678,-37
27127,1991,648,659,-11
27127,1992,631,634,-3
27127,1993,635,812,-177
27127,1994,590,773,-183
27127,1995,608,662,-54
27127,1996,529,709,-180
27127,1997,605,730,-125
27127,1998,685,769,-84
27127,1999,547,759,-212
27127,2000,622,730,-108
27127,2001,537,768,-231
27127,2002,592,717,-125
27127,2003,538,646,-108
27127,2004,493,693,-200
27127,2005,685,730,-45
27127,2006,515,675,-160
27127,2007,671,675,-4
27127,2008,589,727,-138
27127,2009,562,633,-71
27127,2010,513,560,-47
27129,1990,586,706,-120
27129,1991,674,754,-80
27129,1992,676,717,-41
27129,1993,653,789,-136
27129,1994,702,767,-65
27129,1995,678,727,-49
27129,1996,697,727,-30
27129,1997,706,808,-102
27129,1998,654,758,-104
27129,1999,651,716,-65
27129,2000,673,810,-137
27129,2001,763,773,-10
27129,2002,680,816,-136
27129,2003,611,799,-188
27129,2004,753,740,13
27129,2005,744,902,-158
27129,2006,649,773,-124
27129,2007,642,882,-240
27129,2008,661,752,-91
27129,2009,588,715,-127
27129,2010,540,772,-232
27131,1990,2303,2027,276
27131,1991,2034,1923,111
27131,1992,2054,1887,167
27131,1993,2206,2028,178
27131,1994,2371,2168,203
27131,1995,2251,1860,391
27131,1996,2447,2018,429
27131,1997,2251,2136,115
27131,1998,2504,2186,318
27131,1999,2391,2201,190
27131,2000,2646,2148,498
27131,2001,2593,2315,278
27131,2002,2851,2414,437
27131,2003,2810,2522,288
27131,2004,2988,2757,231
27131,2005,3006,2621,385
27131,2006,2650,2661,-11
27131,2007,2839,2578,261
27131,2008,2538,2668,-130
27131,2009,2509,2445,64
27131,2010,2255,2442,-187
27133,1990,430,470,-40
27133,1991,438,369,69
27133,1992,380,397,-17
27133,1993,422,409,13
27133,1994,405,455,-50
27133,1995,437,373,64
27133,1996,377,400,-23
27133,1997,318,435,-117
27133,1998,423,490,-67
27133,1999,388,484,-96
27133,2000,438,442,-4
27133,2001,415,417,-2
27133,2002,362,405,-43
27133,2003,350,467,-117
27133,2004,324,355,-31
27133,2005,303,339,-36
27133,2006,416,390,26
27133,2007,338,395,-57
27133,2008,377,388,-11
27133,2009,320,384,-64
27133,2010,372,389,-17
27135,1990,748,562,186
27135,1991,620,560,60
27135,1992,446,598,-152
27135,1993,556,608,-52
27135,1994,907,560,347
27135,1995,674,584,90
27135,1996,655,676,-21
27135,1997,504,770,-266
27135,1998,632,749,-117
27135,1999,501,707,-206
27135,2000,517,642,-125
27135,2001,552,630,-78
27135,2002,615,548,67
27135,2003,525,584,-59
27135,2004,609,548,61
27135,2005,464,700,-236
27135,2006,522,640,-118
27135,2007,534,589,-55
27135,2008,457,558,-101
27135,2009,320,607,-287
27135,2010,451,538,-87
27137,1990,5721,5736,-15
27137,1991,5616,5217,399
27137,1992,5495,5892,-397
27137,1993,5361,5843,-482
27137,1994,5505,6132,-627
27137,1995,5684,5718,-34
27137,1996,6237,5851,386
27137,1997,5354,6294,-940
27137,1998,6298,6099,199
27137,1999,5983,6182,-199
27137,2000,5794,6219,-425
27137,2001,5766,6320,-554
27137,2002,5497,6317,-820
27137,2003,5369,6182,-813
27137,2004,5439,6292,-853
27137,2005,5826,6459,-633
27137,2006,5959,5888,71
27137,2007,6300,6177,123
27137,2008,5914,5830,84
27137,2009,5331,5827,-496
27137,2010,5617,5669,-52
27139,1990,4292,3310,982
27139,1991,4421,3374,1047
27139,1992,5330,3778,1552
27139,1993,5405,3829,1576
27139,1994,5310,3963,1347
27139,1995,5183,3736,1447
27139,1996,6136,4017,2119
27139,1997,5656,4270,1386
27139,1998,7154,4468,2686
27139,1999,8488,4586,3902
27139,2000,8876,4563,4313
27139,2001,9349,5273,4076
27139,2002,8565,5757,2808
27139,2003,9515,6113,3402
27139,2004,9515,6598,2917
27139,2005,9214,7166,2048
27139,2006,8064,6530,1534
27139,2007,7620,6613,1007
27139,2008,7481,6658,823
27139,2009,7586,7019,567
27139,2010,7144,6446,698
27141,1990,3126,2308,818
27141,1991,3568,2466,1102
27141,1992,3790,2593,1197
27141,1993,3786,2711,1075
27141,1994,4061,2654,1407
27141,1995,4313,2780,1533
27141,1996,4507,2927,1580
27141,1997,4413,2999,1414
27141,1998,5342,3430,1912
27141,1999,5671,3466,2205
27141,2000,5187,3606,1581
27141,2001,6410,3937,2473
27141,2002,5753,4080,1673
27141,2003,6191,4286,1905
27141,2004,7118,5054,2064
27141,2005,6914,4904,2010
27141,2006,5613,4771,842
27141,2007,5457,4863,594
27141,2008,5037,5175,-138
27141,2009,5189,4919,270
27141,2010,4733,4881,-148
27143,1990,523,561,-38
27143,1991,550,536,14
27143,1992,607,620,-13
27143,1993,660,585,75
27143,1994,748,631,117
27143,1995,625,657,-32
27143,1996,584,622,-38
27143,1997,569,623,-54
27143,1998,670,624,46
27143,1999,588,649,-61
27143,2000,669,668,1
27143,2001,603,675,-72
27143,2002,565,628,-63
27143,2003,566,638,-72
27143,2004,620,743,-123
27143,2005,700,736,-36
27143,2006,694,641,53
27143,2007,680,670,10
27143,2008,529,750,-221
27143,2009,688,641,47
27143,2010,552,610,-58
27145,1990,5759,5577,182
27145,1991,5689,5468,221
27145,1992,6090,5811,279
27145,1993,5844,5773,71
27145,1994,6320,5719,601
27145,1995,5637,5526,111
27145,1996,5929,5873,56
27145,1997,5697,5958,-261
27145,1998,6547,6240,307
27145,1999,6659,6794,-135
27145,2000,6398,6233,165
27145,2001,6504,6417,87
27145,2002,6127,6303,-176
27145,2003,6364,6445,-81
27145,2004,6769,6468,301
27145,2005,6968,6540,428
27145,2006,6588,6405,183
27145,2007,6320,6733,-413
27145,2008,6339,6719,-380
27145,2009,5770,6570,-800
27145,2010,5888,6531,-643
27147,1990,1340,1427,-87
27147,1991,1406,1273,133
27147,1992,1274,1438,-164
27147,1993,1414,1439,-25
27147,1994,1306,1404,-98
27147,1995,1512,1528,-16
27147,1996,1616,1661,-45
27147,1997,1686,1578,108
27147,1998,1747,1598,149
27147,1999,1666,1517,149
27147,2000,1684,1555,129
27147,2001,1708,1778,-70
27147,2002,1707,1599,108
27147,2003,1780,1682,98
27147,2004,1820,1623,197
27147,2005,1886,1729,157
27147,2006,1634,1627,7
27147,2007,1633,1631,2
27147,2008,1601,1738,-137
27147,2009,1367,1711,-344
27147,2010,1390,1513,-123
27149,1990,441,492,-51
27149,1991,364,459,-95
27149,1992,412,467,-55
27149,1993,377,414,-37
27149,1994,394,410,-16
27149,1995,323,450,-127
27149,1996,370,417,-47
27149,1997,436,442,-6
27149,1998,380,426,-46
27149,1999,350,515,-165
27149,2000,347,451,-104
27149,2001,375,496,-121
27149,2002,380,412,-32
27149,2003,329,358,-29
27149,2004,367,444,-77
27149,2005,349,363,-14
27149,2006,346,433,-87
27149,2007,359,429,-70
27149,2008,403,451,-48
27149,2009,331,418,-87
27149,2010,350,426,-76
27151,1990,413,525,-112
27151,1991,407,492,-85
27151,1992,415,410,5
27151,1993,405,435,-30
27151,1994,437,462,-25
27151,1995,407,399,8
27151,1996,418,488,-70
27151,1997,441,449,-8
27151,1998,421,543,-122
27151,1999,395,506,-111
27151,2000,432,638,-206
27151,2001,423,419,4
27151,2002,406,489,-83
27151,2003,411,546,-135
27151,2004,348,489,-141
27151,2005,347,470,-123
27151,2006,362,402,-40
27151,2007,459,474,-15
27151,2008,338,412,-74
27151,2009,442,446,-4
27151,2010,368,445,-77
27153,1990,970,995,-25
27153,1991,990,941,49
27153,1992,965,1026,-61
27153,1993,1009,955,54
27153,1994,1057,986,71
27153,1995,968,846,122
27153,1996,1061,1057,4
27153,1997,1036,1107,-71
27153,1998,1141,1020,121
27153,1999,1041,1086,-45
27153,2000,1104,1081,23
27153,2001,1033,1094,-61
27153,2002,924,959,-35
27153,2003,961,868,93
27153,2004,915,1008,-93
27153,2005,905,1043,-138
27153,2006,991,924,67
27153,2007,920,980,-60
27153,2008,912,1124,-212
27153,2009,895,917,-22
27153,2010,936,964,-28
27155,1990,0,0,0
27155,1991,172,0,172
27155,1992,134,180,-46
27155,1993,162,171,-9
27155,1994,209,219,-10
27155,1995,167,156,11
27155,1996,158,173,-15
27155,1997,187,190,-3
27155,1998,139,201,-62
27155,1999,136,178,-42
27155,2000,112,229,-117
27155,2001,136,151,-15
27155,2002,148,157,-9
27155,2003,142,121,21
27155,2004,133,165,-32
27155,2005,139,152,-13
27155,2006,118,166,-48
27155,2007,145,191,-46
27155,2008,117,165,-48
27155,2009,111,140,-29
27155,2010,132,134,-2
27157,1990,971,897,74
27157,1991,834,831,3
27157,1992,1033,886,147
27157,1993,975,901,74
27157,1994,850,828,22
27157,1995,913,799,114
27157,1996,845,878,-33
27157,1997,979,820,159
27157,1998,1053,853,200
27157,1999,1008,911,97
27157,2000,988,909,79
27157,2001,943,928,15
27157,2002,896,797,99
27157,2003,969,1004,-35
27157,2004,899,992,-93
27157,2005,1008,991,17
27157,2006,765,882,-117
27157,2007,878,862,16
27157,2008,878,900,-22
27157,2009,661,768,-107
27157,2010,790,905,-115
27159,1990,582,723,-141
27159,1991,589,691,-102
27159,1992,670,665,5
27159,1993,791,619,172
27159,1994,682,756,-74
27159,1995,542,551,-9
27159,1996,531,657,-126
27159,1997,622,527,95
27159,1998,689,599,90
27159,1999,658,626,32
27159,2000,545,580,-35
27159,2001,561,548,13
27159,2002,556,641,-85
27159,2003,530,551,-21
27159,2004,718,708,10
27159,2005,682,786,-104
27159,2006,673,667,6
27159,2007,668,695,-27
27159,2008,649,692,-43
27159,2009,571,627,-56
27159,2010,625,731,-106
27161,1990,848,769,79
27161,1991,798,871,-73
27161,1992,789,883,-94
27161,1993,773,827,-54
27161,1994,872,737,135
27161,1995,836,893,-57
27161,1996,857,800,57
27161,1997,818,850,-32
27161,1998,888,940,-52
27161,1999,901,971,-70
27161,2000,899,1000,-101
27161,2001,870,933,-63
27161,2002,847,975,-128
27161,2003,798,1014,-216
27161,2004,835,896,-61
27161,2005,981,991,-10
27161,2006,822,796,26
27161,2007,797,924,-127
27161,2008,852,925,-73
27161,2009,706,813,-107
27161,2010,810,803,7
27163,1990,11101,7929,3172
27163,1991,12168,8452,3716
27163,1992,14004,8899,5105
27163,1993,14379,9423,4956
27163,1994,13198,9292,3906
27163,1995,11981,8988,2993
27163,1996,12313,9917,2396
27163,1997,12240,9827,2413
27163,1998,13729,10484,3245
27163,1999,14066,10878,3188
27163,2000,13868,11456,2412
27163,2001,13911,12630,1281
27163,2002,13634,12498,1136
27163,2003,13248,13029,219
27163,2004,15084,12658,2426
27163,2005,15702,12771,2931
27163,2006,14300,11513,2787
27163,2007,13778,12069,1709
27163,2008,12915,12510,405
27163,2009,13403,12139,1264
27163,2010,12599,12171,428
27165,1990,500,612,-112
27165,1991,509,614,-105
27165,1992,587,612,-25
27165,1993,494,737,-243
27165,1994,569,600,-31
27165,1995,558,574,-16
27165,1996,555,621,-66
27165,1997,473,676,-203
27165,1998,462,538,-76
27165,1999,376,622,-246
27165,2000,489,606,-117
27165,2001,483,574,-91
27165,2002,374,566,-192
27165,2003,378,532,-154
27165,2004,395,529,-134
27165,2005,412,510,-98
27165,2006,385,549,-164
27165,2007,370,514,-144
27165,2008,492,466,26
27165,2009,386,390,-4
27165,2010,414,427,-13
27167,1990,342,421,-79
27167,1991,385,419,-34
27167,1992,397,351,46
27167,1993,363,379,-16
27167,1994,334,387,-53
27167,1995,378,352,26
27167,1996,448,430,18
27167,1997,348,417,-69
27167,1998,348,472,-124
27167,1999,337,376,-39
27167,2000,299,440,-141
27167,2001,387,402,-15
27167,2002,344,320,24
27167,2003,305,423,-118
27167,2004,377,382,-5
27167,2005,308,397,-89
27167,2006,355,388,-33
27167,2007,354,414,-60
27167,2008,317,390,-73
27167,2009,301,307,-6
27167,2010,307,308,-1
27169,1990,1762,1872,-110
27169,1991,1816,1874,-58
27169,1992,1882,1712,170
27169,1993,1775,1924,-149
27169,1994,1966,1838,128
27169,1995,1631,1832,-201
27169,1996,1664,1949,-285
27169,1997,1623,1998,-375
27169,1998,1609,1968,-359
27169,1999,1858,1936,-78
27169,2000,1710,2103,-393
27169,2001,1506,2013,-507
27169,2002,1633,1805,-172
27169,2003,1462,1997,-535
27169,2004,1686,1772,-86
27169,2005,1676,1930,-254
27169,2006,1588,1834,-246
27169,2007,1559,1946,-387
27169,2008,1478,1861,-383
27169,2009,1319,1693,-374
27169,2010,1484,1695,-211
27171,1990,4379,3469,910
27171,1991,4436,3610,826
27171,1992,4961,3788,1173
27171,1993,5066,3934,1132
27171,1994,5135,3700,1435
27171,1995,4632,3285,1347
27171,1996,4630,3557,1073
27171,1997,4630,3701,929
27171,1998,5451,3728,1723
27171,1999,5721,3957,1764
27171,2000,5998,4141,1857
27171,2001,7398,4445,2953
27171,2002,7460,4675,2785
27171,2003,7201,4818,2383
27171,2004,7664,5604,2060
27171,2005,8304,5690,2614
27171,2006,7292,5558,1734
27171,2007,6732,5457,1275
27171,2008,6110,5797,313
27171,2009,6139,5544,595
27171,2010,5590,5485,105
27173,1990,493,507,-14
27173,1991,511,497,14
27173,1992,539,573,-34
27173,1993,441,482,-41
27173,1994,430,496,-66
27173,1995,381,386,-5
27173,1996,389,369,20
27173,1997,347,476,-129
27173,1998,333,413,-80
27173,1999,336,447,-111
27173,2000,358,441,-83
27173,2001,302,409,-107
27173,2002,363,435,-72
27173,2003,309,416,-107
27173,2004,426,502,-76
27173,2005,481,505,-24
27173,2006,413,535,-122
27173,2007,427,500,-73
27173,2008,389,449,-60
27173,2009,386,384,2
27173,2010,361,473,-112
28001,1990,1821,1939,-118
28001,1991,1417,2024,-607
28001,1992,1515,1658,-143
28001,1993,1446,1619,-173
28001,1994,1174,1497,-323
28001,1995,1238,1238,0
28001,1996,1272,1335,-63
28001,1997,1216,1557,-341
28001,1998,1163,1599,-436
28001,1999,1140,1510,-370
28001,2000,1026,1405,-379
28001,2001,1082,1442,-360
28001,2002,1011,1290,-279
28001,2003,1013,1595,-582
28001,2004,1062,1327,-265
28001,2005,1470,1247,223
28001,2006,1005,1360,-355
28001,2007,1192,1374,-182
28001,2008,1168,1384,-216
28001,2009,1094,1229,-135
28001,2010,1050,1176,-126
28003,1990,1620,1330,290
28003,1991,1490,1162,328
28003,1992,1406,1339,67
28003,1993,1313,1408,-95
28003,1994,1587,1505,82
28003,1995,1375,1503,-128
28003,1996,1477,1342,135
28003,1997,1310,1489,-179
28003,1998,1543,1371,172
28003,1999,1370,1284,86
28003,2000,1511,1445,66
28003,2001,1308,1361,-53
28003,2002,1272,1208,64
28003,2003,1411,1230,181
28003,2004,1334,1263,71
28003,2005,1451,1226,225
28003,2006,1361,1279,82
28003,2007,1399,1365,34
28003,2008,1461,1423,38
28003,2009,1415,1256,159
28003,2010,1382,1396,-14
28005,1990,578,512,66
28005,1991,607,620,-13
28005,1992,609,628,-19
28005,1993,591,640,-49
28005,1994,753,598,155
28005,1995,811,791,20
28005,1996,914,763,151
28005,1997,946,775,171
28005,1998,894,848,46
28005,1999,834,824,10
28005,2000,740,837,-97
28005,2001,775,804,-29
28005,2002,805,719,86
28005,2003,725,804,-79
28005,2004,594,520,74
28005,2005,686,607,79
28005,2006,640,658,-18
28005,2007,751,767,-16
28005,2008,626,672,-46
28005,2009,579,585,-6
28005,2010,568,646,-78
28007,1990,753,722,31
28007,1991,700,831,-131
28007,1992,825,780,45
28007,1993,829,822,7
28007,1994,833,768,65
28007,1995,806,743,63
28007,1996,828,834,-6
28007,1997,774,864,-90
28007,1998,830,810,20
28007,1999,820,853,-33
28007,2000,857,839,18
28007,2001,828,855,-27
28007,2002,753,805,-52
28007,2003,766,826,-60
28007,2004,640,678,-38
28007,2005,720,638,82
28007,2006,708,680,28
28007,2007,720,641,79
28007,2008,775,730,45
28007,2009,596,670,-74
28007,2010,628,627,1
28009,1990,359,461,-102
28009,1991,487,449,38
28009,1992,369,450,-81
28009,1993,488,471,17
28009,1994,470,422,48
28009,1995,400,375,25
28009,1996,442,475,-33
28009,1997,513,510,3
28009,1998,506,551,-45
28009,1999,528,561,-33
28009,2000,468,579,-111
28009,2001,451,519,-68
28009,2002,429,510,-81
28009,2003,512,509,3
28009,2004,440,419,21
28009,2005,495,426,69
28009,2006,489,490,-1
28009,2007,527,466,61
28009,2008,434,475,-41
28009,2009,469,523,-54
28009,2010,470,452,18
28011,1990,1441,1895,-454
28011,1991,1598,1726,-128
28011,1992,1439,1774,-335
28011,1993,1527,1837,-310
28011,1994,1423,1716,-293
28011,1995,1341,1900,-559
28011,1996,1332,1802,-470
28011,1997,1221,1709,-488
28011,1998,1233,1729,-496
28011,1999,1294,1895,-601
28011,2000,1428,1794,-366
28011,2001,1291,1873,-582
28011,2002,1224,1663,-439
28011,2003,1217,1724,-507
28011,2004,1185,1700,-515
28011,2005,1264,1467,-203
28011,2006,1234,1505,-271
28011,2007,1238,1580,-342
28011,2008,1241,1529,-288
28011,2009,1199,1443,-244
28011,2010,1191,1509,-318
28013,1990,460,583,-123
28013,1991,521,467,54
28013,1992,521,492,29
28013,1993,545,481,64
28013,1994,388,520,-132
28013,1995,655,652,3
28013,1996,707,604,103
28013,1997,621,744,-123
28013,1998,644,672,-28
28013,1999,616,724,-108
28013,2000,566,685,-119
28013,2001,605,729,-124
28013,2002,493,560,-67
28013,2003,482,570,-88
28013,2004,448,565,-117
28013,2005,521,497,24
28013,2006,445,482,-37
28013,2007,511,582,-71
28013,2008,441,489,-48
28013,2009,464,498,-34
28013,2010,534,471,63
28015,1990,479,404,75
28015,1991,483,474,9
28015,1992,524,417,107
28015,1993,499,454,45
28015,1994,518,500,18
28015,1995,719,639,80
28015,1996,839,742,97
28015,1997,713,751,-38
28015,1998,643,656,-13
28015,1999,768,737,31
28015,2000,774,757,17
28015,2001,673,802,-129
28015,2002,708,785,-77
28015,2003,699,748,-49
28015,2004,525,599,-74
28015,2005,509,524,-15
28015,2006,599,530,69
28015,2007,692,652,40
28015,2008,554,578,-24
28015,2009,466,411,55
28015,2010,461,542,-81
28017,1990,760,913,-153
28017,1991,722,867,-145
28017,1992,858,832,26
28017,1993,793,929,-136
28017,1994,824,805,19
28017,1995,948,1013,-65
28017,1996,852,974,-122
28017,1997,711,1061,-350
28017,1998,803,860,-57
28017,1999,778,1036,-258
28017,2000,841,869,-28
28017,2001,829,1020,-191
28017,2002,710,901,-191
28017,2003,732,825,-93
28017,2004,685,863,-178
28017,2005,737,835,-98
28017,2006,786,868,-82
28017,2007,781,940,-159
28017,2008,724,809,-85
28017,2009,731,785,-54
28017,2010,654,933,-279
28019,1990,329,376,-47
28019,1991,357,376,-19
28019,1992,383,340,43
28019,1993,307,412,-105
28019,1994,391,340,51
28019,1995,393,280,113
28019,1996,303,300,3
28019,1997,367,313,54
28019,1998,295,323,-28
28019,1999,389,377,12
28019,2000,320,415,-95
28019,2001,366,338,28
28019,2002,384,420,-36
28019,2003,346,424,-78
28019,2004,367,383,-16
28019,2005,367,410,-43
28019,2006,297,369,-72
28019,2007,381,396,-15
28019,2008,406,422,-16
28019,2009,414,367,47
28019,2010,339,423,-84
28021,1990,366,388,-22
28021,1991,297,389,-92
28021,1992,349,353,-4
28021,1993,451,359,92
28021,1994,344,376,-32
28021,1995,365,449,-84
28021,1996,399,460,-61
28021,1997,331,406,-75
28021,1998,365,390,-25
28021,1999,367,392,-25
28021,2000,347,402,-55
28021,2001,352,409,-57
28021,2002,321,508,-187
28021,2003,446,447,-1
28021,2004,345,422,-77
28021,2005,339,413,-74
28021,2006,338,481,-143
28021,2007,473,550,-77
28021,2008,557,605,-48
28021,2009,503,685,-182
28021,2010,611,673,-62
28023,1990,619,656,-37
28023,1991,730,762,-32
28023,1992,800,697,103
28023,1993,712,711,1
28023,1994,765,748,17
28023,1995,883,857,26
28023,1996,972,896,76
28023,1997,1069,936,133
28023,1998,1193,1075,118
28023,1999,1164,1218,-54
28023,2000,1009,1208,-199
28023,2001,1065,1125,-60
28023,2002,968,1162,-194
28023,2003,1072,1096,-24
28023,2004,691,748,-57
28023,2005,1097,1015,82
28023,2006,824,977,-153
28023,2007,1143,1144,-1
28023,2008,753,760,-7
28023,2009,941,914,27
28023,2010,732,655,77
28025,1990,781,747,34
28025,1991,694,778,-84
28025,1992,752,783,-31
28025,1993,749,830,-81
28025,1994,817,794,23
28025,1995,709,808,-99
28025,1996,823,971,-148
28025,1997,757,815,-58
28025,1998,775,840,-65
28025,1999,693,795,-102
28025,2000,678,860,-182
28025,2001,845,921,-76
28025,2002,701,1010,-309
28025,2003,789,802,-13
28025,2004,621,946,-325
28025,2005,774,823,-49
28025,2006,725,877,-152
28025,2007,787,918,-131
28025,2008,787,843,-56
28025,2009,610,739,-129
28025,2010,640,727,-87
28027,1990,1140,1426,-286
28027,1991,1198,1198,0
28027,1992,1235,1309,-74
28027,1993,988,1277,-289
28027,1994,1080,1270,-190
28027,1995,1227,1285,-58
28027,1996,1060,1343,-283
28027,1997,1026,1386,-360
28027,1998,983,1342,-359
28027,1999,921,1375,-454
28027,2000,1005,1457,-452
28027,2001,851,1342,-491
28027,2002,766,1321,-555
28027,2003,822,1220,-398
28027,2004,778,1168,-390
28027,2005,882,1210,-328
28027,2006,865,1330,-465
28027,2007,928,1343,-415
28027,2008,921,1162,-241
28027,2009,870,1003,-133
28027,2010,814,1034,-220
28029,1990,932,1095,-163
28029,1991,1081,1004,77
28029,1992,1153,1126,27
28029,1993,1149,1038,111
28029,1994,1208,1104,104
28029,1995,1296,1200,96
28029,1996,1283,1125,158
28029,1997,1217,1322,-105
28029,1998,1163,1192,-29
28029,1999,1210,1311,-101
28029,2000,1205,1274,-69
28029,2001,1056,1257,-201
28029,2002,1104,1035,69
28029,2003,1110,1171,-61
28029,2004,1030,1164,-134
28029,2005,1141,1120,21
28029,2006,1080,1101,-21
28029,2007,1220,1265,-45
28029,2008,1012,1193,-181
28029,2009,991,1107,-116
28029,2010,977,1090,-113
28031,1990,679,846,-167
28031,1991,726,822,-96
28031,1992,958,827,131
28031,1993,870,777,93
28031,1994,953,842,111
28031,1995,880,798,82
28031,1996,858,827,31
28031,1997,889,813,76
28031,1998,931,872,59
28031,1999,914,849,65
28031,2000,842,884,-42
28031,2001,909,801,108
28031,2002,983,729,254
28031,2003,912,958,-46
28031,2004,857,956,-99
28031,2005,898,782,116
28031,2006,1015,983,32
28031,2007,1182,1057,125
28031,2008,863,830,33
28031,2009,969,822,147
28031,2010,862,921,-59
28033,1990,5632,3873,1759
28033,1991,5454,3937,1517
28033,1992,6002,3970,2032
28033,1993,6560,4244,2316
28033,1994,7040,4497,2543
28033,1995,7671,4670,3001
28033,1996,8274,5056,3218
28033,1997,8554,5148,3406
28033,1998,9214,5520,3694
28033,1999,10278,6367,3911
28033,2000,9938,6568,3370
28033,2001,10256,6482,3774
28033,2002,10971,6627,4344
28033,2003,11641,6968,4673
28033,2004,11836,7470,4366
28033,2005,13457,7671,5786
28033,2006,12387,8549,3838
28033,2007,12738,8465,4273
28033,2008,11147,9200,1947
28033,2009,10308,9339,969
28033,2010,10360,8698,1662
28035,1990,4166,4123,43
28035,1991,4474,4113,361
28035,1992,4834,4293,541
28035,1993,4410,4163,247
28035,1994,5006,4366,640
28035,1995,5126,4776,350
28035,1996,5123,4974,149
28035,1997,5310,5088,222
28035,1998,5317,5436,-119
28035,1999,5348,5294,54
28035,2000,5320,5552,-232
28035,2001,5056,5284,-228
28035,2002,5123,4933,190
28035,2003,5057,5359,-302
28035,2004,4521,4548,-27
28035,2005,5357,4831,526
28035,2006,4666,4735,-69
28035,2007,5027,5117,-90
28035,2008,5067,4898,169
28035,2009,4845,5073,-228
28035,2010,5023,4939,84
28037,1990,354,440,-86
28037,1991,284,330,-46
28037,1992,413,311,102
28037,1993,409,312,97
28037,1994,392,446,-54
28037,1995,338,269,69
28037,1996,332,287,45
28037,1997,343,328,15
28037,1998,233,306,-73
28037,1999,276,254,22
28037,2000,291,331,-40
28037,2001,239,300,-61
28037,2002,323,294,29
28037,2003,317,284,33
28037,2004,292,339,-47
28037,2005,438,431,7
28037,2006,400,395,5
28037,2007,471,446,25
28037,2008,366,335,31
28037,2009,391,331,60
28037,2010,299,383,-84
28039,1990,882,772,110
28039,1991,833,818,15
28039,1992,856,798,58
28039,1993,999,860,139
28039,1994,1019,962,57
28039,1995,963,809,154
28039,1996,970,737,233
28039,1997,1111,727,384
28039,1998,1125,768,357
28039,1999,988,901,87
28039,2000,1066,899,167
28039,2001,1125,977,148
28039,2002,1101,838,263
28039,2003,998,954,44
28039,2004,966,691,275
28039,2005,1050,751,299
28039,2006,928,740,188
28039,2007,1048,774,274
28039,2008,929,904,25
28039,2009,966,765,201
28039,2010,915,794,121
28041,1990,375,356,19
28041,1991,480,385,95
28041,1992,540,408,132
28041,1993,566,490,76
28041,1994,706,396,310
28041,1995,519,425,94
28041,1996,541,470,71
28041,1997,450,578,-128
28041,1998,377,483,-106
28041,1999,440,445,-5
28041,2000,414,436,-22
28041,2001,328,443,-115
28041,2002,358,389,-31
28041,2003,353,493,-140
28041,2004,404,397,7
28041,2005,422,446,-24
28041,2006,457,364,93
28041,2007,498,406,92
28041,2008,466,464,2
28041,2009,465,481,-16
28041,2010,382,460,-78
28043,1990,1056,1036,20
28043,1991,963,1013,-50
28043,1992,1085,1041,44
28043,1993,983,972,11
28043,1994,1084,1053,31
28043,1995,1169,1084,85
28043,1996,1223,1156,67
28043,1997,1091,1168,-77
28043,1998,1129,1144,-15
28043,1999,958,1194,-236
28043,2000,981,1167,-186
28043,2001,960,1002,-42
28043,2002,1004,1148,-144
28043,2003,1011,1077,-66
28043,2004,1073,1031,42
28043,2005,1146,999,147
28043,2006,1024,1028,-4
28043,2007,1021,1154,-133
28043,2008,988,1075,-87
28043,2009,935,907,28
28043,2010,885,1024,-139
28045,1990,1878,1660,218
28045,1991,1856,1426,430
28045,1992,1842,1279,563
28045,1993,1944,1388,556
28045,1994,1774,1527,247
28045,1995,2646,1924,722
28045,1996,2842,2120,722
28045,1997,2843,2143,700
28045,1998,3133,2179,954
28045,1999,3269,2279,990
28045,2000,2889,2374,515
28045,2001,2929,2371,558
28045,2002,2744,2344,400
28045,2003,2883,2337,546
28045,2004,2912,2308,604
28045,2005,2506,6214,-3708
28045,2006,2776,2237,539
28045,2007,2424,2034,390
28045,2008,2361,2074,287
28045,2009,2192,1958,234
28045,2010,2530,2043,487
28047,1990,11690,12214,-524
28047,1991,12625,11260,1365
28047,1992,14572,12415,2157
28047,1993,15267,12503,2764
28047,1994,13900,14799,-899
28047,1995,12455,13074,-619
28047,1996,12766,13282,-516
28047,1997,13165,13284,-119
28047,1998,13747,13568,179
28047,1999,13017,13735,-718
28047,2000,12641,13744,-1103
28047,2001,13366,13428,-62
28047,2002,12456,13646,-1190
28047,2003,13387,12584,803
28047,2004,12839,13003,-164
28047,2005,9821,25893,-16072
28047,2006,13301,11547,1754
28047,2007,12680,11377,1303
28047,2008,12019,11764,255
28047,2009,12520,12089,431
28047,2010,13275,12307,968
28049,1990,10583,12338,-1755
28049,1991,10700,12499,-1799
28049,1992,10800,13469,-2669
28049,1993,10805,13076,-2271
28049,1994,10478,13318,-2840
28049,1995,10279,11932,-1653
28049,1996,9942,12888,-2946
28049,1997,10345,12125,-1780
28049,1998,9527,12170,-2643
28049,1999,9618,11796,-2178
28049,2000,9336,11421,-2085
28049,2001,9414,11284,-1870
28049,2002,9601,10966,-1365
28049,2003,10489,11088,-599
28049,2004,9953,12098,-2145
28049,2005,11394,12013,-619
28049,2006,9320,12839,-3519
28049,2007,9677,12442,-2765
28049,2008,9788,11259,-1471
28049,2009,9449,10555,-1106
28049,2010,10165,11364,-1199
28051,1990,686,873,-187
28051,1991,769,1035,-266
28051,1992,727,1114,-387
28051,1993,979,1018,-39
28051,1994,999,790,209
28051,1995,743,796,-53
28051,1996,733,798,-65
28051,1997,720,785,-65
28051,1998,728,818,-90
28051,1999,689,819,-130
28051,2000,694,934,-240
28051,2001,699,847,-148
28051,2002,625,863,-238
28051,2003,655,782,-127
28051,2004,666,904,-238
28051,2005,687,853,-166
28051,2006,655,997,-342
28051,2007,703,857,-154
28051,2008,608,877,-269
28051,2009,571,842,-271
28051,2010,617,942,-325
28053,1990,382,607,-225
28053,1991,501,596,-95
28053,1992,499,608,-109
28053,1993,400,621,-221
28053,1994,379,633,-254
28053,1995,527,510,17
28053,1996,457,580,-123
28053,1997,426,488,-62
28053,1998,372,534,-162
28053,1999,318,602,-284
28053,2000,407,606,-199
28053,2001,334,613,-279
28053,2002,312,485,-173
28053,2003,354,473,-119
28053,2004,297,491,-194
28053,2005,312,403,-91
28053,2006,326,500,-174
28053,2007,386,394,-8
28053,2008,313,461,-148
28053,2009,311,420,-109
28053,2010,330,438,-108
28055,1990,108,126,-18
28055,1991,133,162,-29
28055,1992,118,189,-71
28055,1993,96,166,-70
28055,1994,109,141,-32
28055,1995,93,98,-5
28055,1996,103,95,8
28055,1997,94,134,-40
28055,1998,87,99,-12
28055,1999,116,129,-13
28055,2000,102,101,1
28055,2001,65,131,-66
28055,2002,42,122,-80
28055,2003,50,92,-42
28055,2004,29,59,-30
28055,2005,46,114,-68
28055,2006,47,68,-21
28055,2007,105,87,18
28055,2008,57,97,-40
28055,2009,52,74,-22
28055,2010,59,65,-6
28057,1990,745,845,-100
28057,1991,807,785,22
28057,1992,905,752,153
28057,1993,1034,718,316
28057,1994,867,849,18
28057,1995,1525,1252,273
28057,1996,1379,1403,-24
28057,1997,1492,1413,79
28057,1998,1260,1251,9
28057,1999,1568,1225,343
28057,2000,1281,1168,113
28057,2001,1249,1188,61
28057,2002,1288,1215,73
28057,2003,1423,1417,6
28057,2004,1300,1153,147
28057,2005,1253,1255,-2
28057,2006,1167,1200,-33
28057,2007,1171,1078,93
28057,2008,1110,1183,-73
28057,2009,1147,1064,83
28057,2010,1008,1097,-89
28059,1990,6724,6243,481
28059,1991,7588,5456,2132
28059,1992,7501,6437,1064
28059,1993,7679,6636,1043
28059,1994,7831,6970,861
28059,1995,6869,6728,141
28059,1996,7299,7401,-102
28059,1997,7315,6695,620
28059,1998,7895,6746,1149
28059,1999,7513,6738,775
28059,2000,7149,7157,-8
28059,2001,7326,7655,-329
28059,2002,7155,7202,-47
28059,2003,7928,7037,891
28059,2004,7937,7495,442
28059,2005,7952,11815,-3863
28059,2006,8737,6862,1875
28059,2007,7789,7383,406
28059,2008,7623,7193,430
28059,2009,7399,7865,-466
28059,2010,7216,7312,-96
28061,1990,670,823,-153
28061,1991,936,808,128
28061,1992,752,857,-105
28061,1993,842,769,73
28061,1994,881,757,124
28061,1995,591,692,-101
28061,1996,850,781,69
28061,1997,754,747,7
28061,1998,1106,800,306
28061,1999,667,807,-140
28061,2000,756,685,71
28061,2001,676,771,-95
28061,2002,723,826,-103
28061,2003,706,842,-136
28061,2004,690,877,-187
28061,2005,933,831,102
28061,2006,871,866,5
28061,2007,957,926,31
28061,2008,846,922,-76
28061,2009,720,963,-243
28061,2010,769,813,-44
28063,1990,230,412,-182
28063,1991,366,362,4
28063,1992,307,340,-33
28063,1993,317,341,-24
28063,1994,287,306,-19
28063,1995,193,255,-62
28063,1996,225,235,-10
28063,1997,252,319,-67
28063,1998,250,334,-84
28063,1999,223,282,-59
28063,2000,246,300,-54
28063,2001,205,221,-16
28063,2002,217,334,-117
28063,2003,209,240,-31
28063,2004,225,318,-93
28063,2005,228,322,-94
28063,2006,233,269,-36
28063,2007,263,350,-87
28063,2008,324,330,-6
28063,2009,301,370,-69
28063,2010,315,387,-72
28065,1990,487,649,-162
28065,1991,543,609,-66
28065,1992,527,604,-77
28065,1993,645,554,91
28065,1994,610,574,36
28065,1995,504,568,-64
28065,1996,493,526,-33
28065,1997,568,617,-49
28065,1998,599,629,-30
28065,1999,533,815,-282
28065,2000,476,618,-142
28065,2001,457,580,-123
28065,2002,506,624,-118
28065,2003,435,641,-206
28065,2004,525,566,-41
28065,2005,540,522,18
28065,2006,437,580,-143
28065,2007,568,657,-89
28065,2008,496,576,-80
28065,2009,565,657,-92
28065,2010,461,612,-151
28067,1990,2278,2430,-152
28067,1991,2404,2429,-25
28067,1992,2543,2302,241
28067,1993,2422,2301,121
28067,1994,2351,2331,20
28067,1995,2228,1999,229
28067,1996,2255,2213,42
28067,1997,2349,2385,-36
28067,1998,2099,2741,-642
28067,1999,2129,2349,-220
28067,2000,1959,2383,-424
28067,2001,2159,2303,-144
28067,2002,2015,2243,-228
28067,2003,2269,2167,102
28067,2004,2313,2158,155
28067,2005,2460,2384,76
28067,2006,2400,2315,85
28067,2007,2424,2499,-75
28067,2008,2584,2660,-76
28067,2009,2610,2479,131
28067,2010,2425,2657,-232
28069,1990,377,385,-8
28069,1991,379,479,-100
28069,1992,444,426,18
28069,1993,432,468,-36
28069,1994,420,372,48
28069,1995,539,585,-46
28069,1996,516,572,-56
28069,1997,558,461,97
28069,1998,454,560,-106
28069,1999,398,516,-118
28069,2000,503,528,-25
28069,2001,430,494,-64
28069,2002,489,539,-50
28069,2003,407,541,-134
28069,2004,290,405,-115
28069,2005,317,383,-66
28069,2006,336,345,-9
28069,2007,279,404,-125
28069,2008,362,364,-2
28069,2009,292,371,-79
28069,2010,275,406,-131
28071,1990,1682,1563,119
28071,1991,1708,1674,34
28071,1992,1757,1515,242
28071,1993,1783,1681,102
28071,1994,1891,1603,288
28071,1995,2233,1997,236
28071,1996,2410,2165,245
28071,1997,2170,2144,26
28071,1998,2154,2214,-60
28071,1999,2082,2195,-113
28071,2000,2261,2230,31
28071,2001,2258,2176,82
28071,2002,2351,2069,282
28071,2003,2396,2136,260
28071,2004,2361,2086,275
28071,2005,2489,2178,311
28071,2006,2200,2192,8
28071,2007,2454,2319,135
28071,2008,2329,2321,8
28071,2009,2181,2157,24
28071,2010,2463,2103,360
28073,1990,2176,2153,23
28073,1991,2156,2179,-23
28073,1992,2181,2175,6
28073,1993,2278,1827,451
28073,1994,2532,1922,610
28073,1995,1672,1179,493
28073,1996,1780,1285,495
28073,1997,1915,1423,492
28073,1998,2056,1583,473
28073,1999,1932,1504,428
28073,2000,1799,1517,282
28073,2001,2367,1929,438
28073,2002,2344,2032,312
28073,2003,2645,1970,675
28073,2004,3827,3012,815
28073,2005,4276,3357,919
28073,2006,4042,3151,891
28073,2007,4348,3735,613
28073,2008,4286,3847,439
28073,2009,4384,3614,770
28073,2010,4408,3798,610
28075,1990,3564,3821,-257
28075,1991,3796,3641,155
28075,1992,3875,4036,-161
28075,1993,3601,3991,-390
28075,1994,4238,3846,392
28075,1995,3611,4036,-425
28075,1996,3557,3943,-386
28075,1997,3167,3955,-788
28075,1998,3378,3808,-430
28075,1999,3330,3866,-536
28075,2000,3013,3718,-705
28075,2001,3391,3565,-174
28075,2002,3314,3616,-302
28075,2003,3173,3686,-513
28075,2004,2828,3507,-679
28075,2005,3246,3789,-543
28075,2006,3177,3268,-91
28075,2007,3330,3322,8
28075,2008,3010,2979,31
28075,2009,2965,3165,-200
28075,2010,2889,2919,-30
28077,1990,518,568,-50
28077,1991,532,660,-128
28077,1992,688,630,58
28077,1993,581,632,-51
28077,1994,630,658,-28
28077,1995,700,617,83
28077,1996,747,754,-7
28077,1997,681,652,29
28077,1998,710,700,10
28077,1999,792,669,123
28077,2000,719,656,63
28077,2001,674,653,21
28077,2002,641,597,44
28077,2003,621,655,-34
28077,2004,585,623,-38
28077,2005,709,660,49
28077,2006,618,639,-21
28077,2007,596,618,-22
28077,2008,598,536,62
28077,2009,475,540,-65
28077,2010,483,616,-133
28079,1990,867,926,-59
28079,1991,795,831,-36
28079,1992,992,823,169
28079,1993,901,822,79
28079,1994,942,837,105
28079,1995,903,847,56
28079,1996,839,896,-57
28079,1997,865,858,7
28079,1998,893,834,59
28079,1999,890,954,-64
28079,2000,950,895,55
28079,2001,887,861,26
28079,2002,820,844,-24
28079,2003,1009,858,151
28079,2004,806,886,-80
28079,2005,889,884,5
28079,2006,828,862,-34
28079,2007,868,1057,-189
28079,2008,868,754,114
28079,2009,765,849,-84
28079,2010,746,972,-226
28081,1990,3768,3050,718
28081,1991,3687,3260,427
28081,1992,4115,3283,832
28081,1993,3850,3507,343
28081,1994,4375,3442,933
28081,1995,4068,3812,256
28081,1996,4128,4004,124
28081,1997,4312,3960,352
28081,1998,3906,3868,38
28081,1999,4260,4002,258
28081,2000,3954,3746,208
28081,2001,3678,3878,-200
28081,2002,3646,3510,136
28081,2003,3787,3898,-111
28081,2004,3630,3650,-20
28081,2005,4073,3569,504
28081,2006,4082,3766,316
28081,2007,4097,3621,476
28081,2008,3967,3788,179
28081,2009,3629,3681,-52
28081,2010,4145,3446,699
28083,1990,1455,1525,-70
28083,1991,1277,1626,-349
28083,1992,1359,1539,-180
28083,1993,1374,1612,-238
28083,1994,1334,1621,-287
28083,1995,1171,1615,-444
28083,1996,1321,1643,-322
28083,1997,1247,1682,-435
28083,1998,1162,1688,-526
28083,1999,1117,1699,-582
28083,2000,1198,1705,-507
28083,2001,1099,1661,-562
28083,2002,1029,1428,-399
28083,2003,1189,1505,-316
28083,2004,1136,1471,-335
28083,2005,1104,1438,-334
28083,2006,1035,1411,-376
28083,2007,1171,1397,-226
28083,2008,990,1467,-477
28083,2009,1066,1306,-240
28083,2010,1002,1462,-460
28085,1990,1228,1183,45
28085,1991,1343,1163,180
28085,1992,1303,1302,1
28085,1993,1310,1273,37
28085,1994,1344,1290,54
28085,1995,1250,1221,29
28085,1996,1270,1218,52
28085,1997,1399,1315,84
28085,1998,1439,1335,104
28085,1999,1359,1318,41
28085,2000,1371,1264,107
28085,2001,1359,1244,115
28085,2002,1229,1297,-68
28085,2003,1314,1266,48
28085,2004,1279,1190,89
28085,2005,1588,1261,327
28085,2006,1417,1412,5
28085,2007,1526,1477,49
28085,2008,1281,1248,33
28085,2009,1187,1251,-64
28085,2010,1216,1212,4
28087,1990,3601,3786,-185
28087,1991,3304,3527,-223
28087,1992,3167,3442,-275
28087,1993,3458,3277,181
28087,1994,3209,3468,-259
28087,1995,3253,3432,-179
28087,1996,3244,3522,-278
28087,1997,3114,3659,-545
28087,1998,3162,3996,-834
28087,1999,3111,3717,-606
28087,2000,2988,3644,-656
28087,2001,2941,3513,-572
28087,2002,2910,3444,-534
28087,2003,2888,3367,-479
28087,2004,2902,3599,-697
28087,2005,3141,3443,-302
28087,2006,3198,3431,-233
28087,2007,2929,3538,-609
28087,2008,3140,3041,99
28087,2009,2847,3034,-187
28087,2010,2842,3142,-300
28089,1990,4665,3988,677
28089,1991,5390,3951,1439
28089,1992,6483,4350,2133
28089,1993,6249,5225,1024
28089,1994,6109,4668,1441
28089,1995,5426,4386,1040
28089,1996,5792,4400,1392
28089,1997,5971,4917,1054
28089,1998,5852,5105,747
28089,1999,5933,5201,732
28089,2000,5696,5134,562
28089,2001,5820,5198,622
28089,2002,6182,5126,1056
28089,2003,6522,5182,1340
28089,2004,6944,5314,1630
28089,2005,7384,5557,1827
28089,2006,7003,5774,1229
28089,2007,7218,5681,1537
28089,2008,6624,5667,957
28089,2009,6220,5362,858
28089,2010,6478,5529,949
28091,1990,789,1022,-233
28091,1991,887,919,-32
28091,1992,931,905,26
28091,1993,899,879,20
28091,1994,1056,808,248
28091,1995,876,971,-95
28091,1996,996,854,142
28091,1997,924,962,-38
28091,1998,1019,977,42
28091,1999,983,1092,-109
28091,2000,784,1051,-267
28091,2001,914,1084,-170
28091,2002,992,1095,-103
28091,2003,939,965,-26
28091,2004,870,906,-36
28091,2005,1209,991,218
28091,2006,1010,956,54
28091,2007,1010,1066,-56
28091,2008,1047,1069,-22
28091,2009,960,956,4
28091,2010,851,1028,-177
28093,1990,1737,1484,253
28093,1991,1456,1533,-77
28093,1992,1492,1597,-105
28093,1993,1724,1636,88
28093,1994,1780,1653,127
28093,1995,1429,1445,-16
28093,1996,1493,1560,-67
28093,1997,1661,1799,-138
28093,1998,1567,1602,-35
28093,1999,1304,1224,80
28093,2000,1318,1365,-47
28093,2001,1299,1310,-11
28093,2002,1255,1192,63
28093,2003,1194,1344,-150
28093,2004,1866,1819,47
28093,2005,1938,1910,28
28093,2006,2045,1746,299
28093,2007,2155,1988,167
28093,2008,1910,1958,-48
28093,2009,1866,2026,-160
28093,2010,1707,2033,-326
28095,1990,1264,1314,-50
28095,1991,1175,1350,-175
28095,1992,1412,1387,25
28095,1993,1401,1349,52
28095,1994,1515,1343,172
28095,1995,1649,1592,57
28095,1996,1803,1567,236
28095,1997,1612,1621,-9
28095,1998,1585,1532,53
28095,1999,1596,1644,-48
28095,2000,1782,1767,15
28095,2001,1424,1701,-277
28095,2002,1251,1277,-26
28095,2003,1221,1283,-62
28095,2004,1203,1470,-267
28095,2005,1318,1389,-71
28095,2006,1365,1411,-46
28095,2007,1435,1340,95
28095,2008,1421,1456,-35
28095,2009,1172,1416,-244
28095,2010,1180,1278,-98
28097,1990,425,546,-121
28097,1991,439,507,-68
28097,1992,584,507,77
28097,1993,555,602,-47
28097,1994,649,559,90
28097,1995,516,576,-60
28097,1996,531,536,-5
28097,1997,507,582,-75
28097,1998,474,535,-61
28097,1999,466,606,-140
28097,2000,479,532,-53
28097,2001,398,537,-139
28097,2002,417,443,-26
28097,2003,388,498,-110
28097,2004,518,506,12
28097,2005,563,553,10
28097,2006,438,540,-102
28097,2007,426,639,-213
28097,2008,472,555,-83
28097,2009,460,429,31
28097,2010,459,545,-86
28099,1990,1014,926,88
28099,1991,1072,866,206
28099,1992,1054,914,140
28099,1993,1047,901,146
28099,1994,1281,902,379
28099,1995,1089,927,162
28099,1996,1137,1081,56
28099,1997,1184,953,231
28099,1998,1085,1016,69
28099,1999,1053,1106,-53
28099,2000,942,1140,-198
28099,2001,1097,962,135
28099,2002,1195,1004,191
28099,2003,1182,1016,166
28099,2004,1121,1051,70
28099,2005,1075,1081,-6
28099,2006,949,1070,-121
28099,2007,1096,1117,-21
28099,2008,1111,1142,-31
28099,2009,989,1085,-96
28099,2010,968,1032,-64
28101,1990,1027,877,150
28101,1991,908,894,14
28101,1992,951,768,183
28101,1993,888,815,73
28101,1994,1037,982,55
28101,1995,1021,839,182
28101,1996,988,1004,-16
28101,1997,868,897,-29
28101,1998,955,931,24
28101,1999,927,906,21
28101,2000,890,922,-32
28101,2001,848,958,-110
28101,2002,872,763,109
28101,2003,850,870,-20
28101,2004,920,843,77
28101,2005,984,957,27
28101,2006,942,793,149
28101,2007,887,931,-44
28101,2008,871,914,-43
28101,2009,931,956,-25
28101,2010,841,956,-115
28103,1990,295,447,-152
28103,1991,323,438,-115
28103,1992,350,408,-58
28103,1993,357,411,-54
28103,1994,359,474,-115
28103,1995,372,444,-72
28103,1996,331,403,-72
28103,1997,362,412,-50
28103,1998,394,404,-10
28103,1999,384,480,-96
28103,2000,303,417,-114
28103,2001,339,521,-182
28103,2002,322,451,-129
28103,2003,295,378,-83
28103,2004,320,423,-103
28103,2005,343,500,-157
28103,2006,316,444,-128
28103,2007,345,427,-82
28103,2008,305,435,-130
28103,2009,259,437,-178
28103,2010,317,483,-166
28105,1990,1887,2133,-246
28105,1991,2053,2105,-52
28105,1992,1965,2116,-151
28105,1993,2151,1989,162
28105,1994,2085,2256,-171
28105,1995,1999,1986,13
28105,1996,2004,2151,-147
28105,1997,1954,2245,-291
28105,1998,1944,2128,-184
28105,1999,2172,2217,-45
28105,2000,2049,2448,-399
28105,2001,2095,2474,-379
28105,2002,2189,2407,-218
28105,2003,2096,2456,-360
28105,2004,2236,2363,-127
28105,2005,2479,2421,58
28105,2006,2369,2387,-18
28105,2007,2369,2742,-373
28105,2008,2485,2596,-111
28105,2009,2206,2587,-381
28105,2010,2093,2399,-306
28107,1990,1337,1132,205
28107,1991,1534,1231,303
28107,1992,1258,1278,-20
28107,1993,1320,1095,225
28107,1994,1405,1058,347
28107,1995,1311,1160,151
28107,1996,1412,1364,48
28107,1997,1510,1235,275
28107,1998,1674,1325,349
28107,1999,1694,1465,229
28107,2000,1498,1505,-7
28107,2001,1571,1498,73
28107,2002,1396,1315,81
28107,2003,1405,1335,70
28107,2004,1344,1517,-173
28107,2005,1476,1499,-23
28107,2006,1333,1264,69
28107,2007,1597,1547,50
28107,2008,1376,1578,-202
28107,2009,1394,1468,-74
28107,2010,1363,1562,-199
28109,1990,1836,1715,121
28109,1991,1807,1528,279
28109,1992,1917,1461,456
28109,1993,2199,1367,832
28109,1994,2390,1472,918
28109,1995,2333,1679,654
28109,1996,2514,1634,880
28109,1997,2513,1767,746
28109,1998,2515,1779,736
28109,1999,2406,1983,423
28109,2000,2367,1825,542
28109,2001,2318,1870,448
28109,2002,2127,1847,280
28109,2003,2432,1865,567
28109,2004,2339,1850,489
28109,2005,4559,2399,2160
28109,2006,2962,2534,428
28109,2007,2660,2255,405
28109,2008,2379,2280,99
28109,2009,2106,2253,-147
28109,2010,2075,2228,-153
28111,1990,441,404,37
28111,1991,459,479,-20
28111,1992,491,469,22
28111,1993,482,405,77
28111,1994,546,443,103
28111,1995,545,454,91
28111,1996,548,534,14
28111,1997,541,683,-142
28111,1998,557,512,45
28111,1999,639,506,133
28111,2000,532,551,-19
28111,2001,569,567,2
28111,2002,497,553,-56
28111,2003,465,516,-51
28111,2004,481,597,-116
28111,2005,575,557,18
28111,2006,602,484,118
28111,2007,657,660,-3
28111,2008,531,664,-133
28111,2009,591,567,24
28111,2010,542,581,-39
28113,1990,1389,1528,-139
28113,1991,1612,1489,123
28113,1992,1689,1360,329
28113,1993,1606,1568,38
28113,1994,1679,1505,174
28113,1995,1383,1464,-81
28113,1996,1559,1585,-26
28113,1997,1475,1583,-108
28113,1998,1565,1586,-21
28113,1999,1549,1573,-24
28113,2000,1479,1672,-193
28113,2001,1502,1580,-78
28113,2002,1502,1593,-91
28113,2003,1559,1629,-70
28113,2004,1712,1626,86
28113,2005,2362,1593,769
28113,2006,1680,1962,-282
28113,2007,1828,1868,-40
28113,2008,1838,1809,29
28113,2009,1700,1716,-16
28113,2010,1654,1652,2
28115,1990,1025,884,141
28115,1991,1173,891,282
28115,1992,1057,997,60
28115,1993,1255,952,303
28115,1994,1232,1039,193
28115,1995,1200,1046,154
28115,1996,1210,1038,172
28115,1997,1281,980,301
28115,1998,1268,1086,182
28115,1999,1233,1165,68
28115,2000,1192,1132,60
28115,2001,1226,1223,3
28115,2002,1309,1006,303
28115,2003,1212,1067,145
28115,2004,1409,1233,176
28115,2005,1532,1275,257
28115,2006,1446,1384,62
28115,2007,1520,1464,56
28115,2008,1366,1314,52
28115,2009,1389,1300,89
28115,2010,1369,1509,-140
28117,1990,962,875,87
28117,1991,894,1040,-146
28117,1992,998,957,41
28117,1993,1051,1144,-93
28117,1994,1015,982,33
28117,1995,951,840,111
28117,1996,790,720,70
28117,1997,801,869,-68
28117,1998,807,836,-29
28117,1999,805,785,20
28117,2000,758,813,-55
28117,2001,831,773,58
28117,2002,805,794,11
28117,2003,886,838,48
28117,2004,911,953,-42
28117,2005,945,1036,-91
28117,2006,847,933,-86
28117,2007,994,936,58
28117,2008,1007,912,95
28117,2009,786,1045,-259
28117,2010,974,825,149
28119,1990,476,596,-120
28119,1991,407,705,-298
28119,1992,448,476,-28
28119,1993,449,475,-26
28119,1994,377,558,-181
28119,1995,372,507,-135
28119,1996,388,479,-91
28119,1997,397,389,8
28119,1998,363,445,-82
28119,1999,320,493,-173
28119,2000,389,465,-76
28119,2001,418,499,-81
28119,2002,341,538,-197
28119,2003,384,384,0
28119,2004,305,439,-134
28119,2005,326,459,-133
28119,2006,322,491,-169
28119,2007,344,501,-157
28119,2008,325,437,-112
28119,2009,326,399,-73
28119,2010,383,453,-70
28121,1990,6504,5643,861
28121,1991,6806,5415,1391
28121,1992,7228,6000,1228
28121,1993,7243,5580,1663
28121,1994,7590,5815,1775
28121,1995,7580,5556,2024
28121,1996,7913,5796,2117
28121,1997,7874,6364,1510
28121,1998,8136,6400,1736
28121,1999,8696,6517,2179
28121,2000,8065,6708,1357
28121,2001,8175,6691,1484
28121,2002,8285,6335,1950
28121,2003,8763,6638,2125
28121,2004,8725,6969,1756
28121,2005,9274,6997,2277
28121,2006,8920,7278,1642
28121,2007,8532,7137,1395
28121,2008,8082,7142,940
28121,2009,7502,6749,753
28121,2010,7688,6950,738
28123,1990,1097,1434,-337
28123,1991,1162,1092,70
28123,1992,1195,1141,54
28123,1993,1237,1205,32
28123,1994,1453,1192,261
28123,1995,1246,1256,-10
28123,1996,1192,1453,-261
28123,1997,1141,1395,-254
28123,1998,988,1259,-271
28123,1999,1075,1289,-214
28123,2000,1034,1152,-118
28123,2001,992,1309,-317
28123,2002,950,984,-34
28123,2003,996,1110,-114
28123,2004,1008,1158,-150
28123,2005,1085,1175,-90
28123,2006,1090,1199,-109
28123,2007,1119,1243,-124
28123,2008,1147,1210,-63
28123,2009,1112,1069,43
28123,2010,1183,1191,-8
28125,1990,303,376,-73
28125,1991,292,373,-81
28125,1992,312,352,-40
28125,1993,276,398,-122
28125,1994,287,367,-80
28125,1995,434,545,-111
28125,1996,240,389,-149
28125,1997,244,428,-184
28125,1998,288,300,-12
28125,1999,266,315,-49
28125,2000,224,386,-162
28125,2001,169,358,-189
28125,2002,251,428,-177
28125,2003,249,351,-102
28125,2004,284,423,-139
28125,2005,259,480,-221
28125,2006,239,476,-237
28125,2007,252,359,-107
28125,2008,320,382,-62
28125,2009,143,360,-217
28125,2010,203,170,33
28127,1990,992,1036,-44
28127,1991,1027,1104,-77
28127,1992,1223,1109,114
28127,1993,1105,977,128
28127,1994,1215,999,216
28127,1995,1024,972,52
28127,1996,914,1041,-127
28127,1997,1059,1031,28
28127,1998,1045,1056,-11
28127,1999,1039,956,83
28127,2000,955,1153,-198
28127,2001,1069,1026,43
28127,2002,1011,1113,-102
28127,2003,1033,1083,-50
28127,2004,1217,1034,183
28127,2005,1168,1263,-95
28127,2006,1134,1312,-178
28127,2007,1138,1065,73
28127,2008,1099,1241,-142
28127,2009,1070,1183,-113
28127,2010,1113,1257,-144
28129,1990,571,593,-22
28129,1991,642,657,-15
28129,1992,670,651,19
28129,1993,614,622,-8
28129,1994,544,748,-204
28129,1995,555,538,17
28129,1996,573,509,64
28129,1997,514,493,21
28129,1998,683,604,79
28129,1999,634,621,13
28129,2000,618,701,-83
28129,2001,537,641,-104
28129,2002,533,609,-76
28129,2003,555,565,-10
28129,2004,641,563,78
28129,2005,589,553,36
28129,2006,616,601,15
28129,2007,530,685,-155
28129,2008,674,645,29
28129,2009,566,655,-89
28129,2010,594,637,-43
28131,1990,616,554,62
28131,1991,724,542,182
28131,1992,670,440,230
28131,1993,805,506,299
28131,1994,966,614,352
28131,1995,514,395,119
28131,1996,532,443,89
28131,1997,554,431,123
28131,1998,586,476,110
28131,1999,557,520,37
28131,2000,590,484,106
28131,2001,476,523,-47
28131,2002,646,615,31
28131,2003,656,597,59
28131,2004,919,648,271
28131,2005,1165,752,413
28131,2006,1048,796,252
28131,2007,1146,718,428
28131,2008,1091,817,274
28131,2009,1038,776,262
28131,2010,886,978,-92
28133,1990,1219,1373,-154
28133,1991,1229,1345,-116
28133,1992,1195,1466,-271
28133,1993,1050,1516,-466
28133,1994,1125,1344,-219
28133,1995,1107,1374,-267
28133,1996,1012,1556,-544
28133,1997,1013,1442,-429
28133,1998,926,1323,-397
28133,1999,957,1359,-402
28133,2000,948,1386,-438
28133,2001,988,1470,-482
28133,2002,882,1393,-511
28133,2003,966,1267,-301
28133,2004,969,1290,-321
28133,2005,1053,1240,-187
28133,2006,883,1126,-243
28133,2007,925,1257,-332
28133,2008,864,1199,-335
28133,2009,916,1178,-262
28133,2010,1006,1111,-105
28135,1990,541,682,-141
28135,1991,453,802,-349
28135,1992,621,677,-56
28135,1993,585,694,-109
28135,1994,623,635,-12
28135,1995,706,675,31
28135,1996,640,701,-61
28135,1997,631,768,-137
28135,1998,605,805,-200
28135,1999,648,743,-95
28135,2000,543,745,-202
28135,2001,507,685,-178
28135,2002,505,600,-95
28135,2003,442,573,-131
28135,2004,535,661,-126
28135,2005,445,703,-258
28135,2006,455,662,-207
28135,2007,443,669,-226
28135,2008,430,647,-217
28135,2009,512,546,-34
28135,2010,506,478,28
28137,1990,1171,1144,27
28137,1991,1044,989,55
28137,1992,1160,1027,133
28137,1993,1264,1105,159
28137,1994,1394,1042,352
28137,1995,1137,991,146
28137,1996,1444,1074,370
28137,1997,1580,1363,217
28137,1998,1456,1234,222
28137,1999,1550,1404,146
28137,2000,1429,1466,-37
28137,2001,1486,1402,84
28137,2002,1512,1372,140
28137,2003,1501,1376,125
28137,2004,1573,1475,98
28137,2005,1596,1381,215
28137,2006,1639,1512,127
28137,2007,1557,1430,127
28137,2008,1487,1344,143
28137,2009,1609,1292,317
28137,2010,1391,1552,-161
28139,1990,744,857,-113
28139,1991,841,719,122
28139,1992,846,701,145
28139,1993,844,696,148
28139,1994,825,735,90
28139,1995,778,697,81
28139,1996,860,698,162
28139,1997,822,831,-9
28139,1998,780,820,-40
28139,1999,816,797,19
28139,2000,787,830,-43
28139,2001,785,789,-4
28139,2002,641,731,-90
28139,2003,714,827,-113
28139,2004,817,701,116
28139,2005,698,758,-60
28139,2006,657,737,-80
28139,2007,760,804,-44
28139,2008,790,843,-53
28139,2009,727,738,-11
28139,2010,858,883,-25
28141,1990,909,730,179
28141,1991,887,769,118
28141,1992,935,715,220
28141,1993,844,845,-1
28141,1994,909,900,9
28141,1995,840,691,149
28141,1996,809,688,121
28141,1997,805,719,86
28141,1998,777,707,70
28141,1999,746,679,67
28141,2000,694,760,-66
28141,2001,694,615,79
28141,2002,641,706,-65
28141,2003,750,727,23
28141,2004,750,628,122
28141,2005,758,723,35
28141,2006,849,745,104
28141,2007,803,807,-4
28141,2008,812,814,-2
28141,2009,777,807,-30
28141,2010,744,701,43
28143,1990,304,421,-117
28143,1991,358,447,-89
28143,1992,430,397,33
28143,1993,593,490,103
28143,1994,441,569,-128
28143,1995,452,510,-58
28143,1996,591,593,-2
28143,1997,471,559,-88
28143,1998,469,611,-142
28143,1999,549,590,-41
28143,2000,553,545,8
28143,2001,912,680,232
28143,2002,964,837,127
28143,2003,854,897,-43
28143,2004,1006,872,134
28143,2005,1112,964,148
28143,2006,936,1052,-116
28143,2007,1029,1053,-24
28143,2008,825,953,-128
28143,2009,778,952,-174
28143,2010,836,1033,-197
28145,1990,1115,1007,108
28145,1991,1112,1013,99
28145,1992,1074,1053,21
28145,1993,1176,1106,70
28145,1994,1230,1191,39
28145,1995,1122,992,130
28145,1996,1406,1133,273
28145,1997,1148,1013,135
28145,1998,1201,1086,115
28145,1999,1739,1110,629
28145,2000,1169,1128,41
28145,2001,1161,1141,20
28145,2002,1130,1010,120
28145,2003,1247,1115,132
28145,2004,1223,983,240
28145,2005,1158,1082,76
28145,2006,1054,1168,-114
28145,2007,1337,1213,124
28145,2008,1268,1093,175
28145,2009,1191,1090,101
28145,2010,1291,1394,-103
28147,1990,499,534,-35
28147,1991,517,605,-88
28147,1992,572,619,-47
28147,1993,751,605,146
28147,1994,647,659,-12
28147,1995,520,480,40
28147,1996,523,549,-26
28147,1997,511,471,40
28147,1998,390,520,-130
28147,1999,436,568,-132
28147,2000,529,470,59
28147,2001,395,495,-100
28147,2002,514,492,22
28147,2003,476,515,-39
28147,2004,676,606,70
28147,2005,871,695,176
28147,2006,624,708,-84
28147,2007,635,630,5
28147,2008,579,675,-96
28147,2009,636,656,-20
28147,2010,623,656,-33
28149,1990,1781,2144,-363
28149,1991,1943,2013,-70
28149,1992,1913,1908,5
28149,1993,2361,1994,367
28149,1994,2115,2316,-201
28149,1995,2143,2269,-126
28149,1996,2316,2414,-98
28149,1997,2161,2358,-197
28149,1998,2041,2554,-513
28149,1999,1996,2527,-531
28149,2000,2034,2510,-476
28149,2001,1866,2242,-376
28149,2002,1837,2206,-369
28149,2003,2002,2101,-99
28149,2004,1746,2196,-450
28149,2005,2226,1955,271
28149,2006,1924,2330,-406
28149,2007,1932,2569,-637
28149,2008,1946,2291,-345
28149,2009,2073,2071,2
28149,2010,1964,2257,-293
28151,1990,2507,3361,-854
28151,1991,2355,3432,-1077
28151,1992,2514,3047,-533
28151,1993,2516,2796,-280
28151,1994,2317,3039,-722
28151,1995,1999,2770,-771
28151,1996,2086,2720,-634
28151,1997,1947,2630,-683
28151,1998,1980,3107,-1127
28151,1999,1884,3057,-1173
28151,2000,1841,2887,-1046
28151,2001,1761,2812,-1051
28151,2002,1690,2660,-970
28151,2003,1671,2532,-861
28151,2004,1904,2516,-612
28151,2005,1720,2658,-938
28151,2006,1692,2551,-859
28151,2007,1745,2506,-761
28151,2008,1718,2315,-597
28151,2009,1771,2080,-309
28151,2010,1701,2176,-475
28153,1990,641,664,-23
28153,1991,580,780,-200
28153,1992,674,622,52
28153,1993,656,655,1
28153,1994,693,681,12
28153,1995,582,563,19
28153,1996,606,522,84
28153,1997,581,522,59
28153,1998,649,476,173
28153,1999,518,642,-124
28153,2000,524,580,-56
28153,2001,518,577,-59
28153,2002,509,571,-62
28153,2003,574,642,-68
28153,2004,672,647,25
28153,2005,639,634,5
28153,2006,666,622,44
28153,2007,619,787,-168
28153,2008,597,712,-115
28153,2009,656,665,-9
28153,2010,536,703,-167
28155,1990,489,482,7
28155,1991,582,532,50
28155,1992,465,512,-47
28155,1993,468,471,-3
28155,1994,517,478,39
28155,1995,525,512,13
28155,1996,582,578,4
28155,1997,592,509,83
28155,1998,562,557,5
28155,1999,619,640,-21
28155,2000,540,561,-21
28155,2001,473,495,-22
28155,2002,425,547,-122
28155,2003,540,543,-3
28155,2004,469,539,-70
28155,2005,525,518,7
28155,2006,462,456,6
28155,2007,597,458,139
28155,2008,472,534,-62
28155,2009,532,432,100
28155,2010,428,449,-21
28157,1990,323,465,-142
28157,1991,401,491,-90
28157,1992,396,433,-37
28157,1993,399,394,5
28157,1994,508,395,113
28157,1995,259,484,-225
28157,1996,296,327,-31
28157,1997,275,317,-42
28157,1998,250,328,-78
28157,1999,283,321,-38
28157,2000,265,292,-27
28157,2001,286,283,3
28157,2002,271,285,-14
28157,2003,238,332,-94
28157,2004,268,331,-63
28157,2005,432,366,66
28157,2006,290,379,-89
28157,2007,413,402,11
28157,2008,321,372,-51
28157,2009,361,417,-56
28157,2010,294,336,-42
28159,1990,592,516,76
28159,1991,560,679,-119
28159,1992,614,613,1
28159,1993,566,630,-64
28159,1994,692,590,102
28159,1995,598,640,-42
28159,1996,580,599,-19
28159,1997,636,676,-40
28159,1998,573,566,7
28159,1999,660,687,-27
28159,2000,574,654,-80
28159,2001,571,687,-116
28159,2002,536,650,-114
28159,2003,587,680,-93
28159,2004,570,680,-110
28159,2005,586,691,-105
28159,2006,659,671,-12
28159,2007,605,745,-140
28159,2008,590,641,-51
28159,2009,579,612,-33
28159,2010,633,656,-23
28161,1990,650,661,-11
28161,1991,643,634,9
28161,1992,639,651,-12
28161,1993,722,576,146
28161,1994,689,607,82
28161,1995,394,452,-58
28161,1996,482,459,23
28161,1997,473,662,-189
28161,1998,589,462,127
28161,1999,683,437,246
28161,2000,746,632,114
28161,2001,686,693,-7
28161,2002,635,623,12
28161,2003,646,676,-30
28161,2004,650,589,61
28161,2005,655,661,-6
28161,2006,687,592,95
28161,2007,634,678,-44
28161,2008,629,517,112
28161,2009,561,641,-80
28161,2010,532,612,-80
28163,1990,795,873,-78
28163,1991,851,1008,-157
28163,1992,892,1430,-538
28163,1993,1542,992,550
28163,1994,964,1013,-49
28163,1995,787,1056,-269
28163,1996,988,881,107
28163,1997,962,936,26
28163,1998,788,1144,-356
28163,1999,799,927,-128
28163,2000,715,1125,-410
28163,2001,920,966,-46
28163,2002,902,839,63
28163,2003,855,1043,-188
28163,2004,801,1052,-251
28163,2005,818,931,-113
28163,2006,824,993,-169
28163,2007,720,1000,-280
28163,2008,799,1001,-202
28163,2009,791,922,-131
28163,2010,844,979,-135
29001,1990,1162,1313,-151
29001,1991,1262,1240,22
29001,1992,1258,1257,1
29001,1993,1326,1396,-70
29001,1994,1257,1263,-6
29001,1995,1205,1385,-180
29001,1996,1209,1350,-141
29001,1997,1194,1319,-125
29001,1998,1180,1275,-95
29001,1999,1199,1348,-149
29001,2000,1194,1275,-81
29001,2001,1339,1319,20
29001,2002,1100,1256,-156
29001,2003,1209,1238,-29
29001,2004,1068,1252,-184
29001,2005,1250,1269,-19
29001,2006,1261,1408,-147
29001,2007,1430,1320,110
29001,2008,1267,1290,-23
29001,2009,1136,1242,-106
29001,2010,1127,1252,-125
29003,1990,873,785,88
29003,1991,851,780,71
29003,1992,869,858,11
29003,1993,962,789,173
29003,1994,858,863,-5
29003,1995,1202,1195,7
29003,1996,1309,1198,111
29003,1997,1398,1226,172
29003,1998,1460,1427,33
29003,1999,1572,1374,198
29003,2000,1379,1191,188
29003,2001,1363,1299,64
29003,2002,1263,1088,175
29003,2003,1298,1283,15
29003,2004,1150,1153,-3
29003,2005,1379,1061,318
29003,2006,1129,1096,33
29003,2007,1317,1291,26
29003,2008,1340,1182,158
29003,2009,1408,1166,242
29003,2010,1035,1199,-164
29005,1990,313,309,4
29005,1991,306,428,-122
29005,1992,279,328,-49
29005,1993,267,255,12
29005,1994,323,310,13
29005,1995,413,266,147
29005,1996,207,313,-106
29005,1997,267,311,-44
29005,1998,306,309,-3
29005,1999,226,301,-75
29005,2000,337,311,26
29005,2001,242,293,-51
29005,2002,244,238,6
29005,2003,251,217,34
29005,2004,218,282,-64
29005,2005,183,273,-90
29005,2006,241,223,18
29005,2007,216,278,-62
29005,2008,239,200,39
29005,2009,157,218,-61
29005,2010,169,220,-51
29007,1990,1002,1042,-40
29007,1991,958,1071,-113
29007,1992,1072,1070,2
29007,1993,932,989,-57
29007,1994,921,1006,-85
29007,1995,1123,1109,14
29007,1996,1182,1203,-21
29007,1997,1209,1123,86
29007,1998,1098,1212,-114
29007,1999,976,1215,-239
29007,2000,1027,1250,-223
29007,2001,1032,1163,-131
29007,2002,984,1169,-185
29007,2003,943,1121,-178
29007,2004,986,1025,-39
29007,2005,1045,1100,-55
29007,2006,907,1197,-290
29007,2007,1102,1050,52
29007,2008,902,1183,-281
29007,2009,911,1129,-218
29007,2010,969,1070,-101
29009,1990,1787,1551,236
29009,1991,1998,1545,453
29009,1992,2165,1693,472
29009,1993,2368,1682,686
29009,1994,2397,1757,640
29009,1995,2700,1924,776
29009,1996,2476,2317,159
29009,1997,2387,2150,237
29009,1998,2044,2241,-197
29009,1999,2102,2072,30
29009,2000,1964,1976,-12
29009,2001,2068,2023,45
29009,2002,2071,1836,235
29009,2003,2228,1973,255
29009,2004,2114,1858,256
29009,2005,2289,1814,475
29009,2006,1927,1944,-17
29009,2007,1935,1883,52
29009,2008,1740,2004,-264
29009,2009,1640,1723,-83
29009,2010,1664,1776,-112
29011,1990,506,439,67
29011,1991,628,541,87
29011,1992,639,534,105
29011,1993,702,588,114
29011,1994,669,618,51
29011,1995,723,632,91
29011,1996,743,719,24
29011,1997,826,683,143
29011,1998,764,713,51
29011,1999,792,787,5
29011,2000,835,705,130
29011,2001,935,759,176
29011,2002,782,682,100
29011,2003,708,726,-18
29011,2004,690,661,29
29011,2005,671,704,-33
29011,2006,583,740,-157
29011,2007,569,709,-140
29011,2008,571,660,-89
29011,2009,482,529,-47
29011,2010,544,592,-48
29013,1990,763,674,89
29013,1991,826,746,80
29013,1992,869,671,198
29013,1993,825,773,52
29013,1994,807,755,52
29013,1995,1029,895,134
29013,1996,1040,980,60
29013,1997,946,886,60
29013,1998,970,761,209
29013,1999,1066,820,246
29013,2000,1002,919,83
29013,2001,1006,843,163
29013,2002,922,918,4
29013,2003,934,987,-53
29013,2004,851,844,7
29013,2005,906,807,99
29013,2006,776,789,-13
29013,2007,817,809,8
29013,2008,738,874,-136
29013,2009,769,764,5
29013,2010,690,742,-52
29015,1990,922,710,212
29015,1991,968,660,308
29015,1992,1049,645,404
29015,1993,1168,676,492
29015,1994,1220,857,363
29015,1995,1306,746,560
29015,1996,1173,829,344
29015,1997,1202,825,377
29015,1998,1172,808,364
29015,1999,1250,900,350
29015,2000,1208,974,234
29015,2001,1214,915,299
29015,2002,1262,830,432
29015,2003,1147,739,408
29015,2004,1190,823,367
29015,2005,1175,1019,156
29015,2006,1288,893,395
29015,2007,1102,994,108
29015,2008,1009,928,81
29015,2009,1018,831,187
29015,2010,941,879,62
29017,1990,495,489,6
29017,1991,612,543,69
29017,1992,494,409,85
29017,1993,626,498,128
29017,1994,560,502,58
29017,1995,610,452,158
29017,1996,613,523,90
29017,1997,597,543,54
29017,1998,625,412,213
29017,1999,684,545,139
29017,2000,653,465,188
29017,2001,593,549,44
29017,2002,510,492,18
29017,2003,586,556,30
29017,2004,545,507,38
29017,2005,553,514,39
29017,2006,545,507,38
29017,2007,552,591,-39
29017,2008,498,532,-34
29017,2009,475,504,-29
29017,2010,514,474,40
29019,1990,6644,5921,723
29019,1991,6855,6139,716
29019,1992,7371,6434,937
29019,1993,7567,6708,859
29019,1994,7486,6478,1008
29019,1995,7439,6434,1005
29019,1996,7800,7056,744
29019,1997,7422,7486,-64
29019,1998,7454,7469,-15
29019,1999,7473,7377,96
29019,2000,7660,7448,212
29019,2001,7902,7276,626
29019,2002,7610,7163,447
29019,2003,7443,7360,83
29019,2004,8292,7504,788
29019,2005,8733,7635,1098
29019,2006,8266,7794,472
29019,2007,8231,8103,128
29019,2008,8172,7862,310
29019,2009,7347,7217,130
29019,2010,7724,7549,175
29021,1990,3274,3486,-212
29021,1991,3242,3538,-296
29021,1992,3372,3446,-74
29021,1993,3236,3791,-555
29021,1994,3252,3699,-447
29021,1995,3154,3317,-163
29021,1996,3428,3496,-68
29021,1997,3593,3666,-73
29021,1998,3575,3852,-277
29021,1999,3607,3678,-71
29021,2000,3480,4025,-545
29021,2001,3549,4012,-463
29021,2002,3372,3572,-200
29021,2003,3379,3756,-377
29021,2004,3590,3644,-54
29021,2005,3535,3676,-141
29021,2006,4153,3576,577
29021,2007,3962,4073,-111
29021,2008,4019,3717,302
29021,2009,3592,4069,-477
29021,2010,3871,4049,-178
29023,1990,2022,1664,358
29023,1991,1872,1780,92
29023,1992,2017,1685,332
29023,1993,1980,1781,199
29023,1994,1986,1877,109
29023,1995,2014,1869,145
29023,1996,1906,1856,50
29023,1997,1942,1904,38
29023,1998,1888,1924,-36
29023,1999,1877,2026,-149
29023,2000,1922,2003,-81
29023,2001,2030,1872,158
29023,2002,1882,1812,70
29023,2003,2148,1906,242
29023,2004,2017,1765,252
29023,2005,1970,1807,163
29023,2006,1784,1911,-127
29023,2007,1902,1861,41
29023,2008,1857,1858,-1
29023,2009,1767,1742,25
29023,2010,1812,1766,46
29025,1990,523,540,-17
29025,1991,562,475,87
29025,1992,489,471,18
29025,1993,587,416,171
29025,1994,494,538,-44
29025,1995,606,573,33
29025,1996,685,573,112
29025,1997,693,609,84
29025,1998,628,542,86
29025,1999,664,606,58
29025,2000,621,575,46
29025,2001,609,590,19
29025,2002,639,558,81
29025,2003,600,606,-6
29025,2004,536,549,-13
29025,2005,548,492,56
29025,2006,586,530,56
29025,2007,499,567,-68
29025,2008,526,499,27
29025,2009,506,459,47
29025,2010,413,485,-72
29027,1990,1753,1625,128
29027,1991,1798,1661,137
29027,1992,1991,1602,389
29027,1993,2033,1886,147
29027,1994,2168,1614,554
29027,1995,2442,1778,664
29027,1996,2440,2057,383
29027,1997,2445,2044,401
29027,1998,2250,2023,227
29027,1999,2370,1929,441
29027,2000,2271,2051,220
29027,2001,2340,2019,321
29027,2002,2384,2015,369
29027,2003,2206,2131,75
29027,2004,2422,2157,265
29027,2005,2577,2238,339
29027,2006,2414,2129,285
29027,2007,2568,2353,215
29027,2008,2297,2335,-38
29027,2009,2233,2118,115
29027,2010,2076,2185,-109
29029,1990,2141,1820,321
29029,1991,2395,1848,547
29029,1992,2439,1806,633
29029,1993,2618,1744,874
29029,1994,2796,1890,906
29029,1995,3250,2146,1104
29029,1996,2902,2238,664
29029,1997,2810,2188,622
29029,1998,2941,2306,635
29029,1999,2944,2245,699
29029,2000,2870,2536,334
29029,2001,2994,2465,529
29029,2002,2575,2198,377
29029,2003,2833,2341,492
29029,2004,2978,2262,716
29029,2005,3225,2383,842
29029,2006,2895,2387,508
29029,2007,2821,2485,336
29029,2008,2579,2491,88
29029,2009,2330,2200,130
29029,2010,2210,2355,-145
29031,1990,3164,2892,272
29031,1991,3307,2693,614
29031,1992,3320,3049,271
29031,1993,3133,2981,152
29031,1994,3450,2992,458
29031,1995,3347,2957,390
29031,1996,3283,3263,20
29031,1997,3181,3200,-19
29031,1998,3755,3074,681
29031,1999,3415,3422,-7
29031,2000,3414,3270,144
29031,2001,3256,3227,29
29031,2002,3290,3275,15
29031,2003,3521,3019,502
29031,2004,3369,3170,199
29031,2005,3529,3125,404
29031,2006,3329,3262,67
29031,2007,3506,3494,12
29031,2008,3356,3110,246
29031,2009,3270,2848,422
29031,2010,3309,2997,312
29033,1990,395,477,-82
29033,1991,462,462,0
29033,1992,409,382,27
29033,1993,371,507,-136
29033,1994,426,472,-46
29033,1995,405,436,-31
29033,1996,382,404,-22
29033,1997,476,474,2
29033,1998,418,484,-66
29033,1999,414,442,-28
29033,2000,383,387,-4
29033,2001,453,441,12
29033,2002,418,477,-59
29033,2003,393,402,-9
29033,2004,433,350,83
29033,2005,383,463,-80
29033,2006,358,387,-29
29033,2007,360,442,-82
29033,2008,338,462,-124
29033,2009,346,348,-2
29033,2010,334,364,-30
29035,1990,363,268,95
29035,1991,335,315,20
29035,1992,413,264,149
29035,1993,348,312,36
29035,1994,382,331,51
29035,1995,402,299,103
29035,1996,364,252,112
29035,1997,375,348,27
29035,1998,319,388,-69
29035,1999,384,338,46
29035,2000,349,397,-48
29035,2001,285,281,4
29035,2002,353,311,42
29035,2003,343,365,-22
29035,2004,337,350,-13
29035,2005,351,318,33
29035,2006,336,316,20
29035,2007,281,305,-24
29035,2008,288,315,-27
29035,2009,352,211,141
29035,2010,305,269,36
29037,1990,5273,4268,1005
29037,1991,5156,4236,920
29037,1992,5686,4297,1389
29037,1993,5703,4141,1562
29037,1994,5712,4249,1463
29037,1995,5576,4493,1083
29037,1996,5987,4535,1452
29037,1997,6325,4667,1658
29037,1998,6383,4660,1723
29037,1999,6194,4798,1396
29037,2000,6283,4813,1470
29037,2001,6629,4936,1693
29037,2002,6371,5284,1087
29037,2003,6973,4996,1977
29037,2004,6565,5149,1416
29037,2005,6575,5154,1421
29037,2006,6603,4724,1879
29037,2007,6229,5348,881
29037,2008,5824,5311,513
29037,2009,5595,4968,627
29037,2010,5107,5179,-72
29039,1990,694,622,72
29039,1991,729,644,85
29039,1992,775,683,92
29039,1993,933,667,266
29039,1994,1040,691,349
29039,1995,845,666,179
29039,1996,792,699,93
29039,1997,808,671,137
29039,1998,837,625,212
29039,1999,816,770,46
29039,2000,882,693,189
29039,2001,839,804,35
29039,2002,697,684,13
29039,2003,775,709,66
29039,2004,808,615,193
29039,2005,721,760,-39
29039,2006,665,686,-21
29039,2007,779,724,55
29039,2008,673,794,-121
29039,2009,657,587,70
29039,2010,743,661,82
29041,1990,295,362,-67
29041,1991,282,344,-62
29041,1992,291,334,-43
29041,1993,318,339,-21
29041,1994,361,315,46
29041,1995,327,306,21
29041,1996,364,280,84
29041,1997,325,429,-104
29041,1998,332,380,-48
29041,1999,324,315,9
29041,2000,299,359,-60
29041,2001,308,323,-15
29041,2002,314,292,22
29041,2003,304,348,-44
29041,2004,274,321,-47
29041,2005,326,355,-29
29041,2006,253,329,-76
29041,2007,298,348,-50
29041,2008,255,322,-67
29041,2009,292,231,61
29041,2010,273,279,-6
29043,1990,3448,2297,1151
29043,1991,3359,2387,972
29043,1992,4028,2354,1674
29043,1993,4575,2843,1732
29043,1994,4800,3032,1768
29043,1995,4963,3239,1724
29043,1996,5450,3861,1589
29043,1997,5366,3859,1507
29043,1998,5996,4102,1894
29043,1999,6204,4133,2071
29043,2000,6007,4416,1591
29043,2001,6529,4775,1754
29043,2002,6540,4683,1857
29043,2003,7047,4910,2137
29043,2004,6580,4413,2167
29043,2005,6997,4708,2289
29043,2006,6973,4678,2295
29043,2007,6831,5109,1722
29043,2008,6338,5273,1065
29043,2009,5975,4910,1065
29043,2010,5557,5298,259
29045,1990,266,272,-6
29045,1991,296,256,40
29045,1992,306,288,18
29045,1993,241,318,-77
29045,1994,266,249,17
29045,1995,298,287,11
29045,1996,301,273,28
29045,1997,217,268,-51
29045,1998,306,360,-54
29045,1999,244,311,-67
29045,2000,371,292,79
29045,2001,254,265,-11
29045,2002,220,277,-57
29045,2003,264,298,-34
29045,2004,236,265,-29
29045,2005,265,268,-3
29045,2006,229,227,2
29045,2007,248,264,-16
29045,2008,265,306,-41
29045,2009,208,165,43
29045,2010,227,264,-37
29047,1990,11723,10800,923
29047,1991,11499,10882,617
29047,1992,12177,10811,1366
29047,1993,12410,11330,1080
29047,1994,12575,11399,1176
29047,1995,13373,11250,2123
29047,1996,13750,11579,2171
29047,1997,13152,12210,942
29047,1998,14228,11922,2306
29047,1999,13608,12437,1171
29047,2000,13611,12048,1563
29047,2001,13783,12472,1311
29047,2002,13396,12085,1311
29047,2003,13510,12148,1362
29047,2004,14243,12138,2105
29047,2005,15398,12342,3056
29047,2006,14829,12383,2446
29047,2007,14868,12791,2077
29047,2008,14746,12498,2248
29047,2009,13425,12354,1071
29047,2010,13196,12334,862
29049,1990,1326,1170,156
29049,1991,1268,1134,134
29049,1992,1329,1131,198
29049,1993,1521,1267,254
29049,1994,1634,1257,377
29049,1995,1352,1185,167
29049,1996,1383,1025,358
29049,1997,1393,1164,229
29049,1998,1547,1255,292
29049,1999,1418,1278,140
29049,2000,1496,1240,256
29049,2001,1468,1322,146
29049,2002,1557,1199,358
29049,2003,1653,1281,372
29049,2004,1358,1355,3
29049,2005,1430,1482,-52
29049,2006,1552,1198,354
29049,2007,1434,1310,124
29049,2008,1289,1366,-77
29049,2009,1286,1280,6
29049,2010,1230,1210,20
29051,1990,3349,2864,485
29051,1991,3418,3145,273
29051,1992,3474,3332,142
29051,1993,3772,3143,629
29051,1994,3484,3563,-79
29051,1995,3424,3412,12
29051,1996,3624,3513,111
29051,1997,3647,3584,63
29051,1998,3583,3666,-83
29051,1999,3589,3743,-154
29051,2000,3400,3675,-275
29051,2001,3499,3625,-126
29051,2002,3545,3468,77
29051,2003,3410,3628,-218
29051,2004,3545,3393,152
29051,2005,3677,3784,-107
29051,2006,3574,3723,-149
29051,2007,3773,3594,179
29051,2008,3483,3501,-18
29051,2009,3314,3245,69
29051,2010,3266,3486,-220
29053,1990,697,642,55
29053,1991,780,642,138
29053,1992,777,681,96
29053,1993,802,676,126
29053,1994,761,760,1
29053,1995,875,822,53
29053,1996,851,821,30
29053,1997,769,847,-78
29053,1998,796,737,59
29053,1999,840,688,152
29053,2000,830,847,-17
29053,2001,1061,821,240
29053,2002,842,859,-17
29053,2003,949,808,141
29053,2004,814,727,87
29053,2005,954,846,108
29053,2006,897,820,77
29053,2007,811,868,-57
29053,2008,824,880,-56
29053,2009,738,719,19
29053,2010,824,776,48
29055,1990,1151,783,368
29055,1991,1054,933,121
29055,1992,1276,852,424
29055,1993,1204,1021,183
29055,1994,1304,905,399
29055,1995,1329,1052,277
29055,1996,1361,1164,197
29055,1997,1283,1110,173
29055,1998,1151,1122,29
29055,1999,1364,1130,234
29055,2000,1204,1227,-23
29055,2001,1361,1072,289
29055,2002,1210,1035,175
29055,2003,1216,1132,84
29055,2004,1241,1102,139
29055,2005,1175,1004,171
29055,2006,1247,1076,171
29055,2007,1206,1242,-36
29055,2008,1181,1121,60
29055,2009,1007,1104,-97
29055,2010,1193,1019,174
29057,1990,374,338,36
29057,1991,418,340,78
29057,1992,459,418,41
29057,1993,571,391,180
29057,1994,508,466,42
29057,1995,463,495,-32
29057,1996,451,432,19
29057,1997,421,466,-45
29057,1998,488,376,112
29057,1999,451,442,9
29057,2000,500,498,2
29057,2001,531,487,44
29057,2002,429,433,-4
29057,2003,481,456,25
29057,2004,461,420,41
29057,2005,483,452,31
29057,2006,411,403,8
29057,2007,493,491,2
29057,2008,419,443,-24
29057,2009,349,407,-58
29057,2010,320,359,-39
29059,1990,884,620,264
29059,1991,881,757,124
29059,1992,1039,649,390
29059,1993,1086,699,387
29059,1994,1121,774,347
29059,1995,1016,918,98
29059,1996,1135,896,239
29059,1997,1028,873,155
29059,1998,1064,888,176
29059,1999,989,911,78
29059,2000,1006,914,92
29059,2001,952,868,84
29059,2002,1063,901,162
29059,2003,973,776,197
29059,2004,917,865,52
29059,2005,1170,966,204
29059,2006,1142,861,281
29059,2007,970,1048,-78
29059,2008,908,1080,-172
29059,2009,889,918,-29
29059,2010,854,830,24
29061,1990,460,411,49
29061,1991,377,493,-116
29061,1992,480,441,39
29061,1993,422,495,-73
29061,1994,644,388,256
29061,1995,440,532,-92
29061,1996,544,553,-9
29061,1997,555,491,64
29061,1998,579,472,107
29061,1999,483,542,-59
29061,2000,492,561,-69
29061,2001,564,508,56
29061,2002,505,483,22
29061,2003,501,433,68
29061,2004,469,496,-27
29061,2005,500,446,54
29061,2006,440,506,-66
29061,2007,460,485,-25
29061,2008,436,437,-1
29061,2009,488,411,77
29061,2010,393,505,-112
29063,1990,521,524,-3
29063,1991,499,514,-15
29063,1992,595,483,112
29063,1993,530,558,-28
29063,1994,628,474,154
29063,1995,499,469,30
29063,1996,522,484,38
29063,1997,551,450,101
29063,1998,475,421,54
29063,1999,461,384,77
29063,2000,405,442,-37
29063,2001,419,477,-58
29063,2002,394,425,-31
29063,2003,461,399,62
29063,2004,592,579,13
29063,2005,606,577,29
29063,2006,582,621,-39
29063,2007,595,518,77
29063,2008,481,563,-82
29063,2009,542,541,1
29063,2010,491,535,-44
29065,1990,751,709,42
29065,1991,750,753,-3
29065,1992,770,617,153
29065,1993,688,683,5
29065,1994,851,678,173
29065,1995,624,593,31
29065,1996,652,641,11
29065,1997,677,674,3
29065,1998,705,648,57
29065,1999,709,679,30
29065,2000,732,640,92
29065,2001,579,653,-74
29065,2002,697,586,111
29065,2003,669,606,63
29065,2004,658,632,26
29065,2005,777,642,135
29065,2006,618,677,-59
29065,2007,961,819,142
29065,2008,633,618,15
29065,2009,624,570,54
29065,2010,525,572,-47
29067,1990,638,653,-15
29067,1991,665,714,-49
29067,1992,754,689,65
29067,1993,877,582,295
29067,1994,775,683,92
29067,1995,761,738,23
29067,1996,800,794,6
29067,1997,844,724,120
29067,1998,782,820,-38
29067,1999,755,683,72
29067,2000,730,659,71
29067,2001,815,651,164
29067,2002,754,743,11
29067,2003,880,704,176
29067,2004,695,605,90
29067,2005,734,653,81
29067,2006,559,543,16
29067,2007,715,601,114
29067,2008,604,584,20
29067,2009,517,673,-156
29067,2010,543,533,10
29069,1990,1422,1685,-263
29069,1991,1392,1337,55
29069,1992,1392,1358,34
29069,1993,1342,1414,-72
29069,1994,1451,1296,155
29069,1995,1560,1359,201
29069,1996,1533,1732,-199
29069,1997,1342,1489,-147
29069,1998,1438,1590,-152
29069,1999,1404,1584,-180
29069,2000,1400,1490,-90
29069,2001,1348,1451,-103
29069,2002,1268,1373,-105
29069,2003,1247,1458,-211
29069,2004,1414,1377,37
29069,2005,1255,1431,-176
29069,2006,1310,1446,-136
29069,2007,1382,1506,-124
29069,2008,1250,1539,-289
29069,2009,1326,1340,-14
29069,2010,1361,1320,41
29071,1990,3888,3374,514
29071,1991,3939,3456,483
29071,1992,4206,3501,705
29071,1993,4639,3615,1024
29071,1994,4958,3565,1393
29071,1995,4747,3434,1313
29071,1996,4600,3850,750
29071,1997,4347,3973,374
29071,1998,4242,3596,646
29071,1999,4483,3831,652
29071,2000,4140,3716,424
29071,2001,4310,3773,537
29071,2002,4105,3752,353
29071,2003,4254,3644,610
29071,2004,4272,3723,549
29071,2005,4469,4007,462
29071,2006,4097,3644,453
29071,2007,4374,3797,577
29071,2008,3852,3915,-63
29071,2009,3491,3602,-111
29071,2010,3537,3557,-20
29073,1990,759,723,36
29073,1991,735,635,100
29073,1992,835,705,130
29073,1993,762,805,-43
29073,1994,862,659,203
29073,1995,873,684,189
29073,1996,941,715,226
29073,1997,759,837,-78
29073,1998,850,723,127
29073,1999,932,751,181
29073,2000,791,747,44
29073,2001,829,761,68
29073,2002,796,690,106
29073,2003,826,744,82
29073,2004,874,725,149
29073,2005,827,793,34
29073,2006,793,757,36
29073,2007,756,814,-58
29073,2008,710,788,-78
29073,2009,756,710,46
29073,2010,610,659,-49
29075,1990,312,328,-16
29075,1991,356,331,25
29075,1992,356,353,3
29075,1993,333,259,74
29075,1994,322,304,18
29075,1995,368,263,105
29075,1996,304,303,1
29075,1997,330,309,21
29075,1998,273,311,-38
29075,1999,386,339,47
29075,2000,364,363,1
29075,2001,285,381,-96
29075,2002,277,324,-47
29075,2003,339,322,17
29075,2004,290,295,-5
29075,2005,237,305,-68
29075,2006,223,313,-90
29075,2007,291,302,-11
29075,2008,249,297,-48
29075,2009,263,266,-3
29075,2010,300,236,64
29077,1990,12561,11459,1102
29077,1991,13441,11050,2391
29077,1992,13807,11609,2198
29077,1993,14806,12219,2587
29077,1994,13746,12650,1096
29077,1995,12759,13645,-886
29077,1996,13482,13295,187
29077,1997,13554,13587,-33
29077,1998,13215,13700,-485
29077,1999,13323,13310,13
29077,2000,13366,13141,225
29077,2001,14199,13550,649
29077,2002,14171,12751,1420
29077,2003,15006,13595,1411
29077,2004,14510,13046,1464
29077,2005,15894,13234,2660
29077,2006,15190,13425,1765
29077,2007,14716,14346,370
29077,2008,14581,14069,512
29077,2009,12621,13611,-990
29077,2010,13706,13894,-188
29079,1990,495,426,69
29079,1991,486,518,-32
29079,1992,506,511,-5
29079,1993,485,510,-25
29079,1994,614,590,24
29079,1995,499,594,-95
29079,1996,501,517,-16
29079,1997,555,595,-40
29079,1998,535,597,-62
29079,1999,442,536,-94
29079,2000,486,512,-26
29079,2001,463,598,-135
29079,2002,511,403,108
29079,2003,421,499,-78
29079,2004,501,432,69
29079,2005,454,515,-61
29079,2006,463,445,18
29079,2007,499,463,36
29079,2008,437,461,-24
29079,2009,444,420,24
29079,2010,386,434,-48
29081,1990,403,389,14
29081,1991,464,379,85
29081,1992,422,351,71
29081,1993,409,468,-59
29081,1994,411,431,-20
29081,1995,458,366,92
29081,1996,484,384,100
29081,1997,464,411,53
29081,1998,433,454,-21
29081,1999,451,397,54
29081,2000,344,420,-76
29081,2001,440,383,57
29081,2002,383,343,40
29081,2003,355,350,5
29081,2004,425,341,84
29081,2005,396,404,-8
29081,2006,390,344,46
29081,2007,398,388,10
29081,2008,421,400,21
29081,2009,323,381,-58
29081,2010,375,441,-66
29083,1990,1163,986,177
29083,1991,1146,1044,102
29083,1992,1239,1022,217
29083,1993,1470,1047,423
29083,1994,1378,1135,243
29083,1995,1325,1158,167
29083,1996,1216,1194,22
29083,1997,1274,1105,169
29083,1998,1282,1235,47
29083,1999,1319,1050,269
29083,2000,1295,1103,192
29083,2001,1251,1249,2
29083,2002,1188,994,194
29083,2003,1235,1104,131
29083,2004,1255,1217,38
29083,2005,1331,1170,161
29083,2006,1179,1120,59
29083,2007,1162,1276,-114
29083,2008,1154,1086,68
29083,2009,1085,1007,78
29083,2010,1131,1126,5
29085,1990,591,336,255
29085,1991,530,431,99
29085,1992,625,417,208
29085,1993,627,382,245
29085,1994,679,421,258
29085,1995,607,422,185
29085,1996,655,461,194
29085,1997,539,439,100
29085,1998,580,390,190
29085,1999,532,472,60
29085,2000,520,443,77
29085,2001,481,457,24
29085,2002,587,410,177
29085,2003,517,389,128
29085,2004,527,390,137
29085,2005,589,492,97
29085,2006,483,456,27
29085,2007,573,511,62
29085,2008,517,480,37
29085,2009,488,360,128
29085,2010,470,400,70
29087,1990,269,273,-4
29087,1991,297,320,-23
29087,1992,255,259,-4
29087,1993,217,317,-100
29087,1994,324,269,55
29087,1995,247,251,-4
29087,1996,233,237,-4
29087,1997,243,308,-65
29087,1998,336,286,50
29087,1999,251,329,-78
29087,2000,270,318,-48
29087,2001,200,289,-89
29087,2002,263,224,39
29087,2003,235,228,7
29087,2004,202,259,-57
29087,2005,250,294,-44
29087,2006,281,228,53
29087,2007,245,308,-63
29087,2008,232,225,7
29087,2009,207,204,3
29087,2010,190,228,-38
29089,1990,465,466,-1
29089,1991,474,423,51
29089,1992,480,508,-28
29089,1993,457,549,-92
29089,1994,541,397,144
29089,1995,584,562,22
29089,1996,557,564,-7
29089,1997,594,589,5
29089,1998,533,585,-52
29089,1999,481,561,-80
29089,2000,497,536,-39
29089,2001,527,625,-98
29089,2002,526,542,-16
29089,2003,473,521,-48
29089,2004,492,479,13
29089,2005,511,518,-7
29089,2006,451,478,-27
29089,2007,554,488,66
29089,2008,488,490,-2
29089,2009,405,470,-65
29089,2010,461,409,52
29091,1990,1866,1523,343
29091,1991,1852,1522,330
29091,1992,2067,1479,588
29091,1993,1982,1533,449
29091,1994,2186,1619,567
29091,1995,2364,1701,663
29091,1996,2167,1824,343
29091,1997,2039,1923,116
29091,1998,2087,1872,215
29091,1999,1936,1990,-54
29091,2000,1904,2005,-101
29091,2001,1962,1865,97
29091,2002,1932,1763,169
29091,2003,1934,1629,305
29091,2004,1942,1505,437
29091,2005,1878,1722,156
29091,2006,1817,1619,198
29091,2007,1943,1639,304
29091,2008,1623,1706,-83
29091,2009,1835,1360,475
29091,2010,1501,1515,-14
29093,1990,703,642,61
29093,1991,648,654,-6
29093,1992,721,563,158
29093,1993,658,562,96
29093,1994,590,661,-71
29093,1995,722,562,160
29093,1996,633,554,79
29093,1997,611,677,-66
29093,1998,590,553,37
29093,1999,532,692,-160
29093,2000,556,563,-7
29093,2001,579,638,-59
29093,2002,559,693,-134
29093,2003,624,595,29
29093,2004,544,576,-32
29093,2005,578,572,6
29093,2006,453,511,-58
29093,2007,624,652,-28
29093,2008,547,551,-4
29093,2009,470,586,-116
29093,2010,522,499,23
29095,1990,25700,29682,-3982
29095,1991,25338,29419,-4081
29095,1992,26076,29610,-3534
29095,1993,26695,29180,-2485
29095,1994,27448,29339,-1891
29095,1995,26429,27596,-1167
29095,1996,28194,28557,-363
29095,1997,27320,29673,-2353
29095,1998,26570,30344,-3774
29095,1999,27192,29733,-2541
29095,2000,26607,29278,-2671
29095,2001,27026,29806,-2780
29095,2002,25276,29669,-4393
29095,2003,25173,29749,-4576
29095,2004,25874,29764,-3890
29095,2005,26572,29795,-3223
29095,2006,25973,28529,-2556
29095,2007,27024,29990,-2966
29095,2008,27626,28338,-712
29095,2009,25574,27228,-1654
29095,2010,24773,27940,-3167
29097,1990,4643,4615,28
29097,1991,5092,4550,542
29097,1992,5507,4620,887
29097,1993,5532,4735,797
29097,1994,5682,4950,732
29097,1995,5838,4921,917
29097,1996,5715,5286,429
29097,1997,5658,5573,85
29097,1998,5503,5418,85
29097,1999,5682,5375,307
29097,2000,5538,5454,84
29097,2001,5809,5526,283
29097,2002,5670,5241,429
29097,2003,5687,5264,423
29097,2004,5527,5159,368
29097,2005,6047,5212,835
29097,2006,5854,5102,752
29097,2007,6148,5603,545
29097,2008,6041,5583,458
29097,2009,5546,5225,321
29097,2010,5372,5453,-81
29099,1990,9826,8977,849
29099,1991,9564,8749,815
29099,1992,10302,9027,1275
29099,1993,10576,8825,1751
29099,1994,10944,8861,2083
29099,1995,10330,8606,1724
29099,1996,10824,8895,1929
29099,1997,10155,9090,1065
29099,1998,10053,8978,1075
29099,1999,10428,9258,1170
29099,2000,9852,8572,1280
29099,2001,10433,9168,1265
29099,2002,10672,8915,1757
29099,2003,10820,9049,1771
29099,2004,10632,9242,1390
29099,2005,10844,9097,1747
29099,2006,9990,9011,979
29099,2007,9814,8940,874
29099,2008,9204,8687,517
29099,2009,8769,8331,438
29099,2010,8256,8502,-246
29101,1990,3438,3349,89
29101,1991,3600,3194,406
29101,1992,4748,4052,696
29101,1993,4907,4197,710
29101,1994,4553,4475,78
29101,1995,4092,4502,-410
29101,1996,4155,3863,292
29101,1997,4017,3969,48
29101,1998,3994,3968,26
29101,1999,4186,3911,275
29101,2000,4107,3981,126
29101,2001,4097,4040,57
29101,2002,4132,4181,-49
29101,2003,4163,4205,-42
29101,2004,3824,4187,-363
29101,2005,3716,4174,-458
29101,2006,3605,3978,-373
29101,2007,3621,4015,-394
29101,2008,3759,3873,-114
29101,2009,3640,3891,-251
29101,2010,4064,3829,235
29103,1990,154,172,-18
29103,1991,170,176,-6
29103,1992,179,163,16
29103,1993,149,185,-36
29103,1994,175,184,-9
29103,1995,190,194,-4
29103,1996,214,173,41
29103,1997,243,218,25
29103,1998,193,226,-33
29103,1999,227,231,-4
29103,2000,182,232,-50
29103,2001,240,236,4
29103,2002,241,251,-10
29103,2003,216,274,-58
29103,2004,174,213,-39
29103,2005,188,236,-48
29103,2006,206,194,12
29103,2007,200,228,-28
29103,2008,205,218,-13
29103,2009,198,172,26
29103,2010,237,177,60
29105,1990,1335,1303,32
29105,1991,1489,1331,158
29105,1992,1657,1232,425
29105,1993,1742,1346,396
29105,1994,1910,1440,470
29105,1995,1879,1368,511
29105,1996,1637,1248,389
29105,1997,1745,1461,284
29105,1998,1696,1459,237
29105,1999,1862,1629,233
29105,2000,1705,1581,124
29105,2001,1625,1691,-66
29105,2002,1706,1404,302
29105,2003,1688,1437,251
29105,2004,1951,1406,545
29105,2005,2010,1554,456
29105,2006,1821,1605,216
29105,2007,1643,1611,32
29105,2008,1490,1674,-184
29105,2009,1737,1494,243
29105,2010,1659,1726,-67
29107,1990,1578,1599,-21
29107,1991,1630,1499,131
29107,1992,1837,1506,331
29107,1993,1894,1684,210
29107,1994,1776,1684,92
29107,1995,1677,1556,121
29107,1996,1732,1604,128
29107,1997,1775,1668,107
29107,1998,1851,1791,60
29107,1999,1685,1566,119
29107,2000,1601,1642,-41
29107,2001,1631,1549,82
29107,2002,1520,1570,-50
29107,2003,1544,1568,-24
29107,2004,1756,1735,21
29107,2005,1792,1804,-12
29107,2006,1587,1697,-110
29107,2007,1790,1657,133
29107,2008,1498,1738,-240
29107,2009,1595,1563,32
29107,2010,1353,1537,-184
29109,1990,2032,1895,137
29109,1991,1970,1823,147
29109,1992,2275,1824,451
29109,1993,2229,2091,138
29109,1994,2405,1868,537
29109,1995,2002,1655,347
29109,1996,2068,1846,222
29109,1997,1900,1704,196
29109,1998,2031,1794,237
29109,1999,2129,1845,284
29109,2000,2010,1860,150
29109,2001,2187,1847,340
29109,2002,1883,1767,116
29109,2003,2040,1921,119
29109,2004,2059,1841,218
29109,2005,2166,2050,116
29109,2006,2151,1878,273
29109,2007,2085,2062,23
29109,2008,1961,2105,-144
29109,2009,1824,1846,-22
29109,2010,1892,1933,-41
29111,1990,455,427,28
29111,1991,419,495,-76
29111,1992,405,453,-48
29111,1993,376,422,-46
29111,1994,545,394,151
29111,1995,398,423,-25
29111,1996,435,475,-40
29111,1997,455,421,34
29111,1998,491,462,29
29111,1999,480,420,60
29111,2000,446,506,-60
29111,2001,447,472,-25
29111,2002,346,453,-107
29111,2003,408,445,-37
29111,2004,390,418,-28
29111,2005,427,402,25
29111,2006,434,447,-13
29111,2007,380,425,-45
29111,2008,386,413,-27
29111,2009,429,408,21
29111,2010,393,414,-21
29113,1990,1791,1286,505
29113,1991,1647,1484,163
29113,1992,1912,1323,589
29113,1993,1996,1735,261
29113,1994,2285,1461,824
29113,1995,2450,1501,949
29113,1996,2516,1749,767
29113,1997,2691,1705,986
29113,1998,2681,1885,796
29113,1999,2730,1808,922
29113,2000,2926,1740,1186
29113,2001,3084,1937,1147
29113,2002,3293,1881,1412
29113,2003,3409,2326,1083
29113,2004,3638,2199,1439
29113,2005,3871,2239,1632
29113,2006,3450,2116,1334
29113,2007,3194,2404,790
29113,2008,2769,2603,166
29113,2009,2731,2492,239
29113,2010,2548,2376,172
29115,1990,591,561,30
29115,1991,575,555,20
29115,1992,552,555,-3
29115,1993,672,514,158
29115,1994,645,592,53
29115,1995,592,574,18
29115,1996,638,643,-5
29115,1997,630,755,-125
29115,1998,660,584,76
29115,1999,620,704,-84
29115,2000,568,598,-30
29115,2001,567,633,-66
29115,2002,549,616,-67
29115,2003,532,616,-84
29115,2004,550,665,-115
29115,2005,532,649,-117
29115,2006,486,552,-66
29115,2007,550,591,-41
29115,2008,591,595,-4
29115,2009,443,439,4
29115,2010,473,546,-73
29117,1990,643,765,-122
29117,1991,731,672,59
29117,1992,700,719,-19
29117,1993,659,725,-66
29117,1994,640,778,-138
29117,1995,643,678,-35
29117,1996,654,680,-26
29117,1997,657,724,-67
29117,1998,684,744,-60
29117,1999,631,799,-168
29117,2000,695,710,-15
29117,2001,624,717,-93
29117,2002,622,601,21
29117,2003,613,674,-61
29117,2004,629,662,-33
29117,2005,668,642,26
29117,2006,650,633,17
29117,2007,703,712,-9
29117,2008,747,631,116
29117,2009,616,598,18
29117,2010,545,583,-38
29119,1990,1313,1246,67
29119,1991,1303,1127,176
29119,1992,1395,1077,318
29119,1993,1446,1216,230
29119,1994,1540,1232,308
29119,1995,1574,1285,289
29119,1996,1803,1356,447
29119,1997,1530,1457,73
29119,1998,1374,1386,-12
29119,1999,1442,1604,-162
29119,2000,1282,1404,-122
29119,2001,1255,1414,-159
29119,2002,1399,1325,74
29119,2003,1381,1264,117
29119,2004,1399,1270,129
29119,2005,1290,1332,-42
29119,2006,1266,1354,-88
29119,2007,1311,1476,-165
29119,2008,1353,1322,31
29119,2009,1300,1408,-108
29119,2010,1363,1531,-168
29121,1990,615,666,-51
29121,1991,650,653,-3
29121,1992,695,621,74
29121,1993,680,789,-109
29121,1994,761,684,77
29121,1995,698,642,56
29121,1996,752,661,91
29121,1997,700,681,19
29121,1998,749,659,90
29121,1999,745,766,-21
29121,2000,650,769,-119
29121,2001,641,727,-86
29121,2002,753,620,133
29121,2003,658,714,-56
29121,2004,744,706,38
29121,2005,710,712,-2
29121,2006,746,765,-19
29121,2007,700,719,-19
29121,2008,659,694,-35
29121,2009,657,628,29
29121,2010,500,609,-109
29123,1990,623,557,66
29123,1991,601,602,-1
29123,1992,658,552,106
29123,1993,565,515,50
29123,1994,661,612,49
29123,1995,647,467,180
29123,1996,642,542,100
29123,1997,652,582,70
29123,1998,651,555,96
29123,1999,600,567,33
29123,2000,587,575,12
29123,2001,636,573,63
29123,2002,503,568,-65
29123,2003,696,545,151
29123,2004,591,482,109
29123,2005,529,474,55
29123,2006,611,499,112
29123,2007,556,485,71
29123,2008,507,574,-67
29123,2009,524,591,-67
29123,2010,594,532,62
29125,1990,437,282,155
29125,1991,357,357,0
29125,1992,452,403,49
29125,1993,422,392,30
29125,1994,532,426,106
29125,1995,421,369,52
29125,1996,510,437,73
29125,1997,454,360,94
29125,1998,419,430,-11
29125,1999,465,382,83
29125,2000,367,481,-114
29125,2001,467,430,37
29125,2002,461,433,28
29125,2003,504,339,165
29125,2004,452,393,59
29125,2005,447,387,60
29125,2006,425,365,60
29125,2007,406,493,-87
29125,2008,472,473,-1
29125,2009,446,366,80
29125,2010,411,391,20
29127,1990,1202,1288,-86
29127,1991,1307,1204,103
29127,1992,1227,1274,-47
29127,1993,1374,1345,29
29127,1994,1270,1185,85
29127,1995,1195,1276,-81
29127,1996,1292,1333,-41
29127,1997,1248,1294,-46
29127,1998,1214,1462,-248
29127,1999,1230,1368,-138
29127,2000,1220,1472,-252
29127,2001,1211,1383,-172
29127,2002,1362,1202,160
29127,2003,1201,1224,-23
29127,2004,1223,1241,-18
29127,2005,1311,1275,36
29127,2006,1153,1326,-173
29127,2007,1257,1319,-62
29127,2008,1245,1325,-80
29127,2009,1098,1179,-81
29127,2010,1123,1205,-82
29129,1990,0,0,0
29129,1991,233,184,49
29129,1992,264,170,94
29129,1993,308,200,108
29129,1994,361,238,123
29129,1995,212,287,-75
29129,1996,251,269,-18
29129,1997,251,242,9
29129,1998,209,219,-10
29129,1999,247,195,52
29129,2000,203,185,18
29129,2001,212,246,-34
29129,2002,206,218,-12
29129,2003,199,198,1
29129,2004,181,211,-30
29129,2005,209,208,1
29129,2006,163,190,-27
29129,2007,225,187,38
29129,2008,232,203,29
29129,2009,195,174,21
29129,2010,164,166,-2
29131,1990,1203,1147,56
29131,1991,1371,1157,214
29131,1992,1344,1184,160
29131,1993,1530,1154,376
29131,1994,1390,1288,102
29131,1995,1288,1049,239
29131,1996,1349,1184,165
29131,1997,1162,1286,-124
29131,1998,1274,1199,75
29131,1999,1259,1135,124
29131,2000,1291,1045,246
29131,2001,1302,1135,167
29131,2002,1167,1166,1
29131,2003,1452,1127,325
29131,2004,1354,1310,44
29131,2005,1512,1375,137
29131,2006,1347,1412,-65
29131,2007,1293,1281,12
29131,2008,1349,1333,16
29131,2009,1065,1141,-76
29131,2010,1175,1175,0
29133,1990,541,660,-119
29133,1991,502,709,-207
29133,1992,524,596,-72
29133,1993,550,575,-25
29133,1994,520,716,-196
29133,1995,514,595,-81
29133,1996,511,649,-138
29133,1997,559,623,-64
29133,1998,511,661,-150
29133,1999,451,689,-238
29133,2000,477,638,-161
29133,2001,526,592,-66
29133,2002,495,591,-96
29133,2003,518,604,-86
29133,2004,519,508,11
29133,2005,524,497,27
29133,2006,417,543,-126
29133,2007,439,556,-117
29133,2008,407,517,-110
29133,2009,533,411,122
29133,2010,435,467,-32
29135,1990,536,553,-17
29135,1991,578,529,49
29135,1992,573,564,9
29135,1993,686,529,157
29135,1994,663,535,128
29135,1995,789,669,120
29135,1996,872,744,128
29135,1997,669,716,-47
29135,1998,686,690,-4
29135,1999,622,613,9
29135,2000,687,649,38
29135,2001,721,636,85
29135,2002,616,619,-3
29135,2003,675,674,1
29135,2004,735,658,77
29135,2005,670,786,-116
29135,2006,728,712,16
29135,2007,729,816,-87
29135,2008,767,749,18
29135,2009,607,594,13
29135,2010,683,648,35
29137,1990,402,544,-142
29137,1991,410,430,-20
29137,1992,442,500,-58
29137,1993,445,451,-6
29137,1994,487,430,57
29137,1995,510,429,81
29137,1996,580,505,75
29137,1997,542,509,33
29137,1998,573,476,97
29137,1999,559,456,103
29137,2000,495,507,-12
29137,2001,436,435,1
29137,2002,500,470,30
29137,2003,424,396,28
29137,2004,460,483,-23
29137,2005,503,446,57
29137,2006,427,403,24
29137,2007,485,480,5
29137,2008,384,454,-70
29137,2009,327,496,-169
29137,2010,358,460,-102
29139,1990,605,631,-26
29139,1991,595,552,43
29139,1992,724,607,117
29139,1993,619,634,-15
29139,1994,762,618,144
29139,1995,607,475,132
29139,1996,606,584,22
29139,1997,819,583,236
29139,1998,723,667,56
29139,1999,601,606,-5
29139,2000,612,628,-16
29139,2001,597,638,-41
29139,2002,597,618,-21
29139,2003,647,602,45
29139,2004,640,608,32
29139,2005,741,734,7
29139,2006,643,589,54
29139,2007,535,626,-91
29139,2008,506,680,-174
29139,2009,582,555,27
29139,2010,595,572,23
29141,1990,994,953,41
29141,1991,1096,805,291
29141,1992,1126,807,319
29141,1993,1086,836,250
29141,1994,1330,835,495
29141,1995,1130,744,386
29141,1996,1182,853,329
29141,1997,1243,928,315
29141,1998,1323,918,405
29141,1999,1327,1042,285
29141,2000,1285,1040,245
29141,2001,1213,1106,107
29141,2002,1220,988,232
29141,2003,1267,1020,247
29141,2004,1165,987,178
29141,2005,1364,1098,266
29141,2006,1305,1090,215
29141,2007,1246,1156,90
29141,2008,1064,1205,-141
29141,2009,987,933,54
29141,2010,964,945,19
29143,1990,873,1088,-215
29143,1991,899,946,-47
29143,1992,873,965,-92
29143,1993,887,914,-27
29143,1994,899,934,-35
29143,1995,911,1010,-99
29143,1996,990,1041,-51
29143,1997,952,1094,-142
29143,1998,761,1113,-352
29143,1999,802,1040,-238
29143,2000,915,990,-75
29143,2001,809,1067,-258
29143,2002,742,815,-73
29143,2003,752,919,-167
29143,2004,715,994,-279
29143,2005,748,886,-138
29143,2006,857,934,-77
29143,2007,765,845,-80
29143,2008,854,891,-37
29143,2009,821,858,-37
29143,2010,775,867,-92
29145,1990,3117,2802,315
29145,1991,3204,2854,350
29145,1992,3373,2975,398
29145,1993,3293,2821,472
29145,1994,3383,3039,344
29145,1995,2935,2507,428
29145,1996,2919,2613,306
29145,1997,3134,2687,447
29145,1998,2922,2745,177
29145,1999,2974,2784,190
29145,2000,2545,2590,-45
29145,2001,2818,2673,145
29145,2002,2916,2437,479
29145,2003,2908,2607,301
29145,2004,3513,3053,460
29145,2005,3539,3200,339
29145,2006,3330,3114,216
29145,2007,3441,3529,-88
29145,2008,3355,3354,1
29145,2009,3283,3332,-49
29145,2010,3291,3080,211
29147,1990,757,996,-239
29147,1991,814,897,-83
29147,1992,742,955,-213
29147,1993,734,866,-132
29147,1994,855,876,-21
29147,1995,833,876,-43
29147,1996,811,876,-65
29147,1997,755,948,-193
29147,1998,795,967,-172
29147,1999,802,959,-157
29147,2000,853,929,-76
29147,2001,820,884,-64
29147,2002,765,886,-121
29147,2003,811,843,-32
29147,2004,866,927,-61
29147,2005,839,932,-93
29147,2006,921,997,-76
29147,2007,883,1058,-175
29147,2008,798,956,-158
29147,2009,751,820,-69
29147,2010,766,861,-95
29149,1990,488,445,43
29149,1991,563,540,23
29149,1992,563,447,116
29149,1993,607,446,161
29149,1994,646,501,145
29149,1995,582,550,32
29149,1996,525,596,-71
29149,1997,563,445,118
29149,1998,556,486,70
29149,1999,542,574,-32
29149,2000,474,488,-14
29149,2001,567,506,61
29149,2002,492,440,52
29149,2003,498,445,53
29149,2004,504,501,3
29149,2005,525,444,81
29149,2006,515,513,2
29149,2007,517,551,-34
29149,2008,477,465,12
29149,2009,564,436,128
29149,2010,565,442,123
29151,1990,433,453,-20
29151,1991,490,439,51
29151,1992,484,433,51
29151,1993,502,536,-34
29151,1994,577,512,65
29151,1995,472,436,36
29151,1996,543,509,34
29151,1997,441,501,-60
29151,1998,488,462,26
29151,1999,498,424,74
29151,2000,436,486,-50
29151,2001,475,429,46
29151,2002,487,401,86
29151,2003,429,482,-53
29151,2004,487,437,50
29151,2005,498,473,25
29151,2006,427,524,-97
29151,2007,533,529,4
29151,2008,567,424,143
29151,2009,414,488,-74
29151,2010,460,442,18
29153,1990,530,453,77
29153,1991,589,460,129
29153,1992,702,478,224
29153,1993,618,507,111
29153,1994,655,512,143
29153,1995,643,492,151
29153,1996,529,539,-10
29153,1997,629,426,203
29153,1998,528,485,43
29153,1999,507,452,55
29153,2000,478,499,-21
29153,2001,466,448,18
29153,2002,469,399,70
29153,2003,459,489,-30
29153,2004,503,443,60
29153,2005,579,507,72
29153,2006,496,448,48
29153,2007,515,424,91
29153,2008,435,445,-10
29153,2009,458,376,82
29153,2010,398,404,-6
29155,1990,867,1089,-222
29155,1991,857,1060,-203
29155,1992,766,866,-100
29155,1993,791,860,-69
29155,1994,823,843,-20
29155,1995,836,872,-36
29155,1996,869,1031,-162
29155,1997,883,997,-114
29155,1998,761,1045,-284
29155,1999,756,934,-178
29155,2000,796,1015,-219
29155,2001,836,934,-98
29155,2002,694,894,-200
29155,2003,640,832,-192
29155,2004,732,869,-137
29155,2005,703,900,-197
29155,2006,728,859,-131
29155,2007,728,981,-253
29155,2008,710,896,-186
29155,2009,682,807,-125
29155,2010,737,814,-77
29157,1990,624,505,119
29157,1991,650,602,48
29157,1992,649,614,35
29157,1993,768,559,209
29157,1994,803,577,226
29157,1995,681,614,67
29157,1996,692,691,1
29157,1997,742,902,-160
29157,1998,703,798,-95
29157,1999,672,705,-33
29157,2000,705,728,-23
29157,2001,697,650,47
29157,2002,624,654,-30
29157,2003,697,662,35
29157,2004,703,629,74
29157,2005,729,708,21
29157,2006,777,651,126
29157,2007,629,716,-87
29157,2008,701,646,55
29157,2009,604,653,-49
29157,2010,595,601,-6
29159,1990,1764,1783,-19
29159,1991,1754,1806,-52
29159,1992,2070,1781,289
29159,1993,2070,1694,376
29159,1994,2290,2051,239
29159,1995,2063,2161,-98
29159,1996,1978,1992,-14
29159,1997,2084,2005,79
29159,1998,1997,2104,-107
29159,1999,1977,1985,-8
29159,2000,1958,2039,-81
29159,2001,1987,2179,-192
29159,2002,1970,2121,-151
29159,2003,2050,1988,62
29159,2004,2127,1939,188
29159,2005,2216,2065,151
29159,2006,2090,2031,59
29159,2007,2027,2082,-55
29159,2008,1996,1962,34
29159,2009,1928,1957,-29
29159,2010,1952,2206,-254
29161,1990,1974,1908,66
29161,1991,2378,1977,401
29161,1992,2244,1949,295
29161,1993,2180,1925,255
29161,1994,2412,2076,336
29161,1995,2387,1957,430
29161,1996,2384,2107,277
29161,1997,2356,2211,145
29161,1998,2423,2196,227
29161,1999,2616,2426,190
29161,2000,2403,2337,66
29161,2001,2912,2331,581
29161,2002,2488,2204,284
29161,2003,2527,2170,357
29161,2004,2586,2390,196
29161,2005,2581,2466,115
29161,2006,2362,2554,-192
29161,2007,2270,2780,-510
29161,2008,2363,2267,96
29161,2009,2298,2131,167
29161,2010,2049,2388,-339
29163,1990,579,653,-74
29163,1991,595,637,-42
29163,1992,689,661,28
29163,1993,732,621,111
29163,1994,772,706,66
29163,1995,728,723,5
29163,1996,736,772,-36
29163,1997,979,695,284
29163,1998,796,801,-5
29163,1999,653,789,-136
29163,2000,803,778,25
29163,2001,715,784,-69
29163,2002,760,673,87
29163,2003,685,671,14
29163,2004,844,651,193
29163,2005,649,774,-125
29163,2006,608,706,-98
29163,2007,732,747,-15
29163,2008,612,698,-86
29163,2009,635,662,-27
29163,2010,584,583,1
29165,1990,6483,5765,718
29165,1991,6683,5651,1032
29165,1992,6828,5583,1245
29165,1993,6989,6261,728
29165,1994,6946,6125,821
29165,1995,6811,6475,336
29165,1996,6941,6260,681
29165,1997,6961,6488,473
29165,1998,7651,6702,949
29165,1999,7505,6716,789
29165,2000,7708,6806,902
29165,2001,8040,7033,1007
29165,2002,7919,7229,690
29165,2003,7889,7277,612
29165,2004,8098,7482,616
29165,2005,7999,7693,306
29165,2006,7962,7147,815
29165,2007,7901,7537,364
29165,2008,8072,7418,654
29165,2009,8029,7262,767
29165,2010,7590,7144,446
29167,1990,1371,1083,288
29167,1991,1472,1281,191
29167,1992,1569,1241,328
29167,1993,1808,1097,711
29167,1994,1797,1394,403
29167,1995,1732,1283,449
29167,1996,1563,1412,151
29167,1997,1439,1419,20
29167,1998,1428,1352,76
29167,1999,1578,1451,127
29167,2000,1483,1406,77
29167,2001,1657,1430,227
29167,2002,1667,1378,289
29167,2003,1525,1388,137
29167,2004,1857,1375,482
29167,2005,2095,1645,450
29167,2006,1988,1672,316
29167,2007,1873,1752,121
29167,2008,1848,1665,183
29167,2009,1563,1512,51
29167,2010,1595,1528,67
29169,1990,4704,5185,-481
29169,1991,6048,4424,1624
29169,1992,5329,7563,-2234
29169,1993,4718,5620,-902
29169,1994,4314,5921,-1607
29169,1995,4608,5183,-575
29169,1996,4392,4628,-236
29169,1997,4610,4660,-50
29169,1998,4415,4961,-546
29169,1999,6735,4794,1941
29169,2000,5006,5428,-422
29169,2001,5652,5769,-117
29169,2002,5330,4973,357
29169,2003,4513,5082,-569
29169,2004,5276,5652,-376
29169,2005,5566,5635,-69
29169,2006,5515,4895,620
29169,2007,5705,5716,-11
29169,2008,7275,5888,1387
29169,2009,7214,6226,988
29169,2010,6860,7236,-376
29171,1990,0,0,0
29171,1991,0,194,-194
29171,1992,241,245,-4
29171,1993,296,171,125
29171,1994,273,236,37
29171,1995,302,280,22
29171,1996,226,286,-60
29171,1997,279,303,-24
29171,1998,309,297,12
29171,1999,285,222,63
29171,2000,240,217,23
29171,2001,241,247,-6
29171,2002,229,228,1
29171,2003,198,234,-36
29171,2004,293,195,98
29171,2005,279,237,42
29171,2006,263,321,-58
29171,2007,249,254,-5
29171,2008,242,257,-15
29171,2009,194,239,-45
29171,2010,222,208,14
29173,1990,490,433,57
29173,1991,481,486,-5
29173,1992,468,387,81
29173,1993,481,392,89
29173,1994,487,445,42
29173,1995,326,285,41
29173,1996,306,292,14
29173,1997,382,324,58
29173,1998,572,330,242
29173,1999,578,430,148
29173,2000,440,435,5
29173,2001,488,434,54
29173,2002,440,440,0
29173,2003,510,461,49
29173,2004,561,413,148
29173,2005,588,564,24
29173,2006,496,473,23
29173,2007,473,528,-55
29173,2008,511,523,-12
29173,2009,508,410,98
29173,2010,471,433,38
29175,1990,1126,1511,-385
29175,1991,1111,1149,-38
29175,1992,1220,1090,130
29175,1993,1227,1184,43
29175,1994,1105,1220,-115
29175,1995,1009,1077,-68
29175,1996,1050,1255,-205
29175,1997,1073,1134,-61
29175,1998,988,1034,-46
29175,1999,1013,1075,-62
29175,2000,1027,1008,19
29175,2001,1012,1089,-77
29175,2002,1164,986,178
29175,2003,1119,979,140
29175,2004,1200,1140,60
29175,2005,1160,1238,-78
29175,2006,1092,1184,-92
29175,2007,1186,1233,-47
29175,2008,1086,1243,-157
29175,2009,1030,1002,28
29175,2010,992,1125,-133
29177,1990,1218,1406,-188
29177,1991,1179,1212,-33
29177,1992,1359,1128,231
29177,1993,1170,1385,-215
29177,1994,1389,1123,266
29177,1995,1200,1005,195
29177,1996,1332,1010,322
29177,1997,1213,1030,183
29177,1998,1167,1174,-7
29177,1999,1119,1076,43
29177,2000,1140,1087,53
29177,2001,1162,1005,157
29177,2002,1112,1026,86
29177,2003,1007,1060,-53
29177,2004,1324,1311,13
29177,2005,1398,1299,99
29177,2006,1227,1337,-110
29177,2007,1313,1292,21
29177,2008,1052,1180,-128
29177,2009,991,1031,-40
29177,2010,1084,1230,-146
29179,1990,407,370,37
29179,1991,0,397,-397
29179,1992,354,315,39
29179,1993,286,295,-9
29179,1994,398,317,81
29179,1995,335,340,-5
29179,1996,316,331,-15
29179,1997,362,390,-28
29179,1998,288,315,-27
29179,1999,398,250,148
29179,2000,298,395,-97
29179,2001,314,289,25
29179,2002,297,311,-14
29179,2003,274,259,15
29179,2004,313,303,10
29179,2005,288,281,7
29179,2006,267,315,-48
29179,2007,300,280,20
29179,2008,248,248,0
29179,2009,268,257,11
29179,2010,198,260,-62
29181,1990,668,570,98
29181,1991,684,600,84
29181,1992,777,461,316
29181,1993,776,527,249
29181,1994,796,618,178
29181,1995,716,569,147
29181,1996,725,546,179
29181,1997,746,630,116
29181,1998,672,613,59
29181,1999,722,668,54
29181,2000,603,635,-32
29181,2001,697,582,115
29181,2002,670,521,149
29181,2003,635,540,95
29181,2004,652,525,127
29181,2005,680,607,73
29181,2006,620,586,34
29181,2007,612,601,11
29181,2008,605,542,63
29181,2009,639,534,105
29181,2010,618,533,85
29183,1990,14314,12456,1858
29183,1991,14821,11936,2885
29183,1992,16593,11903,4690
29183,1993,16444,13406,3038
29183,1994,18057,12374,5683
29183,1995,16991,12594,4397
29183,1996,18156,12978,5178
29183,1997,18680,13730,4950
29183,1998,18791,13517,5274
29183,1999,19264,13601,5663
29183,2000,18631,13186,5445
29183,2001,19003,13667,5336
29183,2002,19235,13890,5345
29183,2003,19463,14112,5351
29183,2004,20885,14861,6024
29183,2005,21041,15534,5507
29183,2006,19227,15207,4020
29183,2007,18803,15631,3172
29183,2008,17023,14358,2665
29183,2009,16153,14125,2028
29183,2010,15498,14488,1010
29185,1990,426,441,-15
29185,1991,535,389,146
29185,1992,539,447,92
29185,1993,583,513,70
29185,1994,587,460,127
29185,1995,606,409,197
29185,1996,476,402,74
29185,1997,507,506,1
29185,1998,638,430,208
29185,1999,594,472,122
29185,2000,556,548,8
29185,2001,557,519,38
29185,2002,500,440,60
29185,2003,479,450,29
29185,2004,517,423,94
29185,2005,553,529,24
29185,2006,514,448,66
29185,2007,447,481,-34
29185,2008,468,487,-19
29185,2009,489,374,115
29185,2010,451,478,-27
29186,1990,582,633,-51
29186,1991,700,664,36
29186,1992,716,604,112
29186,1993,659,742,-83
29186,1994,749,752,-3
29186,1995,924,731,193
29186,1996,984,738,246
29186,1997,1159,839,320
29186,1998,951,899,52
29186,1999,1014,771,243
29186,2000,968,893,75
29186,2001,955,868,87
29186,2002,1053,913,140
29186,2003,1090,1009,81
29186,2004,851,887,-36
29186,2005,926,810,116
29186,2006,826,849,-23
29186,2007,852,875,-23
29186,2008,829,911,-82
29186,2009,817,819,-2
29186,2010,686,702,-16
29187,1990,2454,2026,428
29187,1991,2244,1935,309
29187,1992,2495,1868,627
29187,1993,2457,1945,512
29187,1994,2736,2033,703
29187,1995,2508,2021,487
29187,1996,2578,2067,511
29187,1997,2612,2010,602
29187,1998,2514,2136,378
29187,1999,2526,2175,351
29187,2000,2758,2383,375
29187,2001,2960,2394,566
29187,2002,2612,2229,383
29187,2003,2889,2087,802
29187,2004,2750,2133,617
29187,2005,2824,2340,484
29187,2006,2670,2315,355
29187,2007,2761,2519,242
29187,2008,2700,2310,390
29187,2009,2624,2141,483
29187,2010,2645,2625,20
29189,1990,46175,50266,-4091
29189,1991,45866,50161,-4295
29189,1992,47981,51776,-3795
29189,1993,48979,51867,-2888
29189,1994,49092,53251,-4159
29189,1995,46795,50662,-3867
29189,1996,47093,52842,-5749
29189,1997,47293,55228,-7935
29189,1998,47644,52797,-5153
29189,1999,47632,53084,-5452
29189,2000,46982,50964,-3982
29189,2001,46088,51605,-5517
29189,2002,44097,50274,-6177
29189,2003,43900,51232,-7332
29189,2004,44266,51369,-7103
29189,2005,45555,50985,-5430
29189,2006,42575,48670,-6095
29189,2007,44275,48807,-4532
29189,2008,42416,45137,-2721
29189,2009,39778,43014,-3236
29189,2010,40078,42849,-2771
29195,1990,843,1120,-277
29195,1991,797,1027,-230
29195,1992,1000,999,1
29195,1993,1065,990,75
29195,1994,1194,1077,117
29195,1995,1055,1017,38
29195,1996,1008,1140,-132
29195,1997,985,1126,-141
29195,1998,1038,963,75
29195,1999,929,1001,-72
29195,2000,920,1188,-268
29195,2001,872,1246,-374
29195,2002,847,1029,-182
29195,2003,959,850,109
29195,2004,973,956,17
29195,2005,970,1078,-108
29195,2006,866,960,-94
29195,2007,860,1007,-147
29195,2008,1046,1011,35
29195,2009,956,888,68
29195,2010,878,1002,-124
29197,1990,187,222,-35
29197,1991,221,195,26
29197,1992,207,180,27
29197,1993,212,185,27
29197,1994,210,170,40
29197,1995,187,191,-4
29197,1996,189,183,6
29197,1997,201,169,32
29197,1998,197,239,-42
29197,1999,194,182,12
29197,2000,164,165,-1
29197,2001,203,162,41
29197,2002,175,180,-5
29197,2003,249,177,72
29197,2004,192,202,-10
29197,2005,162,165,-3
29197,2006,194,192,2
29197,2007,220,197,23
29197,2008,223,182,41
29197,2009,146,139,7
29197,2010,124,149,-25
29199,1990,152,187,-35
29199,1991,0,192,-192
29199,1992,203,171,32
29199,1993,215,189,26
29199,1994,207,177,30
29199,1995,196,175,21
29199,1996,180,160,20
29199,1997,178,235,-57
29199,1998,184,114,70
29199,1999,156,156,0
29199,2000,175,178,-3
29199,2001,151,217,-66
29199,2002,144,126,18
29199,2003,152,149,3
29199,2004,158,157,1
29199,2005,186,174,12
29199,2006,146,150,-4
29199,2007,156,213,-57
29199,2008,184,170,14
29199,2009,137,147,-10
29199,2010,173,192,-19
29201,1990,1892,2247,-355
29201,1991,2171,2130,41
29201,1992,2054,1874,180
29201,1993,1929,2010,-81
29201,1994,2111,2012,99
29201,1995,1972,2023,-51
29201,1996,1968,1956,12
29201,1997,1973,2196,-223
29201,1998,2083,2019,64
29201,1999,1941,2145,-204
29201,2000,1948,1957,-9
29201,2001,1941,2126,-185
29201,2002,1935,1904,31
29201,2003,1908,2002,-94
29201,2004,1899,1865,34
29201,2005,1832,1960,-128
29201,2006,1887,1902,-15
29201,2007,1880,2165,-285
29201,2008,1814,1894,-80
29201,2009,1743,1836,-93
29201,2010,1589,1782,-193
29203,1990,366,358,8
29203,1991,443,314,129
29203,1992,384,374,10
29203,1993,454,321,133
29203,1994,406,431,-25
29203,1995,398,432,-34
29203,1996,479,349,130
29203,1997,461,380,81
29203,1998,317,347,-30
29203,1999,333,347,-14
29203,2000,368,339,29
29203,2001,395,388,7
29203,2002,307,336,-29
29203,2003,341,294,47
29203,2004,309,292,17
29203,2005,347,278,69
29203,2006,375,323,52
29203,2007,373,375,-2
29203,2008,342,319,23
29203,2009,329,334,-5
29203,2010,272,299,-27
29205,1990,248,279,-31
29205,1991,270,271,-1
29205,1992,334,294,40
29205,1993,317,307,10
29205,1994,320,246,74
29205,1995,226,267,-41
29205,1996,296,343,-47
29205,1997,297,287,10
29205,1998,294,346,-52
29205,1999,267,294,-27
29205,2000,302,282,20
29205,2001,286,323,-37
29205,2002,282,296,-14
29205,2003,313,325,-12
29205,2004,300,264,36
29205,2005,238,326,-88
29205,2006,270,302,-32
29205,2007,288,363,-75
29205,2008,239,285,-46
29205,2009,261,243,18
29205,2010,241,323,-82
29207,1990,1323,1362,-39
29207,1991,1326,1138,188
29207,1992,1360,1228,132
29207,1993,1325,1144,181
29207,1994,1366,1203,163
29207,1995,1476,1262,214
29207,1996,1337,1286,51
29207,1997,1254,1151,103
29207,1998,1315,1355,-40
29207,1999,1342,1330,12
29207,2000,1293,1289,4
29207,2001,1489,1251,238
29207,2002,1256,1348,-92
29207,2003,1322,1263,59
29207,2004,1317,1235,82
29207,2005,1310,1269,41
29207,2006,1308,1285,23
29207,2007,1279,1331,-52
29207,2008,1231,1329,-98
29207,2009,1306,1155,151
29207,2010,1156,1167,-11
29209,1990,1667,1149,518
29209,1991,2109,1234,875
29209,1992,2542,1393,1149
29209,1993,2817,1528,1289
29209,1994,2657,1859,798
29209,1995,2354,1812,542
29209,1996,2182,1957,225
29209,1997,2126,1895,231
29209,1998,2176,1780,396
29209,1999,2182,1853,329
29209,2000,2093,1995,98
29209,2001,2246,1804,442
29209,2002,2298,1824,474
29209,2003,2338,1888,450
29209,2004,2302,2102,200
29209,2005,2676,2101,575
29209,2006,2393,2018,375
29209,2007,2425,2220,205
29209,2008,2251,2026,225
29209,2009,1940,1862,78
29209,2010,1915,1804,111
29211,1990,261,254,7
29211,1991,305,288,17
29211,1992,343,263,80
29211,1993,313,265,48
29211,1994,408,300,108
29211,1995,422,298,124
29211,1996,420,382,38
29211,1997,598,391,207
29211,1998,414,532,-118
29211,1999,440,458,-18
29211,2000,438,461,-23
29211,2001,462,453,9
29211,2002,364,518,-154
29211,2003,323,415,-92
29211,2004,391,450,-59
29211,2005,366,458,-92
29211,2006,329,376,-47
29211,2007,471,440,31
29211,2008,395,487,-92
29211,2009,401,437,-36
29211,2010,347,448,-101
29213,1990,2268,1554,714
29213,1991,2816,1649,1167
29213,1992,3692,1987,1705
29213,1993,3934,2246,1688
29213,1994,3811,2636,1175
29213,1995,3423,2641,782
29213,1996,3164,2725,439
29213,1997,3011,2793,218
29213,1998,3338,2529,809
29213,1999,3219,2701,518
29213,2000,2914,2859,55
29213,2001,2992,2637,355
29213,2002,3102,2673,429
29213,2003,2995,2632,363
29213,2004,3385,2726,659
29213,2005,3523,2835,688
29213,2006,3671,2705,966
29213,2007,3892,3137,755
29213,2008,3486,3185,301
29213,2009,3541,3064,477
29213,2010,3572,3255,317
29215,1990,1273,1095,178
29215,1991,1252,1242,10
29215,1992,1329,1275,54
29215,1993,1221,1125,96
29215,1994,1364,1324,40
29215,1995,1125,1086,39
29215,1996,1158,1150,8
29215,1997,1069,1092,-23
29215,1998,1162,1117,45
29215,1999,1144,1119,25
29215,2000,1084,1065,19
29215,2001,1116,1068,48
29215,2002,1101,1054,47
29215,2003,1180,979,201
29215,2004,1307,1187,120
29215,2005,1455,1170,285
29215,2006,1237,1176,61
29215,2007,1367,1267,100
29215,2008,1322,1124,198
29215,2009,1256,1064,192
29215,2010,1093,1083,10
29217,1990,878,801,77
29217,1991,869,1005,-136
29217,1992,931,746,185
29217,1993,874,822,52
29217,1994,1046,884,162
29217,1995,850,895,-45
29217,1996,900,922,-22
29217,1997,994,851,143
29217,1998,908,956,-48
29217,1999,857,973,-116
29217,2000,866,931,-65
29217,2001,863,933,-70
29217,2002,891,873,18
29217,2003,920,922,-2
29217,2004,935,905,30
29217,2005,907,972,-65
29217,2006,903,1038,-135
29217,2007,933,944,-11
29217,2008,974,939,35
29217,2009,792,829,-37
29217,2010,788,864,-76
29219,1990,1373,1045,328
29219,1991,1315,1006,309
29219,1992,1406,1051,355
29219,1993,1615,1291,324
29219,1994,1713,1247,466
29219,1995,1479,1258,221
29219,1996,1616,1199,417
29219,1997,1719,1167,552
29219,1998,1762,1198,564
29219,1999,1857,1310,547
29219,2000,1727,1293,434
29219,2001,1958,1369,589
29219,2002,1936,1374,562
29219,2003,1990,1412,578
29219,2004,2286,1548,738
29219,2005,2468,1796,672
29219,2006,2281,1579,702
29219,2007,2211,1682,529
29219,2008,1945,1694,251
29219,2009,1841,1837,4
29219,2010,1732,1757,-25
29221,1990,835,884,-49
29221,1991,895,875,20
29221,1992,869,737,132
29221,1993,865,749,116
29221,1994,849,791,58
29221,1995,871,693,178
29221,1996,1017,787,230
29221,1997,975,855,120
29221,1998,944,835,109
29221,1999,892,678,214
29221,2000,856,866,-10
29221,2001,859,894,-35
29221,2002,939,850,89
29221,2003,902,871,31
29221,2004,1024,1011,13
29221,2005,989,924,65
29221,2006,1017,901,116
29221,2007,1061,1005,56
29221,2008,946,990,-44
29221,2009,847,907,-60
29221,2010,905,970,-65
29223,1990,802,537,265
29223,1991,750,574,176
29223,1992,804,667,137
29223,1993,757,552,205
29223,1994,788,703,85
29223,1995,726,556,170
29223,1996,730,674,56
29223,1997,682,543,139
29223,1998,629,636,-7
29223,1999,628,590,38
29223,2000,572,556,16
29223,2001,590,605,-15
29223,2002,562,521,41
29223,2003,458,432,26
29223,2004,773,629,144
29223,2005,635,678,-43
29223,2006,610,619,-9
29223,2007,672,604,68
29223,2008,674,588,86
29223,2009,601,564,37
29223,2010,534,562,-28
29225,1990,1428,1380,48
29225,1991,1549,1361,188
29225,1992,1808,1330,478
29225,1993,1780,1432,348
29225,1994,2167,1425,742
29225,1995,1751,1302,449
29225,1996,1807,1454,353
29225,1997,1643,1325,318
29225,1998,1883,1450,433
29225,1999,1883,1499,384
29225,2000,1863,1424,439
29225,2001,1774,1521,253
29225,2002,1728,1496,232
29225,2003,1948,1450,498
29225,2004,2254,1840,414
29225,2005,2489,2017,472
29225,2006,2510,2026,484
29225,2007,2500,2272,228
29225,2008,2080,2051,29
29225,2009,2082,1884,198
29225,2010,1858,1932,-74
29227,1990,0,88,-88
29227,1991,0,121,-121
29227,1992,132,103,29
29227,1993,129,136,-7
29227,1994,135,135,0
29227,1995,98,110,-12
29227,1996,122,98,24
29227,1997,77,110,-33
29227,1998,142,133,9
29227,1999,124,127,-3
29227,2000,106,92,14
29227,2001,95,92,3
29227,2002,100,99,1
29227,2003,88,85,3
29227,2004,100,116,-16
29227,2005,99,97,2
29227,2006,109,77,32
29227,2007,87,109,-22
29227,2008,93,58,35
29227,2009,70,80,-10
29227,2010,68,72,-4
29229,1990,891,841,50
29229,1991,988,908,80
29229,1992,1080,891,189
29229,1993,1197,891,306
29229,1994,1495,1008,487
29229,1995,1266,846,420
29229,1996,1198,1099,99
29229,1997,1078,1027,51
29229,1998,1185,956,229
29229,1999,1087,1047,40
29229,2000,1036,1051,-15
29229,2001,1058,980,78
29229,2002,970,985,-15
29229,2003,886,928,-42
29229,2004,1029,975,54
29229,2005,963,1004,-41
29229,2006,971,926,45
29229,2007,1008,999,9
29229,2008,727,1032,-305
29229,2009,915,751,164
29229,2010,775,906,-131
29510,1990,23794,29846,-6052
29510,1991,22636,31031,-8395
29510,1992,23140,31211,-8071
29510,1993,23261,31107,-7846
29510,1994,23506,31559,-8053
29510,1995,17338,24262,-6924
29510,1996,18310,24453,-6143
29510,1997,18469,24698,-6229
29510,1998,18575,24668,-6093
29510,1999,18681,24888,-6207
29510,2000,18797,24175,-5378
29510,2001,18743,24535,-5792
29510,2002,18610,23373,-4763
29510,2003,18838,24100,-5262
29510,2004,18424,25196,-6772
29510,2005,19440,25405,-5965
29510,2006,19210,23845,-4635
29510,2007,20762,24222,-3460
29510,2008,20748,23451,-2703
29510,2009,19939,23023,-3084
29510,2010,19836,22963,-3127
30001,1990,628,621,7
30001,1991,673,562,111
30001,1992,600,612,-12
30001,1993,681,566,115
30001,1994,703,591,112
30001,1995,610,508,102
30001,1996,501,671,-170
30001,1997,505,652,-147
30001,1998,526,551,-25
30001,1999,545,596,-51
30001,2000,497,591,-94
30001,2001,542,633,-91
30001,2002,555,616,-61
30001,2003,481,563,-82
30001,2004,468,514,-46
30001,2005,533,548,-15
30001,2006,511,514,-3
30001,2007,581,498,83
30001,2008,487,572,-85
30001,2009,456,442,14
30001,2010,445,519,-74
30003,1990,532,590,-58
30003,1991,593,545,48
30003,1992,497,517,-20
30003,1993,545,456,89
30003,1994,512,510,2
30003,1995,525,498,27
30003,1996,536,483,53
30003,1997,396,511,-115
30003,1998,488,619,-131
30003,1999,501,617,-116
30003,2000,503,502,1
30003,2001,520,642,-122
30003,2002,510,597,-87
30003,2003,497,514,-17
30003,2004,505,601,-96
30003,2005,447,602,-155
30003,2006,479,551,-72
30003,2007,510,577,-67
30003,2008,548,511,37
30003,2009,459,464,-5
30003,2010,540,503,37
30005,1990,371,336,35
30005,1991,353,370,-17
30005,1992,389,368,21
30005,1993,311,337,-26
30005,1994,365,366,-1
30005,1995,366,360,6
30005,1996,332,351,-19
30005,1997,334,405,-71
30005,1998,290,324,-34
30005,1999,238,349,-111
30005,2000,253,379,-126
30005,2001,329,329,0
30005,2002,261,346,-85
30005,2003,256,371,-115
30005,2004,260,315,-55
30005,2005,299,356,-57
30005,2006,245,328,-83
30005,2007,235,302,-67
30005,2008,315,320,-5
30005,2009,268,309,-41
30005,2010,265,254,11
30007,1990,234,205,29
30007,1991,311,200,111
30007,1992,293,241,52
30007,1993,312,243,69
30007,1994,313,164,149
30007,1995,311,205,106
30007,1996,321,267,54
30007,1997,315,284,31
30007,1998,313,299,14
30007,1999,285,283,2
30007,2000,265,233,32
30007,2001,270,268,2
30007,2002,289,248,41
30007,2003,313,228,85
30007,2004,306,301,5
30007,2005,348,275,73
30007,2006,357,264,93
30007,2007,341,238,103
30007,2008,380,230,150
30007,2009,308,242,66
30007,2010,329,261,68
30009,1990,491,506,-15
30009,1991,660,434,226
30009,1992,743,499,244
30009,1993,738,511,227
30009,1994,653,571,82
30009,1995,708,510,198
30009,1996,685,523,162
30009,1997,621,654,-33
30009,1998,640,523,117
30009,1999,711,658,53
30009,2000,666,567,99
30009,2001,689,630,59
30009,2002,704,637,67
30009,2003,723,700,23
30009,2004,655,559,96
30009,2005,651,640,11
30009,2006,609,548,61
30009,2007,621,589,32
30009,2008,632,567,65
30009,2009,573,539,34
30009,2010,550,554,-4
30011,1990,0,0,0
30011,1991,0,0,0
30011,1992,84,91,-7
30011,1993,58,57,1
30011,1994,44,89,-45
30011,1995,57,57,0
30011,1996,83,72,11
30011,1997,65,60,5
30011,1998,40,84,-44
30011,1999,60,84,-24
30011,2000,75,54,21
30011,2001,55,56,-1
30011,2002,32,45,-13
30011,2003,45,41,4
30011,2004,24,35,-11
30011,2005,52,50,2
30011,2006,50,59,-9
30011,2007,49,67,-18
30011,2008,58,31,27
30011,2009,49,65,-16
30011,2010,33,38,-5
30013,1990,5101,5123,-22
30013,1991,5413,4896,517
30013,1992,6231,5873,358
30013,1993,5864,5641,223
30013,1994,5307,5878,-571
30013,1995,4998,5461,-463
30013,1996,4533,6495,-1962
30013,1997,4805,5358,-553
30013,1998,4801,5381,-580
30013,1999,4402,5201,-799
30013,2000,4552,5266,-714
30013,2001,4691,5056,-365
30013,2002,4493,4769,-276
30013,2003,4303,4681,-378
30013,2004,4420,5038,-618
30013,2005,4630,4970,-340
30013,2006,4614,4966,-352
30013,2007,4643,4839,-196
30013,2008,4367,4544,-177
30013,2009,4426,4303,123
30013,2010,4443,4612,-169
30015,1990,228,248,-20
30015,1991,260,216,44
30015,1992,221,342,-121
30015,1993,296,236,60
30015,1994,305,289,16
30015,1995,268,266,2
30015,1996,230,317,-87
30015,1997,231,255,-24
30015,1998,204,301,-97
30015,1999,277,220,57
30015,2000,156,297,-141
30015,2001,180,275,-95
30015,2002,243,292,-49
30015,2003,191,191,0
30015,2004,192,229,-37
30015,2005,198,223,-25
30015,2006,215,217,-2
30015,2007,198,207,-9
30015,2008,202,221,-19
30015,2009,195,202,-7
30015,2010,205,217,-12
30017,1990,592,677,-85
30017,1991,758,647,111
30017,1992,793,673,120
30017,1993,708,662,46
30017,1994,694,667,27
30017,1995,664,626,38
30017,1996,598,639,-41
30017,1997,613,645,-32
30017,1998,605,763,-158
30017,1999,607,697,-90
30017,2000,506,705,-199
30017,2001,603,626,-23
30017,2002,529,596,-67
30017,2003,570,492,78
30017,2004,519,645,-126
30017,2005,526,630,-104
30017,2006,593,548,45
30017,2007,520,543,-23
30017,2008,589,531,58
30017,2009,532,573,-41
30017,2010,553,489,64
30019,1990,0,158,-158
30019,1991,0,81,-81
30019,1992,73,78,-5
30019,1993,98,63,35
30019,1994,105,110,-5
30019,1995,105,95,10
30019,1996,67,108,-41
30019,1997,87,128,-41
30019,1998,85,103,-18
30019,1999,68,94,-26
30019,2000,92,80,12
30019,2001,59,114,-55
30019,2002,71,67,4
30019,2003,81,120,-39
30019,2004,85,69,16
30019,2005,56,80,-24
30019,2006,61,90,-29
30019,2007,99,81,18
30019,2008,101,60,41
30019,2009,98,83,15
30019,2010,95,56,39
30021,1990,454,581,-127
30021,1991,372,560,-188
30021,1992,475,512,-37
30021,1993,464,474,-10
30021,1994,543,499,44
30021,1995,570,533,37
30021,1996,450,488,-38
30021,1997,354,491,-137
30021,1998,376,476,-100
30021,1999,404,441,-37
30021,2000,366,489,-123
30021,2001,351,500,-149
30021,2002,378,330,48
30021,2003,391,451,-60
30021,2004,425,408,17
30021,2005,451,439,12
30021,2006,370,358,12
30021,2007,375,407,-32
30021,2008,416,367,49
30021,2009,318,404,-86
30021,2010,461,414,47
30023,1990,401,448,-47
30023,1991,437,432,5
30023,1992,505,353,152
30023,1993,464,375,89
30023,1994,475,399,76
30023,1995,384,469,-85
30023,1996,414,417,-3
30023,1997,498,471,27
30023,1998,415,585,-170
30023,1999,431,485,-54
30023,2000,402,496,-94
30023,2001,435,496,-61
30023,2002,406,475,-69
30023,2003,434,345,89
30023,2004,432,384,48
30023,2005,380,439,-59
30023,2006,462,379,83
30023,2007,487,432,55
30023,2008,358,427,-69
30023,2009,420,366,54
30023,2010,429,392,37
30025,1990,0,0,0
30025,1991,0,0,0
30025,1992,149,157,-8
30025,1993,194,114,80
30025,1994,158,196,-38
30025,1995,160,134,26
30025,1996,167,121,46
30025,1997,147,173,-26
30025,1998,113,166,-53
30025,1999,71,164,-93
30025,2000,86,151,-65
30025,2001,134,146,-12
30025,2002,138,100,38
30025,2003,117,115,2
30025,2004,132,193,-61
30025,2005,127,118,9
30025,2006,154,133,21
30025,2007,152,130,22
30025,2008,165,149,16
30025,2009,122,161,-39
30025,2010,202,163,39
30027,1990,779,563,216
30027,1991,805,698,107
30027,1992,633,622,11
30027,1993,678,531,147
30027,1994,680,577,103
30027,1995,693,670,23
30027,1996,576,680,-104
30027,1997,558,691,-133
30027,1998,552,614,-62
30027,1999,549,564,-15
30027,2000,530,609,-79
30027,2001,565,607,-42
30027,2002,592,544,48
30027,2003,506,522,-16
30027,2004,533,583,-50
30027,2005,623,575,48
30027,2006,571,569,2
30027,2007,586,524,62
30027,2008,617,475,142
30027,2009,450,453,-3
30027,2010,457,513,-56
30029,1990,4053,3253,800
30029,1991,4424,2915,1509
30029,1992,4622,2761,1861
30029,1993,4576,3059,1517
30029,1994,4672,3146,1526
30029,1995,4408,3378,1030
30029,1996,4020,3747,273
30029,1997,3745,3914,-169
30029,1998,4019,3527,492
30029,1999,4065,3493,572
30029,2000,4439,3545,894
30029,2001,4285,3433,852
30029,2002,4530,3093,1437
30029,2003,4506,3280,1226
30029,2004,4716,3279,1437
30029,2005,5004,3417,1587
30029,2006,5092,3552,1540
30029,2007,4807,3650,1157
30029,2008,3858,3984,-126
30029,2009,3287,3759,-472
30029,2010,3518,3589,-71
30031,1990,4385,3731,654
30031,1991,4430,3443,987
30031,1992,4594,3405,1189
30031,1993,4642,3569,1073
30031,1994,4666,3725,941
30031,1995,4400,4010,390
30031,1996,4497,4099,398
30031,1997,4820,4096,724
30031,1998,4846,4138,708
30031,1999,5188,4269,919
30031,2000,5155,4268,887
30031,2001,5158,4566,592
30031,2002,5463,4166,1297
30031,2003,5668,4289,1379
30031,2004,6012,4459,1553
30031,2005,6350,4716,1634
30031,2006,6027,4868,1159
30031,2007,6027,5112,915
30031,2008,5086,5631,-545
30031,2009,4557,5126,-569
30031,2010,5224,4784,440
30033,1990,0,120,-120
30033,1991,0,114,-114
30033,1992,67,77,-10
30033,1993,51,57,-6
30033,1994,45,72,-27
30033,1995,63,57,6
30033,1996,48,33,15
30033,1997,51,88,-37
30033,1998,60,63,-3
30033,1999,37,76,-39
30033,2000,64,75,-11
30033,2001,49,65,-16
30033,2002,52,53,-1
30033,2003,53,62,-9
30033,2004,30,58,-28
30033,2005,60,31,29
30033,2006,45,43,2
30033,2007,44,57,-13
30033,2008,55,36,19
30033,2009,42,75,-33
30033,2010,77,37,40
30035,1990,517,721,-204
30035,1991,583,573,10
30035,1992,447,532,-85
30035,1993,566,564,2
30035,1994,575,529,46
30035,1995,611,596,15
30035,1996,500,618,-118
30035,1997,467,660,-193
30035,1998,523,571,-48
30035,1999,535,732,-197
30035,2000,521,720,-199
30035,2001,552,606,-54
30035,2002,571,648,-77
30035,2003,543,465,78
30035,2004,452,543,-91
30035,2005,499,526,-27
30035,2006,434,520,-86
30035,2007,454,505,-51
30035,2008,559,525,34
30035,2009,571,471,100
30035,2010,474,499,-25
30037,1990,0,67,-67
30037,1991,0,0,0
30037,1992,102,58,44
30037,1993,63,80,-17
30037,1994,85,64,21
30037,1995,82,76,6
30037,1996,84,47,37
30037,1997,73,80,-7
30037,1998,66,71,-5
30037,1999,69,137,-68
30037,2000,101,123,-22
30037,2001,171,55,116
30037,2002,123,144,-21
30037,2003,74,35,39
30037,2004,79,71,8
30037,2005,77,99,-22
30037,2006,67,82,-15
30037,2007,50,73,-23
30037,2008,69,73,-4
30037,2009,83,77,6
30037,2010,41,73,-32
30039,1990,206,193,13
30039,1991,176,0,176
30039,1992,206,155,51
30039,1993,206,160,46
30039,1994,205,245,-40
30039,1995,174,172,2
30039,1996,186,158,28
30039,1997,200,182,18
30039,1998,193,205,-12
30039,1999,240,187,53
30039,2000,312,257,55
30039,2001,270,265,5
30039,2002,247,209,38
30039,2003,201,202,-1
30039,2004,231,198,33
30039,2005,155,167,-12
30039,2006,150,162,-12
30039,2007,154,156,-2
30039,2008,141,120,21
30039,2009,157,157,0
30039,2010,166,136,30
30041,1990,1029,1167,-138
30041,1991,1004,1049,-45
30041,1992,951,1268,-317
30041,1993,891,1122,-231
30041,1994,1000,964,36
30041,1995,850,966,-116
30041,1996,865,1036,-171
30041,1997,881,1066,-185
30041,1998,742,1065,-323
30041,1999,732,999,-267
30041,2000,767,963,-196
30041,2001,695,981,-286
30041,2002,768,873,-105
30041,2003,790,809,-19
30041,2004,669,817,-148
30041,2005,837,807,30
30041,2006,850,835,15
30041,2007,720,852,-132
30041,2008,790,791,-1
30041,2009,774,696,78
30041,2010,734,681,53
30043,1990,724,653,71
30043,1991,785,694,91
30043,1992,895,630,265
30043,1993,867,603,264
30043,1994,794,579,215
30043,1995,818,552,266
30043,1996,799,671,128
30043,1997,863,657,206
30043,1998,922,730,192
30043,1999,827,721,106
30043,2000,844,701,143
30043,2001,956,778,178
30043,2002,823,720,103
30043,2003,936,684,252
30043,2004,894,660,234
30043,2005,806,707,99
30043,2006,892,659,233
30043,2007,835,645,190
30043,2008,792,625,167
30043,2009,681,632,49
30043,2010,640,662,-22
30045,1990,0,130,-130
30045,1991,0,134,-134
30045,1992,143,160,-17
30045,1993,128,155,-27
30045,1994,158,126,32
30045,1995,119,99,20
30045,1996,128,115,13
30045,1997,92,116,-24
30045,1998,107,123,-16
30045,1999,124,106,18
30045,2000,94,133,-39
30045,2001,100,108,-8
30045,2002,84,130,-46
30045,2003,116,111,5
30045,2004,82,89,-7
30045,2005,106,112,-6
30045,2006,107,152,-45
30045,2007,119,121,-2
30045,2008,85,89,-4
30045,2009,108,79,29
30045,2010,84,113,-29
30047,1990,1218,890,328
30047,1991,1253,958,295
30047,1992,1513,937,576
30047,1993,1452,1006,446
30047,1994,1444,940,504
30047,1995,1322,1009,313
30047,1996,1353,1142,211
30047,1997,1295,1215,80
30047,1998,1355,1159,196
30047,1999,1523,1217,306
30047,2000,1369,1217,152
30047,2001,1371,1363,8
30047,2002,1360,1169,191
30047,2003,1427,1101,326
30047,2004,1447,1269,178
30047,2005,1476,1285,191
30047,2006,1275,1369,-94
30047,2007,1351,1226,125
30047,2008,1317,1200,117
30047,2009,1116,1095,21
30047,2010,1227,1100,127
30049,1990,3113,2834,279
30049,1991,3461,2577,884
30049,1992,3371,2619,752
30049,1993,3151,2704,447
30049,1994,3477,2680,797
30049,1995,3076,2783,293
30049,1996,2843,3082,-239
30049,1997,2961,2964,-3
30049,1998,3039,2831,208
30049,1999,3028,2766,262
30049,2000,2907,2791,116
30049,2001,3099,3084,15
30049,2002,3034,2611,423
30049,2003,3182,2707,475
30049,2004,3146,2924,222
30049,2005,3424,2871,553
30049,2006,3441,2796,645
30049,2007,3482,2901,581
30049,2008,3198,2659,539
30049,2009,3188,2658,530
30049,2010,3095,2709,386
30051,1990,0,0,0
30051,1991,0,0,0
30051,1992,80,102,-22
30051,1993,67,84,-17
30051,1994,101,116,-15
30051,1995,54,73,-19
30051,1996,79,91,-12
30051,1997,92,121,-29
30051,1998,57,125,-68
30051,1999,64,96,-32
30051,2000,72,120,-48
30051,2001,55,109,-54
30051,2002,93,73,20
30051,2003,83,98,-15
30051,2004,71,96,-25
30051,2005,40,105,-65
30051,2006,45,61,-16
30051,2007,52,85,-33
30051,2008,83,69,14
30051,2009,95,70,25
30051,2010,78,63,15
30053,1990,1076,1156,-80
30053,1991,1035,1082,-47
30053,1992,1316,815,501
30053,1993,1159,1114,45
30053,1994,1171,975,196
30053,1995,1082,1076,6
30053,1996,929,972,-43
30053,1997,1054,1109,-55
30053,1998,1105,1064,41
30053,1999,1029,1026,3
30053,2000,878,978,-100
30053,2001,993,1000,-7
30053,2002,1059,952,107
30053,2003,1111,962,149
30053,2004,977,830,147
30053,2005,1022,982,40
30053,2006,1066,854,212
30053,2007,1022,819,203
30053,2008,955,847,108
30053,2009,803,718,85
30053,2010,841,842,-1
30055,1990,0,0,0
30055,1991,0,0,0
30055,1992,96,84,12
30055,1993,79,74,5
30055,1994,89,86,3
30055,1995,69,107,-38
30055,1996,58,88,-30
30055,1997,51,82,-31
30055,1998,74,89,-15
30055,1999,50,85,-35
30055,2000,76,119,-43
30055,2001,53,96,-43
30055,2002,42,58,-16
30055,2003,36,59,-23
30055,2004,69,64,5
30055,2005,45,46,-1
30055,2006,94,79,15
30055,2007,47,80,-33
30055,2008,61,88,-27
30055,2009,67,36,31
30055,2010,61,80,-19
30057,1990,410,323,87
30057,1991,334,361,-27
30057,1992,439,335,104
30057,1993,535,382,153
30057,1994,583,369,214
30057,1995,460,420,40
30057,1996,479,367,112
30057,1997,368,357,11
30057,1998,413,380,33
30057,1999,433,376,57
30057,2000,420,371,49
30057,2001,422,356,66
30057,2002,387,376,11
30057,2003,465,334,131
30057,2004,472,332,140
30057,2005,492,367,125
30057,2006,548,365,183
30057,2007,475,399,76
30057,2008,371,401,-30
30057,2009,376,341,35
30057,2010,364,359,5
30059,1990,0,0,0
30059,1991,0,0,0
30059,1992,129,111,18
30059,1993,152,119,33
30059,1994,149,164,-15
30059,1995,112,136,-24
30059,1996,113,112,1
30059,1997,116,121,-5
30059,1998,101,120,-19
30059,1999,95,104,-9
30059,2000,150,130,20
30059,2001,95,109,-14
30059,2002,112,72,40
30059,2003,109,94,15
30059,2004,92,106,-14
30059,2005,128,114,14
30059,2006,113,129,-16
30059,2007,99,131,-32
30059,2008,100,90,10
30059,2009,82,87,-5
30059,2010,89,83,6
30061,1990,256,262,-6
30061,1991,334,256,78
30061,1992,345,198,147
30061,1993,321,287,34
30061,1994,336,363,-27
30061,1995,365,280,85
30061,1996,284,277,7
30061,1997,323,303,20
30061,1998,433,378,55
30061,1999,333,334,-1
30061,2000,325,370,-45
30061,2001,290,322,-32
30061,2002,366,289,77
30061,2003,351,330,21
30061,2004,309,180,129
30061,2005,325,293,32
30061,2006,271,314,-43
30061,2007,294,261,33
30061,2008,274,260,14
30061,2009,225,215,10
30061,2010,243,246,-3
30063,1990,5331,4743,588
30063,1991,5700,4692,1008
30063,1992,5906,4622,1284
30063,1993,5555,5065,490
30063,1994,5664,4959,705
30063,1995,5610,5249,361
30063,1996,5336,5300,36
30063,1997,5285,5598,-313
30063,1998,5567,5602,-35
30063,1999,6045,5706,339
30063,2000,5784,5729,55
30063,2001,6285,5735,550
30063,2002,5653,5460,193
30063,2003,5789,5724,65
30063,2004,5854,5554,300
30063,2005,6130,5524,606
30063,2006,5912,5636,276
30063,2007,6244,5910,334
30063,2008,5791,5781,10
30063,2009,5029,5215,-186
30063,2010,5339,5600,-261
30065,1990,281,235,46
30065,1991,259,266,-7
30065,1992,354,224,130
30065,1993,470,276,194
30065,1994,379,285,94
30065,1995,414,248,166
30065,1996,290,334,-44
30065,1997,316,304,12
30065,1998,329,303,26
30065,1999,312,286,26
30065,2000,258,300,-42
30065,2001,307,303,4
30065,2002,288,270,18
30065,2003,273,272,1
30065,2004,339,358,-19
30065,2005,363,301,62
30065,2006,293,263,30
30065,2007,277,264,13
30065,2008,343,260,83
30065,2009,316,254,62
30065,2010,391,217,174
30067,1990,865,1071,-206
30067,1991,915,783,132
30067,1992,1207,746,461
30067,1993,1112,878,234
30067,1994,1120,977,143
30067,1995,1022,899,123
30067,1996,1041,1119,-78
30067,1997,900,1157,-257
30067,1998,1070,949,121
30067,1999,1136,1049,87
30067,2000,1108,1124,-16
30067,2001,1130,1044,86
30067,2002,878,909,-31
30067,2003,960,956,4
30067,2004,1129,947,182
30067,2005,1022,913,109
30067,2006,1039,904,135
30067,2007,1029,968,61
30067,2008,859,969,-110
30067,2009,700,827,-127
30067,2010,737,847,-110
30069,1990,0,0,0
30069,1991,0,0,0
30069,1992,43,27,16
30069,1993,29,19,10
30069,1994,35,38,-3
30069,1995,47,40,7
30069,1996,37,33,4
30069,1997,22,34,-12
30069,1998,28,30,-2
30069,1999,0,0,0
30069,2000,0,0,0
30069,2001,0,0,0
30069,2002,0,0,0
30069,2003,0,0,0
30069,2004,0,0,0
30069,2005,27,24,3
30069,2006,0,0,0
30069,2007,28,22,6
30069,2008,0,0,0
30069,2009,0,0,0
30069,2010,21,15,6
30071,1990,0,261,-261
30071,1991,222,305,-83
30071,1992,200,265,-65
30071,1993,190,176,14
30071,1994,271,201,70
30071,1995,192,273,-81
30071,1996,176,264,-88
30071,1997,183,284,-101
30071,1998,180,276,-96
30071,1999,128,266,-138
30071,2000,166,255,-89
30071,2001,166,222,-56
30071,2002,141,195,-54
30071,2003,212,223,-11
30071,2004,181,230,-49
30071,2005,163,171,-8
30071,2006,177,185,-8
30071,2007,160,164,-4
30071,2008,214,128,86
30071,2009,200,175,25
30071,2010,152,177,-25
30073,1990,276,481,-205
30073,1991,343,363,-20
30073,1992,282,390,-108
30073,1993,386,391,-5
30073,1994,336,310,26
30073,1995,345,330,15
30073,1996,396,294,102
30073,1997,268,355,-87
30073,1998,292,407,-115
30073,1999,280,429,-149
30073,2000,318,336,-18
30073,2001,317,387,-70
30073,2002,259,310,-51
30073,2003,288,344,-56
30073,2004,317,307,10
30073,2005,289,322,-33
30073,2006,329,329,0
30073,2007,301,325,-24
30073,2008,297,328,-31
30073,2009,260,249,11
30073,2010,289,261,28
30075,1990,0,0,0
30075,1991,0,0,0
30075,1992,91,120,-29
30075,1993,101,112,-11
30075,1994,94,114,-20
30075,1995,89,104,-15
30075,1996,78,106,-28
30075,1997,57,110,-53
30075,1998,78,92,-14
30075,1999,95,90,5
30075,2000,82,94,-12
30075,2001,84,67,17
30075,2002,75,72,3
30075,2003,45,70,-25
30075,2004,41,75,-34
30075,2005,82,41,41
30075,2006,60,78,-18
30075,2007,72,74,-2
30075,2008,80,89,-9
30075,2009,81,77,4
30075,2010,81,59,22
30077,1990,363,381,-18
30077,1991,365,323,42
30077,1992,407,380,27
30077,1993,357,363,-6
30077,1994,412,390,22
30077,1995,472,376,96
30077,1996,393,402,-9
30077,1997,370,358,12
30077,1998,319,340,-21
30077,1999,328,322,6
30077,2000,321,402,-81
30077,2001,349,363,-14
30077,2002,277,321,-44
30077,2003,289,310,-21
30077,2004,407,336,71
30077,2005,402,343,59
30077,2006,394,372,22
30077,2007,331,365,-34
30077,2008,375,305,70
30077,2009,339,308,31
30077,2010,348,327,21
30079,1990,0,0,0
30079,1991,0,0,0
30079,1992,84,63,21
30079,1993,87,79,8
30079,1994,65,68,-3
30079,1995,72,83,-11
30079,1996,70,71,-1
30079,1997,75,55,20
30079,1998,80,76,4
30079,1999,54,83,-29
30079,2000,89,54,35
30079,2001,59,67,-8
30079,2002,57,72,-15
30079,2003,34,43,-9
30079,2004,63,92,-29
30079,2005,63,62,1
30079,2006,57,60,-3
30079,2007,69,42,27
30079,2008,58,52,6
30079,2009,82,28,54
30079,2010,48,85,-37
30081,1990,2167,1481,686
30081,1991,2595,1445,1150
30081,1992,2591,1443,1148
30081,1993,2943,1574,1369
30081,1994,2793,1599,1194
30081,1995,2514,1624,890
30081,1996,2224,1563,661
30081,1997,2216,1812,404
30081,1998,2362,1854,508
30081,1999,2464,1715,749
30081,2000,2195,1776,419
30081,2001,2390,1806,584
30081,2002,2426,1742,684
30081,2003,2382,1925,457
30081,2004,2423,2127,296
30081,2005,2524,2005,519
30081,2006,2393,1950,443
30081,2007,2143,1856,287
30081,2008,1988,2065,-77
30081,2009,2016,1624,392
30081,2010,2003,1891,112
30083,1990,506,632,-126
30083,1991,448,565,-117
30083,1992,364,564,-200
30083,1993,437,488,-51
30083,1994,437,481,-44
30083,1995,391,468,-77
30083,1996,427,469,-42
30083,1997,412,470,-58
30083,1998,393,509,-116
30083,1999,386,513,-127
30083,2000,318,491,-173
30083,2001,279,448,-169
30083,2002,344,425,-81
30083,2003,392,452,-60
30083,2004,433,394,39
30083,2005,467,405,62
30083,2006,525,464,61
30083,2007,507,451,56
30083,2008,593,464,129
30083,2009,529,471,58
30083,2010,684,396,288
30085,1990,427,670,-243
30085,1991,467,532,-65
30085,1992,473,538,-65
30085,1993,498,490,8
30085,1994,440,524,-84
30085,1995,406,533,-127
30085,1996,449,480,-31
30085,1997,331,548,-217
30085,1998,395,562,-167
30085,1999,452,519,-67
30085,2000,382,501,-119
30085,2001,423,642,-219
30085,2002,415,497,-82
30085,2003,478,392,86
30085,2004,297,396,-99
30085,2005,342,529,-187
30085,2006,335,503,-168
30085,2007,308,470,-162
30085,2008,489,421,68
30085,2009,401,381,20
30085,2010,399,430,-31
30087,1990,645,809,-164
30087,1991,729,683,46
30087,1992,678,688,-10
30087,1993,687,736,-49
30087,1994,621,667,-46
30087,1995,506,801,-295
30087,1996,420,823,-403
30087,1997,518,707,-189
30087,1998,483,660,-177
30087,1999,549,640,-91
30087,2000,464,642,-178
30087,2001,515,608,-93
30087,2002,454,508,-54
30087,2003,415,546,-131
30087,2004,523,580,-57
30087,2005,529,616,-87
30087,2006,557,556,1
30087,2007,587,567,20
30087,2008,606,579,27
30087,2009,472,468,4
30087,2010,488,438,50
30089,1990,561,639,-78
30089,1991,675,543,132
30089,1992,838,498,340
30089,1993,854,545,309
30089,1994,774,484,290
30089,1995,722,678,44
30089,1996,669,599,70
30089,1997,607,659,-52
30089,1998,623,598,25
30089,1999,713,605,108
30089,2000,664,527,137
30089,2001,621,624,-3
30089,2002,595,560,35
30089,2003,783,472,311
30089,2004,698,562,136
30089,2005,666,532,134
30089,2006,666,535,131
30089,2007,671,604,67
30089,2008,578,527,51
30089,2009,492,506,-14
30089,2010,538,488,50
30091,1990,0,245,-245
30091,1991,0,194,-194
30091,1992,140,209,-69
30091,1993,144,154,-10
30091,1994,173,166,7
30091,1995,153,193,-40
30091,1996,127,172,-45
30091,1997,158,166,-8
30091,1998,96,190,-94
30091,1999,125,180,-55
30091,2000,96,200,-104
30091,2001,100,183,-83
30091,2002,118,197,-79
30091,2003,152,138,14
30091,2004,97,175,-78
30091,2005,124,153,-29
30091,2006,139,118,21
30091,2007,127,151,-24
30091,2008,147,117,30
30091,2009,141,123,18
30091,2010,184,122,62
30093,1990,1421,1397,24
30093,1991,1537,1452,85
30093,1992,1672,1372,300
30093,1993,1527,1499,28
30093,1994,1477,1548,-71
30093,1995,1513,1557,-44
30093,1996,1573,1628,-55
30093,1997,1719,1579,140
30093,1998,1286,1749,-463
30093,1999,1457,1686,-229
30093,2000,1326,1904,-578
30093,2001,1434,1659,-225
30093,2002,1422,1593,-171
30093,2003,1395,1526,-131
30093,2004,1542,1613,-71
30093,2005,1483,1534,-51
30093,2006,1376,1455,-79
30093,2007,1504,1399,105
30093,2008,1487,1345,142
30093,2009,1382,1344,38
30093,2010,1336,1232,104
30095,1990,495,423,72
30095,1991,512,465,47
30095,1992,612,452,160
30095,1993,637,433,204
30095,1994,684,465,219
30095,1995,605,481,124
30095,1996,770,581,189
30095,1997,603,463,140
30095,1998,693,513,180
30095,1999,686,586,100
30095,2000,777,644,133
30095,2001,677,640,37
30095,2002,585,612,-27
30095,2003,545,592,-47
30095,2004,606,584,22
30095,2005,672,545,127
30095,2006,708,567,141
30095,2007,674,623,51
30095,2008,661,556,105
30095,2009,555,532,23
30095,2010,515,451,64
30097,1990,184,172,12
30097,1991,0,184,-184
30097,1992,190,161,29
30097,1993,191,165,26
30097,1994,219,152,67
30097,1995,202,173,29
30097,1996,194,211,-17
30097,1997,197,179,18
30097,1998,303,138,165
30097,1999,357,276,81
30097,2000,240,256,-16
30097,2001,269,261,8
30097,2002,217,238,-21
30097,2003,273,209,64
30097,2004,226,255,-29
30097,2005,260,221,39
30097,2006,280,209,71
30097,2007,186,225,-39
30097,2008,196,222,-26
30097,2009,153,257,-104
30097,2010,203,220,-17
30099,1990,289,341,-52
30099,1991,294,294,0
30099,1992,399,281,118
30099,1993,352,287,65
30099,1994,329,337,-8
30099,1995,288,353,-65
30099,1996,342,352,-10
30099,1997,338,323,15
30099,1998,355,290,65
30099,1999,291,306,-15
30099,2000,314,341,-27
30099,2001,289,354,-65
30099,2002,344,281,63
30099,2003,240,351,-111
30099,2004,306,324,-18
30099,2005,303,317,-14
30099,2006,312,294,18
30099,2007,310,296,14
30099,2008,226,318,-92
30099,2009,277,249,28
30099,2010,291,274,17
30101,1990,231,302,-71
30101,1991,252,246,6
30101,1992,285,266,19
30101,1993,249,232,17
30101,1994,251,269,-18
30101,1995,145,232,-87
30101,1996,211,226,-15
30101,1997,214,323,-109
30101,1998,199,273,-74
30101,1999,291,302,-11
30101,2000,224,257,-33
30101,2001,256,302,-46
30101,2002,289,343,-54
30101,2003,274,261,13
30101,2004,217,256,-39
30101,2005,209,324,-115
30101,2006,227,248,-21
30101,2007,257,238,19
30101,2008,301,232,69
30101,2009,283,261,22
30101,2010,223,355,-132
30103,1990,0,0,0
30103,1991,0,0,0
30103,1992,49,62,-13
30103,1993,39,44,-5
30103,1994,34,50,-16
30103,1995,39,32,7
30103,1996,65,104,-39
30103,1997,54,34,20
30103,1998,30,55,-25
30103,1999,0,0,0
30103,2000,0,23,-23
30103,2001,0,0,0
30103,2002,0,18,-18
30103,2003,0,15,-15
30103,2004,0,0,0
30103,2005,48,39,9
30103,2006,0,0,0
30103,2007,56,47,9
30103,2008,0,18,-18
30103,2009,0,21,-21
30103,2010,61,55,6
30105,1990,407,453,-46
30105,1991,433,410,23
30105,1992,516,416,100
30105,1993,380,402,-22
30105,1994,446,388,58
30105,1995,446,486,-40
30105,1996,413,424,-11
30105,1997,320,442,-122
30105,1998,318,443,-125
30105,1999,294,425,-131
30105,2000,314,409,-95
30105,2001,346,446,-100
30105,2002,303,346,-43
30105,2003,314,295,19
30105,2004,332,357,-25
30105,2005,305,373,-68
30105,2006,349,340,9
30105,2007,339,280,59
30105,2008,304,368,-64
30105,2009,329,329,0
30105,2010,380,277,103
30107,1990,173,0,173
30107,1991,0,178,-178
30107,1992,156,138,18
30107,1993,205,175,30
30107,1994,234,169,65
30107,1995,169,181,-12
30107,1996,134,221,-87
30107,1997,165,156,9
30107,1998,102,160,-58
30107,1999,115,145,-30
30107,2000,104,173,-69
30107,2001,134,114,20
30107,2002,110,160,-50
30107,2003,91,111,-20
30107,2004,101,103,-2
30107,2005,79,129,-50
30107,2006,133,96,37
30107,2007,138,96,42
30107,2008,77,88,-11
30107,2009,74,104,-30
30107,2010,100,112,-12
30109,1990,0,0,0
30109,1991,0,0,0
30109,1992,39,42,-3
30109,1993,44,75,-31
30109,1994,0,0,0
30109,1995,67,69,-2
30109,1996,55,70,-15
30109,1997,63,54,9
30109,1998,29,48,-19
30109,1999,36,34,2
30109,2000,28,61,-33
30109,2001,35,38,-3
30109,2002,37,35,2
30109,2003,42,44,-2
30109,2004,27,48,-21
30109,2005,45,63,-18
30109,2006,70,59,11
30109,2007,42,48,-6
30109,2008,69,35,34
30109,2009,31,45,-14
30109,2010,47,64,-17
30111,1990,6640,5926,714
30111,1991,7163,5472,1691
30111,1992,7241,5480,1761
30111,1993,6707,5763,944
30111,1994,6559,5612,947
30111,1995,6276,5852,424
30111,1996,5930,6241,-311
30111,1997,5732,6020,-288
30111,1998,6292,5941,351
30111,1999,6298,6159,139
30111,2000,6189,6041,148
30111,2001,6459,5784,675
30111,2002,6189,5495,694
30111,2003,6012,5271,741
30111,2004,6535,5570,965
30111,2005,6648,5904,744
30111,2006,6626,5735,891
30111,2007,6904,5538,1366
30111,2008,6639,5695,944
30111,2009,6039,5228,811
30111,2010,6052,5604,448
31001,1990,1420,1424,-4
31001,1991,1319,1535,-216
31001,1992,1416,1432,-16
31001,1993,1344,1462,-118
31001,1994,1373,1445,-72
31001,1995,1331,1589,-258
31001,1996,1439,1522,-83
31001,1997,1248,1492,-244
31001,1998,1297,1483,-186
31001,1999,1331,1547,-216
31001,2000,1235,1455,-220
31001,2001,1294,1491,-197
31001,2002,1198,1415,-217
31001,2003,1124,1386,-262
31001,2004,1199,1221,-22
31001,2005,1313,1357,-44
31001,2006,1159,1250,-91
31001,2007,1434,1411,23
31001,2008,1346,1380,-34
31001,2009,1298,1390,-92
31001,2010,1215,1475,-260
31003,1990,278,334,-56
31003,1991,275,383,-108
31003,1992,261,350,-89
31003,1993,256,300,-44
31003,1994,272,345,-73
31003,1995,256,324,-68
31003,1996,278,298,-20
31003,1997,277,403,-126
31003,1998,278,375,-97
31003,1999,265,315,-50
31003,2000,221,368,-147
31003,2001,335,327,8
31003,2002,275,320,-45
31003,2003,258,327,-69
31003,2004,260,296,-36
31003,2005,255,361,-106
31003,2006,235,280,-45
31003,2007,238,308,-70
31003,2008,308,263,45
31003,2009,235,339,-104
31003,2010,252,257,-5
31005,1990,0,0,0
31005,1991,0,0,0
31005,1992,0,0,0
31005,1993,0,0,0
31005,1994,0,0,0
31005,1995,0,0,0
31005,1996,0,0,0
31005,1997,0,0,0
31005,1998,0,0,0
31005,1999,17,34,-17
31005,2000,0,0,0
31005,2001,15,30,-15
31005,2002,0,0,0
31005,2003,0,0,0
31005,2004,0,0,0
31005,2005,0,0,0
31005,2006,33,31,2
31005,2007,26,40,-14
31005,2008,0,0,0
31005,2009,0,0,0
31005,2010,0,0,0
31007,1990,0,0,0
31007,1991,0,0,0
31007,1992,0,0,0
31007,1993,58,62,-4
31007,1994,0,0,0
31007,1995,0,0,0
31007,1996,66,95,-29
31007,1997,69,65,4
31007,1998,0,39,-39
31007,1999,74,84,-10
31007,2000,61,66,-5
31007,2001,44,83,-39
31007,2002,62,56,6
31007,2003,60,57,3
31007,2004,45,68,-23
31007,2005,0,22,-22
31007,2006,40,74,-34
31007,2007,45,55,-10
31007,2008,30,33,-3
31007,2009,32,28,4
31007,2010,30,51,-21
31009,1990,0,0,0
31009,1991,0,0,0
31009,1992,61,51,10
31009,1993,64,60,4
31009,1994,58,53,5
31009,1995,39,76,-37
31009,1996,39,46,-7
31009,1997,38,78,-40
31009,1998,41,39,2
31009,1999,0,0,0
31009,2000,0,0,0
31009,2001,28,37,-9
31009,2002,0,0,0
31009,2003,0,0,0
31009,2004,0,0,0
31009,2005,0,0,0
31009,2006,26,45,-19
31009,2007,29,40,-11
31009,2008,0,0,0
31009,2009,0,0,0
31009,2010,27,30,-3
31011,1990,257,294,-37
31011,1991,0,290,-290
31011,1992,221,227,-6
31011,1993,198,262,-64
31011,1994,210,244,-34
31011,1995,290,270,20
31011,1996,223,310,-87
31011,1997,227,296,-69
31011,1998,196,226,-30
31011,1999,176,341,-165
31011,2000,232,289,-57
31011,2001,193,237,-44
31011,2002,142,258,-116
31011,2003,176,193,-17
31011,2004,191,202,-11
31011,2005,169,210,-41
31011,2006,199,202,-3
31011,2007,239,280,-41
31011,2008,204,220,-16
31011,2009,182,211,-29
31011,2010,180,238,-58
31013,1990,671,827,-156
31013,1991,719,915,-196
31013,1992,662,771,-109
31013,1993,700,825,-125
31013,1994,873,759,114
31013,1995,670,809,-139
31013,1996,585,655,-70
31013,1997,576,817,-241
31013,1998,665,777,-112
31013,1999,499,803,-304
31013,2000,501,761,-260
31013,2001,518,646,-128
31013,2002,387,653,-266
31013,2003,403,666,-263
31013,2004,525,615,-90
31013,2005,460,610,-150
31013,2006,602,611,-9
31013,2007,627,618,9
31013,2008,424,649,-225
31013,2009,413,566,-153
31013,2010,563,530,33
31015,1990,0,0,0
31015,1991,0,131,-131
31015,1992,84,98,-14
31015,1993,109,124,-15
31015,1994,102,112,-10
31015,1995,86,93,-7
31015,1996,90,141,-51
31015,1997,53,145,-92
31015,1998,64,102,-38
31015,1999,63,81,-18
31015,2000,50,94,-44
31015,2001,87,103,-16
31015,2002,71,91,-20
31015,2003,59,87,-28
31015,2004,68,71,-3
31015,2005,41,90,-49
31015,2006,57,64,-7
31015,2007,62,74,-12
31015,2008,61,79,-18
31015,2009,79,62,17
31015,2010,49,68,-19
31017,1990,0,0,0
31017,1991,0,0,0
31017,1992,179,185,-6
31017,1993,156,173,-17
31017,1994,152,153,-1
31017,1995,149,175,-26
31017,1996,167,180,-13
31017,1997,175,217,-42
31017,1998,145,166,-21
31017,1999,145,188,-43
31017,2000,162,167,-5
31017,2001,161,179,-18
31017,2002,190,193,-3
31017,2003,140,171,-31
31017,2004,140,235,-95
31017,2005,149,145,4
31017,2006,102,184,-82
31017,2007,130,171,-41
31017,2008,121,150,-29
31017,2009,156,104,52
31017,2010,99,119,-20
31019,1990,2160,2025,135
31019,1991,2235,2154,81
31019,1992,2228,1951,277
31019,1993,2300,2125,175
31019,1994,2277,2360,-83
31019,1995,2361,2172,189
31019,1996,2271,2358,-87
31019,1997,2402,2419,-17
31019,1998,2199,2559,-360
31019,1999,2458,2502,-44
31019,2000,2218,2371,-153
31019,2001,2347,2262,85
31019,2002,2100,2263,-163
31019,2003,2290,2259,31
31019,2004,2196,2276,-80
31019,2005,2405,2432,-27
31019,2006,2204,2214,-10
31019,2007,2369,2399,-30
31019,2008,2320,2332,-12
31019,2009,2076,2209,-133
31019,2010,2260,2134,126
31021,1990,404,416,-12
31021,1991,382,363,19
31021,1992,364,387,-23
31021,1993,431,433,-2
31021,1994,458,377,81
31021,1995,463,409,54
31021,1996,394,414,-20
31021,1997,408,371,37
31021,1998,428,380,48
31021,1999,365,339,26
31021,2000,409,468,-59
31021,2001,376,476,-100
31021,2002,400,431,-31
31021,2003,413,355,58
31021,2004,296,389,-93
31021,2005,352,375,-23
31021,2006,306,345,-39
31021,2007,337,336,1
31021,2008,327,309,18
31021,2009,296,334,-38
31021,2010,361,355,6
31023,1990,390,370,20
31023,1991,397,301,96
31023,1992,406,394,12
31023,1993,423,378,45
31023,1994,410,369,41
31023,1995,447,394,53
31023,1996,499,503,-4
31023,1997,508,458,50
31023,1998,484,581,-97
31023,1999,512,513,-1
31023,2000,502,476,26
31023,2001,458,474,-16
31023,2002,426,495,-69
31023,2003,439,515,-76
31023,2004,348,465,-117
31023,2005,384,444,-60
31023,2006,454,436,18
31023,2007,480,455,25
31023,2008,439,397,42
31023,2009,359,350,9
31023,2010,316,417,-101
31025,1990,1622,1489,133
31025,1991,1676,1363,313
31025,1992,1559,1668,-109
31025,1993,1682,1463,219
31025,1994,1622,1340,282
31025,1995,1801,1407,394
31025,1996,1771,1484,287
31025,1997,1812,1459,353
31025,1998,1822,1604,218
31025,1999,1806,1718,88
31025,2000,1739,1660,79
31025,2001,1715,1614,101
31025,2002,1741,1470,271
31025,2003,1782,1550,232
31025,2004,1816,1695,121
31025,2005,1677,1657,20
31025,2006,1485,1428,57
31025,2007,1617,1522,95
31025,2008,1371,1579,-208
31025,2009,1474,1380,94
31025,2010,1379,1361,18
31027,1990,358,410,-52
31027,1991,344,372,-28
31027,1992,372,413,-41
31027,1993,342,405,-63
31027,1994,331,429,-98
31027,1995,365,437,-72
31027,1996,320,435,-115
31027,1997,309,483,-174
31027,1998,363,384,-21
31027,1999,342,446,-104
31027,2000,341,480,-139
31027,2001,313,429,-116
31027,2002,320,387,-67
31027,2003,295,424,-129
31027,2004,322,356,-34
31027,2005,236,417,-181
31027,2006,254,405,-151
31027,2007,289,369,-80
31027,2008,275,332,-57
31027,2009,246,286,-40
31027,2010,283,343,-60
31029,1990,0,0,0
31029,1991,0,340,-340
31029,1992,172,219,-47
31029,1993,173,235,-62
31029,1994,213,164,49
31029,1995,184,184,0
31029,1996,237,208,29
31029,1997,241,242,-1
31029,1998,252,258,-6
31029,1999,191,264,-73
31029,2000,164,231,-67
31029,2001,227,201,26
31029,2002,209,167,42
31029,2003,178,242,-64
31029,2004,154,216,-62
31029,2005,165,202,-37
31029,2006,128,215,-87
31029,2007,153,220,-67
31029,2008,172,148,24
31029,2009,172,151,21
31029,2010,199,156,43
31031,1990,323,365,-42
31031,1991,379,357,22
31031,1992,327,370,-43
31031,1993,411,335,76
31031,1994,315,337,-22
31031,1995,346,363,-17
31031,1996,342,363,-21
31031,1997,306,420,-114
31031,1998,356,361,-5
31031,1999,315,374,-59
31031,2000,324,359,-35
31031,2001,315,333,-18
31031,2002,318,339,-21
31031,2003,309,299,10
31031,2004,299,294,5
31031,2005,235,345,-110
31031,2006,275,329,-54
31031,2007,262,338,-76
31031,2008,259,317,-58
31031,2009,289,291,-2
31031,2010,288,271,17
31033,1990,488,612,-124
31033,1991,604,491,113
31033,1992,504,503,1
31033,1993,610,608,2
31033,1994,514,543,-29
31033,1995,623,547,76
31033,1996,587,625,-38
31033,1997,526,579,-53
31033,1998,579,614,-35
31033,1999,515,508,7
31033,2000,604,521,83
31033,2001,536,532,4
31033,2002,570,572,-2
31033,2003,528,541,-13
31033,2004,576,538,38
31033,2005,527,702,-175
31033,2006,655,522,133
31033,2007,626,590,36
31033,2008,515,664,-149
31033,2009,455,535,-80
31033,2010,494,515,-21
31035,1990,401,423,-22
31035,1991,443,367,76
31035,1992,474,470,4
31035,1993,461,361,100
31035,1994,371,413,-42
31035,1995,409,414,-5
31035,1996,378,443,-65
31035,1997,379,383,-4
31035,1998,366,433,-67
31035,1999,389,447,-58
31035,2000,363,477,-114
31035,2001,371,414,-43
31035,2002,338,343,-5
31035,2003,270,329,-59
31035,2004,301,385,-84
31035,2005,293,404,-111
31035,2006,280,343,-63
31035,2007,356,366,-10
31035,2008,314,351,-37
31035,2009,348,336,12
31035,2010,288,334,-46
31037,1990,562,566,-4
31037,1991,714,642,72
31037,1992,727,696,31
31037,1993,825,695,130
31037,1994,838,757,81
31037,1995,624,624,0
31037,1996,588,767,-179
31037,1997,597,671,-74
31037,1998,646,830,-184
31037,1999,621,791,-170
31037,2000,522,770,-248
31037,2001,492,706,-214
31037,2002,413,656,-243
31037,2003,462,696,-234
31037,2004,297,567,-270
31037,2005,396,595,-199
31037,2006,390,485,-95
31037,2007,497,500,-3
31037,2008,675,536,139
31037,2009,622,596,26
31037,2010,657,711,-54
31039,1990,383,452,-69
31039,1991,403,424,-21
31039,1992,419,369,50
31039,1993,465,413,52
31039,1994,468,458,10
31039,1995,446,525,-79
31039,1996,419,477,-58
31039,1997,453,502,-49
31039,1998,455,468,-13
31039,1999,386,520,-134
31039,2000,472,582,-110
31039,2001,440,561,-121
31039,2002,384,535,-151
31039,2003,393,483,-90
31039,2004,368,428,-60
31039,2005,367,458,-91
31039,2006,321,445,-124
31039,2007,402,472,-70
31039,2008,362,421,-59
31039,2009,331,357,-26
31039,2010,382,367,15
31041,1990,542,520,22
31041,1991,611,498,113
31041,1992,631,594,37
31041,1993,577,574,3
31041,1994,503,556,-53
31041,1995,514,603,-89
31041,1996,414,495,-81
31041,1997,497,620,-123
31041,1998,424,530,-106
31041,1999,598,551,47
31041,2000,475,595,-120
31041,2001,430,516,-86
31041,2002,446,485,-39
31041,2003,489,485,4
31041,2004,431,474,-43
31041,2005,411,531,-120
31041,2006,386,449,-63
31041,2007,509,525,-16
31041,2008,490,439,51
31041,2009,412,478,-66
31041,2010,478,383,95
31043,1990,1449,1558,-109
31043,1991,1539,1512,27
31043,1992,1656,1459,197
31043,1993,1602,1594,8
31043,1994,1730,1687,43
31043,1995,1583,1721,-138
31043,1996,1631,1804,-173
31043,1997,1521,1754,-233
31043,1998,1670,1662,8
31043,1999,1590,1802,-212
31043,2000,1541,1810,-269
31043,2001,1301,1657,-356
31043,2002,1429,1644,-215
31043,2003,1258,1653,-395
31043,2004,1189,1659,-470
31043,2005,1396,1430,-34
31043,2006,1398,1394,4
31043,2007,1394,1592,-198
31043,2008,1619,1531,88
31043,2009,1365,1516,-151
31043,2010,1221,1681,-460
31045,1990,564,697,-133
31045,1991,624,693,-69
31045,1992,597,551,46
31045,1993,590,610,-20
31045,1994,585,683,-98
31045,1995,555,621,-66
31045,1996,590,623,-33
31045,1997,618,661,-43
31045,1998,523,566,-43
31045,1999,551,684,-133
31045,2000,536,581,-45
31045,2001,543,554,-11
31045,2002,514,569,-55
31045,2003,466,595,-129
31045,2004,433,541,-108
31045,2005,495,577,-82
31045,2006,491,565,-74
31045,2007,512,637,-125
31045,2008,516,565,-49
31045,2009,489,521,-32
31045,2010,406,494,-88
31047,1990,1769,1139,630
31047,1991,2176,1277,899
31047,1992,1912,1746,166
31047,1993,1769,1963,-194
31047,1994,1750,1869,-119
31047,1995,1631,1773,-142
31047,1996,1337,1587,-250
31047,1997,1264,1576,-312
31047,1998,1321,1535,-214
31047,1999,1435,1628,-193
31047,2000,1303,1581,-278
31047,2001,1214,1684,-470
31047,2002,1270,1504,-234
31047,2003,1128,1501,-373
31047,2004,1073,1423,-350
31047,2005,1282,1361,-79
31047,2006,1092,1453,-361
31047,2007,1155,1427,-272
31047,2008,1251,1423,-172
31047,2009,1189,1321,-132
31047,2010,1155,1386,-231
31049,1990,0,0,0
31049,1991,0,142,-142
31049,1992,159,155,4
31049,1993,125,211,-86
31049,1994,155,142,13
31049,1995,170,173,-3
31049,1996,123,149,-26
31049,1997,155,147,8
31049,1998,149,166,-17
31049,1999,153,106,47
31049,2000,140,151,-11
31049,2001,105,115,-10
31049,2002,172,152,20
31049,2003,124,131,-7
31049,2004,134,154,-20
31049,2005,119,132,-13
31049,2006,106,118,-12
31049,2007,108,111,-3
31049,2008,96,128,-32
31049,2009,127,112,15
31049,2010,138,78,60
31051,1990,346,304,42
31051,1991,304,286,18
31051,1992,324,325,-1
31051,1993,372,350,22
31051,1994,369,291,78
31051,1995,342,330,12
31051,1996,348,352,-4
31051,1997,328,367,-39
31051,1998,391,373,18
31051,1999,289,398,-109
31051,2000,291,383,-92
31051,2001,279,349,-70
31051,2002,266,341,-75
31051,2003,270,323,-53
31051,2004,253,268,-15
31051,2005,281,362,-81
31051,2006,223,261,-38
31051,2007,261,322,-61
31051,2008,230,282,-52
31051,2009,242,278,-36
31051,2010,281,256,25
31053,1990,1515,1654,-139
31053,1991,1571,1518,53
31053,1992,1408,1507,-99
31053,1993,1500,1500,0
31053,1994,1620,1511,109
31053,1995,1751,1516,235
31053,1996,1696,1609,87
31053,1997,1796,1676,120
31053,1998,1697,1854,-157
31053,1999,1871,1708,163
31053,2000,1669,1864,-195
31053,2001,1648,1858,-210
31053,2002,1699,1784,-85
31053,2003,1569,1644,-75
31053,2004,1501,1638,-137
31053,2005,1568,1667,-99
31053,2006,1634,1757,-123
31053,2007,1574,1727,-153
31053,2008,1668,1672,-4
31053,2009,1578,1638,-60
31053,2010,1670,1553,117
31055,1990,19644,19404,240
31055,1991,19348,19195,153
31055,1992,18907,20434,-1527
31055,1993,18943,20021,-1078
31055,1994,20481,20263,218
31055,1995,21201,20195,1006
31055,1996,21154,21843,-689
31055,1997,20788,22299,-1511
31055,1998,21274,22224,-950
31055,1999,21310,23350,-2040
31055,2000,21047,22994,-1947
31055,2001,21005,22865,-1860
31055,2002,20388,21046,-658
31055,2003,21104,21493,-389
31055,2004,21720,22029,-309
31055,2005,21398,22537,-1139
31055,2006,20768,22305,-1537
31055,2007,22078,22449,-371
31055,2008,22216,21220,996
31055,2009,21233,21233,0
31055,2010,20883,20876,7
31057,1990,0,0,0
31057,1991,0,0,0
31057,1992,126,105,21
31057,1993,163,103,60
31057,1994,94,155,-61
31057,1995,118,192,-74
31057,1996,96,151,-55
31057,1997,125,129,-4
31057,1998,83,170,-87
31057,1999,136,150,-14
31057,2000,76,139,-63
31057,2001,107,119,-12
31057,2002,102,82,20
31057,2003,89,93,-4
31057,2004,80,115,-35
31057,2005,64,95,-31
31057,2006,68,101,-33
31057,2007,101,123,-22
31057,2008,94,65,29
31057,2009,87,74,13
31057,2010,78,100,-22
31059,1990,338,318,20
31059,1991,294,328,-34
31059,1992,285,380,-95
31059,1993,280,304,-24
31059,1994,384,317,67
31059,1995,330,366,-36
31059,1996,305,287,18
31059,1997,272,270,2
31059,1998,323,342,-19
31059,1999,287,362,-75
31059,2000,266,330,-64
31059,2001,270,331,-61
31059,2002,280,305,-25
31059,2003,233,278,-45
31059,2004,216,281,-65
31059,2005,260,262,-2
31059,2006,244,296,-52
31059,2007,277,304,-27
31059,2008,254,278,-24
31059,2009,235,209,26
31059,2010,228,212,16
31061,1990,0,0,0
31061,1991,0,168,-168
31061,1992,165,186,-21
31061,1993,176,188,-12
31061,1994,174,170,4
31061,1995,234,162,72
31061,1996,183,197,-14
31061,1997,168,236,-68
31061,1998,163,180,-17
31061,1999,132,215,-83
31061,2000,128,170,-42
31061,2001,205,175,30
31061,2002,187,196,-9
31061,2003,161,192,-31
31061,2004,165,128,37
31061,2005,128,175,-47
31061,2006,115,194,-79
31061,2007,154,169,-15
31061,2008,170,164,6
31061,2009,181,128,53
31061,2010,177,181,-4
31063,1990,179,164,15
31063,1991,188,168,20
31063,1992,186,190,-4
31063,1993,188,160,28
31063,1994,174,198,-24
31063,1995,232,183,49
31063,1996,169,185,-16
31063,1997,193,239,-46
31063,1998,215,172,43
31063,1999,198,218,-20
31063,2000,206,238,-32
31063,2001,180,219,-39
31063,2002,151,196,-45
31063,2003,202,197,5
31063,2004,140,209,-69
31063,2005,164,194,-30
31063,2006,155,168,-13
31063,2007,154,189,-35
31063,2008,134,177,-43
31063,2009,141,162,-21
31063,2010,128,150,-22
31065,1990,368,230,138
31065,1991,344,265,79
31065,1992,277,290,-13
31065,1993,286,282,4
31065,1994,303,290,13
31065,1995,236,280,-44
31065,1996,282,344,-62
31065,1997,307,303,4
31065,1998,247,268,-21
31065,1999,271,323,-52
31065,2000,318,353,-35
31065,2001,353,317,36
31065,2002,262,271,-9
31065,2003,265,320,-55
31065,2004,254,290,-36
31065,2005,282,254,28
31065,2006,210,278,-68
31065,2007,190,269,-79
31065,2008,308,269,39
31065,2009,270,234,36
31065,2010,272,253,19
31067,1990,845,878,-33
31067,1991,925,887,38
31067,1992,951,890,61
31067,1993,890,877,13
31067,1994,858,843,15
31067,1995,976,874,102
31067,1996,999,882,117
31067,1997,906,925,-19
31067,1998,907,995,-88
31067,1999,1036,996,40
31067,2000,1073,932,141
31067,2001,1090,990,100
31067,2002,992,875,117
31067,2003,1038,996,42
31067,2004,981,1126,-145
31067,2005,1072,1015,57
31067,2006,1037,967,70
31067,2007,1001,1179,-178
31067,2008,881,1077,-196
31067,2009,941,906,35
31067,2010,734,997,-263
31069,1990,0,0,0
31069,1991,0,151,-151
31069,1992,153,169,-16
31069,1993,151,104,47
31069,1994,131,162,-31
31069,1995,148,115,33
31069,1996,133,134,-1
31069,1997,114,155,-41
31069,1998,118,139,-21
31069,1999,123,133,-10
31069,2000,146,140,6
31069,2001,104,127,-23
31069,2002,161,125,36
31069,2003,103,132,-29
31069,2004,83,162,-79
31069,2005,119,84,35
31069,2006,97,131,-34
31069,2007,132,128,4
31069,2008,121,131,-10
31069,2009,135,94,41
31069,2010,114,105,9
31071,1990,0,0,0
31071,1991,0,0,0
31071,1992,170,198,-28
31071,1993,89,108,-19
31071,1994,107,99,8
31071,1995,117,95,22
31071,1996,122,139,-17
31071,1997,99,113,-14
31071,1998,109,140,-31
31071,1999,96,99,-3
31071,2000,85,70,15
31071,2001,106,94,12
31071,2002,81,140,-59
31071,2003,115,102,13
31071,2004,66,77,-11
31071,2005,73,84,-11
31071,2006,51,74,-23
31071,2007,98,80,18
31071,2008,73,77,-4
31071,2009,86,78,8
31071,2010,44,57,-13
31073,1990,147,0,147
31073,1991,174,141,33
31073,1992,151,105,46
31073,1993,139,129,10
31073,1994,259,135,124
31073,1995,200,246,-46
31073,1996,203,157,46
31073,1997,239,179,60
31073,1998,173,237,-64
31073,1999,221,205,16
31073,2000,102,170,-68
31073,2001,163,167,-4
31073,2002,156,145,11
31073,2003,100,172,-72
31073,2004,162,179,-17
31073,2005,152,179,-27
31073,2006,177,136,41
31073,2007,153,203,-50
31073,2008,169,162,7
31073,2009,137,108,29
31073,2010,131,189,-58
31075,1990,0,0,0
31075,1991,0,0,0
31075,1992,96,87,9
31075,1993,69,106,-37
31075,1994,112,107,5
31075,1995,82,136,-54
31075,1996,0,0,0
31075,1997,97,92,5
31075,1998,52,94,-42
31075,1999,93,93,0
31075,2000,97,97,0
31075,2001,65,96,-31
31075,2002,49,81,-32
31075,2003,38,63,-25
31075,2004,48,52,-4
31075,2005,0,0,0
31075,2006,43,68,-25
31075,2007,47,50,-3
31075,2008,0,0,0
31075,2009,38,43,-5
31075,2010,50,30,20
31077,1990,0,118,-118
31077,1991,0,0,0
31077,1992,147,117,30
31077,1993,117,161,-44
31077,1994,149,164,-15
31077,1995,123,128,-5
31077,1996,116,180,-64
31077,1997,138,197,-59
31077,1998,140,171,-31
31077,1999,119,142,-23
31077,2000,115,137,-22
31077,2001,116,146,-30
31077,2002,95,168,-73
31077,2003,115,177,-62
31077,2004,88,122,-34
31077,2005,128,115,13
31077,2006,84,122,-38
31077,2007,134,105,29
31077,2008,120,173,-53
31077,2009,132,108,24
31077,2010,114,166,-52
31079,1990,2795,2794,1
31079,1991,2730,2841,-111
31079,1992,3030,2705,325
31079,1993,2911,2931,-20
31079,1994,3030,2990,40
31079,1995,2757,3014,-257
31079,1996,2544,2875,-331
31079,1997,2741,2944,-203
31079,1998,2613,3009,-396
31079,1999,2637,3272,-635
31079,2000,2530,3121,-591
31079,2001,2525,2872,-347
31079,2002,2446,2672,-226
31079,2003,2458,2660,-202
31079,2004,2365,2775,-410
31079,2005,2466,2631,-165
31079,2006,2555,2602,-47
31079,2007,3014,2699,315
31079,2008,3075,2717,358
31079,2009,3011,2894,117
31079,2010,2884,2933,-49
31081,1990,460,434,26
31081,1991,481,457,24
31081,1992,503,457,46
31081,1993,557,508,49
31081,1994,535,471,64
31081,1995,545,512,33
31081,1996,583,423,160
31081,1997,492,496,-4
31081,1998,530,446,84
31081,1999,504,567,-63
31081,2000,524,550,-26
31081,2001,499,513,-14
31081,2002,507,469,38
31081,2003,572,583,-11
31081,2004,559,543,16
31081,2005,496,520,-24
31081,2006,473,439,34
31081,2007,529,500,29
31081,2008,468,507,-39
31081,2009,500,442,58
31081,2010,504,519,-15
31083,1990,208,244,-36
31083,1991,200,220,-20
31083,1992,245,184,61
31083,1993,209,218,-9
31083,1994,201,215,-14
31083,1995,224,152,72
31083,1996,202,177,25
31083,1997,163,194,-31
31083,1998,188,183,5
31083,1999,202,214,-12
31083,2000,199,202,-3
31083,2001,169,212,-43
31083,2002,155,131,24
31083,2003,167,183,-16
31083,2004,101,174,-73
31083,2005,149,166,-17
31083,2006,144,131,13
31083,2007,173,217,-44
31083,2008,158,170,-12
31083,2009,142,121,21
31083,2010,183,157,26
31085,1990,0,0,0
31085,1991,0,0,0
31085,1992,49,44,5
31085,1993,48,47,1
31085,1994,0,0,0
31085,1995,33,61,-28
31085,1996,0,0,0
31085,1997,40,53,-13
31085,1998,51,41,10
31085,1999,62,62,0
31085,2000,70,48,22
31085,2001,50,47,3
31085,2002,35,56,-21
31085,2003,32,37,-5
31085,2004,43,60,-17
31085,2005,31,49,-18
31085,2006,42,42,0
31085,2007,55,40,15
31085,2008,53,33,20
31085,2009,37,68,-31
31085,2010,59,60,-1
31087,1990,168,225,-57
31087,1991,0,230,-230
31087,1992,170,183,-13
31087,1993,133,244,-111
31087,1994,201,204,-3
31087,1995,180,217,-37
31087,1996,180,165,15
31087,1997,173,143,30
31087,1998,141,197,-56
31087,1999,164,193,-29
31087,2000,155,162,-7
31087,2001,150,195,-45
31087,2002,147,149,-2
31087,2003,176,181,-5
31087,2004,136,195,-59
31087,2005,165,178,-13
31087,2006,133,158,-25
31087,2007,157,158,-1
31087,2008,166,184,-18
31087,2009,133,142,-9
31087,2010,154,190,-36
31089,1990,493,561,-68
31089,1991,465,587,-122
31089,1992,466,450,16
31089,1993,444,510,-66
31089,1994,400,474,-74
31089,1995,429,484,-55
31089,1996,419,487,-68
31089,1997,418,532,-114
31089,1998,363,485,-122
31089,1999,296,502,-206
31089,2000,387,497,-110
31089,2001,314,444,-130
31089,2002,329,434,-105
31089,2003,281,453,-172
31089,2004,384,406,-22
31089,2005,318,471,-153
31089,2006,323,365,-42
31089,2007,330,398,-68
31089,2008,447,397,50
31089,2009,411,389,22
31089,2010,408,424,-16
31091,1990,0,0,0
31091,1991,0,0,0
31091,1992,44,49,-5
31091,1993,47,46,1
31091,1994,83,49,34
31091,1995,47,76,-29
31091,1996,58,42,16
31091,1997,55,64,-9
31091,1998,58,49,9
31091,1999,60,74,-14
31091,2000,48,81,-33
31091,2001,46,59,-13
31091,2002,45,37,8
31091,2003,47,40,7
31091,2004,46,52,-6
31091,2005,59,38,21
31091,2006,40,70,-30
31091,2007,62,49,13
31091,2008,0,0,0
31091,2009,35,35,0
31091,2010,41,32,9
31093,1990,362,286,76
31093,1991,376,301,75
31093,1992,316,310,6
31093,1993,343,339,4
31093,1994,408,314,94
31093,1995,354,298,56
31093,1996,338,294,44
31093,1997,411,365,46
31093,1998,327,308,19
31093,1999,383,421,-38
31093,2000,332,378,-46
31093,2001,303,307,-4
31093,2002,406,310,96
31093,2003,387,365,22
31093,2004,335,385,-50
31093,2005,337,346,-9
31093,2006,334,332,2
31093,2007,353,401,-48
31093,2008,362,347,15
31093,2009,294,334,-40
31093,2010,341,342,-1
31095,1990,367,375,-8
31095,1991,331,336,-5
31095,1992,385,338,47
31095,1993,322,366,-44
31095,1994,358,408,-50
31095,1995,318,322,-4
31095,1996,376,358,18
31095,1997,377,395,-18
31095,1998,311,325,-14
31095,1999,389,363,26
31095,2000,321,341,-20
31095,2001,342,355,-13
31095,2002,249,343,-94
31095,2003,337,347,-10
31095,2004,273,331,-58
31095,2005,298,331,-33
31095,2006,244,371,-127
31095,2007,294,298,-4
31095,2008,339,359,-20
31095,2009,288,340,-52
31095,2010,328,273,55
31097,1990,224,182,42
31097,1991,199,257,-58
31097,1992,201,193,8
31097,1993,196,202,-6
31097,1994,229,230,-1
31097,1995,220,221,-1
31097,1996,228,212,16
31097,1997,229,253,-24
31097,1998,198,209,-11
31097,1999,225,231,-6
31097,2000,153,258,-105
31097,2001,265,216,49
31097,2002,311,227,84
31097,2003,252,216,36
31097,2004,246,285,-39
31097,2005,205,307,-102
31097,2006,212,299,-87
31097,2007,308,300,8
31097,2008,236,302,-66
31097,2009,243,228,15
31097,2010,222,247,-25
31099,1990,299,381,-82
31099,1991,391,357,34
31099,1992,395,437,-42
31099,1993,401,415,-14
31099,1994,402,392,10
31099,1995,397,327,70
31099,1996,417,385,32
31099,1997,471,338,133
31099,1998,341,345,-4
31099,1999,375,392,-17
31099,2000,321,322,-1
31099,2001,356,399,-43
31099,2002,338,316,22
31099,2003,304,298,6
31099,2004,349,431,-82
31099,2005,443,510,-67
31099,2006,410,387,23
31099,2007,370,444,-74
31099,2008,421,493,-72
31099,2009,368,357,11
31099,2010,417,353,64
31101,1990,466,637,-171
31101,1991,468,484,-16
31101,1992,537,544,-7
31101,1993,529,467,62
31101,1994,597,488,109
31101,1995,476,554,-78
31101,1996,492,447,45
31101,1997,542,525,17
31101,1998,624,478,146
31101,1999,511,590,-79
31101,2000,556,590,-34
31101,2001,523,539,-16
31101,2002,428,635,-207
31101,2003,428,468,-40
31101,2004,439,459,-20
31101,2005,477,509,-32
31101,2006,483,419,64
31101,2007,454,612,-158
31101,2008,491,494,-3
31101,2009,404,381,23
31101,2010,402,472,-70
31103,1990,0,0,0
31103,1991,0,0,0
31103,1992,44,57,-13
31103,1993,48,35,13
31103,1994,36,39,-3
31103,1995,58,47,11
31103,1996,39,78,-39
31103,1997,45,52,-7
31103,1998,51,77,-26
31103,1999,52,71,-19
31103,2000,55,81,-26
31103,2001,40,48,-8
31103,2002,51,47,4
31103,2003,43,51,-8
31103,2004,32,49,-17
31103,2005,29,29,0
31103,2006,39,53,-14
31103,2007,28,35,-7
31103,2008,35,50,-15
31103,2009,35,32,3
31103,2010,43,44,-1
31105,1990,0,240,-240
31105,1991,256,279,-23
31105,1992,353,245,108
31105,1993,278,376,-98
31105,1994,358,311,47
31105,1995,222,319,-97
31105,1996,231,244,-13
31105,1997,259,195,64
31105,1998,241,271,-30
31105,1999,196,276,-80
31105,2000,183,239,-56
31105,2001,214,221,-7
31105,2002,191,285,-94
31105,2003,191,220,-29
31105,2004,227,220,7
31105,2005,202,227,-25
31105,2006,178,254,-76
31105,2007,203,236,-33
31105,2008,248,210,38
31105,2009,176,166,10
31105,2010,182,221,-39
31107,1990,326,445,-119
31107,1991,398,373,25
31107,1992,386,431,-45
31107,1993,390,314,76
31107,1994,362,331,31
31107,1995,319,343,-24
31107,1996,301,323,-22
31107,1997,273,409,-136
31107,1998,261,360,-99
31107,1999,242,287,-45
31107,2000,271,378,-107
31107,2001,251,284,-33
31107,2002,311,319,-8
31107,2003,263,291,-28
31107,2004,235,315,-80
31107,2005,336,302,34
31107,2006,354,307,47
31107,2007,291,363,-72
31107,2008,267,292,-25
31107,2009,269,255,14
31107,2010,236,278,-42
31109,1990,9302,9034,268
31109,1991,9625,8689,936
31109,1992,9817,8474,1343
31109,1993,9719,9438,281
31109,1994,9886,9480,406
31109,1995,9883,9741,142
31109,1996,10429,10127,302
31109,1997,10490,10944,-454
31109,1998,10852,10841,11
31109,1999,10997,10516,481
31109,2000,10290,10684,-394
31109,2001,10864,10341,523
31109,2002,10723,9960,763
31109,2003,9832,10704,-872
31109,2004,10480,10915,-435
31109,2005,10760,11432,-672
31109,2006,10446,10691,-245
31109,2007,10699,11231,-532
31109,2008,10647,10816,-169
31109,2009,9541,10093,-552
31109,2010,10147,10134,13
31111,1990,1798,1618,180
31111,1991,1664,1479,185
31111,1992,1673,1766,-93
31111,1993,1679,1520,159
31111,1994,1750,1668,82
31111,1995,1668,1645,23
31111,1996,1463,1604,-141
31111,1997,1676,1790,-114
31111,1998,1944,1645,299
31111,1999,1623,1665,-42
31111,2000,1543,1704,-161
31111,2001,1522,1740,-218
31111,2002,1673,1494,179
31111,2003,1675,1488,187
31111,2004,1769,1498,271
31111,2005,1842,1649,193
31111,2006,1631,1779,-148
31111,2007,1802,1770,32
31111,2008,1412,1606,-194
31111,2009,1347,1502,-155
31111,2010,1306,1513,-207
31113,1990,0,69,-69
31113,1991,0,83,-83
31113,1992,108,78,30
31113,1993,65,64,1
31113,1994,52,73,-21
31113,1995,25,0,25
31113,1996,65,63,2
31113,1997,69,91,-22
31113,1998,66,78,-12
31113,1999,55,63,-8
31113,2000,67,72,-5
31113,2001,56,72,-16
31113,2002,33,94,-61
31113,2003,55,85,-30
31113,2004,64,73,-9
31113,2005,45,46,-1
31113,2006,50,58,-8
31113,2007,68,112,-44
31113,2008,22,22,0
31113,2009,52,17,35
31113,2010,98,60,38
31115,1990,0,0,0
31115,1991,0,0,0
31115,1992,0,0,0
31115,1993,0,0,0
31115,1994,52,43,9
31115,1995,47,30,17
31115,1996,0,0,0
31115,1997,39,44,-5
31115,1998,37,51,-14
31115,1999,26,33,-7
31115,2000,30,25,5
31115,2001,0,0,0
31115,2002,27,33,-6
31115,2003,0,0,0
31115,2004,25,30,-5
31115,2005,25,29,-4
31115,2006,41,29,12
31115,2007,30,46,-16
31115,2008,0,0,0
31115,2009,0,0,0
31115,2010,31,36,-5
31117,1990,0,0,0
31117,1991,0,0,0
31117,1992,0,0,0
31117,1993,0,0,0
31117,1994,31,35,-4
31117,1995,0,0,0
31117,1996,0,0,0
31117,1997,0,0,0
31117,1998,0,0,0
31117,1999,0,0,0
31117,2000,0,0,0
31117,2001,0,0,0
31117,2002,0,0,0
31117,2003,0,0,0
31117,2004,23,38,-15
31117,2005,0,0,0
31117,2006,46,21,25
31117,2007,40,26,14
31117,2008,0,25,-25
31117,2009,0,0,0
31117,2010,40,22,18
31119,1990,1856,2007,-151
31119,1991,1942,1850,92
31119,1992,1960,1900,60
31119,1993,2044,1988,56
31119,1994,2090,1845,245
31119,1995,2026,2152,-126
31119,1996,2002,2195,-193
31119,1997,1831,2423,-592
31119,1998,1722,2484,-762
31119,1999,1549,2200,-651
31119,2000,2220,2077,143
31119,2001,2292,2288,4
31119,2002,1876,2378,-502
31119,2003,1789,2267,-478
31119,2004,1614,2097,-483
31119,2005,1617,2224,-607
31119,2006,1445,2809,-1364
31119,2007,1576,1906,-330
31119,2008,1688,1720,-32
31119,2009,1658,1603,55
31119,2010,1544,1802,-258
31121,1990,478,499,-21
31121,1991,495,419,76
31121,1992,482,553,-71
31121,1993,531,568,-37
31121,1994,488,517,-29
31121,1995,486,505,-19
31121,1996,465,501,-36
31121,1997,407,525,-118
31121,1998,426,468,-42
31121,1999,384,513,-129
31121,2000,425,526,-101
31121,2001,389,380,9
31121,2002,397,392,5
31121,2003,405,397,8
31121,2004,444,522,-78
31121,2005,416,503,-87
31121,2006,393,469,-76
31121,2007,445,432,13
31121,2008,407,362,45
31121,2009,453,385,68
31121,2010,379,447,-68
31123,1990,291,357,-66
31123,1991,315,321,-6
31123,1992,337,284,53
31123,1993,321,335,-14
31123,1994,350,334,16
31123,1995,339,375,-36
31123,1996,324,300,24
31123,1997,338,312,26
31123,1998,259,365,-106
31123,1999,350,339,11
31123,2000,287,336,-49
31123,2001,275,361,-86
31123,2002,300,301,-1
31123,2003,251,283,-32
31123,2004,299,329,-30
31123,2005,320,321,-1
31123,2006,288,284,4
31123,2007,281,297,-16
31123,2008,273,340,-67
31123,2009,271,254,17
31123,2010,251,287,-36
31125,1990,210,188,22
31125,1991,196,221,-25
31125,1992,225,252,-27
31125,1993,226,190,36
31125,1994,213,258,-45
31125,1995,241,217,24
31125,1996,221,240,-19
31125,1997,137,240,-103
31125,1998,213,248,-35
31125,1999,208,205,3
31125,2000,188,229,-41
31125,2001,168,261,-93
31125,2002,125,209,-84
31125,2003,165,177,-12
31125,2004,154,150,4
31125,2005,191,201,-10
31125,2006,179,191,-12
31125,2007,178,182,-4
31125,2008,139,159,-20
31125,2009,165,157,8
31125,2010,187,164,23
31127,1990,399,385,14
31127,1991,340,443,-103
31127,1992,338,339,-1
31127,1993,358,368,-10
31127,1994,478,294,184
31127,1995,418,431,-13
31127,1996,460,481,-21
31127,1997,437,544,-107
31127,1998,444,480,-36
31127,1999,405,451,-46
31127,2000,374,464,-90
31127,2001,360,458,-98
31127,2002,333,433,-100
31127,2003,370,399,-29
31127,2004,333,377,-44
31127,2005,403,305,98
31127,2006,339,385,-46
31127,2007,437,408,29
31127,2008,298,492,-194
31127,2009,375,354,21
31127,2010,331,302,29
31129,1990,221,236,-15
31129,1991,0,251,-251
31129,1992,194,245,-51
31129,1993,204,224,-20
31129,1994,213,254,-41
31129,1995,179,241,-62
31129,1996,228,255,-27
31129,1997,180,259,-79
31129,1998,183,213,-30
31129,1999,174,239,-65
31129,2000,204,227,-23
31129,2001,201,273,-72
31129,2002,217,195,22
31129,2003,188,205,-17
31129,2004,123,168,-45
31129,2005,175,241,-66
31129,2006,151,184,-33
31129,2007,164,207,-43
31129,2008,161,203,-42
31129,2009,200,152,48
31129,2010,173,210,-37
31131,1990,805,737,68
31131,1991,730,625,105
31131,1992,647,631,16
31131,1993,692,728,-36
31131,1994,685,712,-27
31131,1995,771,654,117
31131,1996,748,723,25
31131,1997,841,635,206
31131,1998,826,714,112
31131,1999,857,744,113
31131,2000,798,749,49
31131,2001,695,748,-53
31131,2002,661,671,-10
31131,2003,823,773,50
31131,2004,857,841,16
31131,2005,965,807,158
31131,2006,917,850,67
31131,2007,781,924,-143
31131,2008,791,909,-118
31131,2009,859,715,144
31131,2010,787,813,-26
31133,1990,0,114,-114
31133,1991,0,164,-164
31133,1992,177,124,53
31133,1993,111,114,-3
31133,1994,131,119,12
31133,1995,115,119,-4
31133,1996,132,134,-2
31133,1997,90,105,-15
31133,1998,104,102,2
31133,1999,124,120,4
31133,2000,125,157,-32
31133,2001,154,126,28
31133,2002,78,132,-54
31133,2003,126,122,4
31133,2004,115,102,13
31133,2005,106,136,-30
31133,2006,111,92,19
31133,2007,128,163,-35
31133,2008,155,107,48
31133,2009,153,114,39
31133,2010,115,93,22
31135,1990,0,200,-200
31135,1991,0,0,0
31135,1992,172,180,-8
31135,1993,154,125,29
31135,1994,197,167,30
31135,1995,176,170,6
31135,1996,156,143,13
31135,1997,183,230,-47
31135,1998,193,181,12
31135,1999,144,225,-81
31135,2000,147,195,-48
31135,2001,163,192,-29
31135,2002,126,152,-26
31135,2003,156,106,50
31135,2004,163,172,-9
31135,2005,83,179,-96
31135,2006,145,159,-14
31135,2007,155,230,-75
31135,2008,161,181,-20
31135,2009,166,119,47
31135,2010,133,161,-28
31137,1990,493,451,42
31137,1991,466,523,-57
31137,1992,584,529,55
31137,1993,542,552,-10
31137,1994,552,457,95
31137,1995,494,475,19
31137,1996,522,604,-82
31137,1997,442,508,-66
31137,1998,467,550,-83
31137,1999,507,534,-27
31137,2000,466,522,-56
31137,2001,510,567,-57
31137,2002,432,540,-108
31137,2003,497,516,-19
31137,2004,452,550,-98
31137,2005,466,482,-16
31137,2006,443,558,-115
31137,2007,511,528,-17
31137,2008,402,492,-90
31137,2009,466,444,22
31137,2010,393,460,-67
31139,1990,281,266,15
31139,1991,290,323,-33
31139,1992,315,277,38
31139,1993,335,324,11
31139,1994,332,325,7
31139,1995,329,301,28
31139,1996,362,340,22
31139,1997,344,323,21
31139,1998,313,349,-36
31139,1999,272,344,-72
31139,2000,327,340,-13
31139,2001,295,362,-67
31139,2002,320,342,-22
31139,2003,333,375,-42
31139,2004,380,344,36
31139,2005,300,396,-96
31139,2006,280,365,-85
31139,2007,293,347,-54
31139,2008,324,397,-73
31139,2009,261,265,-4
31139,2010,255,301,-46
31141,1990,1512,1530,-18
31141,1991,1348,1333,15
31141,1992,1446,1209,237
31141,1993,1721,1558,163
31141,1994,1518,1597,-79
31141,1995,1708,1713,-5
31141,1996,1624,1739,-115
31141,1997,1584,1687,-103
31141,1998,1328,1773,-445
31141,1999,1267,1513,-246
31141,2000,1440,1589,-149
31141,2001,1269,1585,-316
31141,2002,1175,1415,-240
31141,2003,1201,1364,-163
31141,2004,1253,1443,-190
31141,2005,1308,1456,-148
31141,2006,1318,1396,-78
31141,2007,1319,1436,-117
31141,2008,1659,1444,215
31141,2009,1432,1463,-31
31141,2010,1608,1565,43
31143,1990,241,322,-81
31143,1991,253,261,-8
31143,1992,238,260,-22
31143,1993,346,242,104
31143,1994,365,287,78
31143,1995,257,319,-62
31143,1996,316,256,60
31143,1997,272,258,14
31143,1998,209,286,-77
31143,1999,193,275,-82
31143,2000,222,301,-79
31143,2001,238,224,14
31143,2002,246,238,8
31143,2003,240,274,-34
31143,2004,265,240,25
31143,2005,239,286,-47
31143,2006,264,255,9
31143,2007,270,323,-53
31143,2008,265,268,-3
31143,2009,250,259,-9
31143,2010,264,277,-13
31145,1990,538,679,-141
31145,1991,548,693,-145
31145,1992,556,591,-35
31145,1993,588,677,-89
31145,1994,662,657,5
31145,1995,661,620,41
31145,1996,530,655,-125
31145,1997,549,679,-130
31145,1998,618,610,8
31145,1999,521,550,-29
31145,2000,587,625,-38
31145,2001,488,614,-126
31145,2002,497,577,-80
31145,2003,515,603,-88
31145,2004,476,550,-74
31145,2005,468,616,-148
31145,2006,453,537,-84
31145,2007,546,568,-22
31145,2008,544,573,-29
31145,2009,485,535,-50
31145,2010,546,541,5
31147,1990,379,392,-13
31147,1991,332,345,-13
31147,1992,360,411,-51
31147,1993,383,385,-2
31147,1994,302,312,-10
31147,1995,312,315,-3
31147,1996,348,384,-36
31147,1997,391,332,59
31147,1998,376,394,-18
31147,1999,343,346,-3
31147,2000,268,421,-153
31147,2001,322,389,-67
31147,2002,318,378,-60
31147,2003,319,329,-10
31147,2004,269,343,-74
31147,2005,300,355,-55
31147,2006,296,387,-91
31147,2007,342,353,-11
31147,2008,342,321,21
31147,2009,319,344,-25
31147,2010,296,312,-16
31149,1990,0,0,0
31149,1991,0,0,0
31149,1992,82,106,-24
31149,1993,82,93,-11
31149,1994,80,125,-45
31149,1995,95,111,-16
31149,1996,75,110,-35
31149,1997,86,98,-12
31149,1998,55,79,-24
31149,1999,95,94,1
31149,2000,51,75,-24
31149,2001,52,72,-20
31149,2002,52,102,-50
31149,2003,53,55,-2
31149,2004,59,86,-27
31149,2005,62,65,-3
31149,2006,62,65,-3
31149,2007,39,52,-13
31149,2008,52,45,7
31149,2009,55,63,-8
31149,2010,48,81,-33
31151,1990,605,681,-76
31151,1991,710,590,120
31151,1992,669,624,45
31151,1993,698,624,74
31151,1994,760,671,89
31151,1995,681,691,-10
31151,1996,709,691,18
31151,1997,610,702,-92
31151,1998,760,639,121
31151,1999,746,810,-64
31151,2000,827,806,21
31151,2001,755,745,10
31151,2002,751,684,67
31151,2003,725,766,-41
31151,2004,693,782,-89
31151,2005,714,879,-165
31151,2006,647,753,-106
31151,2007,765,852,-87
31151,2008,822,760,62
31151,2009,631,674,-43
31151,2010,684,633,51
31153,1990,12242,11366,876
31153,1991,12000,11264,736
31153,1992,13341,14881,-1540
31153,1993,11680,11143,537
31153,1994,12297,11564,733
31153,1995,12446,10774,1672
31153,1996,11643,10954,689
31153,1997,11273,11060,213
31153,1998,11902,11679,223
31153,1999,11614,11188,426
31153,2000,11689,10680,1009
31153,2001,11891,10936,955
31153,2002,11967,10794,1173
31153,2003,13285,11389,1896
31153,2004,14103,12013,2090
31153,2005,14227,12471,1756
31153,2006,14330,12346,1984
31153,2007,14295,12050,2245
31153,2008,13607,12518,1089
31153,2009,13605,12466,1139
31153,2010,13026,12256,770
31155,1990,957,1062,-105
31155,1991,965,855,110
31155,1992,1021,914,107
31155,1993,1027,956,71
31155,1994,1138,870,268
31155,1995,1001,976,25
31155,1996,919,950,-31
31155,1997,895,898,-3
31155,1998,933,959,-26
31155,1999,1022,1039,-17
31155,2000,916,862,54
31155,2001,920,1014,-94
31155,2002,1059,1000,59
31155,2003,1032,909,123
31155,2004,1112,942,170
31155,2005,1062,1179,-117
31155,2006,997,940,57
31155,2007,1096,1164,-68
31155,2008,1038,1045,-7
31155,2009,1087,830,257
31155,2010,1003,1035,-32
31157,1990,1817,1857,-40
31157,1991,1977,1808,169
31157,1992,1857,1952,-95
31157,1993,1881,1859,22
31157,1994,1781,1839,-58
31157,1995,1615,1883,-268
31157,1996,1630,1893,-263
31157,1997,1568,1922,-354
31157,1998,1709,1740,-31
31157,1999,1760,1787,-27
31157,2000,1468,1937,-469
31157,2001,1626,1717,-91
31157,2002,1615,1668,-53
31157,2003,1392,1666,-274
31157,2004,1566,1679,-113
31157,2005,1553,1774,-221
31157,2006,1532,1534,-2
31157,2007,1585,1537,48
31157,2008,1662,1545,117
31157,2009,1651,1432,219
31157,2010,1454,1495,-41
31159,1990,826,789,37
31159,1991,769,713,56
31159,1992,851,761,90
31159,1993,883,838,45
31159,1994,918,759,159
31159,1995,813,828,-15
31159,1996,760,866,-106
31159,1997,886,815,71
31159,1998,949,916,33
31159,1999,856,790,66
31159,2000,831,935,-104
31159,2001,800,860,-60
31159,2002,863,871,-8
31159,2003,947,812,135
31159,2004,898,956,-58
31159,2005,923,865,58
31159,2006,866,922,-56
31159,2007,925,778,147
31159,2008,767,924,-157
31159,2009,839,673,166
31159,2010,720,811,-91
31161,1990,412,480,-68
31161,1991,422,438,-16
31161,1992,424,437,-13
31161,1993,412,420,-8
31161,1994,462,398,64
31161,1995,405,366,39
31161,1996,373,399,-26
31161,1997,333,460,-127
31161,1998,320,338,-18
31161,1999,326,390,-64
31161,2000,261,432,-171
31161,2001,388,348,40
31161,2002,262,397,-135
31161,2003,261,270,-9
31161,2004,240,351,-111
31161,2005,277,335,-58
31161,2006,286,296,-10
31161,2007,258,341,-83
31161,2008,319,308,11
31161,2009,255,319,-64
31161,2010,293,354,-61
31163,1990,156,170,-14
31163,1991,171,189,-18
31163,1992,165,185,-20
31163,1993,168,197,-29
31163,1994,180,185,-5
31163,1995,184,164,20
31163,1996,168,211,-43
31163,1997,159,224,-65
31163,1998,224,181,43
31163,1999,120,198,-78
31163,2000,135,168,-33
31163,2001,116,157,-41
31163,2002,149,168,-19
31163,2003,264,146,118
31163,2004,121,150,-29
31163,2005,134,154,-20
31163,2006,154,167,-13
31163,2007,173,168,5
31163,2008,151,154,-3
31163,2009,161,130,31
31163,2010,155,168,-13
31165,1990,0,0,0
31165,1991,0,63,-63
31165,1992,61,77,-16
31165,1993,56,64,-8
31165,1994,70,55,15
31165,1995,34,69,-35
31165,1996,50,41,9
31165,1997,59,71,-12
31165,1998,29,61,-32
31165,1999,0,0,0
31165,2000,33,47,-14
31165,2001,53,44,9
31165,2002,57,42,15
31165,2003,0,0,0
31165,2004,68,51,17
31165,2005,55,82,-27
31165,2006,73,64,9
31165,2007,52,106,-54
31165,2008,58,72,-14
31165,2009,63,71,-8
31165,2010,79,70,9
31167,1990,305,320,-15
31167,1991,284,382,-98
31167,1992,216,326,-110
31167,1993,288,295,-7
31167,1994,315,259,56
31167,1995,222,259,-37
31167,1996,219,224,-5
31167,1997,370,243,127
31167,1998,211,303,-92
31167,1999,205,279,-74
31167,2000,199,216,-17
31167,2001,214,184,30
31167,2002,203,190,13
31167,2003,254,188,66
31167,2004,242,299,-57
31167,2005,302,332,-30
31167,2006,272,384,-112
31167,2007,249,372,-123
31167,2008,285,283,2
31167,2009,224,232,-8
31167,2010,262,294,-32
31169,1990,295,270,25
31169,1991,311,307,4
31169,1992,275,269,6
31169,1993,290,305,-15
31169,1994,259,353,-94
31169,1995,244,260,-16
31169,1996,238,324,-86
31169,1997,284,276,8
31169,1998,272,332,-60
31169,1999,238,231,7
31169,2000,200,327,-127
31169,2001,164,280,-116
31169,2002,209,264,-55
31169,2003,197,279,-82
31169,2004,246,255,-9
31169,2005,192,284,-92
31169,2006,227,229,-2
31169,2007,229,273,-44
31169,2008,234,287,-53
31169,2009,179,188,-9
31169,2010,192,198,-6
31171,1990,0,0,0
31171,1991,0,0,0
31171,1992,64,44,20
31171,1993,37,95,-58
31171,1994,52,45,7
31171,1995,61,60,1
31171,1996,35,59,-24
31171,1997,59,59,0
31171,1998,84,71,13
31171,1999,71,48,23
31171,2000,48,74,-26
31171,2001,56,71,-15
31171,2002,56,57,-1
31171,2003,34,55,-21
31171,2004,62,69,-7
31171,2005,55,54,1
31171,2006,63,64,-1
31171,2007,55,68,-13
31171,2008,33,51,-18
31171,2009,47,63,-16
31171,2010,90,48,42
31173,1990,288,311,-23
31173,1991,259,348,-89
31173,1992,277,248,29
31173,1993,322,301,21
31173,1994,278,367,-89
31173,1995,340,305,35
31173,1996,254,356,-102
31173,1997,299,388,-89
31173,1998,250,401,-151
31173,1999,290,345,-55
31173,2000,250,367,-117
31173,2001,223,328,-105
31173,2002,258,279,-21
31173,2003,242,303,-61
31173,2004,304,266,38
31173,2005,282,366,-84
31173,2006,245,284,-39
31173,2007,273,403,-130
31173,2008,275,329,-54
31173,2009,283,250,33
31173,2010,263,315,-52
31175,1990,196,267,-71
31175,1991,246,264,-18
31175,1992,204,259,-55
31175,1993,220,216,4
31175,1994,264,249,15
31175,1995,209,251,-42
31175,1996,205,210,-5
31175,1997,179,255,-76
31175,1998,175,242,-67
31175,1999,203,191,12
31175,2000,176,178,-2
31175,2001,190,207,-17
31175,2002,210,160,50
31175,2003,117,189,-72
31175,2004,122,181,-59
31175,2005,210,212,-2
31175,2006,150,196,-46
31175,2007,174,231,-57
31175,2008,194,209,-15
31175,2009,207,173,34
31175,2010,166,201,-35
31177,1990,813,777,36
31177,1991,872,734,138
31177,1992,931,750,181
31177,1993,868,771,97
31177,1994,973,822,151
31177,1995,1112,856,256
31177,1996,1175,921,254
31177,1997,1148,896,252
31177,1998,1113,1010,103
31177,1999,1072,1024,48
31177,2000,1171,979,192
31177,2001,1160,1082,78
31177,2002,1178,945,233
31177,2003,1082,1085,-3
31177,2004,1148,989,159
31177,2005,1156,1098,58
31177,2006,1095,1028,67
31177,2007,1008,1118,-110
31177,2008,1054,1048,6
31177,2009,1000,891,109
31177,2010,984,988,-4
31179,1990,547,491,56
31179,1991,389,468,-79
31179,1992,479,458,21
31179,1993,439,455,-16
31179,1994,471,528,-57
31179,1995,488,496,-8
31179,1996,403,511,-108
31179,1997,493,499,-6
31179,1998,372,476,-104
31179,1999,365,508,-143
31179,2000,407,496,-89
31179,2001,369,493,-124
31179,2002,385,471,-86
31179,2003,405,501,-96
31179,2004,433,492,-59
31179,2005,443,460,-17
31179,2006,335,476,-141
31179,2007,387,519,-132
31179,2008,377,511,-134
31179,2009,415,391,24
31179,2010,355,487,-132
31181,1990,198,204,-6
31181,1991,239,228,11
31181,1992,206,197,9
31181,1993,235,206,29
31181,1994,221,222,-1
31181,1995,214,290,-76
31181,1996,245,225,20
31181,1997,234,192,42
31181,1998,175,225,-50
31181,1999,165,217,-52
31181,2000,183,234,-51
31181,2001,184,241,-57
31181,2002,160,145,15
31181,2003,183,191,-8
31181,2004,152,177,-25
31181,2005,138,174,-36
31181,2006,155,144,11
31181,2007,155,212,-57
31181,2008,202,181,21
31181,2009,158,151,7
31181,2010,191,213,-22
31183,1990,0,0,0
31183,1991,0,0,0
31183,1992,0,0,0
31183,1993,67,52,15
31183,1994,66,82,-16
31183,1995,39,41,-2
31183,1996,49,59,-10
31183,1997,41,59,-18
31183,1998,56,63,-7
31183,1999,31,47,-16
31183,2000,30,46,-16
31183,2001,54,60,-6
31183,2002,0,0,0
31183,2003,0,0,0
31183,2004,52,47,5
31183,2005,45,37,8
31183,2006,45,29,16
31183,2007,50,43,7
31183,2008,0,0,0
31183,2009,51,38,13
31183,2010,49,48,1
31185,1990,676,735,-59
31185,1991,734,652,82
31185,1992,629,640,-11
31185,1993,739,767,-28
31185,1994,741,757,-16
31185,1995,765,706,59
31185,1996,706,790,-84
31185,1997,695,761,-66
31185,1998,716,873,-157
31185,1999,678,796,-118
31185,2000,677,801,-124
31185,2001,642,849,-207
31185,2002,600,688,-88
31185,2003,600,708,-108
31185,2004,729,662,67
31185,2005,741,744,-3
31185,2006,642,767,-125
31185,2007,706,888,-182
31185,2008,690,828,-138
31185,2009,619,717,-98
31185,2010,701,674,27
32001,1990,2214,1855,359
32001,1991,1894,1711,183
32001,1992,2327,1833,494
32001,1993,2150,1697,453
32001,1994,2175,1844,331
32001,1995,2273,1823,450
32001,1996,2692,1984,708
32001,1997,2303,2097,206
32001,1998,2160,2124,36
32001,1999,2037,2135,-98
32001,2000,2175,2138,37
32001,2001,1913,2390,-477
32001,2002,1911,2060,-149
32001,2003,1989,1999,-10
32001,2004,2239,2063,176
32001,2005,2133,1975,158
32001,2006,1875,1941,-66
32001,2007,1865,1974,-109
32001,2008,1865,1891,-26
32001,2009,1545,1901,-356
32001,2010,1715,1881,-166
32003,1990,69675,34886,34789
32003,1991,59989,39757,20232
32003,1992,64042,42008,22034
32003,1993,77171,37028,40143
32003,1994,75187,41755,33432
32003,1995,74001,41375,32626
32003,1996,81516,43044,38472
32003,1997,80108,45991,34117
32003,1998,81437,47606,33831
32003,1999,85300,49740,35560
32003,2000,82991,50992,31999
32003,2001,83130,54217,28913
32003,2002,83219,54254,28965
32003,2003,97147,56000,41147
32003,2004,97715,66373,31342
32003,2005,103518,69087,34431
32003,2006,95432,68485,26947
32003,2007,88257,74972,13285
32003,2008,76159,77127,-968
32003,2009,65422,73875,-8453
32003,2010,68389,72761,-4372
32005,1990,4095,2678,1417
32005,1991,3887,2852,1035
32005,1992,3982,2924,1058
32005,1993,3774,3008,766
32005,1994,4039,2857,1182
32005,1995,3871,3282,589
32005,1996,3795,3370,425
32005,1997,3718,3156,562
32005,1998,3837,3256,581
32005,1999,3844,3246,598
32005,2000,3977,3293,684
32005,2001,4017,3188,829
32005,2002,4118,3378,740
32005,2003,4233,3270,963
32005,2004,3870,3553,317
32005,2005,3657,3620,37
32005,2006,3205,3078,127
32005,2007,3266,3128,138
32005,2008,2977,3117,-140
32005,2009,3037,2907,130
32005,2010,2946,2834,112
32007,1990,4018,3046,972
32007,1991,3488,2769,719
32007,1992,3800,2841,959
32007,1993,3781,3092,689
32007,1994,3808,3351,457
32007,1995,4281,3218,1063
32007,1996,4233,3255,978
32007,1997,3326,3607,-281
32007,1998,2543,3840,-1297
32007,1999,2896,3415,-519
32007,2000,3055,3546,-491
32007,2001,2507,3535,-1028
32007,2002,2349,3198,-849
32007,2003,2708,2812,-104
32007,2004,3226,2770,456
32007,2005,3500,2733,767
32007,2006,3431,2838,593
32007,2007,2843,3050,-207
32007,2008,2933,2748,185
32007,2009,2450,2520,-70
32007,2010,2623,2675,-52
32009,1990,112,162,-50
32009,1991,149,116,33
32009,1992,92,187,-95
32009,1993,78,117,-39
32009,1994,112,82,30
32009,1995,94,115,-21
32009,1996,92,109,-17
32009,1997,111,110,1
32009,1998,87,116,-29
32009,1999,72,67,5
32009,2000,67,68,-1
32009,2001,53,85,-32
32009,2002,51,63,-12
32009,2003,57,55,2
32009,2004,70,63,7
32009,2005,77,80,-3
32009,2006,75,77,-2
32009,2007,117,69,48
32009,2008,82,105,-23
32009,2009,60,96,-36
32009,2010,71,50,21
32011,1990,234,165,69
32011,1991,118,202,-84
32011,1992,164,222,-58
32011,1993,127,230,-103
32011,1994,162,143,19
32011,1995,183,93,90
32011,1996,316,93,223
32011,1997,244,153,91
32011,1998,80,201,-121
32011,1999,84,132,-48
32011,2000,114,116,-2
32011,2001,99,141,-42
32011,2002,108,219,-111
32011,2003,76,134,-58
32011,2004,122,124,-2
32011,2005,132,79,53
32011,2006,198,90,108
32011,2007,176,131,45
32011,2008,193,135,58
32011,2009,153,108,45
32011,2010,114,132,-18
32013,1990,1510,1074,436
32013,1991,1571,1326,245
32013,1992,1536,1329,207
32013,1993,1348,1244,104
32013,1994,1629,1125,504
32013,1995,1662,1312,350
32013,1996,1964,1369,595
32013,1997,1697,1473,224
32013,1998,1190,1742,-552
32013,1999,954,1961,-1007
32013,2000,899,1697,-798
32013,2001,778,1373,-595
32013,2002,793,1103,-310
32013,2003,1031,887,144
32013,2004,1033,937,96
32013,2005,1181,1022,159
32013,2006,1112,979,133
32013,2007,1071,1034,37
32013,2008,1139,1034,105
32013,2009,992,886,106
32013,2010,952,961,-9
32015,1990,760,755,5
32015,1991,702,619,83
32015,1992,493,693,-200
32015,1993,566,677,-111
32015,1994,522,657,-135
32015,1995,727,501,226
32015,1996,723,469,254
32015,1997,468,830,-362
32015,1998,366,744,-378
32015,1999,325,721,-396
32015,2000,322,596,-274
32015,2001,225,542,-317
32015,2002,301,468,-167
32015,2003,341,326,15
32015,2004,357,349,8
32015,2005,483,343,140
32015,2006,450,373,77
32015,2007,404,456,-52
32015,2008,414,431,-17
32015,2009,366,373,-7
32015,2010,374,328,46
32017,1990,257,250,7
32017,1991,244,247,-3
32017,1992,255,206,49
32017,1993,253,212,41
32017,1994,231,230,1
32017,1995,226,203,23
32017,1996,308,279,29
32017,1997,239,205,34
32017,1998,230,190,40
32017,1999,199,174,25
32017,2000,242,244,-2
32017,2001,260,192,68
32017,2002,232,187,45
32017,2003,249,235,14
32017,2004,286,235,51
32017,2005,301,234,67
32017,2006,274,180,94
32017,2007,274,208,66
32017,2008,256,238,18
32017,2009,379,222,157
32017,2010,334,221,113
32019,1990,2648,1817,831
32019,1991,2489,2000,489
32019,1992,2736,1945,791
32019,1993,2787,1866,921
32019,1994,2986,1850,1136
32019,1995,3329,2004,1325
32019,1996,3614,2238,1376
32019,1997,3489,2408,1081
32019,1998,3650,2500,1150
32019,1999,3901,2639,1262
32019,2000,3766,2756,1010
32019,2001,4148,2765,1383
32019,2002,4610,2865,1745
32019,2003,5392,3050,2342
32019,2004,6511,3306,3205
32019,2005,6617,3614,3003
32019,2006,5302,3726,1576
32019,2007,4563,4120,443
32019,2008,4047,4336,-289
32019,2009,4251,4004,247
32019,2010,3750,4122,-372
32021,1990,432,724,-292
32021,1991,506,495,11
32021,1992,461,563,-102
32021,1993,366,552,-186
32021,1994,423,467,-44
32021,1995,393,511,-118
32021,1996,321,429,-108
32021,1997,274,550,-276
32021,1998,257,382,-125
32021,1999,217,465,-248
32021,2000,284,377,-93
32021,2001,280,343,-63
32021,2002,317,268,49
32021,2003,394,284,110
32021,2004,355,353,2
32021,2005,306,327,-21
32021,2006,307,282,25
32021,2007,270,287,-17
32021,2008,292,245,47
32021,2009,256,233,23
32021,2010,205,340,-135
32023,1990,2535,2134,401
32023,1991,2308,1902,406
32023,1992,2376,1811,565
32023,1993,3156,1788,1368
32023,1994,3177,1788,1389
32023,1995,3159,1896,1263
32023,1996,3711,1938,1773
32023,1997,3582,2126,1456
32023,1998,3374,2474,900
32023,1999,3663,2510,1153
32023,2000,3144,2474,670
32023,2001,3152,2430,722
32023,2002,3364,2413,951
32023,2003,3899,2317,1582
32023,2004,4646,2385,2261
32023,2005,4566,2694,1872
32023,2006,4076,2616,1460
32023,2007,3471,3069,402
32023,2008,3157,2924,233
32023,2009,2789,2893,-104
32023,2010,2711,2842,-131
32027,1990,365,415,-50
32027,1991,417,401,16
32027,1992,353,401,-48
32027,1993,329,372,-43
32027,1994,356,374,-18
32027,1995,516,306,210
32027,1996,402,380,22
32027,1997,311,346,-35
32027,1998,281,378,-97
32027,1999,243,357,-114
32027,2000,282,374,-92
32027,2001,247,280,-33
32027,2002,198,304,-106
32027,2003,207,255,-48
32027,2004,320,344,-24
32027,2005,294,321,-27
32027,2006,345,317,28
32027,2007,274,366,-92
32027,2008,286,314,-28
32027,2009,229,265,-36
32027,2010,210,255,-45
32029,1990,218,182,36
32029,1991,162,213,-51
32029,1992,170,143,27
32029,1993,190,144,46
32029,1994,182,139,43
32029,1995,736,526,210
32029,1996,732,591,141
32029,1997,670,553,117
32029,1998,751,655,96
32029,1999,713,727,-14
32029,2000,809,583,226
32029,2001,710,675,35
32029,2002,863,628,235
32029,2003,1074,643,431
32029,2004,589,315,274
32029,2005,348,276,72
32029,2006,495,392,103
32029,2007,618,459,159
32029,2008,293,295,-2
32029,2009,233,288,-55
32029,2010,241,320,-79
32031,1990,17861,15311,2550
32031,1991,17151,15150,2001
32031,1992,17750,14665,3085
32031,1993,19343,14933,4410
32031,1994,19014,15568,3446
32031,1995,18575,15512,3063
32031,1996,18403,15922,2481
32031,1997,17736,16035,1701
32031,1998,17894,16339,1555
32031,1999,18402,16314,2088
32031,2000,19598,15052,4546
32031,2001,19802,15248,4554
32031,2002,19102,15328,3774
32031,2003,20085,15888,4197
32031,2004,20649,16784,3865
32031,2005,19868,18459,1409
32031,2006,19083,16941,2142
32031,2007,18214,17630,584
32031,2008,15807,18118,-2311
32031,2009,15055,15566,-511
32031,2010,15706,15986,-280
32033,1990,735,954,-219
32033,1991,641,858,-217
32033,1992,479,754,-275
32033,1993,541,679,-138
32033,1994,1145,557,588
32033,1995,1286,918,368
32033,1996,753,860,-107
32033,1997,640,797,-157
32033,1998,562,845,-283
32033,1999,475,1083,-608
32033,2000,404,672,-268
32033,2001,458,539,-81
32033,2002,436,519,-83
32033,2003,515,523,-8
32033,2004,819,429,390
32033,2005,748,492,256
32033,2006,637,575,62
32033,2007,625,594,31
32033,2008,579,506,73
32033,2009,564,495,69
32033,2010,573,526,47
32510,1990,4360,3533,827
32510,1991,4406,3633,773
32510,1992,4143,3562,581
32510,1993,4679,3450,1229
32510,1994,4488,3596,892
32510,1995,4193,3563,630
32510,1996,4029,3746,283
32510,1997,3968,3918,50
32510,1998,4297,3899,398
32510,1999,3982,4019,-37
32510,2000,4229,3912,317
32510,2001,4421,3826,595
32510,2002,4393,4045,348
32510,2003,4214,4018,196
32510,2004,4038,4248,-210
32510,2005,3646,4419,-773
32510,2006,3566,4003,-437
32510,2007,3699,3956,-257
32510,2008,3398,3884,-486
32510,2009,3357,3815,-458
32510,2010,3300,3464,-164
33001,1990,2652,3178,-526
33001,1991,2681,2811,-130
33001,1992,2709,2734,-25
33001,1993,3012,2950,62
33001,1994,3482,2546,936
33001,1995,3188,2829,359
33001,1996,3299,2927,372
33001,1997,3518,2909,609
33001,1998,3583,2928,655
33001,1999,4034,3180,854
33001,2000,4193,2959,1234
33001,2001,4311,3221,1090
33001,2002,4075,3088,987
33001,2003,3678,3104,574
33001,2004,3617,3315,302
33001,2005,3560,3465,95
33001,2006,3187,3041,146
33001,2007,3376,3086,290
33001,2008,3132,3104,28
33001,2009,2815,2847,-32
33001,2010,2967,2797,170
33003,1990,2365,2194,171
33003,1991,2201,1892,309
33003,1992,2199,1896,303
33003,1993,2267,1942,325
33003,1994,2550,1914,636
33003,1995,2411,1837,574
33003,1996,2491,1942,549
33003,1997,2401,1839,562
33003,1998,2767,2012,755
33003,1999,2822,2059,763
33003,2000,2715,2252,463
33003,2001,2706,1948,758
33003,2002,2819,2061,758
33003,2003,2819,2174,645
33003,2004,2651,2312,339
33003,2005,2724,2173,551
33003,2006,2415,2089,326
33003,2007,2423,2069,354
33003,2008,2090,2063,27
33003,2009,2185,2079,106
33003,2010,1977,2036,-59
33005,1990,3099,3303,-204
33005,1991,2847,2955,-108
33005,1992,2864,2761,103
33005,1993,2848,3087,-239
33005,1994,3143,3083,60
33005,1995,3271,2935,336
33005,1996,3082,3125,-43
33005,1997,3082,3063,19
33005,1998,3320,3109,211
33005,1999,3376,3061,315
33005,2000,3334,3119,215
33005,2001,3442,2991,451
33005,2002,3774,2838,936
33005,2003,3334,2987,347
33005,2004,3317,3139,178
33005,2005,3645,3548,97
33005,2006,3278,3292,-14
33005,2007,3141,3300,-159
33005,2008,2723,3065,-342
33005,2009,2571,2820,-249
33005,2010,2619,2910,-291
33007,1990,1150,1310,-160
33007,1991,1009,1346,-337
33007,1992,993,1362,-369
33007,1993,1018,1156,-138
33007,1994,1193,1290,-97
33007,1995,1029,1154,-125
33007,1996,1133,1197,-64
33007,1997,1076,1884,-808
33007,1998,1251,1249,2
33007,1999,1419,1230,189
33007,2000,1375,1416,-41
33007,2001,1433,1302,131
33007,2002,2254,1301,953
33007,2003,1347,1194,153
33007,2004,1414,1244,170
33007,2005,1313,1331,-18
33007,2006,1262,1339,-77
33007,2007,1142,1343,-201
33007,2008,1118,1368,-250
33007,2009,1145,1286,-141
33007,2010,1069,1196,-127
33009,1990,4230,4388,-158
33009,1991,4358,4080,278
33009,1992,4326,4174,152
33009,1993,4619,3981,638
33009,1994,4614,4385,229
33009,1995,4512,4350,162
33009,1996,4655,4585,70
33009,1997,4497,4770,-273
33009,1998,4805,4694,111
33009,1999,4901,4819,82
33009,2000,5051,4795,256
33009,2001,5079,4586,493
33009,2002,5067,4632,435
33009,2003,5038,4591,447
33009,2004,4996,4702,294
33009,2005,5262,4970,292
33009,2006,4819,4900,-81
33009,2007,5012,4588,424
33009,2008,4667,4737,-70
33009,2009,4382,4570,-188
33009,2010,4162,4570,-408
33011,1990,15434,19176,-3742
33011,1991,16263,16196,67
33011,1992,15718,15952,-234
33011,1993,16171,15720,451
33011,1994,17367,16483,884
33011,1995,17277,16095,1182
33011,1996,18591,16857,1734
33011,1997,19077,17376,1701
33011,1998,19423,18307,1116
33011,1999,19532,17851,1681
33011,2000,20803,18233,2570
33011,2001,19068,19185,-117
33011,2002,18434,19192,-758
33011,2003,18449,18726,-277
33011,2004,18254,19018,-764
33011,2005,18336,19356,-1020
33011,2006,16053,17741,-1688
33011,2007,15661,17460,-1799
33011,2008,15021,16046,-1025
33011,2009,14408,15706,-1298
33011,2010,14373,15752,-1379
33013,1990,6249,7243,-994
33013,1991,5997,7049,-1052
33013,1992,6142,6035,107
33013,1993,6581,5797,784
33013,1994,6987,6339,648
33013,1995,6807,5753,1054
33013,1996,6888,6303,585
33013,1997,7312,6483,829
33013,1998,7995,6551,1444
33013,1999,8041,6665,1376
33013,2000,8222,6606,1616
33013,2001,8765,6779,1986
33013,2002,8546,7178,1368
33013,2003,8194,7359,835
33013,2004,8212,7440,772
33013,2005,8204,7537,667
33013,2006,7274,7169,105
33013,2007,7017,7322,-305
33013,2008,6598,7017,-419
33013,2009,6358,6602,-244
33013,2010,6360,6492,-132
33015,1990,15086,20365,-5279
33015,1991,14815,14592,223
33015,1992,15646,13974,1672
33015,1993,15613,13878,1735
33015,1994,16112,14028,2084
33015,1995,15879,13365,2514
33015,1996,16620,14642,1978
33015,1997,16703,14652,2051
33015,1998,18233,15155,3078
33015,1999,17834,14834,3000
33015,2000,18317,15265,3052
33015,2001,17732,15686,2046
33015,2002,17081,16170,911
33015,2003,16504,16422,82
33015,2004,17033,16146,887
33015,2005,16231,15314,917
33015,2006,14113,14085,28
33015,2007,14232,13748,484
33015,2008,13171,13180,-9
33015,2009,12807,12855,-48
33015,2010,13050,12642,408
33017,1990,5236,6611,-1375
33017,1991,5251,5504,-253
33017,1992,5590,5226,364
33017,1993,5383,5136,247
33017,1994,5696,5549,147
33017,1995,5495,5164,331
33017,1996,5900,5625,275
33017,1997,5924,5836,88
33017,1998,6204,5697,507
33017,1999,6727,5848,879
33017,2000,6840,5669,1171
33017,2001,6545,5820,725
33017,2002,6628,5994,634
33017,2003,6357,6202,155
33017,2004,6368,6370,-2
33017,2005,6481,6067,414
33017,2006,5883,5705,178
33017,2007,5778,5782,-4
33017,2008,5673,5721,-48
33017,2009,5313,5577,-264
33017,2010,5385,5289,96
33019,1990,1753,2011,-258
33019,1991,1509,1862,-353
33019,1992,1694,1916,-222
33019,1993,1885,1603,282
33019,1994,1831,1625,206
33019,1995,1881,1541,340
33019,1996,1844,1785,59
33019,1997,2157,1859,298
33019,1998,2018,1780,238
33019,1999,2126,1820,306
33019,2000,2219,1798,421
33019,2001,2232,1960,272
33019,2002,2233,1813,420
33019,2003,2137,1938,199
33019,2004,2202,1866,336
33019,2005,2330,2098,232
33019,2006,1926,1887,39
33019,2007,2022,2014,8
33019,2008,1751,1896,-145
33019,2009,1725,1709,16
33019,2010,1758,1963,-205
34001,1990,9195,9090,105
34001,1991,8490,8976,-486
34001,1992,8060,8600,-540
34001,1993,8420,8898,-478
34001,1994,8179,8874,-695
34001,1995,8464,8549,-85
34001,1996,8480,9076,-596
34001,1997,8143,8532,-389
34001,1998,8398,8810,-412
34001,1999,8554,8638,-84
34001,2000,8443,8365,78
34001,2001,9736,8358,1378
34001,2002,10032,8047,1985
34001,2003,10961,8763,2198
34001,2004,9546,9114,432
34001,2005,8825,9714,-889
34001,2006,7958,9255,-1297
34001,2007,7582,9084,-1502
34001,2008,7807,8656,-849
34001,2009,7093,8063,-970
34001,2010,7190,8747,-1557
34003,1990,31578,36316,-4738
34003,1991,33451,35652,-2201
34003,1992,32565,36435,-3870
34003,1993,32603,36108,-3505
34003,1994,33484,36390,-2906
34003,1995,31801,35373,-3572
34003,1996,33406,37471,-4065
34003,1997,32908,36296,-3388
34003,1998,33592,37583,-3991
34003,1999,33591,37676,-4085
34003,2000,33158,37036,-3878
34003,2001,33303,38597,-5294
34003,2002,33099,38545,-5446
34003,2003,33550,38715,-5165
34003,2004,33368,40584,-7216
34003,2005,32917,39077,-6160
34003,2006,31911,35622,-3711
34003,2007,33050,33897,-847
34003,2008,31730,31719,11
34003,2009,31921,32044,-123
34003,2010,31680,31166,514
34005,1990,20745,21192,-447
34005,1991,18948,20340,-1392
34005,1992,19706,22165,-2459
34005,1993,20116,19415,701
34005,1994,22289,20205,2084
34005,1995,19877,19418,459
34005,1996,19536,19946,-410
34005,1997,19373,20119,-746
34005,1998,21741,20040,1701
34005,1999,22365,19817,2548
34005,2000,23078,19771,3307
34005,2001,24392,19488,4904
34005,2002,23402,19406,3996
34005,2003,22333,20542,1791
34005,2004,21150,21731,-581
34005,2005,21708,22119,-411
34005,2006,18960,21103,-2143
34005,2007,17775,19943,-2168
34005,2008,17015,17781,-766
34005,2009,16827,16725,102
34005,2010,17117,17374,-257
34007,1990,17857,20990,-3133
34007,1991,17020,20061,-3041
34007,1992,16955,20428,-3473
34007,1993,16899,20111,-3212
34007,1994,17089,19868,-2779
34007,1995,15966,19642,-3676
34007,1996,16508,19526,-3018
34007,1997,16927,19541,-2614
34007,1998,17524,21619,-4095
34007,1999,18044,21713,-3669
34007,2000,18401,20619,-2218
34007,2001,19686,20652,-966
34007,2002,19552,20997,-1445
34007,2003,19632,20644,-1012
34007,2004,20053,20931,-878
34007,2005,20313,21520,-1207
34007,2006,17865,20421,-2556
34007,2007,17334,20306,-2972
34007,2008,16262,18516,-2254
34007,2009,15455,18226,-2771
34007,2010,15559,18397,-2838
34009,1990,5161,4933,228
34009,1991,5105,4676,429
34009,1992,4790,4369,421
34009,1993,4803,4267,536
34009,1994,4685,4428,257
34009,1995,4445,4430,15
34009,1996,4587,4557,30
34009,1997,4644,4461,183
34009,1998,4756,4582,174
34009,1999,4531,4494,37
34009,2000,4536,4257,279
34009,2001,4582,4508,74
34009,2002,4723,4341,382
34009,2003,4309,4988,-679
34009,2004,4212,4883,-671
34009,2005,4045,4506,-461
34009,2006,3548,3950,-402
34009,2007,3866,3929,-63
34009,2008,3578,3715,-137
34009,2009,3696,3412,284
34009,2010,3541,3832,-291
34011,1990,3667,4406,-739
34011,1991,3479,4564,-1085
34011,1992,3490,4129,-639
34011,1993,3496,4433,-937
34011,1994,3287,4752,-1465
34011,1995,3185,5464,-2279
34011,1996,3350,4424,-1074
34011,1997,3322,4431,-1109
34011,1998,3395,4256,-861
34011,1999,3343,4346,-1003
34011,2000,3353,4095,-742
34011,2001,3595,3872,-277
34011,2002,4122,3883,239
34011,2003,4383,3748,635
34011,2004,4350,4140,210
34011,2005,4599,4444,155
34011,2006,4342,4399,-57
34011,2007,4454,4556,-102
34011,2008,4196,4513,-317
34011,2009,3819,4183,-364
34011,2010,3785,4471,-686
34013,1990,22702,34658,-11956
34013,1991,24119,33905,-9786
34013,1992,24400,33698,-9298
34013,1993,23361,34915,-11554
34013,1994,23449,35498,-12049
34013,1995,22059,33994,-11935
34013,1996,23199,34819,-11620
34013,1997,24609,34333,-9724
34013,1998,25881,34161,-8280
34013,1999,25916,34218,-8302
34013,2000,26800,33705,-6905
34013,2001,27345,34961,-7616
34013,2002,27431,35986,-8555
34013,2003,26927,37167,-10240
34013,2004,27510,38757,-11247
34013,2005,27189,37982,-10793
34013,2006,27220,36513,-9293
34013,2007,27192,35884,-8692
34013,2008,27223,31899,-4676
34013,2009,25867,31304,-5437
34013,2010,25875,31005,-5130
34015,1990,10525,9791,734
34015,1991,10099,9736,363
34015,1992,10151,9709,442
34015,1993,10712,9670,1042
34015,1994,10439,9821,618
34015,1995,9524,9389,135
34015,1996,9906,9256,650
34015,1997,9960,9226,734
34015,1998,10684,9420,1264
34015,1999,11165,9564,1601
34015,2000,11158,9631,1527
34015,2001,12420,9382,3038
34015,2002,12749,9556,3193
34015,2003,12599,9805,2794
34015,2004,12923,10522,2401
34015,2005,14241,10605,3636
34015,2006,12734,9947,2787
34015,2007,11521,10668,853
34015,2008,9981,9705,276
34015,2009,9580,9478,102
34015,2010,9377,9418,-41
34017,1990,20011,28793,-8782
34017,1991,21110,29446,-8336
34017,1992,20958,29667,-8709
34017,1993,20966,29583,-8617
34017,1994,21570,29959,-8389
34017,1995,20474,29491,-9017
34017,1996,22177,30449,-8272
34017,1997,22734,31252,-8518
34017,1998,23566,32418,-8852
34017,1999,25220,33617,-8397
34017,2000,27461,34628,-7167
34017,2001,25860,38613,-12753
34017,2002,26694,38793,-12099
34017,2003,27616,39210,-11594
34017,2004,29726,40678,-10952
34017,2005,30086,41581,-11495
34017,2006,29364,40466,-11102
34017,2007,32062,38449,-6387
34017,2008,32633,36799,-4166
34017,2009,31549,37087,-5538
34017,2010,32283,36404,-4121
34019,1990,6255,6499,-244
34019,1991,7048,5690,1358
34019,1992,6825,6081,744
34019,1993,6580,6088,492
34019,1994,6208,6190,18
34019,1995,7092,5482,1610
34019,1996,6970,6153,817
34019,1997,6815,5914,901
34019,1998,7767,6549,1218
34019,1999,7405,6151,1254
34019,2000,7031,6494,537
34019,2001,6936,6076,860
34019,2002,6851,6109,742
34019,2003,6637,6170,467
34019,2004,6495,6124,371
34019,2005,5993,5867,126
34019,2006,4952,5090,-138
34019,2007,5078,5021,57
34019,2008,4455,4558,-103
34019,2009,4290,4525,-235
34019,2010,4240,4684,-444
34021,1990,12536,14629,-2093
34021,1991,12369,14337,-1968
34021,1992,12806,14414,-1608
34021,1993,13160,14652,-1492
34021,1994,13784,14737,-953
34021,1995,12246,14374,-2128
34021,1996,12732,14695,-1963
34021,1997,13947,14511,-564
34021,1998,15023,14847,176
34021,1999,14661,15798,-1137
34021,2000,14800,15434,-634
34021,2001,15176,15690,-514
34021,2002,15488,15497,-9
34021,2003,15672,15796,-124
34021,2004,14850,16067,-1217
34021,2005,14706,16659,-1953
34021,2006,13989,15638,-1649
34021,2007,14319,15572,-1253
34021,2008,13214,14226,-1012
34021,2009,12372,13529,-1157
34021,2010,11658,14080,-2422
34023,1990,30719,35421,-4702
34023,1991,31595,34942,-3347
34023,1992,33264,36357,-3093
34023,1993,32847,35560,-2713
34023,1994,33463,36288,-2825
34023,1995,32379,36004,-3625
34023,1996,33728,36679,-2951
34023,1997,34598,37063,-2465
34023,1998,36531,38828,-2297
34023,1999,38767,40192,-1425
34023,2000,37566,39967,-2401
34023,2001,38760,42439,-3679
34023,2002,38937,43275,-4338
34023,2003,38816,43479,-4663
34023,2004,40750,44337,-3587
34023,2005,40563,53253,-12690
34023,2006,37011,42698,-5687
34023,2007,37165,40638,-3473
34023,2008,33925,38165,-4240
34023,2009,33502,37973,-4471
34023,2010,32996,36803,-3807
34025,1990,23742,23896,-154
34025,1991,25656,22847,2809
34025,1992,26286,23929,2357
34025,1993,25814,23794,2020
34025,1994,26962,24085,2877
34025,1995,25122,22914,2208
34025,1996,25093,22852,2241
34025,1997,24218,22130,2088
34025,1998,26217,23040,3177
34025,1999,25777,23993,1784
34025,2000,24469,23674,795
34025,2001,24810,23724,1086
34025,2002,23713,23726,-13
34025,2003,22615,24539,-1924
34025,2004,21876,25055,-3179
34025,2005,21655,24939,-3284
34025,2006,19323,21975,-2652
34025,2007,19242,20968,-1726
34025,2008,18013,18859,-846
34025,2009,18724,18795,-71
34025,2010,17390,19108,-1718
34027,1990,21168,24203,-3035
34027,1991,22349,23280,-931
34027,1992,23643,23275,368
34027,1993,24091,22959,1132
34027,1994,24053,23313,740
34027,1995,22814,22630,184
34027,1996,24106,23752,354
34027,1997,24026,24025,1
34027,1998,24759,24928,-169
34027,1999,23461,25095,-1634
34027,2000,21993,24877,-2884
34027,2001,23462,24650,-1188
34027,2002,22220,23463,-1243
34027,2003,22605,24093,-1488
34027,2004,21851,24041,-2190
34027,2005,21413,23538,-2125
34027,2006,19224,22128,-2904
34027,2007,19257,21058,-1801
34027,2008,17545,19501,-1956
34027,2009,17943,18962,-1019
34027,2010,17777,18013,-236
34029,1990,18553,15720,2833
34029,1991,18434,15459,2975
34029,1992,20372,14125,6247
34029,1993,19988,14479,5509
34029,1994,21880,14425,7455
34029,1995,21186,14265,6921
34029,1996,20716,14497,6219
34029,1997,20845,14454,6391
34029,1998,22153,14953,7200
34029,1999,23521,14886,8635
34029,2000,23846,15018,8828
34029,2001,25926,15565,10361
34029,2002,23410,16318,7092
34029,2003,22498,17853,4645
34029,2004,21985,18502,3483
34029,2005,21372,18490,2882
34029,2006,18750,16786,1964
34029,2007,17955,16403,1552
34029,2008,16515,15020,1495
34029,2009,16383,13874,2509
34029,2010,15179,14681,498
34031,1990,14456,21630,-7174
34031,1991,15690,21663,-5973
34031,1992,16045,20910,-4865
34031,1993,16137,21286,-5149
34031,1994,15818,21574,-5756
34031,1995,14464,20068,-5604
34031,1996,15246,20683,-5437
34031,1997,15739,21266,-5527
34031,1998,16291,20972,-4681
34031,1999,15733,21431,-5698
34031,2000,16151,20836,-4685
34031,2001,16825,22374,-5549
34031,2002,16549,22456,-5907
34031,2003,16882,23791,-6909
34031,2004,17067,24094,-7027
34031,2005,16855,23935,-7080
34031,2006,16269,22851,-6582
34031,2007,16690,21697,-5007
34031,2008,16618,19474,-2856
34031,2009,16484,19280,-2796
34031,2010,15633,19308,-3675
34033,1990,2308,2833,-525
34033,1991,2367,2686,-319
34033,1992,2298,2576,-278
34033,1993,2135,2510,-375
34033,1994,2329,2490,-161
34033,1995,3965,2285,1680
34033,1996,2354,2526,-172
34033,1997,2135,2525,-390
34033,1998,2347,2824,-477
34033,1999,2296,2592,-296
34033,2000,2345,2427,-82
34033,2001,2520,2357,163
34033,2002,4036,4112,-76
34033,2003,2591,2355,236
34033,2004,2879,2283,596
34033,2005,2936,2535,401
34033,2006,2609,2497,112
34033,2007,2559,2505,54
34033,2008,2426,2474,-48
34033,2009,2338,2550,-212
34033,2010,2268,2375,-107
34035,1990,16752,16223,529
34035,1991,17236,16484,752
34035,1992,18762,16936,1826
34035,1993,18209,16938,1271
34035,1994,17721,17014,707
34035,1995,17738,16572,1166
34035,1996,19446,17010,2436
34035,1997,19191,17116,2075
34035,1998,20712,18199,2513
34035,1999,19113,18603,510
34035,2000,18529,17732,797
34035,2001,18366,18408,-42
34035,2002,18289,18784,-495
34035,2003,18463,19154,-691
34035,2004,18765,19564,-799
34035,2005,18953,18984,-31
34035,2006,16797,17470,-673
34035,2007,16315,17068,-753
34035,2008,15778,15173,605
34035,2009,15598,15148,450
34035,2010,14917,15816,-899
34037,1990,6606,6921,-315
34037,1991,7018,6541,477
34037,1992,7045,6528,517
34037,1993,6987,6597,390
34037,1994,7302,6694,608
34037,1995,6645,6415,230
34037,1996,6583,6495,88
34037,1997,6544,6379,165
34037,1998,7457,6964,493
34037,1999,7698,6685,1013
34037,2000,7383,6405,978
34037,2001,8003,6759,1244
34037,2002,7711,6518,1193
34037,2003,7073,6799,274
34037,2004,6928,6804,124
34037,2005,6793,6861,-68
34037,2006,6088,6160,-72
34037,2007,5407,6060,-653
34037,2008,4743,5504,-761
34037,2009,4721,5268,-547
34037,2010,4425,5087,-662
34039,1990,19926,25379,-5453
34039,1991,20392,25597,-5205
34039,1992,21127,25274,-4147
34039,1993,22053,25450,-3397
34039,1994,21436,25735,-4299
34039,1995,20446,24503,-4057
34039,1996,21304,25900,-4596
34039,1997,21700,25246,-3546
34039,1998,21871,26623,-4752
34039,1999,22470,27000,-4530
34039,2000,22343,25861,-3518
34039,2001,22513,26853,-4340
34039,2002,22081,28096,-6015
34039,2003,23008,29043,-6035
34039,2004,23407,29134,-5727
34039,2005,23714,29740,-6026
34039,2006,22038,27585,-5547
34039,2007,22464,25940,-3476
34039,2008,22543,23212,-669
34039,2009,22335,22729,-394
34039,2010,21108,22886,-1778
34041,1990,5213,5159,54
34041,1991,5343,5120,223
34041,1992,5299,5125,174
34041,1993,5332,4972,360
34041,1994,5657,4986,671
34041,1995,4851,4378,473
34041,1996,4788,4740,48
34041,1997,4904,4862,42
34041,1998,5928,4944,984
34041,1999,6362,5101,1261
34041,2000,6474,4660,1814
34041,2001,6264,5155,1109
34041,2002,11534,9121,2413
34041,2003,5805,5729,76
34041,2004,6093,6005,88
34041,2005,5937,5986,-49
34041,2006,5010,5116,-106
34041,2007,4849,4964,-115
34041,2008,3876,4525,-649
34041,2009,4003,4162,-159
34041,2010,3985,4356,-371
35001,1990,28153,26801,1352
35001,1991,29306,25601,3705
35001,1992,30402,28243,2159
35001,1993,31740,28513,3227
35001,1994,30913,29918,995
35001,1995,28759,31054,-2295
35001,1996,27293,31669,-4376
35001,1997,26776,31627,-4851
35001,1998,25893,31413,-5520
35001,1999,26681,29008,-2327
35001,2000,26511,27251,-740
35001,2001,27980,24817,3163
35001,2002,27694,25194,2500
35001,2003,29021,25100,3921
35001,2004,29616,25335,4281
35001,2005,30231,26878,3353
35001,2006,28430,26813,1617
35001,2007,27386,27856,-470
35001,2008,27133,26709,424
35001,2009,25042,24275,767
35001,2010,26409,24901,1508
35003,1990,0,267,-267
35003,1991,0,0,0
35003,1992,225,187,38
35003,1993,287,231,56
35003,1994,225,179,46
35003,1995,240,206,34
35003,1996,277,156,121
35003,1997,248,215,33
35003,1998,259,209,50
35003,1999,301,222,79
35003,2000,217,253,-36
35003,2001,292,235,57
35003,2002,200,208,-8
35003,2003,223,192,31
35003,2004,194,180,14
35003,2005,298,178,120
35003,2006,217,184,33
35003,2007,218,144,74
35003,2008,234,168,66
35003,2009,180,109,71
35003,2010,204,190,14
35005,1990,3303,3186,117
35005,1991,2976,3535,-559
35005,1992,3362,3058,304
35005,1993,3546,2989,557
35005,1994,3194,2889,305
35005,1995,3092,2978,114
35005,1996,2812,3089,-277
35005,1997,2651,3105,-454
35005,1998,2526,3184,-658
35005,1999,2603,3132,-529
35005,2000,2205,3152,-947
35005,2001,2323,2871,-548
35005,2002,2724,2687,37
35005,2003,2508,2650,-142
35005,2004,2551,2613,-62
35005,2005,2586,2567,19
35005,2006,2672,2302,370
35005,2007,2754,2596,158
35005,2008,2774,2547,227
35005,2009,2549,2419,130
35005,2010,2352,2464,-112
35006,1990,1171,1605,-434
35006,1991,1164,1201,-37
35006,1992,1150,1118,32
35006,1993,1179,1141,38
35006,1994,1388,1193,195
35006,1995,1222,1279,-57
35006,1996,1364,1323,41
35006,1997,1488,1480,8
35006,1998,1317,1273,44
35006,1999,1323,1297,26
35006,2000,1253,1383,-130
35006,2001,1352,1260,92
35006,2002,1274,1191,83
35006,2003,1272,1206,66
35006,2004,1187,1286,-99
35006,2005,1046,1262,-216
35006,2006,1107,1034,73
35006,2007,1102,1197,-95
35006,2008,1103,1203,-100
35006,2009,1096,936,160
35006,2010,1024,971,53
35007,1990,602,775,-173
35007,1991,849,680,169
35007,1992,845,651,194
35007,1993,850,579,271
35007,1994,791,715,76
35007,1995,685,764,-79
35007,1996,705,798,-93
35007,1997,706,850,-144
35007,1998,720,680,40
35007,1999,794,672,122
35007,2000,748,792,-44
35007,2001,770,729,41
35007,2002,675,838,-163
35007,2003,666,730,-64
35007,2004,677,787,-110
35007,2005,593,728,-135
35007,2006,654,774,-120
35007,2007,632,741,-109
35007,2008,636,758,-122
35007,2009,565,655,-90
35007,2010,557,652,-95
35009,1990,5127,4079,1048
35009,1991,4955,3737,1218
35009,1992,5556,5616,-60
35009,1993,5290,4557,733
35009,1994,4206,5091,-885
35009,1995,4310,4691,-381
35009,1996,3598,5230,-1632
35009,1997,3497,5332,-1835
35009,1998,3517,5221,-1704
35009,1999,3422,4186,-764
35009,2000,3592,4153,-561
35009,2001,3671,3973,-302
35009,2002,3778,3722,56
35009,2003,3723,3597,126
35009,2004,3761,4162,-401
35009,2005,3434,4017,-583
35009,2006,3288,4063,-775
35009,2007,2756,4594,-1838
35009,2008,4256,4130,126
35009,2009,4592,3635,957
35009,2010,4037,3714,323
35011,1990,175,143,32
35011,1991,134,142,-8
35011,1992,147,142,5
35011,1993,125,139,-14
35011,1994,198,123,75
35011,1995,152,173,-21
35011,1996,112,140,-28
35011,1997,179,166,13
35011,1998,133,131,2
35011,1999,93,153,-60
35011,2000,108,218,-110
35011,2001,128,118,10
35011,2002,104,119,-15
35011,2003,122,148,-26
35011,2004,108,103,5
35011,2005,97,146,-49
35011,2006,140,139,1
35011,2007,131,82,49
35011,2008,130,141,-11
35011,2009,139,98,41
35011,2010,114,113,1
35013,1990,10093,8791,1302
35013,1991,10995,8930,2065
35013,1992,11728,9350,2378
35013,1993,10431,10052,379
35013,1994,9950,10155,-205
35013,1995,9782,9535,247
35013,1996,9931,9882,49
35013,1997,9615,10230,-615
35013,1998,9254,10604,-1350
35013,1999,8607,9771,-1164
35013,2000,8240,9270,-1030
35013,2001,8513,8855,-342
35013,2002,9079,8356,723
35013,2003,9183,8365,818
35013,2004,9191,8048,1143
35013,2005,9617,8248,1369
35013,2006,9805,8334,1471
35013,2007,9536,8946,590
35013,2008,10273,8338,1935
35013,2009,10134,8148,1986
35013,2010,9287,8490,797
35015,1990,2871,2203,668
35015,1991,3069,2237,832
35015,1992,2910,2373,537
35015,1993,2606,2413,193
35015,1994,2456,2669,-213
35015,1995,2419,2519,-100
35015,1996,2200,2481,-281
35015,1997,2340,2360,-20
35015,1998,2046,2576,-530
35015,1999,1840,2684,-844
35015,2000,1972,2491,-519
35015,2001,2314,2218,96
35015,2002,2023,2063,-40
35015,2003,2096,2035,61
35015,2004,1949,2371,-422
35015,2005,2234,1965,269
35015,2006,2339,2132,207
35015,2007,2475,2241,234
35015,2008,2634,2077,557
35015,2009,2321,2288,33
35015,2010,2241,2160,81
35017,1990,1340,1324,16
35017,1991,1627,1339,288
35017,1992,1399,1721,-322
35017,1993,1790,1292,498
35017,1994,1780,1356,424
35017,1995,1641,1301,340
35017,1996,1638,1247,391
35017,1997,1505,1456,49
35017,1998,1291,1724,-433
35017,1999,1305,1678,-373
35017,2000,1448,1674,-226
35017,2001,1250,1716,-466
35017,2002,1306,1771,-465
35017,2003,1324,1707,-383
35017,2004,1531,1268,263
35017,2005,1473,1367,106
35017,2006,1382,1250,132
35017,2007,1389,1310,79
35017,2008,1296,1384,-88
35017,2009,959,1313,-354
35017,2010,1110,1155,-45
35019,1990,0,249,-249
35019,1991,209,215,-6
35019,1992,184,189,-5
35019,1993,222,230,-8
35019,1994,196,251,-55
35019,1995,216,214,2
35019,1996,161,251,-90
35019,1997,163,239,-76
35019,1998,210,248,-38
35019,1999,227,209,18
35019,2000,202,269,-67
35019,2001,174,237,-63
35019,2002,195,203,-8
35019,2003,137,241,-104
35019,2004,142,208,-66
35019,2005,217,214,3
35019,2006,202,218,-16
35019,2007,164,231,-67
35019,2008,175,225,-50
35019,2009,210,134,76
35019,2010,144,190,-46
35021,1990,0,0,0
35021,1991,0,0,0
35021,1992,39,80,-41
35021,1993,77,82,-5
35021,1994,66,61,5
35021,1995,65,42,23
35021,1996,20,45,-25
35021,1997,38,32,6
35021,1998,25,58,-33
35021,1999,27,43,-16
35021,2000,17,24,-7
35021,2001,20,35,-15
35021,2002,49,33,16
35021,2003,41,18,23
35021,2004,31,48,-17
35021,2005,25,35,-10
35021,2006,45,36,9
35021,2007,25,35,-10
35021,2008,37,23,14
35021,2009,26,34,-8
35021,2010,51,30,21
35023,1990,405,454,-49
35023,1991,354,396,-42
35023,1992,376,372,4
35023,1993,346,356,-10
35023,1994,414,371,43
35023,1995,335,358,-23
35023,1996,325,406,-81
35023,1997,304,408,-104
35023,1998,264,419,-155
35023,1999,245,853,-608
35023,2000,234,483,-249
35023,2001,201,347,-146
35023,2002,223,313,-90
35023,2003,258,323,-65
35023,2004,238,273,-35
35023,2005,253,301,-48
35023,2006,306,253,53
35023,2007,309,294,15
35023,2008,309,310,-1
35023,2009,195,328,-133
35023,2010,219,234,-15
35025,1990,3102,3810,-708
35025,1991,3452,3127,325
35025,1992,2972,3394,-422
35025,1993,2994,3384,-390
35025,1994,2652,3451,-799
35025,1995,2679,3261,-582
35025,1996,2449,3116,-667
35025,1997,2368,2825,-457
35025,1998,1953,3702,-1749
35025,1999,1991,3517,-1526
35025,2000,2227,2836,-609
35025,2001,2624,2484,140
35025,2002,2023,2513,-490
35025,2003,2270,2321,-51
35025,2004,2231,2173,58
35025,2005,2330,2147,183
35025,2006,2815,2236,579
35025,2007,3158,2764,394
35025,2008,3665,2902,763
35025,2009,2599,3100,-501
35025,2010,2854,2702,152
35027,1990,1280,926,354
35027,1991,1275,1017,258
35027,1992,1361,1045,316
35027,1993,1453,1011,442
35027,1994,1536,1044,492
35027,1995,1531,1031,500
35027,1996,1431,1010,421
35027,1997,1403,1130,273
35027,1998,1459,1237,222
35027,1999,1585,1271,314
35027,2000,1302,1259,43
35027,2001,1306,1293,13
35027,2002,1530,1090,440
35027,2003,1449,1204,245
35027,2004,1449,1260,189
35027,2005,1378,1197,181
35027,2006,1182,1264,-82
35027,2007,1264,1116,148
35027,2008,1133,1057,76
35027,2009,1097,1106,-9
35027,2010,965,1007,-42
35028,1990,1234,1464,-230
35028,1991,1288,1384,-96
35028,1992,1450,1249,201
35028,1993,1454,1407,47
35028,1994,1456,1499,-43
35028,1995,1056,1586,-530
35028,1996,1326,1397,-71
35028,1997,1390,1435,-45
35028,1998,1330,1455,-125
35028,1999,1077,1406,-329
35028,2000,809,1324,-515
35028,2001,1341,992,349
35028,2002,1489,1126,363
35028,2003,1246,1255,-9
35028,2004,1244,1329,-85
35028,2005,1381,1360,21
35028,2006,1166,1370,-204
35028,2007,964,1314,-350
35028,2008,961,1175,-214
35028,2009,1198,1036,162
35028,2010,1127,1017,110
35029,1990,1697,1122,575
35029,1991,1827,1208,619
35029,1992,2021,1365,656
35029,1993,1727,1445,282
35029,1994,1685,1371,314
35029,1995,1630,1477,153
35029,1996,1494,1417,77
35029,1997,1589,1511,78
35029,1998,1516,1442,74
35029,1999,1313,1674,-361
35029,2000,1264,1550,-286
35029,2001,1366,1435,-69
35029,2002,1405,1300,105
35029,2003,1388,1180,208
35029,2004,1386,1188,198
35029,2005,1409,1214,195
35029,2006,1422,1260,162
35029,2007,1465,1311,154
35029,2008,1309,1406,-97
35029,2009,1386,1263,123
35029,2010,1145,1071,74
35031,1990,8245,8094,151
35031,1991,7732,7071,661
35031,1992,6209,7792,-1583
35031,1993,5775,6186,-411
35031,1994,6136,5966,170
35031,1995,5378,5730,-352
35031,1996,5133,6364,-1231
35031,1997,6625,6150,475
35031,1998,5069,11103,-6034
35031,1999,8000,7003,997
35031,2000,6246,6824,-578
35031,2001,5359,7560,-2201
35031,2002,4946,6843,-1897
35031,2003,5438,6466,-1028
35031,2004,4850,6378,-1528
35031,2005,4887,5781,-894
35031,2006,4552,5804,-1252
35031,2007,5587,5537,50
35031,2008,5030,5634,-604
35031,2009,4655,5170,-515
35031,2010,5340,4347,993
35033,1990,127,177,-50
35033,1991,186,155,31
35033,1992,216,189,27
35033,1993,246,183,63
35033,1994,235,169,66
35033,1995,271,132,139
35033,1996,201,225,-24
35033,1997,250,237,13
35033,1998,263,190,73
35033,1999,275,207,68
35033,2000,216,212,4
35033,2001,242,202,40
35033,2002,227,217,10
35033,2003,233,259,-26
35033,2004,195,251,-56
35033,2005,206,191,15
35033,2006,181,197,-16
35033,2007,214,236,-22
35033,2008,181,214,-33
35033,2009,191,173,18
35033,2010,158,215,-57
35035,1990,4998,5434,-436
35035,1991,5236,4959,277
35035,1992,7190,6849,341
35035,1993,5751,4882,869
35035,1994,5514,5350,164
35035,1995,5283,5429,-146
35035,1996,4846,5558,-712
35035,1997,4091,5386,-1295
35035,1998,4627,5204,-577
35035,1999,4321,4962,-641
35035,2000,4030,4999,-969
35035,2001,4173,4536,-363
35035,2002,3931,4167,-236
35035,2003,4242,3844,398
35035,2004,4299,4718,-419
35035,2005,4137,4876,-739
35035,2006,4325,4503,-178
35035,2007,3726,4124,-398
35035,2008,3901,4512,-611
35035,2009,5011,3573,1438
35035,2010,4625,3952,673
35037,1990,519,733,-214
35037,1991,623,718,-95
35037,1992,598,610,-12
35037,1993,583,632,-49
35037,1994,602,771,-169
35037,1995,573,659,-86
35037,1996,462,647,-185
35037,1997,654,819,-165
35037,1998,530,644,-114
35037,1999,478,765,-287
35037,2000,451,636,-185
35037,2001,472,566,-94
35037,2002,412,468,-56
35037,2003,434,540,-106
35037,2004,390,485,-95
35037,2005,411,478,-67
35037,2006,422,461,-39
35037,2007,454,456,-2
35037,2008,510,506,4
35037,2009,505,361,144
35037,2010,462,455,7
35039,1990,1320,1766,-446
35039,1991,1580,1593,-13
35039,1992,1644,1468,176
35039,1993,1694,1517,177
35039,1994,1686,1457,229
35039,1995,1722,1451,271
35039,1996,1627,1865,-238
35039,1997,1620,1685,-65
35039,1998,1750,1805,-55
35039,1999,1646,1823,-177
35039,2000,1370,1819,-449
35039,2001,1341,1750,-409
35039,2002,1342,1840,-498
35039,2003,1449,1868,-419
35039,2004,1339,1636,-297
35039,2005,1399,1449,-50
35039,2006,1383,1620,-237
35039,2007,1326,1657,-331
35039,2008,1263,1429,-166
35039,2009,1287,1310,-23
35039,2010,1276,1409,-133
35041,1990,1417,1182,235
35041,1991,1455,1337,118
35041,1992,1385,1348,37
35041,1993,1953,1331,622
35041,1994,1391,1549,-158
35041,1995,1340,1559,-219
35041,1996,1261,1597,-336
35041,1997,1180,1582,-402
35041,1998,1062,1522,-460
35041,1999,1122,1305,-183
35041,2000,1150,1202,-52
35041,2001,1160,1299,-139
35041,2002,1155,1210,-55
35041,2003,1158,1339,-181
35041,2004,1172,1254,-82
35041,2005,1320,1265,55
35041,2006,1103,1232,-129
35041,2007,974,1416,-442
35041,2008,1238,1324,-86
35041,2009,1748,1077,671
35041,2010,1455,1173,282
35043,1990,5486,4529,957
35043,1991,6037,4766,1271
35043,1992,6953,4886,2067
35043,1993,7763,5341,2422
35043,1994,7793,5491,2302
35043,1995,8247,6202,2045
35043,1996,7600,6125,1475
35043,1997,7540,6569,971
35043,1998,7508,6382,1126
35043,1999,7730,6173,1557
35043,2000,7431,6414,1017
35043,2001,7572,5996,1576
35043,2002,8206,6269,1937
35043,2003,8820,6668,2152
35043,2004,9913,6507,3406
35043,2005,11692,6682,5010
35043,2006,11829,7523,4306
35043,2007,11125,7999,3126
35043,2008,10179,8073,2106
35043,2009,9584,7411,2173
35043,2010,8727,7503,1224
35045,1990,8677,8290,387
35045,1991,7924,8018,-94
35045,1992,8199,7128,1071
35045,1993,8089,7361,728
35045,1994,7262,7365,-103
35045,1995,7753,6823,930
35045,1996,7093,7034,59
35045,1997,8075,6695,1380
35045,1998,13292,6605,6687
35045,1999,9275,9114,161
35045,2000,8994,8311,683
35045,2001,9934,7735,2199
35045,2002,9339,8162,1177
35045,2003,8753,8369,384
35045,2004,8779,8327,452
35045,2005,7619,8254,-635
35045,2006,7490,7386,104
35045,2007,7432,7747,-315
35045,2008,8127,6932,1195
35045,2009,6894,6928,-34
35045,2010,5724,7959,-2235
35047,1990,1109,1056,53
35047,1991,1269,1149,120
35047,1992,1187,956,231
35047,1993,1296,1001,295
35047,1994,1334,1100,234
35047,1995,1134,1025,109
35047,1996,1113,1189,-76
35047,1997,1132,1318,-186
35047,1998,1045,1327,-282
35047,1999,1102,1301,-199
35047,2000,938,1211,-273
35047,2001,971,1091,-120
35047,2002,1004,1193,-189
35047,2003,1073,1165,-92
35047,2004,1022,1129,-107
35047,2005,978,1191,-213
35047,2006,941,1124,-183
35047,2007,1077,1187,-110
35047,2008,992,1137,-145
35047,2009,894,1008,-114
35047,2010,905,997,-92
35049,1990,6050,4963,1087
35049,1991,6717,4892,1825
35049,1992,6957,5186,1771
35049,1993,7438,5624,1814
35049,1994,7869,5870,1999
35049,1995,7370,6626,744
35049,1996,7691,6515,1176
35049,1997,7154,6840,314
35049,1998,7153,6968,185
35049,1999,6980,6652,328
35049,2000,6000,6069,-69
35049,2001,6710,5802,908
35049,2002,7015,6369,646
35049,2003,6830,6489,341
35049,2004,6828,6685,143
35049,2005,6620,6624,-4
35049,2006,6372,6140,232
35049,2007,6463,5992,471
35049,2008,6288,5700,588
35049,2009,5837,5519,318
35049,2010,6011,5765,246
35051,1990,863,698,165
35051,1991,755,792,-37
35051,1992,953,601,352
35051,1993,811,632,179
35051,1994,785,618,167
35051,1995,866,608,258
35051,1996,780,726,54
35051,1997,865,695,170
35051,1998,800,707,93
35051,1999,692,627,65
35051,2000,684,696,-12
35051,2001,616,659,-43
35051,2002,717,578,139
35051,2003,612,632,-20
35051,2004,551,569,-18
35051,2005,641,604,37
35051,2006,553,544,9
35051,2007,732,509,223
35051,2008,689,486,203
35051,2009,683,540,143
35051,2010,624,510,114
35053,1990,718,928,-210
35053,1991,913,842,71
35053,1992,938,932,6
35053,1993,930,809,121
35053,1994,933,887,46
35053,1995,906,830,76
35053,1996,786,899,-113
35053,1997,836,921,-85
35053,1998,870,908,-38
35053,1999,845,948,-103
35053,2000,801,945,-144
35053,2001,788,872,-84
35053,2002,870,812,58
35053,2003,841,888,-47
35053,2004,862,920,-58
35053,2005,813,880,-67
35053,2006,782,888,-106
35053,2007,896,909,-13
35053,2008,807,849,-42
35053,2009,708,873,-165
35053,2010,728,892,-164
35055,1990,1120,920,200
35055,1991,1182,956,226
35055,1992,1193,1045,148
35055,1993,1307,1098,209
35055,1994,1365,1062,303
35055,1995,1311,1050,261
35055,1996,1458,1096,362
35055,1997,1284,1272,12
35055,1998,1429,1276,153
35055,1999,1447,1287,160
35055,2000,1271,1225,46
35055,2001,1407,1196,211
35055,2002,1407,1264,143
35055,2003,1347,1265,82
35055,2004,1242,1240,2
35055,2005,1354,1256,98
35055,2006,1300,1192,108
35055,2007,1226,1287,-61
35055,2008,1302,1292,10
35055,2009,1078,1175,-97
35055,2010,1143,1193,-50
35057,1990,816,652,164
35057,1991,765,723,42
35057,1992,975,636,339
35057,1993,1278,663,615
35057,1994,1533,696,837
35057,1995,1145,710,435
35057,1996,1279,717,562
35057,1997,1183,801,382
35057,1998,1175,997,178
35057,1999,1121,1007,114
35057,2000,846,1019,-173
35057,2001,836,954,-118
35057,2002,980,911,69
35057,2003,842,841,1
35057,2004,955,1039,-84
35057,2005,995,947,48
35057,2006,1025,923,102
35057,2007,901,1024,-123
35057,2008,982,795,187
35057,2009,869,880,-11
35057,2010,849,851,-2
35059,1990,256,261,-5
35059,1991,0,284,-284
35059,1992,238,223,15
35059,1993,308,245,63
35059,1994,286,246,40
35059,1995,215,305,-90
35059,1996,270,299,-29
35059,1997,203,251,-48
35059,1998,220,291,-71
35059,1999,229,234,-5
35059,2000,210,317,-107
35059,2001,186,226,-40
35059,2002,200,296,-96
35059,2003,213,231,-18
35059,2004,233,209,24
35059,2005,207,205,2
35059,2006,214,205,9
35059,2007,248,208,40
35059,2008,295,226,69
35059,2009,205,264,-59
35059,2010,184,276,-92
35061,1990,3051,2542,509
35061,1991,3286,2455,831
35061,1992,3812,2411,1401
35061,1993,4293,2624,1669
35061,1994,4964,2443,2521
35061,1995,4438,2849,1589
35061,1996,4530,3048,1482
35061,1997,4360,3462,898
35061,1998,4071,3590,481
35061,1999,3907,3453,454
35061,2000,3411,3609,-198
35061,2001,3445,3336,109
35061,2002,3476,3565,-89
35061,2003,3265,3492,-227
35061,2004,3674,3377,297
35061,2005,4004,3367,637
35061,2006,4204,3147,1057
35061,2007,4151,3445,706
35061,2008,3541,3356,185
35061,2009,3478,2943,535
35061,2010,3309,3283,26
36001,1990,12217,13113,-896
36001,1991,11957,13486,-1529
36001,1992,12033,13558,-1525
36001,1993,11585,13353,-1768
36001,1994,11586,14312,-2726
36001,1995,10702,13249,-2547
36001,1996,11232,13812,-2580
36001,1997,11249,13268,-2019
36001,1998,12028,13508,-1480
36001,1999,12699,13729,-1030
36001,2000,12963,13948,-985
36001,2001,13436,13311,125
36001,2002,13568,13298,270
36001,2003,13254,13862,-608
36001,2004,12860,14111,-1251
36001,2005,13161,13983,-822
36001,2006,12565,13983,-1418
36001,2007,12763,14545,-1782
36001,2008,12625,13269,-644
36001,2009,11456,13620,-2164
36001,2010,11702,12946,-1244
36003,1990,2038,1728,310
36003,1991,1723,1776,-53
36003,1992,1691,1788,-97
36003,1993,1720,1727,-7
36003,1994,1794,1917,-123
36003,1995,1903,2150,-247
36003,1996,1827,2043,-216
36003,1997,1729,2058,-329
36003,1998,1875,1955,-80
36003,1999,1957,2034,-77
36003,2000,1915,2035,-120
36003,2001,1948,2032,-84
36003,2002,1876,1812,64
36003,2003,1802,1865,-63
36003,2004,1609,1815,-206
36003,2005,1589,1805,-216
36003,2006,1619,1752,-133
36003,2007,1743,1720,23
36003,2008,1529,1693,-164
36003,2009,1414,1403,11
36003,2010,1385,1565,-180
36005,1990,30271,51541,-21270
36005,1991,30923,51533,-20610
36005,1992,32161,49359,-17198
36005,1993,31118,48930,-17812
36005,1994,30673,48344,-17671
36005,1995,27226,45968,-18742
36005,1996,29551,47575,-18024
36005,1997,32339,48345,-16006
36005,1998,34106,49085,-14979
36005,1999,36382,50489,-14107
36005,2000,39865,51520,-11655
36005,2001,44382,55975,-11593
36005,2002,44472,61265,-16793
36005,2003,42707,62592,-19885
36005,2004,42681,64548,-21867
36005,2005,44687,64756,-20069
36005,2006,49068,62933,-13865
36005,2007,53717,66329,-12612
36005,2008,53062,66014,-12952
36005,2009,49470,59111,-9641
36005,2010,47566,59889,-12323
36007,1990,6137,7236,-1099
36007,1991,5870,6864,-994
36007,1992,5828,7835,-2007
36007,1993,5191,7882,-2691
36007,1994,4986,8782,-3796
36007,1995,4728,8077,-3349
36007,1996,5173,7786,-2613
36007,1997,5463,7063,-1600
36007,1998,5911,7163,-1252
36007,1999,5499,6657,-1158
36007,2000,5595,6461,-866
36007,2001,5811,6034,-223
36007,2002,5179,6364,-1185
36007,2003,5250,6403,-1153
36007,2004,5584,6560,-976
36007,2005,6073,6345,-272
36007,2006,5627,6023,-396
36007,2007,5586,6313,-727
36007,2008,5590,5878,-288
36007,2009,4521,5709,-1188
36007,2010,4411,5789,-1378
36009,1990,3216,3027,189
36009,1991,3165,3050,115
36009,1992,2942,3012,-70
36009,1993,2821,3123,-302
36009,1994,2995,3182,-187
36009,1995,3128,3133,-5
36009,1996,2642,3220,-578
36009,1997,2900,3152,-252
36009,1998,2768,3338,-570
36009,1999,2799,3052,-253
36009,2000,2817,3309,-492
36009,2001,2856,2981,-125
36009,2002,2711,2829,-118
36009,2003,2639,2944,-305
36009,2004,2505,3059,-554
36009,2005,2557,3084,-527
36009,2006,2446,2894,-448
36009,2007,2619,3021,-402
36009,2008,2453,2757,-304
36009,2009,2246,2513,-267
36009,2010,2162,2577,-415
36011,1990,2654,2747,-93
36011,1991,2713,2734,-21
36011,1992,2464,2772,-308
36011,1993,2479,2742,-263
36011,1994,2499,2806,-307
36011,1995,2307,3059,-752
36011,1996,2612,3028,-416
36011,1997,2372,2912,-540
36011,1998,2370,2961,-591
36011,1999,2476,2733,-257
36011,2000,2655,2965,-310
36011,2001,2751,2702,49
36011,2002,2737,2711,26
36011,2003,2589,2713,-124
36011,2004,2361,2432,-71
36011,2005,2304,2499,-195
36011,2006,2160,2456,-296
36011,2007,2332,2550,-218
36011,2008,2220,2485,-265
36011,2009,2174,2209,-35
36011,2010,2170,2333,-163
36013,1990,3695,3944,-249
36013,1991,3464,3886,-422
36013,1992,3307,3701,-394
36013,1993,3423,3992,-569
36013,1994,3472,4139,-667
36013,1995,3170,3634,-464
36013,1996,3040,4162,-1122
36013,1997,2940,4387,-1447
36013,1998,3189,4060,-871
36013,1999,3158,3854,-696
36013,2000,3030,3764,-734
36013,2001,3089,3454,-365
36013,2002,2823,3336,-513
36013,2003,2959,3558,-599
36013,2004,2815,3683,-868
36013,2005,3027,3647,-620
36013,2006,2898,3253,-355
36013,2007,3039,3420,-381
36013,2008,2990,3149,-159
36013,2009,2585,2912,-327
36013,2010,2610,3018,-408
36015,1990,2979,3408,-429
36015,1991,2971,3079,-108
36015,1992,2734,3047,-313
36015,1993,2608,3138,-530
36015,1994,2664,3271,-607
36015,1995,2572,3277,-705
36015,1996,2473,3292,-819
36015,1997,2896,3189,-293
36015,1998,2929,3348,-419
36015,1999,3154,3453,-299
36015,2000,3031,3363,-332
36015,2001,3052,3272,-220
36015,2002,2672,3150,-478
36015,2003,2637,3086,-449
36015,2004,2479,3042,-563
36015,2005,2569,2862,-293
36015,2006,2735,2825,-90
36015,2007,2614,2803,-189
36015,2008,2893,2552,341
36015,2009,2465,2420,45
36015,2010,2769,2754,15
36017,1990,2254,2213,41
36017,1991,2007,2054,-47
36017,1992,2131,2150,-19
36017,1993,1835,2199,-364
36017,1994,1910,2453,-543
36017,1995,2006,2071,-65
36017,1996,1927,2335,-408
36017,1997,1716,2333,-617
36017,1998,1801,2113,-312
36017,1999,1832,1879,-47
36017,2000,1742,1891,-149
36017,2001,1985,1888,97
36017,2002,2010,1781,229
36017,2003,1890,1863,27
36017,2004,1948,1922,26
36017,2005,1970,1887,83
36017,2006,1921,1854,67
36017,2007,1890,2083,-193
36017,2008,1665,1856,-191
36017,2009,1667,1742,-75
36017,2010,1574,1698,-124
36019,1990,3701,3583,118
36019,1991,2901,4775,-1874
36019,1992,3630,3494,136
36019,1993,3377,3351,26
36019,1994,2067,5372,-3305
36019,1995,1779,4343,-2564
36019,1996,1800,2274,-474
36019,1997,1787,2235,-448
36019,1998,1889,2174,-285
36019,1999,1967,2104,-137
36019,2000,2165,2024,141
36019,2001,2360,1893,467
36019,2002,2266,1828,438
36019,2003,2069,1835,234
36019,2004,2240,2038,202
36019,2005,2107,2141,-34
36019,2006,2007,2099,-92
36019,2007,1873,2181,-308
36019,2008,1889,2069,-180
36019,2009,1788,1836,-48
36019,2010,1733,2043,-310
36021,1990,2175,2302,-127
36021,1991,2333,2174,159
36021,1992,2209,2060,149
36021,1993,2132,2191,-59
36021,1994,2115,2167,-52
36021,1995,2201,2342,-141
36021,1996,2195,2422,-227
36021,1997,2198,2276,-78
36021,1998,2271,2320,-49
36021,1999,2375,2513,-138
36021,2000,2347,2325,22
36021,2001,2540,2138,402
36021,2002,2556,2358,198
36021,2003,2419,2119,300
36021,2004,2381,2367,14
36021,2005,2084,2415,-331
36021,2006,2039,2320,-281
36021,2007,2039,2119,-80
36021,2008,1868,2101,-233
36021,2009,1912,2005,-93
36021,2010,1750,1995,-245
36023,1990,1962,2065,-103
36023,1991,1947,1908,39
36023,1992,1890,2064,-174
36023,1993,1814,2071,-257
36023,1994,1855,2130,-275
36023,1995,1741,2208,-467
36023,1996,1822,2317,-495
36023,1997,1787,2098,-311
36023,1998,1909,2273,-364
36023,1999,1824,2098,-274
36023,2000,1816,2009,-193
36023,2001,1920,1858,62
36023,2002,1898,1823,75
36023,2003,1755,1885,-130
36023,2004,1555,1900,-345
36023,2005,1767,1801,-34
36023,2006,1543,1720,-177
36023,2007,1584,1754,-170
36023,2008,1543,1773,-230
36023,2009,1532,1682,-150
36023,2010,1596,1600,-4
36025,1990,2180,2095,85
36025,1991,1962,1913,49
36025,1992,1840,1814,26
36025,1993,1782,1887,-105
36025,1994,1735,2083,-348
36025,1995,1734,1924,-190
36025,1996,1652,2149,-497
36025,1997,1765,1981,-216
36025,1998,1890,1784,106
36025,1999,1918,2049,-131
36025,2000,1890,2065,-175
36025,2001,1846,1922,-76
36025,2002,1851,1774,77
36025,2003,1832,1699,133
36025,2004,1834,1781,53
36025,2005,1679,1852,-173
36025,2006,1630,1746,-116
36025,2007,1764,1812,-48
36025,2008,1596,1837,-241
36025,2009,1328,1552,-224
36025,2010,1462,1534,-72
36027,1990,9773,10646,-873
36027,1991,9624,9715,-91
36027,1992,9384,10832,-1448
36027,1993,9939,12999,-3060
36027,1994,10583,11475,-892
36027,1995,10138,10390,-252
36027,1996,10020,10376,-356
36027,1997,10044,10009,35
36027,1998,10584,9496,1088
36027,1999,10750,10077,673
36027,2000,11517,9742,1775
36027,2001,11481,9902,1579
36027,2002,11472,9996,1476
36027,2003,10878,10466,412
36027,2004,11025,11311,-286
36027,2005,10658,11523,-865
36027,2006,9999,10589,-590
36027,2007,9682,9995,-313
36027,2008,9062,8994,68
36027,2009,8713,8751,-38
36027,2010,8501,8886,-385
36029,1990,17780,20351,-2571
36029,1991,17343,19733,-2390
36029,1992,16089,20146,-4057
36029,1993,15838,21500,-5662
36029,1994,16053,22560,-6507
36029,1995,14397,21442,-7045
36029,1996,14373,22988,-8615
36029,1997,14462,23191,-8729
36029,1998,15225,22564,-7339
36029,1999,15470,21290,-5820
36029,2000,16176,21035,-4859
36029,2001,16466,20285,-3819
36029,2002,16471,18850,-2379
36029,2003,15898,19660,-3762
36029,2004,15585,21065,-5480
36029,2005,15872,22015,-6143
36029,2006,16098,20600,-4502
36029,2007,17379,20425,-3046
36029,2008,16897,18558,-1661
36029,2009,15391,17661,-2270
36029,2010,15957,17948,-1991
36031,1990,1744,1668,76
36031,1991,1521,1751,-230
36031,1992,1551,1488,63
36031,1993,1555,1578,-23
36031,1994,1459,1666,-207
36031,1995,1386,1296,90
36031,1996,1329,1440,-111
36031,1997,1300,1482,-182
36031,1998,1456,1473,-17
36031,1999,1484,1352,132
36031,2000,1387,1509,-122
36031,2001,1507,1316,191
36031,2002,1508,1430,78
36031,2003,1297,1412,-115
36031,2004,1462,1531,-69
36031,2005,1553,1500,53
36031,2006,1381,1426,-45
36031,2007,1264,1317,-53
36031,2008,1348,1310,38
36031,2009,1180,1336,-156
36031,2010,1249,1306,-57
36033,1990,1665,1498,167
36033,1991,1506,1389,117
36033,1992,1692,1436,256
36033,1993,1370,1400,-30
36033,1994,1331,1388,-57
36033,1995,1349,1456,-107
36033,1996,1171,1485,-314
36033,1997,1252,1550,-298
36033,1998,1287,1402,-115
36033,1999,1321,1386,-65
36033,2000,1382,1400,-18
36033,2001,1431,1451,-20
36033,2002,1499,1292,207
36033,2003,1278,1362,-84
36033,2004,1381,1287,94
36033,2005,1359,1387,-28
36033,2006,1354,1312,42
36033,2007,1375,1321,54
36033,2008,1161,1341,-180
36033,2009,1128,1223,-95
36033,2010,1094,1236,-142
36035,1990,1710,1765,-55
36035,1991,1783,1946,-163
36035,1992,1840,1872,-32
36035,1993,1645,1811,-166
36035,1994,1701,1964,-263
36035,1995,1755,1950,-195
36035,1996,1665,2095,-430
36035,1997,1579,1892,-313
36035,1998,1707,1964,-257
36035,1999,1654,1858,-204
36035,2000,1707,1699,8
36035,2001,1796,1673,123
36035,2002,1710,1615,95
36035,2003,1823,1666,157
36035,2004,2015,1841,174
36035,2005,1843,1852,-9
36035,2006,1869,1735,134
36035,2007,1941,1915,26
36035,2008,1789,1890,-101
36035,2009,1664,1688,-24
36035,2010,1648,1814,-166
36037,1990,2472,2449,23
36037,1991,2408,2387,21
36037,1992,2366,2335,31
36037,1993,2231,2387,-156
36037,1994,2200,2589,-389
36037,1995,2219,2293,-74
36037,1996,2045,2386,-341
36037,1997,2007,2429,-422
36037,1998,2088,2475,-387
36037,1999,2114,2464,-350
36037,2000,1943,2413,-470
36037,2001,2055,2317,-262
36037,2002,2072,2132,-60
36037,2003,1924,2264,-340
36037,2004,1834,2192,-358
36037,2005,1764,2140,-376
36037,2006,1853,2142,-289
36037,2007,1891,2303,-412
36037,2008,1809,2045,-236
36037,2009,1904,1951,-47
36037,2010,1882,1955,-73
36039,1990,1974,1721,253
36039,1991,1863,1515,348
36039,1992,1839,1548,291
36039,1993,1780,1595,185
36039,1994,1781,1674,107
36039,1995,1530,1667,-137
36039,1996,1763,1639,124
36039,1997,1796,1540,256
36039,1998,1837,1651,186
36039,1999,1941,1697,244
36039,2000,1890,1716,174
36039,2001,1993,1795,198
36039,2002,2164,1768,396
36039,2003,2089,1680,409
36039,2004,2205,1723,482
36039,2005,2109,1760,349
36039,2006,1843,1703,140
36039,2007,1805,1769,36
36039,2008,1739,1721,18
36039,2009,1610,1629,-19
36039,2010,1581,1622,-41
36041,1990,318,266,52
36041,1991,228,232,-4
36041,1992,241,262,-21
36041,1993,254,310,-56
36041,1994,239,233,6
36041,1995,262,176,86
36041,1996,191,229,-38
36041,1997,206,170,36
36041,1998,250,214,36
36041,1999,230,186,44
36041,2000,257,275,-18
36041,2001,235,229,6
36041,2002,260,229,31
36041,2003,250,233,17
36041,2004,251,268,-17
36041,2005,260,259,1
36041,2006,241,225,16
36041,2007,218,234,-16
36041,2008,236,228,8
36041,2009,235,220,15
36041,2010,202,210,-8
36043,1990,2402,2288,114
36043,1991,2328,2291,37
36043,1992,2209,2143,66
36043,1993,2315,2380,-65
36043,1994,2048,2511,-463
36043,1995,1914,2127,-213
36043,1996,2015,2583,-568
36043,1997,1751,2510,-759
36043,1998,1910,2352,-442
36043,1999,2096,2192,-96
36043,2000,2017,2149,-132
36043,2001,2001,2314,-313
36043,2002,2201,2111,90
36043,2003,2174,2048,126
36043,2004,2126,2138,-12
36043,2005,2111,2332,-221
36043,2006,2120,1988,132
36043,2007,2081,2181,-100
36043,2008,1934,2000,-66
36043,2009,1829,1760,69
36043,2010,1834,1864,-30
36045,1990,8277,8862,-585
36045,1991,9332,8745,587
36045,1992,8899,10667,-1768
36045,1993,9237,9529,-292
36045,1994,8640,10541,-1901
36045,1995,8850,10579,-1729
36045,1996,8427,10497,-2070
36045,1997,8548,10643,-2095
36045,1998,8545,10434,-1889
36045,1999,7287,9114,-1827
36045,2000,8888,10737,-1849
36045,2001,8215,10961,-2746
36045,2002,8117,8243,-126
36045,2003,7111,8970,-1859
36045,2004,10365,8971,1394
36045,2005,9438,10657,-1219
36045,2006,7832,8562,-730
36045,2007,10605,11687,-1082
36045,2008,10854,10494,360
36045,2009,11581,11560,21
36045,2010,12237,12598,-361
36047,1990,45845,91311,-45466
36047,1991,46084,90810,-44726
36047,1992,45786,87437,-41651
36047,1993,45205,85806,-40601
36047,1994,46266,87666,-41400
36047,1995,43046,82817,-39771
36047,1996,46853,85395,-38542
36047,1997,49952,86071,-36119
36047,1998,52594,86814,-34220
36047,1999,55761,90477,-34716
36047,2000,58190,91467,-33277
36047,2001,62556,99051,-36495
36047,2002,62636,103271,-40635
36047,2003,61050,104504,-43454
36047,2004,63640,106190,-42550
36047,2005,66882,104001,-37119
36047,2006,69184,98790,-29606
36047,2007,77372,96949,-19577
36047,2008,78919,93221,-14302
36047,2009,78663,95086,-16423
36047,2010,82877,94305,-11428
36049,1990,1153,1082,71
36049,1991,1068,1097,-29
36049,1992,1088,1161,-73
36049,1993,1003,947,56
36049,1994,952,1188,-236
36049,1995,893,902,-9
36049,1996,835,988,-153
36049,1997,819,1034,-215
36049,1998,845,1029,-184
36049,1999,985,1001,-16
36049,2000,863,967,-104
36049,2001,776,1114,-338
36049,2002,884,953,-69
36049,2003,792,864,-72
36049,2004,967,971,-4
36049,2005,1023,883,140
36049,2006,940,958,-18
36049,2007,820,1115,-295
36049,2008,994,880,114
36049,2009,876,926,-50
36049,2010,970,1038,-68
36051,1990,2655,2667,-12
36051,1991,2742,2590,152
36051,1992,2689,2618,71
36051,1993,2859,2663,196
36051,1994,2679,2747,-68
36051,1995,2609,2585,24
36051,1996,2681,2622,59
36051,1997,2563,2765,-202
36051,1998,2692,2683,9
36051,1999,2717,2675,42
36051,2000,2674,2669,5
36051,2001,2595,2662,-67
36051,2002,2543,2698,-155
36051,2003,2529,2488,41
36051,2004,2363,2654,-291
36051,2005,2436,2547,-111
36051,2006,2280,2465,-185
36051,2007,2416,2441,-25
36051,2008,2308,2378,-70
36051,2009,1990,2166,-176
36051,2010,2055,2283,-228
36053,1990,3626,3188,438
36053,1991,3562,3227,335
36053,1992,3198,3445,-247
36053,1993,3245,3378,-133
36053,1994,3194,3636,-442
36053,1995,3113,3151,-38
36053,1996,2687,3379,-692
36053,1997,2968,3153,-185
36053,1998,3037,3094,-57
36053,1999,3034,3212,-178
36053,2000,3113,3046,67
36053,2001,2983,3151,-168
36053,2002,3059,2891,168
36053,2003,3046,3022,24
36053,2004,2901,3056,-155
36053,2005,2950,2857,93
36053,2006,2903,2822,81
36053,2007,2801,2947,-146
36053,2008,2738,2831,-93
36053,2009,2652,2676,-24
36053,2010,2547,2687,-140
36055,1990,17718,20564,-2846
36055,1991,18285,19527,-1242
36055,1992,17673,21037,-3364
36055,1993,16081,22192,-6111
36055,1994,16296,22744,-6448
36055,1995,16642,21833,-5191
36055,1996,16736,22654,-5918
36055,1997,16465,22627,-6162
36055,1998,16604,23024,-6420
36055,1999,17386,21515,-4129
36055,2000,17279,21848,-4569
36055,2001,17182,20538,-3356
36055,2002,16102,19592,-3490
36055,2003,15857,20191,-4334
36055,2004,15794,21375,-5581
36055,2005,16444,20798,-4354
36055,2006,16620,20011,-3391
36055,2007,17207,19385,-2178
36055,2008,16881,18159,-1278
36055,2009,14571,17474,-2903
36055,2010,15556,17626,-2070
36057,1990,1765,1863,-98
36057,1991,1872,1844,28
36057,1992,1999,1952,47
36057,1993,2105,2081,24
36057,1994,2103,1993,110
36057,1995,1866,2077,-211
36057,1996,2018,2330,-312
36057,1997,1723,2104,-381
36057,1998,1908,2147,-239
36057,1999,2016,2191,-175
36057,2000,1994,2198,-204
36057,2001,2207,2326,-119
36057,2002,2157,2075,82
36057,2003,2059,2069,-10
36057,2004,2084,2149,-65
36057,2005,2156,2085,71
36057,2006,2106,2202,-96
36057,2007,2212,2165,47
36057,2008,1971,2104,-133
36057,2009,1986,1929,57
36057,2010,1820,2082,-262
36059,1990,44176,49256,-5080
36059,1991,43133,48486,-5353
36059,1992,42418,48769,-6351
36059,1993,41888,48945,-7057
36059,1994,43713,50046,-6333
36059,1995,40420,47573,-7153
36059,1996,42075,49599,-7524
36059,1997,43118,47962,-4844
36059,1998,46083,48278,-2195
36059,1999,43670,48211,-4541
36059,2000,40300,48826,-8526
36059,2001,42366,48486,-6120
36059,2002,41748,49059,-7311
36059,2003,41433,50757,-9324
36059,2004,41497,53276,-11779
36059,2005,40458,52642,-12184
36059,2006,38146,47634,-9488
36059,2007,39067,43622,-4555
36059,2008,37174,36927,247
36059,2009,38308,35982,2326
36059,2010,36076,36192,-116
36061,1990,68018,85721,-17703
36061,1991,72951,89766,-16815
36061,1992,74887,87275,-12388
36061,1993,76539,84840,-8301
36061,1994,78258,86629,-8371
36061,1995,72477,81272,-8795
36061,1996,76008,85040,-9032
36061,1997,77022,85705,-8683
36061,1998,78754,87502,-8748
36061,1999,81052,92166,-11114
36061,2000,81832,91241,-9409
36061,2001,82001,100133,-18132
36061,2002,90544,100471,-9927
36061,2003,88231,99344,-11113
36061,2004,88958,101435,-12477
36061,2005,91239,100453,-9214
36061,2006,89767,100576,-10809
36061,2007,97276,107069,-9793
36061,2008,95081,110181,-15100
36061,2009,90009,105994,-15985
36061,2010,92211,105066,-12855
36063,1990,6105,7014,-909
36063,1991,5940,6609,-669
36063,1992,6127,6456,-329
36063,1993,5744,6593,-849
36063,1994,6103,6548,-445
36063,1995,5435,6180,-745
36063,1996,5346,6544,-1198
36063,1997,5087,6760,-1673
36063,1998,5332,6900,-1568
36063,1999,5249,6522,-1273
36063,2000,5489,6557,-1068
36063,2001,5617,6338,-721
36063,2002,5587,5788,-201
36063,2003,5650,6194,-544
36063,2004,5634,6661,-1027
36063,2005,5755,6317,-562
36063,2006,5849,6278,-429
36063,2007,6116,6255,-139
36063,2008,5966,5979,-13
36063,2009,5734,5467,267
36063,2010,5531,5734,-203
36065,1990,8441,8893,-452
36065,1991,7913,9308,-1395
36065,1992,7453,9736,-2283
36065,1993,7093,9288,-2195
36065,1994,5663,12076,-6413
36065,1995,4984,10586,-5602
36065,1996,5008,7745,-2737
36065,1997,4978,7476,-2498
36065,1998,5185,7000,-1815
36065,1999,5127,6733,-1606
36065,2000,5360,6515,-1155
36065,2001,5556,6131,-575
36065,2002,5450,5803,-353
36065,2003,5748,6009,-261
36065,2004,5476,6639,-1163
36065,2005,5630,6462,-832
36065,2006,5477,6269,-792
36065,2007,5486,6382,-896
36065,2008,5486,5763,-277
36065,2009,4852,5415,-563
36065,2010,4930,5625,-695
36067,1990,14090,15446,-1356
36067,1991,13274,15595,-2321
36067,1992,13589,15647,-2058
36067,1993,12722,17003,-4281
36067,1994,12741,17624,-4883
36067,1995,11740,16658,-4918
36067,1996,11844,17292,-5448
36067,1997,11889,15831,-3942
36067,1998,12443,15572,-3129
36067,1999,12529,14976,-2447
36067,2000,12852,14965,-2113
36067,2001,12937,14476,-1539
36067,2002,12264,13421,-1157
36067,2003,11887,13695,-1808
36067,2004,12257,14985,-2728
36067,2005,12750,14708,-1958
36067,2006,12226,14417,-2191
36067,2007,12829,14295,-1466
36067,2008,12483,13120,-637
36067,2009,11288,12364,-1076
36067,2010,11047,13068,-2021
36069,1990,4724,4187,537
36069,1991,4852,4420,432
36069,1992,4634,4373,261
36069,1993,4596,4567,29
36069,1994,4590,4664,-74
36069,1995,4630,4207,423
36069,1996,4351,4321,30
36069,1997,4244,4414,-170
36069,1998,4546,4553,-7
36069,1999,4565,4261,304
36069,2000,4647,4367,280
36069,2001,4811,4331,480
36069,2002,4677,4284,393
36069,2003,4613,4268,345
36069,2004,4819,4292,527
36069,2005,4508,4503,5
36069,2006,4320,4180,140
36069,2007,4594,4158,436
36069,2008,4463,4048,415
36069,2009,4283,3808,475
36069,2010,4198,4108,90
36071,1990,13465,13662,-197
36071,1991,13810,13072,738
36071,1992,13808,13623,185
36071,1993,13410,14340,-930
36071,1994,13865,14201,-336
36071,1995,12909,13694,-785
36071,1996,13572,13893,-321
36071,1997,13409,13494,-85
36071,1998,14572,13425,1147
36071,1999,15889,13094,2795
36071,2000,16282,13704,2578
36071,2001,17550,14083,3467
36071,2002,17492,13609,3883
36071,2003,16891,15068,1823
36071,2004,16411,16628,-217
36071,2005,16422,16603,-181
36071,2006,15197,15586,-389
36071,2007,14822,15056,-234
36071,2008,13779,13594,185
36071,2009,12996,13585,-589
36071,2010,11881,13506,-1625
36073,1990,1790,1672,118
36073,1991,1830,1533,297
36073,1992,1750,1600,150
36073,1993,1681,1646,35
36073,1994,1845,1807,38
36073,1995,1570,1691,-121
36073,1996,1567,1771,-204
36073,1997,1460,1774,-314
36073,1998,1655,1711,-56
36073,1999,1501,1667,-166
36073,2000,1493,1649,-156
36073,2001,1422,1657,-235
36073,2002,1448,1514,-66
36073,2003,1571,1530,41
36073,2004,1476,1766,-290
36073,2005,1423,1606,-183
36073,2006,1387,1600,-213
36073,2007,1489,1683,-194
36073,2008,1298,1545,-247
36073,2009,1397,1374,23
36073,2010,1378,1552,-174
36075,1990,4793,4588,205
36075,1991,4873,4665,208
36075,1992,4624,4700,-76
36075,1993,4411,5107,-696
36075,1994,4598,5166,-568
36075,1995,4007,4512,-505
36075,1996,3869,4556,-687
36075,1997,3507,4728,-1221
36075,1998,3961,4262,-301
36075,1999,4233,4233,0
36075,2000,3830,4356,-526
36075,2001,4170,4376,-206
36075,2002,4198,3898,300
36075,2003,3849,4033,-184
36075,2004,3850,4640,-790
36075,2005,3953,4310,-357
36075,2006,3815,4231,-416
36075,2007,3940,4190,-250
36075,2008,3952,4254,-302
36075,2009,3683,3774,-91
36075,2010,3578,3679,-101
36077,1990,2568,2344,224
36077,1991,2460,2228,232
36077,1992,2491,2351,140
36077,1993,2348,2394,-46
36077,1994,2311,2463,-152
36077,1995,2042,2183,-141
36077,1996,2210,2430,-220
36077,1997,1998,2164,-166
36077,1998,2383,2307,76
36077,1999,2425,2452,-27
36077,2000,2249,2344,-95
36077,2001,2500,2184,316
36077,2002,2502,2226,276
36077,2003,2371,2245,126
36077,2004,2383,2319,64
36077,2005,2299,2465,-166
36077,2006,2095,2192,-97
36077,2007,2172,2410,-238
36077,2008,1995,2314,-319
36077,2009,1927,1999,-72
36077,2010,1906,1995,-89
36079,1990,5076,4803,273
36079,1991,5315,4974,341
36079,1992,5106,4864,242
36079,1993,5244,5090,154
36079,1994,5820,5482,338
36079,1995,5102,5051,51
36079,1996,5585,5116,469
36079,1997,5084,4838,246
36079,1998,5828,5200,628
36079,1999,5808,5106,702
36079,2000,5347,5023,324
36079,2001,5348,4900,448
36079,2002,5164,4957,207
36079,2003,5112,5169,-57
36079,2004,4721,5191,-470
36079,2005,4426,5085,-659
36079,2006,4051,4308,-257
36079,2007,3936,4206,-270
36079,2008,3660,3808,-148
36079,2009,3651,3701,-50
36079,2010,3481,3614,-133
36081,1990,58829,89593,-30764
36081,1991,59503,91113,-31610
36081,1992,60518,86994,-26476
36081,1993,60351,86009,-25658
36081,1994,61581,86665,-25084
36081,1995,56830,83458,-26628
36081,1996,59719,87713,-27994
36081,1997,62575,88082,-25507
36081,1998,62286,89589,-27303
36081,1999,61791,94839,-33048
36081,2000,60565,96181,-35616
36081,2001,62079,103009,-40930
36081,2002,64778,102866,-38088
36081,2003,64190,105446,-41256
36081,2004,68349,106904,-38555
36081,2005,68955,104384,-35429
36081,2006,71272,96349,-25077
36081,2007,76129,92076,-15947
36081,2008,75869,85281,-9412
36081,2009,73811,87518,-13707
36081,2010,73999,86030,-12031
36083,1990,6346,6319,27
36083,1991,6207,6345,-138
36083,1992,6341,6450,-109
36083,1993,5806,6933,-1127
36083,1994,5902,6793,-891
36083,1995,5696,6326,-630
36083,1996,5419,6990,-1571
36083,1997,5447,6755,-1308
36083,1998,5811,6829,-1018
36083,1999,6364,6572,-208
36083,2000,6628,6781,-153
36083,2001,6837,6791,46
36083,2002,7065,6732,333
36083,2003,7118,6575,543
36083,2004,7203,7091,112
36083,2005,7326,7125,201
36083,2006,7109,7098,11
36083,2007,7236,7328,-92
36083,2008,6639,7289,-650
36083,2009,6470,7016,-546
36083,2010,6234,6919,-685
36085,1990,12495,12282,213
36085,1991,13183,12645,538
36085,1992,12369,13027,-658
36085,1993,11663,13697,-2034
36085,1994,12069,14193,-2124
36085,1995,11367,12788,-1421
36085,1996,12345,12931,-586
36085,1997,13544,12606,938
36085,1998,15228,13331,1897
36085,1999,15493,14308,1185
36085,2000,15290,14372,918
36085,2001,16095,15495,600
36085,2002,16498,16331,167
36085,2003,15513,16945,-1432
36085,2004,16103,18068,-1965
36085,2005,15335,16885,-1550
36085,2006,13919,14716,-797
36085,2007,14645,13735,910
36085,2008,13287,12587,700
36085,2009,12762,12806,-44
36085,2010,11975,12902,-927
36087,1990,8666,9888,-1222
36087,1991,8707,9770,-1063
36087,1992,8771,9516,-745
36087,1993,8905,10137,-1232
36087,1994,9164,10539,-1375
36087,1995,8425,10328,-1903
36087,1996,8424,10276,-1852
36087,1997,9037,9766,-729
36087,1998,10037,10191,-154
36087,1999,9375,10805,-1430
36087,2000,8737,10798,-2061
36087,2001,9323,10968,-1645
36087,2002,8814,10750,-1936
36087,2003,8556,11421,-2865
36087,2004,8468,11815,-3347
36087,2005,7926,11145,-3219
36087,2006,7769,10212,-2443
36087,2007,7970,9409,-1439
36087,2008,7757,8415,-658
36087,2009,7556,7806,-250
36087,2010,7725,8195,-470
36089,1990,3487,3160,327
36089,1991,3322,3121,201
36089,1992,3157,3245,-88
36089,1993,2868,3287,-419
36089,1994,2978,3494,-516
36089,1995,2741,3271,-530
36089,1996,2590,3422,-832
36089,1997,2751,3383,-632
36089,1998,2873,3206,-333
36089,1999,2806,3245,-439
36089,2000,2828,3403,-575
36089,2001,2791,3105,-314
36089,2002,2671,2744,-73
36089,2003,2803,2721,82
36089,2004,2802,2816,-14
36089,2005,2935,3020,-85
36089,2006,2847,3010,-163
36089,2007,2971,3025,-54
36089,2008,2982,2959,23
36089,2009,2441,2590,-149
36089,2010,2322,2621,-299
36091,1990,11450,10601,849
36091,1991,11709,10084,1625
36091,1992,10868,10373,495
36091,1993,11092,10029,1063
36091,1994,10819,10901,-82
36091,1995,9896,10464,-568
36091,1996,10455,10591,-136
36091,1997,10598,10048,550
36091,1998,11307,10163,1144
36091,1999,11558,9830,1728
36091,2000,11996,10360,1636
36091,2001,11864,10371,1493
36091,2002,11561,9613,1948
36091,2003,11400,10430,970
36091,2004,11651,10610,1041
36091,2005,11078,10662,416
36091,2006,10231,9844,387
36091,2007,10669,9931,738
36091,2008,10538,9568,970
36091,2009,10193,9520,673
36091,2010,9869,9351,518
36093,1990,6398,6328,70
36093,1991,6315,6816,-501
36093,1992,6204,6537,-333
36093,1993,5959,6667,-708
36093,1994,6160,6910,-750
36093,1995,4835,6189,-1354
36093,1996,5356,6444,-1088
36093,1997,5028,6159,-1131
36093,1998,5409,6602,-1193
36093,1999,5683,6533,-850
36093,2000,5778,6365,-587
36093,2001,6459,6137,322
36093,2002,6479,6421,58
36093,2003,6508,6376,132
36093,2004,6902,6521,381
36093,2005,7100,6389,711
36093,2006,6275,6556,-281
36093,2007,6551,6582,-31
36093,2008,6024,6252,-228
36093,2009,6039,6066,-27
36093,2010,5599,6172,-573
36095,1990,1524,1114,410
36095,1991,1268,1123,145
36095,1992,1216,1096,120
36095,1993,1258,1233,25
36095,1994,1183,1232,-49
36095,1995,1143,994,149
36095,1996,875,1255,-380
36095,1997,1011,1098,-87
36095,1998,1155,1182,-27
36095,1999,1147,1092,55
36095,2000,1046,1100,-54
36095,2001,1318,1222,96
36095,2002,1073,1023,50
36095,2003,1180,1038,142
36095,2004,1265,971,294
36095,2005,1094,1070,24
36095,2006,1093,1019,74
36095,2007,1183,1165,18
36095,2008,983,1165,-182
36095,2009,1023,1058,-35
36095,2010,1016,955,61
36097,1990,929,885,44
36097,1991,871,863,8
36097,1992,713,772,-59
36097,1993,720,833,-113
36097,1994,808,777,31
36097,1995,874,951,-77
36097,1996,835,897,-62
36097,1997,914,861,53
36097,1998,852,889,-37
36097,1999,960,827,133
36097,2000,913,882,31
36097,2001,961,863,98
36097,2002,900,854,46
36097,2003,875,854,21
36097,2004,758,793,-35
36097,2005,899,865,34
36097,2006,851,838,13
36097,2007,846,854,-8
36097,2008,723,840,-117
36097,2009,779,760,19
36097,2010,816,727,89
36099,1990,1632,1639,-7
36099,1991,1647,1615,32
36099,1992,1462,2017,-555
36099,1993,1430,1687,-257
36099,1994,1415,1470,-55
36099,1995,1384,1450,-66
36099,1996,1318,1566,-248
36099,1997,1321,1572,-251
36099,1998,1340,1422,-82
36099,1999,1445,1419,26
36099,2000,1620,1566,54
36099,2001,1396,1337,59
36099,2002,1475,1347,128
36099,2003,1329,1439,-110
36099,2004,1234,1483,-249
36099,2005,1403,1429,-26
36099,2006,1322,1304,18
36099,2007,1259,1372,-113
36099,2008,1240,1285,-45
36099,2009,1203,1329,-126
36099,2010,1385,1349,36
36101,1990,3503,3481,22
36101,1991,3308,3430,-122
36101,1992,3302,3340,-38
36101,1993,3348,3457,-109
36101,1994,3032,3743,-711
36101,1995,3060,3558,-498
36101,1996,3096,3424,-328
36101,1997,3249,3619,-370
36101,1998,3397,3749,-352
36101,1999,3614,3512,102
36101,2000,3930,3659,271
36101,2001,3676,3608,68
36101,2002,3111,3650,-539
36101,2003,3133,3415,-282
36101,2004,3217,3575,-358
36101,2005,3262,3504,-242
36101,2006,3191,3449,-258
36101,2007,3245,3380,-135
36101,2008,3216,3167,49
36101,2009,2845,2954,-109
36101,2010,3190,3276,-86
36103,1990,35012,43699,-8687
36103,1991,36670,41190,-4520
36103,1992,36125,40363,-4238
36103,1993,35176,41625,-6449
36103,1994,36203,42799,-6596
36103,1995,35035,40931,-5896
36103,1996,36036,41803,-5767
36103,1997,38229,40010,-1781
36103,1998,40021,38676,1345
36103,1999,41038,37674,3364
36103,2000,41082,37848,3234
36103,2001,40095,39919,176
36103,2002,39493,39612,-119
36103,2003,38686,43777,-5091
36103,2004,37604,48569,-10965
36103,2005,35869,49032,-13163
36103,2006,33105,44844,-11739
36103,2007,33183,39750,-6567
36103,2008,30431,33849,-3418
36103,2009,29165,31931,-2766
36103,2010,29866,32064,-2198
36105,1990,3386,3200,186
36105,1991,3297,3093,204
36105,1992,3164,3174,-10
36105,1993,3071,3440,-369
36105,1994,3084,3434,-350
36105,1995,2803,2938,-135
36105,1996,2733,3294,-561
36105,1997,2710,2993,-283
36105,1998,2857,3018,-161
36105,1999,3000,2879,121
36105,2000,2874,2919,-45
36105,2001,3154,3120,34
36105,2002,3362,2763,599
36105,2003,3462,3000,462
36105,2004,3480,3261,219
36105,2005,3379,3262,117
36105,2006,3316,3098,218
36105,2007,2938,3239,-301
36105,2008,2709,3131,-422
36105,2009,2655,2802,-147
36105,2010,2523,2888,-365
36107,1990,2649,2544,105
36107,1991,2575,2517,58
36107,1992,2663,2829,-166
36107,1993,2322,2701,-379
36107,1994,2407,2926,-519
36107,1995,2252,2792,-540
36107,1996,2309,2587,-278
36107,1997,2409,2585,-176
36107,1998,2322,2751,-429
36107,1999,2154,2456,-302
36107,2000,2248,2546,-298
36107,2001,2327,2221,106
36107,2002,2177,2287,-110
36107,2003,2060,2362,-302
36107,2004,2276,2312,-36
36107,2005,2228,2278,-50
36107,2006,2049,2126,-77
36107,2007,2169,2212,-43
36107,2008,2089,2170,-81
36107,2009,1987,2039,-52
36107,2010,1966,2005,-39
36109,1990,4437,4477,-40
36109,1991,4674,4916,-242
36109,1992,4585,4837,-252
36109,1993,4526,4747,-221
36109,1994,4664,5153,-489
36109,1995,4385,5094,-709
36109,1996,4679,5016,-337
36109,1997,4561,4982,-421
36109,1998,4848,4890,-42
36109,1999,4693,5067,-374
36109,2000,5156,5128,28
36109,2001,5119,4989,130
36109,2002,5087,4770,317
36109,2003,4931,4762,169
36109,2004,4547,5095,-548
36109,2005,4745,4996,-251
36109,2006,4959,4911,48
36109,2007,5149,4952,197
36109,2008,5032,4776,256
36109,2009,3977,4703,-726
36109,2010,3923,4925,-1002
36111,1990,6344,6227,117
36111,1991,6080,5907,173
36111,1992,5877,6319,-442
36111,1993,5490,7251,-1761
36111,1994,5757,6948,-1191
36111,1995,5149,5779,-630
36111,1996,5201,5864,-663
36111,1997,5150,5668,-518
36111,1998,5544,5491,53
36111,1999,5552,5398,154
36111,2000,5627,5551,76
36111,2001,6346,5245,1101
36111,2002,5944,5367,577
36111,2003,5732,5928,-196
36111,2004,6682,6409,273
36111,2005,6505,6644,-139
36111,2006,5940,6135,-195
36111,2007,5983,6366,-383
36111,2008,5266,6095,-829
36111,2009,5353,5693,-340
36111,2010,5272,5511,-239
36113,1990,3219,2950,269
36113,1991,3171,3007,164
36113,1992,3401,2908,493
36113,1993,2972,3050,-78
36113,1994,3273,3150,123
36113,1995,3008,3233,-225
36113,1996,2957,3070,-113
36113,1997,3056,3134,-78
36113,1998,3172,3018,154
36113,1999,3187,3060,127
36113,2000,3326,3047,279
36113,2001,3293,2960,333
36113,2002,3625,3084,541
36113,2003,3460,3172,288
36113,2004,3484,3076,408
36113,2005,3554,3203,351
36113,2006,3107,2895,212
36113,2007,3073,3153,-80
36113,2008,3055,3224,-169
36113,2009,2908,2811,97
36113,2010,2973,2885,88
36115,1990,2722,2496,226
36115,1991,2541,2421,120
36115,1992,2657,2432,225
36115,1993,2396,2462,-66
36115,1994,2537,2547,-10
36115,1995,2290,2510,-220
36115,1996,2269,2533,-264
36115,1997,2290,2500,-210
36115,1998,2332,2412,-80
36115,1999,2369,2462,-93
36115,2000,2405,2256,149
36115,2001,2531,2309,222
36115,2002,2584,2237,347
36115,2003,2750,2244,506
36115,2004,2742,2540,202
36115,2005,2746,2551,195
36115,2006,2637,2500,137
36115,2007,2609,2453,156
36115,2008,2550,2536,14
36115,2009,2534,2255,279
36115,2010,2507,2568,-61
36117,1990,3728,3604,124
36117,1991,3913,3630,283
36117,1992,3905,3556,349
36117,1993,3729,3798,-69
36117,1994,4028,3776,252
36117,1995,3506,3576,-70
36117,1996,3519,3734,-215
36117,1997,3523,3606,-83
36117,1998,3671,3809,-138
36117,1999,3295,3749,-454
36117,2000,3448,3653,-205
36117,2001,3440,3642,-202
36117,2002,3509,3676,-167
36117,2003,3316,3717,-401
36117,2004,3394,3730,-336
36117,2005,3456,3911,-455
36117,2006,3349,3736,-387
36117,2007,3616,3781,-165
36117,2008,3289,3440,-151
36117,2009,3348,3461,-113
36117,2010,3129,3591,-462
36119,1990,28083,33967,-5884
36119,1991,29540,33747,-4207
36119,1992,29372,34491,-5119
36119,1993,29940,35619,-5679
36119,1994,31111,35939,-4828
36119,1995,29665,34573,-4908
36119,1996,30877,36523,-5646
36119,1997,31339,35203,-3864
36119,1998,32193,35492,-3299
36119,1999,31813,35254,-3441
36119,2000,30958,35323,-4365
36119,2001,30406,37187,-6781
36119,2002,29104,37322,-8218
36119,2003,28945,37995,-9050
36119,2004,29272,39585,-10313
36119,2005,29727,37768,-8041
36119,2006,29679,34803,-5124
36119,2007,30584,34012,-3428
36119,2008,29267,30445,-1178
36119,2009,28476,30268,-1792
36119,2010,29539,30666,-1127
36121,1990,1854,1808,46
36121,1991,1577,1650,-73
36121,1992,1771,1702,69
36121,1993,1791,1722,69
36121,1994,1765,1760,5
36121,1995,1520,1370,150
36121,1996,1418,1625,-207
36121,1997,1402,1559,-157
36121,1998,1475,1534,-59
36121,1999,1355,1548,-193
36121,2000,1338,1655,-317
36121,2001,1453,1405,48
36121,2002,1332,1455,-123
36121,2003,1356,1522,-166
36121,2004,1423,1601,-178
36121,2005,1417,1548,-131
36121,2006,1289,1578,-289
36121,2007,1446,1658,-212
36121,2008,1319,1468,-149
36121,2009,1371,1475,-104
36121,2010,1334,1520,-186
36123,1990,974,892,82
36123,1991,931,860,71
36123,1992,922,798,124
36123,1993,1031,872,159
36123,1994,1002,965,37
36123,1995,982,913,69
36123,1996,949,977,-28
36123,1997,869,896,-27
36123,1998,942,803,139
36123,1999,864,914,-50
36123,2000,805,874,-69
36123,2001,887,915,-28
36123,2002,916,762,154
36123,2003,791,837,-46
36123,2004,931,969,-38
36123,2005,819,1004,-185
36123,2006,933,847,86
36123,2007,941,956,-15
36123,2008,828,967,-139
36123,2009,823,861,-38
36123,2010,811,848,-37
37001,1990,4537,3614,923
37001,1991,4495,3712,783
37001,1992,4751,3946,805
37001,1993,4966,4009,957
37001,1994,5179,4123,1056
37001,1995,5581,4258,1323
37001,1996,5862,4683,1179
37001,1997,5886,4924,962
37001,1998,5914,5072,842
37001,1999,6175,4899,1276
37001,2000,5872,5078,794
37001,2001,5981,5298,683
37001,2002,5244,5296,-52
37001,2003,5652,4908,744
37001,2004,5478,4655,823
37001,2005,6274,5013,1261
37001,2006,6632,4891,1741
37001,2007,6905,5225,1680
37001,2008,6421,5266,1155
37001,2009,5796,5046,750
37001,2010,5629,4809,820
37003,1990,1420,1230,190
37003,1991,1312,1245,67
37003,1992,1451,1122,329
37003,1993,1607,1263,344
37003,1994,1652,1316,336
37003,1995,1887,1725,162
37003,1996,1935,1601,334
37003,1997,2011,1607,404
37003,1998,1953,1519,434
37003,1999,1787,1718,69
37003,2000,1780,1638,142
37003,2001,1776,1646,130
37003,2002,1712,1533,179
37003,2003,1370,1456,-86
37003,2004,1436,1502,-66
37003,2005,1661,1426,235
37003,2006,1598,1441,157
37003,2007,1594,1518,76
37003,2008,1558,1428,130
37003,2009,1398,1376,22
37003,2010,1265,1351,-86
37005,1990,390,303,87
37005,1991,373,341,32
37005,1992,337,331,6
37005,1993,386,298,88
37005,1994,421,290,131
37005,1995,334,304,30
37005,1996,384,385,-1
37005,1997,363,285,78
37005,1998,416,341,75
37005,1999,422,328,94
37005,2000,445,405,40
37005,2001,405,393,12
37005,2002,382,324,58
37005,2003,351,350,1
37005,2004,387,371,16
37005,2005,443,383,60
37005,2006,433,354,79
37005,2007,453,407,46
37005,2008,415,384,31
37005,2009,423,314,109
37005,2010,363,375,-12
37007,1990,680,792,-112
37007,1991,698,831,-133
37007,1992,787,852,-65
37007,1993,784,850,-66
37007,1994,682,864,-182
37007,1995,899,755,144
37007,1996,896,837,59
37007,1997,895,836,59
37007,1998,849,993,-144
37007,1999,861,988,-127
37007,2000,855,889,-34
37007,2001,910,893,17
37007,2002,746,866,-120
37007,2003,721,865,-144
37007,2004,665,937,-272
37007,2005,703,923,-220
37007,2006,772,881,-109
37007,2007,797,843,-46
37007,2008,771,847,-76
37007,2009,750,813,-63
37007,2010,622,754,-132
37009,1990,641,489,152
37009,1991,697,608,89
37009,1992,834,582,252
37009,1993,826,617,209
37009,1994,960,636,324
37009,1995,815,542,273
37009,1996,809,662,147
37009,1997,818,689,129
37009,1998,926,726,200
37009,1999,903,657,246
37009,2000,791,633,158
37009,2001,909,710,199
37009,2002,832,646,186
37009,2003,849,660,189
37009,2004,800,726,74
37009,2005,938,778,160
37009,2006,893,688,205
37009,2007,850,659,191
37009,2008,862,674,188
37009,2009,785,675,110
37009,2010,706,858,-152
37011,1990,637,597,40
37011,1991,671,650,21
37011,1992,701,635,66
37011,1993,768,632,136
37011,1994,806,763,43
37011,1995,928,754,174
37011,1996,885,799,86
37011,1997,785,759,26
37011,1998,892,798,94
37011,1999,898,822,76
37011,2000,979,838,141
37011,2001,939,881,58
37011,2002,850,845,5
37011,2003,867,821,46
37011,2004,657,749,-92
37011,2005,675,707,-32
37011,2006,598,653,-55
37011,2007,705,720,-15
37011,2008,626,656,-30
37011,2009,532,635,-103
37011,2010,570,629,-59
37013,1990,1606,1437,169
37013,1991,1593,1493,100
37013,1992,1613,1367,246
37013,1993,1702,1457,245
37013,1994,1790,1599,191
37013,1995,1641,1630,11
37013,1996,1867,1675,192
37013,1997,1941,1775,166
37013,1998,2218,1689,529
37013,1999,1988,2153,-165
37013,2000,1930,1906,24
37013,2001,1993,1983,10
37013,2002,1946,1898,48
37013,2003,2064,1950,114
37013,2004,1877,1656,221
37013,2005,1953,1758,195
37013,2006,1697,1775,-78
37013,2007,2023,1733,290
37013,2008,1749,1717,32
37013,2009,1682,1613,69
37013,2010,1701,1710,-9
37015,1990,666,726,-60
37015,1991,682,774,-92
37015,1992,739,747,-8
37015,1993,720,733,-13
37015,1994,701,704,-3
37015,1995,731,813,-82
37015,1996,751,845,-94
37015,1997,748,820,-72
37015,1998,770,789,-19
37015,1999,736,880,-144
37015,2000,811,793,18
37015,2001,709,811,-102
37015,2002,741,855,-114
37015,2003,831,769,62
37015,2004,767,793,-26
37015,2005,738,862,-124
37015,2006,741,814,-73
37015,2007,816,805,11
37015,2008,758,758,0
37015,2009,703,755,-52
37015,2010,558,785,-227
37017,1990,1092,1045,47
37017,1991,1141,1026,115
37017,1992,1255,1154,101
37017,1993,1353,1125,228
37017,1994,1307,1129,178
37017,1995,1628,1512,116
37017,1996,1890,1476,414
37017,1997,2029,1996,33
37017,1998,1967,2045,-78
37017,1999,1995,2112,-117
37017,2000,2150,1930,220
37017,2001,2059,2251,-192
37017,2002,2370,2175,195
37017,2003,2095,1807,288
37017,2004,1119,1153,-34
37017,2005,1155,1216,-61
37017,2006,1171,1299,-128
37017,2007,1342,1251,91
37017,2008,1213,1291,-78
37017,2009,1362,1107,255
37017,2010,1305,1242,63
37019,1990,3047,2327,720
37019,1991,3414,2327,1087
37019,1992,3484,2354,1130
37019,1993,3396,2368,1028
37019,1994,3766,2413,1353
37019,1995,4483,2612,1871
37019,1996,4992,2801,2191
37019,1997,5095,3120,1975
37019,1998,5292,3176,2116
37019,1999,5117,3296,1821
37019,2000,5060,3197,1863
37019,2001,5095,3245,1850
37019,2002,5332,3299,2033
37019,2003,5947,3601,2346
37019,2004,7050,3457,3593
37019,2005,8239,3915,4324
37019,2006,7870,4025,3845
37019,2007,7819,4475,3344
37019,2008,7041,4796,2245
37019,2009,6384,4613,1771
37019,2010,6306,4634,1672
37021,1990,8622,6945,1677
37021,1991,8819,6957,1862
37021,1992,9085,6993,2092
37021,1993,8953,7295,1658
37021,1994,9862,7809,2053
37021,1995,9739,7763,1976
37021,1996,9766,8505,1261
37021,1997,10124,8682,1442
37021,1998,10255,8975,1280
37021,1999,10497,9049,1448
37021,2000,10042,9457,585
37021,2001,10456,9231,1225
37021,2002,10330,8815,1515
37021,2003,10741,9293,1448
37021,2004,10953,9035,1918
37021,2005,11750,9347,2403
37021,2006,11915,9678,2237
37021,2007,11792,10493,1299
37021,2008,10787,9999,788
37021,2009,10370,9281,1089
37021,2010,11029,9281,1748
37023,1990,3163,2971,192
37023,1991,3358,2924,434
37023,1992,3465,3125,340
37023,1993,3706,3170,536
37023,1994,3687,3223,464
37023,1995,3600,3268,332
37023,1996,3704,3229,475
37023,1997,3591,3300,291
37023,1998,3863,3560,303
37023,1999,3633,3749,-116
37023,2000,3660,3840,-180
37023,2001,3224,3800,-576
37023,2002,3227,3217,10
37023,2003,2963,3372,-409
37023,2004,2792,3079,-287
37023,2005,3464,3229,235
37023,2006,3266,3452,-186
37023,2007,3763,3396,367
37023,2008,3212,3302,-90
37023,2009,3003,3429,-426
37023,2010,3646,3099,547
37025,1990,6203,5039,1164
37025,1991,6698,5312,1386
37025,1992,6444,5389,1055
37025,1993,6788,5486,1302
37025,1994,7210,5399,1811
37025,1995,10099,7093,3006
37025,1996,9823,7414,2409
37025,1997,11465,7683,3782
37025,1998,12256,8221,4035
37025,1999,11859,8448,3411
37025,2000,11757,8868,2889
37025,2001,11758,9151,2607
37025,2002,10726,8877,1849
37025,2003,10854,9179,1675
37025,2004,9802,7446,2356
37025,2005,12230,7807,4423
37025,2006,13307,8134,5173
37025,2007,12992,9252,3740
37025,2008,10708,9092,1616
37025,2009,9395,8518,877
37025,2010,9825,8403,1422
37027,1990,2526,2541,-15
37027,1991,2381,2374,7
37027,1992,2524,2210,314
37027,1993,2515,2324,191
37027,1994,2677,2309,368
37027,1995,2637,2356,281
37027,1996,2830,2389,441
37027,1997,2935,2868,67
37027,1998,3048,2859,189
37027,1999,3367,2831,536
37027,2000,3031,2970,61
37027,2001,3128,2997,131
37027,2002,2927,3045,-118
37027,2003,2710,2792,-82
37027,2004,2729,2552,177
37027,2005,3004,2802,202
37027,2006,2913,2727,186
37027,2007,3114,2686,428
37027,2008,2926,2757,169
37027,2009,2626,2561,65
37027,2010,2440,2574,-134
37029,1990,404,362,42
37029,1991,423,317,106
37029,1992,432,439,-7
37029,1993,504,390,114
37029,1994,516,415,101
37029,1995,564,435,129
37029,1996,722,508,214
37029,1997,705,559,146
37029,1998,635,548,87
37029,1999,699,532,167
37029,2000,730,524,206
37029,2001,868,529,339
37029,2002,1030,547,483
37029,2003,1225,616,609
37029,2004,1011,566,445
37029,2005,916,701,215
37029,2006,858,657,201
37029,2007,854,657,197
37029,2008,740,675,65
37029,2009,656,578,78
37029,2010,709,711,-2
37031,1990,3936,3493,443
37031,1991,4186,3316,870
37031,1992,4230,3809,421
37031,1993,4071,3521,550
37031,1994,4431,3415,1016
37031,1995,3983,3067,916
37031,1996,3927,3112,815
37031,1997,3512,3071,441
37031,1998,3434,3163,271
37031,1999,3435,3272,163
37031,2000,3308,2945,363
37031,2001,3567,3156,411
37031,2002,3748,2992,756
37031,2003,3976,2989,987
37031,2004,3863,3114,749
37031,2005,3989,3152,837
37031,2006,3477,3167,310
37031,2007,3543,3338,205
37031,2008,3800,2898,902
37031,2009,3874,3058,816
37031,2010,4019,3260,759
37033,1990,881,891,-10
37033,1991,872,970,-98
37033,1992,819,850,-31
37033,1993,893,847,46
37033,1994,987,862,125
37033,1995,1088,965,123
37033,1996,1189,957,232
37033,1997,1204,1150,54
37033,1998,1468,1233,235
37033,1999,1502,1266,236
37033,2000,1319,1387,-68
37033,2001,1453,1330,123
37033,2002,1390,1362,28
37033,2003,1328,1387,-59
37033,2004,1026,1020,6
37033,2005,1101,981,120
37033,2006,1028,1047,-19
37033,2007,1122,1117,5
37033,2008,983,1063,-80
37033,2009,984,988,-4
37033,2010,864,939,-75
37035,1990,6162,5686,476
37035,1991,5957,5583,374
37035,1992,6397,5453,944
37035,1993,6910,5815,1095
37035,1994,7200,5979,1221
37035,1995,8183,6325,1858
37035,1996,8066,7068,998
37035,1997,8593,7141,1452
37035,1998,8650,7428,1222
37035,1999,9285,7632,1653
37035,2000,9007,7597,1410
37035,2001,7772,8105,-333
37035,2002,7373,7825,-452
37035,2003,8322,7640,682
37035,2004,7294,6451,843
37035,2005,7566,6759,807
37035,2006,7748,6467,1281
37035,2007,7900,6955,945
37035,2008,7387,6850,537
37035,2009,6263,6516,-253
37035,2010,6081,7207,-1126
37037,1990,2391,2009,382
37037,1991,2150,1851,299
37037,1992,2400,2121,279
37037,1993,2393,2108,285
37037,1994,2393,2098,295
37037,1995,4471,3367,1104
37037,1996,4526,3537,989
37037,1997,4497,3723,774
37037,1998,5100,4051,1049
37037,1999,5663,4391,1272
37037,2000,5929,4221,1708
37037,2001,7545,4310,3235
37037,2002,5671,4520,1151
37037,2003,5796,4473,1323
37037,2004,3537,3004,533
37037,2005,4127,2963,1164
37037,2006,4238,3300,938
37037,2007,4912,3541,1371
37037,2008,4006,3082,924
37037,2009,3670,2868,802
37037,2010,3519,3186,333
37039,1990,829,763,66
37039,1991,859,790,69
37039,1992,984,746,238
37039,1993,1131,731,400
37039,1994,1049,675,374
37039,1995,1024,723,301
37039,1996,1137,749,388
37039,1997,1214,814,400
37039,1998,1182,793,389
37039,1999,1199,898,301
37039,2000,1124,902,222
37039,2001,1090,881,209
37039,2002,1237,897,340
37039,2003,1203,866,337
37039,2004,1198,860,338
37039,2005,1457,920,537
37039,2006,1293,962,331
37039,2007,1201,1086,115
37039,2008,883,1051,-168
37039,2009,1063,913,150
37039,2010,945,910,35
37041,1990,556,517,39
37041,1991,562,491,71
37041,1992,550,506,44
37041,1993,617,531,86
37041,1994,641,580,61
37041,1995,689,549,140
37041,1996,598,579,19
37041,1997,562,566,-4
37041,1998,559,548,11
37041,1999,533,613,-80
37041,2000,612,612,0
37041,2001,640,610,30
37041,2002,787,632,155
37041,2003,741,594,147
37041,2004,696,602,94
37041,2005,817,608,209
37041,2006,730,618,112
37041,2007,624,688,-64
37041,2008,664,542,122
37041,2009,516,571,-55
37041,2010,581,500,81
37043,1990,361,294,67
37043,1991,378,324,54
37043,1992,412,331,81
37043,1993,430,273,157
37043,1994,526,325,201
37043,1995,424,309,115
37043,1996,490,288,202
37043,1997,540,329,211
37043,1998,531,380,151
37043,1999,552,374,178
37043,2000,569,370,199
37043,2001,497,342,155
37043,2002,547,369,178
37043,2003,554,413,141
37043,2004,598,387,211
37043,2005,700,468,232
37043,2006,654,474,180
37043,2007,661,472,189
37043,2008,553,443,110
37043,2009,474,430,44
37043,2010,514,391,123
37045,1990,3886,3524,362
37045,1991,3993,3451,542
37045,1992,4004,3583,421
37045,1993,3934,3600,334
37045,1994,4220,3641,579
37045,1995,4424,3445,979
37045,1996,4596,4071,525
37045,1997,4681,4065,616
37045,1998,4771,4281,490
37045,1999,4922,4225,697
37045,2000,4613,4318,295
37045,2001,4483,4341,142
37045,2002,4285,4087,198
37045,2003,4035,4240,-205
37045,2004,3442,3764,-322
37045,2005,3589,3539,50
37045,2006,3940,3518,422
37045,2007,4140,3590,550
37045,2008,3650,3577,73
37045,2009,3262,3293,-31
37045,2010,3113,3508,-395
37047,1990,1516,1544,-28
37047,1991,1628,1518,110
37047,1992,1764,1562,202
37047,1993,1593,1480,113
37047,1994,1628,1552,76
37047,1995,1753,1525,228
37047,1996,1704,1473,231
37047,1997,1610,1545,65
37047,1998,1541,1621,-80
37047,1999,1437,1600,-163
37047,2000,1468,1591,-123
37047,2001,1443,1503,-60
37047,2002,1358,1665,-307
37047,2003,1407,1469,-62
37047,2004,1450,1509,-59
37047,2005,1651,1464,187
37047,2006,1644,1543,101
37047,2007,1745,1669,76
37047,2008,1695,1617,78
37047,2009,1480,1708,-228
37047,2010,1499,1616,-117
37049,1990,7983,8272,-289
37049,1991,8931,7211,1720
37049,1992,8760,10132,-1372
37049,1993,8278,8907,-629
37049,1994,8804,8235,569
37049,1995,8434,8074,360
37049,1996,8431,8246,185
37049,1997,7686,8093,-407
37049,1998,7889,8181,-292
37049,1999,7966,8026,-60
37049,2000,7859,8334,-475
37049,2001,7563,8772,-1209
37049,2002,7722,8094,-372
37049,2003,7726,8252,-526
37049,2004,7730,8255,-525
37049,2005,8209,7990,219
37049,2006,8074,8555,-481
37049,2007,7968,8091,-123
37049,2008,8380,8221,159
37049,2009,8204,8163,41
37049,2010,8453,8452,1
37051,1990,26420,29155,-2735
37051,1991,35113,23810,11303
37051,1992,37021,37494,-473
37051,1993,32750,34642,-1892
37051,1994,32289,34742,-2453
37051,1995,31300,35440,-4140
37051,1996,30386,34290,-3904
37051,1997,29619,35006,-5387
37051,1998,29140,33924,-4784
37051,1999,29791,33768,-3977
37051,2000,29534,34423,-4889
37051,2001,30879,33609,-2730
37051,2002,28938,31649,-2711
37051,2003,27775,29610,-1835
37051,2004,27420,33219,-5799
37051,2005,28265,31166,-2901
37051,2006,28561,32923,-4362
37051,2007,30125,29895,230
37051,2008,32319,32131,188
37051,2009,28049,31756,-3707
37051,2010,31664,31355,309
37053,1990,1067,794,273
37053,1991,1166,842,324
37053,1992,1334,818,516
37053,1993,1295,841,454
37053,1994,1201,816,385
37053,1995,1250,892,358
37053,1996,1245,894,351
37053,1997,1254,812,442
37053,1998,1366,984,382
37053,1999,1392,979,413
37053,2000,1358,991,367
37053,2001,1555,1018,537
37053,2002,1816,955,861
37053,2003,1979,1085,894
37053,2004,2000,1210,790
37053,2005,1901,1444,457
37053,2006,1677,1329,348
37053,2007,1571,1376,195
37053,2008,1395,1343,52
37053,2009,1597,1289,308
37053,2010,1490,1252,238
37055,1990,1575,1546,29
37055,1991,1670,1438,232
37055,1992,1769,1279,490
37055,1993,1868,1307,561
37055,1994,2051,1345,706
37055,1995,1911,1347,564
37055,1996,2074,1336,738
37055,1997,2015,1338,677
37055,1998,2042,1444,598
37055,1999,2189,1554,635
37055,2000,2154,1603,551
37055,2001,2258,1445,813
37055,2002,2258,1603,655
37055,2003,2193,1960,233
37055,2004,2246,2152,94
37055,2005,2250,2188,62
37055,2006,1767,1857,-90
37055,2007,1817,1901,-84
37055,2008,1759,1735,24
37055,2009,1718,1506,212
37055,2010,1781,1662,119
37057,1990,5548,5062,486
37057,1991,5608,5240,368
37057,1992,5990,5182,808
37057,1993,5971,5551,420
37057,1994,6057,5908,149
37057,1995,7884,6201,1683
37057,1996,8020,6492,1528
37057,1997,8218,6885,1333
37057,1998,8708,7567,1141
37057,1999,8219,7628,591
37057,2000,8636,7614,1022
37057,2001,7827,7288,539
37057,2002,7704,7105,599
37057,2003,8035,7154,881
37057,2004,6033,5710,323
37057,2005,7013,6154,859
37057,2006,7096,6042,1054
37057,2007,7662,6208,1454
37057,2008,6559,6371,188
37057,2009,6199,5929,270
37057,2010,5931,5947,-16
37059,1990,1432,1265,167
37059,1991,1263,1248,15
37059,1992,1499,1228,271
37059,1993,1543,1145,398
37059,1994,1801,1553,248
37059,1995,1867,1378,489
37059,1996,2031,1262,769
37059,1997,2116,1321,795
37059,1998,2115,1557,558
37059,1999,2149,1492,657
37059,2000,2192,1506,686
37059,2001,1977,1613,364
37059,2002,1889,1600,289
37059,2003,2119,1594,525
37059,2004,2286,1448,838
37059,2005,2435,1687,748
37059,2006,2325,1668,657
37059,2007,2220,1767,453
37059,2008,1864,1633,231
37059,2009,1788,1502,286
37059,2010,1752,1610,142
37061,1990,1618,1771,-153
37061,1991,2010,1734,276
37061,1992,2065,1908,157
37061,1993,2027,2237,-210
37061,1994,2075,1942,133
37061,1995,2001,1846,155
37061,1996,1990,1955,35
37061,1997,1988,2038,-50
37061,1998,1937,2008,-71
37061,1999,1972,2094,-122
37061,2000,2042,2162,-120
37061,2001,1921,1966,-45
37061,2002,2000,2101,-101
37061,2003,1992,2063,-71
37061,2004,1710,1954,-244
37061,2005,2016,1780,236
37061,2006,2048,1994,54
37061,2007,2120,1909,211
37061,2008,2109,2202,-93
37061,2009,2257,1949,308
37061,2010,3132,2410,722
37063,1990,11562,10496,1066
37063,1991,11389,10962,427
37063,1992,12345,11717,628
37063,1993,12219,12342,-123
37063,1994,13032,12397,635
37063,1995,13080,12607,473
37063,1996,14191,13033,1158
37063,1997,14156,13638,518
37063,1998,14597,14688,-91
37063,1999,15105,14471,634
37063,2000,14873,14410,463
37063,2001,15534,14774,760
37063,2002,14390,15669,-1279
37063,2003,14844,15304,-460
37063,2004,14707,15243,-536
37063,2005,15984,15703,281
37063,2006,17082,15947,1135
37063,2007,18507,16570,1937
37063,2008,17823,16861,962
37063,2009,16175,17610,-1435
37063,2010,17418,17493,-75
37065,1990,2862,3506,-644
37065,1991,2968,3544,-576
37065,1992,3330,3729,-399
37065,1993,3193,3363,-170
37065,1994,2935,3277,-342
37065,1995,3457,3634,-177
37065,1996,3379,3810,-431
37065,1997,3156,3827,-671
37065,1998,3285,3770,-485
37065,1999,3063,4368,-1305
37065,2000,3178,3556,-378
37065,2001,3050,3463,-413
37065,2002,3005,3287,-282
37065,2003,3092,3451,-359
37065,2004,2887,3223,-336
37065,2005,3014,3232,-218
37065,2006,2876,3231,-355
37065,2007,3085,3064,21
37065,2008,2971,3267,-296
37065,2009,2946,3021,-75
37065,2010,2665,3220,-555
37067,1990,12456,12396,60
37067,1991,12555,12105,450
37067,1992,13586,12098,1488
37067,1993,14957,12575,2382
37067,1994,15233,12811,2422
37067,1995,14280,12966,1314
37067,1996,14421,14112,309
37067,1997,14011,14439,-428
37067,1998,14236,14983,-747
37067,1999,14091,14314,-223
37067,2000,14511,13784,727
37067,2001,14150,14037,113
37067,2002,14027,13711,316
37067,2003,13817,13284,533
37067,2004,15026,13075,1951
37067,2005,16656,13994,2662
37067,2006,16298,13980,2318
37067,2007,16333,14634,1699
37067,2008,14779,13708,1071
37067,2009,13142,13160,-18
37067,2010,13740,13429,311
37069,1990,1943,1563,380
37069,1991,2127,1759,368
37069,1992,2505,1588,917
37069,1993,2588,1799,789
37069,1994,2661,1953,708
37069,1995,2994,1942,1052
37069,1996,3078,2403,675
37069,1997,3505,2642,863
37069,1998,3494,2625,869
37069,1999,3754,2761,993
37069,2000,3968,2911,1057
37069,2001,4468,2878,1590
37069,2002,4244,3105,1139
37069,2003,4220,3425,795
37069,2004,2995,2510,485
37069,2005,3411,2748,663
37069,2006,3763,2732,1031
37069,2007,4291,2924,1367
37069,2008,3442,2713,729
37069,2009,3128,2638,490
37069,2010,2951,2896,55
37071,1990,8033,7681,352
37071,1991,7560,7710,-150
37071,1992,7524,7600,-76
37071,1993,7664,7578,86
37071,1994,8244,7717,527
37071,1995,7741,7446,295
37071,1996,8606,8239,367
37071,1997,8262,8384,-122
37071,1998,9180,8772,408
37071,1999,9200,8984,216
37071,2000,8972,8834,138
37071,2001,8631,8666,-35
37071,2002,7932,8526,-594
37071,2003,7952,7898,54
37071,2004,8203,7191,1012
37071,2005,8912,7419,1493
37071,2006,10107,7301,2806
37071,2007,10519,7742,2777
37071,2008,8774,7816,958
37071,2009,7579,7630,-51
37071,2010,7431,7168,263
37073,1990,361,359,2
37073,1991,449,377,72
37073,1992,450,358,92
37073,1993,525,407,118
37073,1994,450,351,99
37073,1995,484,367,117
37073,1996,462,367,95
37073,1997,561,425,136
37073,1998,410,389,21
37073,1999,398,399,-1
37073,2000,445,394,51
37073,2001,492,420,72
37073,2002,517,425,92
37073,2003,558,451,107
37073,2004,725,453,272
37073,2005,727,467,260
37073,2006,714,431,283
37073,2007,628,579,49
37073,2008,589,584,5
37073,2009,501,458,43
37073,2010,492,525,-33
37075,1990,344,0,344
37075,1991,0,237,-237
37075,1992,266,269,-3
37075,1993,356,243,113
37075,1994,255,215,40
37075,1995,268,238,30
37075,1996,266,223,43
37075,1997,222,245,-23
37075,1998,297,254,43
37075,1999,307,268,39
37075,2000,275,259,16
37075,2001,299,218,81
37075,2002,238,270,-32
37075,2003,285,222,63
37075,2004,247,262,-15
37075,2005,290,249,41
37075,2006,260,297,-37
37075,2007,286,263,23
37075,2008,259,268,-9
37075,2009,245,191,54
37075,2010,254,272,-18
37077,1990,1734,1675,59
37077,1991,1852,1554,298
37077,1992,1963,1584,379
37077,1993,2047,1874,173
37077,1994,2113,1574,539
37077,1995,2395,1767,628
37077,1996,2490,2034,456
37077,1997,2581,1919,662
37077,1998,2737,2209,528
37077,1999,2832,2125,707
37077,2000,3009,2280,729
37077,2001,3159,2289,870
37077,2002,2647,2296,351
37077,2003,2417,2399,18
37077,2004,2546,2134,412
37077,2005,2925,2218,707
37077,2006,3139,2385,754
37077,2007,3160,2362,798
37077,2008,2767,2492,275
37077,2009,2556,2296,260
37077,2010,2393,2457,-64
37079,1990,795,655,140
37079,1991,846,795,51
37079,1992,891,850,41
37079,1993,860,824,36
37079,1994,959,858,101
37079,1995,1383,992,391
37079,1996,1562,1077,485
37079,1997,1478,1210,268
37079,1998,1363,1280,83
37079,1999,1505,1221,284
37079,2000,1364,1277,87
37079,2001,1517,1453,64
37079,2002,1619,1271,348
37079,2003,1606,1379,227
37079,2004,765,916,-151
37079,2005,876,936,-60
37079,2006,872,943,-71
37079,2007,861,946,-85
37079,2008,871,957,-86
37079,2009,843,812,31
37079,2010,1028,825,203
37081,1990,18766,16525,2241
37081,1991,17804,16552,1252
37081,1992,18833,17747,1086
37081,1993,19587,17613,1974
37081,1994,21649,17594,4055
37081,1995,20548,18469,2079
37081,1996,20907,19636,1271
37081,1997,22174,20031,2143
37081,1998,21690,20666,1024
37081,1999,21254,21024,230
37081,2000,20886,20723,163
37081,2001,19614,21026,-1412
37081,2002,18987,19515,-528
37081,2003,19448,19422,26
37081,2004,20232,18838,1394
37081,2005,22985,19606,3379
37081,2006,23446,19363,4083
37081,2007,23461,20909,2552
37081,2008,21221,20032,1189
37081,2009,19592,19089,503
37081,2010,19901,18841,1060
37083,1990,1917,1993,-76
37083,1991,1914,1937,-23
37083,1992,2158,1853,305
37083,1993,2128,2038,90
37083,1994,1922,2004,-82
37083,1995,2004,2229,-225
37083,1996,2070,2334,-264
37083,1997,2046,2265,-219
37083,1998,1900,2358,-458
37083,1999,1972,2290,-318
37083,2000,1653,2249,-596
37083,2001,1906,2171,-265
37083,2002,1792,1927,-135
37083,2003,1796,2183,-387
37083,2004,1794,1988,-194
37083,2005,1906,2036,-130
37083,2006,1996,2055,-59
37083,2007,1877,1951,-74
37083,2008,1808,2035,-227
37083,2009,1741,1942,-201
37083,2010,1765,1949,-184
37085,1990,3896,3854,42
37085,1991,4641,3762,879
37085,1992,5221,4087,1134
37085,1993,5134,4424,710
37085,1994,5401,4456,945
37085,1995,7314,5308,2006
37085,1996,7015,5966,1049
37085,1997,7384,6272,1112
37085,1998,7993,6535,1458
37085,1999,7890,6664,1226
37085,2000,7552,6380,1172
37085,2001,9852,6302,3550
37085,2002,8249,6806,1443
37085,2003,8787,7124,1663
37085,2004,7359,6237,1122
37085,2005,7979,6753,1226
37085,2006,8609,6867,1742
37085,2007,9728,7451,2277
37085,2008,10413,7875,2538
37085,2009,10717,7748,2969
37085,2010,10968,8762,2206
37087,1990,2076,1686,390
37087,1991,2123,1626,497
37087,1992,2218,1726,492
37087,1993,2127,1840,287
37087,1994,2165,1607,558
37087,1995,2303,1623,680
37087,1996,2393,1720,673
37087,1997,2097,1744,353
37087,1998,2344,1926,418
37087,1999,2255,1890,365
37087,2000,2325,1820,505
37087,2001,2381,1953,428
37087,2002,2346,1876,470
37087,2003,2362,1820,542
37087,2004,2261,1921,340
37087,2005,2579,1998,581
37087,2006,2381,1970,411
37087,2007,2419,1980,439
37087,2008,2316,1857,459
37087,2009,1968,2016,-48
37087,2010,2068,2014,54
37089,1990,4075,3611,464
37089,1991,4243,3733,510
37089,1992,4509,3932,577
37089,1993,4725,3296,1429
37089,1994,4970,3670,1300
37089,1995,4282,3313,969
37089,1996,4663,3247,1416
37089,1997,4605,3433,1172
37089,1998,4590,3637,953
37089,1999,4482,3509,973
37089,2000,4315,3581,734
37089,2001,4399,3547,852
37089,2002,4496,3575,921
37089,2003,4541,3553,988
37089,2004,5209,4115,1094
37089,2005,5718,4439,1279
37089,2006,5733,4263,1470
37089,2007,5653,4472,1181
37089,2008,5016,4318,698
37089,2009,4817,4152,665
37089,2010,4655,4314,341
37091,1990,913,885,28
37091,1991,953,997,-44
37091,1992,919,1034,-115
37091,1993,879,961,-82
37091,1994,843,879,-36
37091,1995,855,956,-101
37091,1996,909,981,-72
37091,1997,927,1007,-80
37091,1998,879,959,-80
37091,1999,1069,1136,-67
37091,2000,959,1292,-333
37091,2001,884,975,-91
37091,2002,875,983,-108
37091,2003,826,929,-103
37091,2004,903,892,11
37091,2005,889,909,-20
37091,2006,906,927,-21
37091,2007,942,971,-29
37091,2008,765,902,-137
37091,2009,845,830,15
37091,2010,782,883,-101
37093,1990,1352,1345,7
37093,1991,1863,1336,527
37093,1992,2357,1681,676
37093,1993,3033,1847,1186
37093,1994,2730,2258,472
37093,1995,2840,2458,382
37093,1996,3191,2764,427
37093,1997,3560,2876,684
37093,1998,3646,3023,623
37093,1999,3635,3201,434
37093,2000,3832,3406,426
37093,2001,3962,3577,385
37093,2002,4124,3290,834
37093,2003,4663,3407,1256
37093,2004,4347,3502,845
37093,2005,4751,3826,925
37093,2006,4709,3996,713
37093,2007,4665,3897,768
37093,2008,5195,4349,846
37093,2009,5082,4182,900
37093,2010,5354,4735,619
37095,1990,188,201,-13
37095,1991,212,226,-14
37095,1992,166,207,-41
37095,1993,174,226,-52
37095,1994,176,143,33
37095,1995,203,168,35
37095,1996,194,196,-2
37095,1997,156,187,-31
37095,1998,187,194,-7
37095,1999,156,256,-100
37095,2000,186,225,-39
37095,2001,218,207,11
37095,2002,144,269,-125
37095,2003,185,198,-13
37095,2004,173,204,-31
37095,2005,170,255,-85
37095,2006,190,196,-6
37095,2007,225,244,-19
37095,2008,188,209,-21
37095,2009,186,275,-89
37095,2010,178,204,-26
37097,1990,4782,3589,1193
37097,1991,4636,3902,734
37097,1992,4761,3846,915
37097,1993,5246,3892,1354
37097,1994,5937,4087,1850
37097,1995,6465,4248,2217
37097,1996,6882,4740,2142
37097,1997,7741,4534,3207
37097,1998,7962,5016,2946
37097,1999,7907,5647,2260
37097,2000,7740,5534,2206
37097,2001,7438,5706,1732
37097,2002,7403,5844,1559
37097,2003,8266,6065,2201
37097,2004,8673,6012,2661
37097,2005,10491,6346,4145
37097,2006,10579,6919,3660
37097,2007,9796,6891,2905
37097,2008,8432,7161,1271
37097,2009,7476,6716,760
37097,2010,7686,6766,920
37099,1990,1320,1111,209
37099,1991,1290,1079,211
37099,1992,1260,1144,116
37099,1993,1466,1123,343
37099,1994,1474,1069,405
37099,1995,1578,1216,362
37099,1996,1477,1341,136
37099,1997,1595,1228,367
37099,1998,1588,1412,176
37099,1999,1817,1372,445
37099,2000,1702,1522,180
37099,2001,1680,1505,175
37099,2002,1784,1470,314
37099,2003,1708,1475,233
37099,2004,1740,1588,152
37099,2005,1794,1538,256
37099,2006,1749,1513,236
37099,2007,1913,1689,224
37099,2008,1572,1641,-69
37099,2009,1625,1539,86
37099,2010,1590,1746,-156
37101,1990,4828,3852,976
37101,1991,5278,4058,1220
37101,1992,5834,4001,1833
37101,1993,6183,4229,1954
37101,1994,6667,4195,2472
37101,1995,7477,4659,2818
37101,1996,7805,5123,2682
37101,1997,8544,5282,3262
37101,1998,8867,5767,3100
37101,1999,9148,5902,3246
37101,2000,8484,5914,2570
37101,2001,8941,6088,2853
37101,2002,8413,6365,2048
37101,2003,9143,6389,2754
37101,2004,8516,6059,2457
37101,2005,10157,6986,3171
37101,2006,10670,6771,3899
37101,2007,11371,7090,4281
37101,2008,9747,6893,2854
37101,2009,8577,7193,1384
37101,2010,8879,7204,1675
37103,1990,473,591,-118
37103,1991,515,553,-38
37103,1992,605,533,72
37103,1993,560,523,37
37103,1994,526,522,4
37103,1995,507,606,-99
37103,1996,638,1143,-505
37103,1997,699,746,-47
37103,1998,623,598,25
37103,1999,640,679,-39
37103,2000,588,573,15
37103,2001,641,690,-49
37103,2002,641,674,-33
37103,2003,839,594,245
37103,2004,492,541,-49
37103,2005,514,567,-53
37103,2006,562,481,81
37103,2007,674,602,72
37103,2008,767,548,219
37103,2009,654,622,32
37103,2010,632,645,-13
37105,1990,2511,2200,311
37105,1991,2761,2151,610
37105,1992,2971,2347,624
37105,1993,3211,2577,634
37105,1994,3457,2498,959
37105,1995,2766,2173,593
37105,1996,2932,2407,525
37105,1997,2983,2393,590
37105,1998,2625,2744,-119
37105,1999,2654,2622,32
37105,2000,2224,2557,-333
37105,2001,1932,4329,-2397
37105,2002,1977,2589,-612
37105,2003,1945,2562,-617
37105,2004,3039,2502,537
37105,2005,3033,2683,350
37105,2006,2983,2620,363
37105,2007,3126,2564,562
37105,2008,3145,2851,294
37105,2009,2581,2811,-230
37105,2010,2825,2653,172
37107,1990,2645,2557,88
37107,1991,2559,2464,95
37107,1992,2762,2664,98
37107,1993,3005,2782,223
37107,1994,2920,2696,224
37107,1995,2230,2269,-39
37107,1996,2806,2518,288
37107,1997,2437,2619,-182
37107,1998,2233,2497,-264
37107,1999,2207,2770,-563
37107,2000,2184,2602,-418
37107,2001,1926,2284,-358
37107,2002,1864,2195,-331
37107,2003,1966,2175,-209
37107,2004,1959,2134,-175
37107,2005,2041,2371,-330
37107,2006,2064,2357,-293
37107,2007,2298,2319,-21
37107,2008,2211,2362,-151
37107,2009,2068,2139,-71
37107,2010,2140,2210,-70
37109,1990,3053,2657,396
37109,1991,3232,2641,591
37109,1992,3317,2543,774
37109,1993,3494,2693,801
37109,1994,3571,2813,758
37109,1995,2270,2067,203
37109,1996,2405,2064,341
37109,1997,2400,2142,258
37109,1998,2182,1997,185
37109,1999,2116,2003,113
37109,2000,2035,1894,141
37109,2001,2186,1931,255
37109,2002,2167,1979,188
37109,2003,2152,2067,85
37109,2004,4286,3262,1024
37109,2005,4961,3482,1479
37109,2006,4835,3684,1151
37109,2007,5172,3902,1270
37109,2008,4659,3895,764
37109,2009,3817,3416,401
37109,2010,3545,3384,161
37111,1990,1342,1168,174
37111,1991,1224,1190,34
37111,1992,1377,1143,234
37111,1993,1524,1142,382
37111,1994,1545,1273,272
37111,1995,1559,1131,428
37111,1996,1630,1231,399
37111,1997,1705,1321,384
37111,1998,1577,1233,344
37111,1999,1374,1320,54
37111,2000,1651,1368,283
37111,2001,1316,1338,-22
37111,2002,1361,1331,30
37111,2003,1454,1351,103
37111,2004,1372,1317,55
37111,2005,1477,1392,85
37111,2006,1600,1347,253
37111,2007,1643,1374,269
37111,2008,1460,1359,101
37111,2009,1381,1352,29
37111,2010,1352,1317,35
37113,1990,1207,907,300
37113,1991,1330,911,419
37113,1992,1345,832,513
37113,1993,1362,895,467
37113,1994,1690,936,754
37113,1995,1743,937,806
37113,1996,1661,1042,619
37113,1997,1631,1097,534
37113,1998,1652,1078,574
37113,1999,1743,1127,616
37113,2000,1634,1144,490
37113,2001,1687,1334,353
37113,2002,1519,1216,303
37113,2003,1504,1179,325
37113,2004,1530,1172,358
37113,2005,1660,1199,461
37113,2006,1639,1263,376
37113,2007,1504,1169,335
37113,2008,1391,1286,105
37113,2009,1107,1074,33
37113,2010,1302,1214,88
37115,1990,783,671,112
37115,1991,852,707,145
37115,1992,762,742,20
37115,1993,950,696,254
37115,1994,995,736,259
37115,1995,971,735,236
37115,1996,996,839,157
37115,1997,1032,845,187
37115,1998,900,838,62
37115,1999,1061,867,194
37115,2000,1008,862,146
37115,2001,1036,950,86
37115,2002,846,868,-22
37115,2003,929,922,7
37115,2004,929,802,127
37115,2005,929,791,138
37115,2006,935,740,195
37115,2007,1036,897,139
37115,2008,933,805,128
37115,2009,922,859,63
37115,2010,884,826,58
37117,1990,932,866,66
37117,1991,847,886,-39
37117,1992,956,952,4
37117,1993,1003,893,110
37117,1994,1006,1059,-53
37117,1995,886,919,-33
37117,1996,916,955,-39
37117,1997,833,1031,-198
37117,1998,826,932,-106
37117,1999,905,938,-33
37117,2000,760,1034,-274
37117,2001,893,927,-34
37117,2002,834,871,-37
37117,2003,747,917,-170
37117,2004,791,946,-155
37117,2005,909,916,-7
37117,2006,843,989,-146
37117,2007,941,943,-2
37117,2008,876,958,-82
37117,2009,783,845,-62
37117,2010,794,924,-130
37119,1990,33523,28188,5335
37119,1991,30740,29013,1727
37119,1992,33756,27804,5952
37119,1993,36906,28663,8243
37119,1994,39213,30553,8660
37119,1995,40937,31400,9537
37119,1996,43419,33653,9766
37119,1997,43587,36218,7369
37119,1998,46225,40067,6158
37119,1999,45155,39926,5229
37119,2000,44751,39379,5372
37119,2001,42817,40070,2747
37119,2002,42554,38130,4424
37119,2003,43829,38952,4877
37119,2004,50133,40161,9972
37119,2005,56692,42645,14047
37119,2006,59030,46416,12614
37119,2007,57744,48503,9241
37119,2008,50165,45141,5024
37119,2009,43552,43606,-54
37119,2010,48266,42352,5914
37121,1990,518,509,9
37121,1991,529,491,38
37121,1992,553,535,18
37121,1993,550,553,-3
37121,1994,635,510,125
37121,1995,576,519,57
37121,1996,581,496,85
37121,1997,592,475,117
37121,1998,566,530,36
37121,1999,709,563,146
37121,2000,646,503,143
37121,2001,546,523,23
37121,2002,553,572,-19
37121,2003,588,529,59
37121,2004,506,531,-25
37121,2005,407,470,-63
37121,2006,537,482,55
37121,2007,545,475,70
37121,2008,508,553,-45
37121,2009,429,501,-72
37121,2010,463,504,-41
37123,1990,712,1099,-387
37123,1991,892,955,-63
37123,1992,913,1016,-103
37123,1993,905,1081,-176
37123,1994,1073,929,144
37123,1995,985,1065,-80
37123,1996,949,1059,-110
37123,1997,977,965,12
37123,1998,1147,1140,7
37123,1999,1166,1083,83
37123,2000,971,1206,-235
37123,2001,913,1127,-214
37123,2002,1168,1151,17
37123,2003,1153,1187,-34
37123,2004,925,1049,-124
37123,2005,1007,1001,6
37123,2006,931,1043,-112
37123,2007,981,1103,-122
37123,2008,888,1122,-234
37123,2009,850,1012,-162
37123,2010,992,959,33
37125,1990,3298,2535,763
37125,1991,3738,2445,1293
37125,1992,3974,2806,1168
37125,1993,4484,2677,1807
37125,1994,4557,2916,1641
37125,1995,3872,2760,1112
37125,1996,4048,2790,1258
37125,1997,4164,3084,1080
37125,1998,4190,2955,1235
37125,1999,4203,3171,1032
37125,2000,3901,3031,870
37125,2001,4019,2979,1040
37125,2002,3884,3036,848
37125,2003,4118,3298,820
37125,2004,4701,3423,1278
37125,2005,4922,3523,1399
37125,2006,4916,3319,1597
37125,2007,4638,3450,1188
37125,2008,4472,3602,870
37125,2009,4624,3467,1157
37125,2010,4592,3829,763
37127,1990,5529,4545,984
37127,1991,5855,4505,1350
37127,1992,5705,5245,460
37127,1993,5551,4900,651
37127,1994,5640,4739,901
37127,1995,5507,4961,546
37127,1996,6238,5124,1114
37127,1997,5968,5482,486
37127,1998,5984,5299,685
37127,1999,6137,5487,650
37127,2000,5415,5507,-92
37127,2001,5669,5517,152
37127,2002,5294,5119,175
37127,2003,5620,5281,339
37127,2004,5278,5171,107
37127,2005,5569,5168,401
37127,2006,5839,5096,743
37127,2007,5826,5354,472
37127,2008,5594,5380,214
37127,2009,5032,5212,-180
37127,2010,4916,5006,-90
37129,1990,8274,6012,2262
37129,1991,8373,6341,2032
37129,1992,8760,6333,2427
37129,1993,9521,6756,2765
37129,1994,10236,6928,3308
37129,1995,9795,7273,2522
37129,1996,10200,7886,2314
37129,1997,10369,8677,1692
37129,1998,9530,9199,331
37129,1999,9746,9232,514
37129,2000,9912,8929,983
37129,2001,10126,8669,1457
37129,2002,10231,8904,1327
37129,2003,11923,8650,3273
37129,2004,12936,9426,3510
37129,2005,12349,10563,1786
37129,2006,11540,10697,843
37129,2007,11413,11324,89
37129,2008,11158,10832,326
37129,2009,10919,9900,1019
37129,2010,11014,10794,220
37131,1990,806,835,-29
37131,1991,926,849,77
37131,1992,931,910,21
37131,1993,1033,910,123
37131,1994,1018,828,190
37131,1995,1038,899,139
37131,1996,1037,906,131
37131,1997,1000,975,25
37131,1998,922,977,-55
37131,1999,1090,1012,78
37131,2000,830,965,-135
37131,2001,931,1008,-77
37131,2002,835,931,-96
37131,2003,870,913,-43
37131,2004,994,989,5
37131,2005,955,1041,-86
37131,2006,927,895,32
37131,2007,843,972,-129
37131,2008,897,993,-96
37131,2009,879,1004,-125
37131,2010,844,914,-70
37133,1990,16367,23514,-7147
37133,1991,21945,18329,3616
37133,1992,20488,25567,-5079
37133,1993,20952,22538,-1586
37133,1994,19216,21964,-2748
37133,1995,20040,22663,-2623
37133,1996,19428,22112,-2684
37133,1997,18764,20885,-2121
37133,1998,18095,22205,-4110
37133,1999,18898,21815,-2917
37133,2000,17507,22125,-4618
37133,2001,19164,21266,-2102
37133,2002,17188,22490,-5302
37133,2003,19593,18647,946
37133,2004,18704,22841,-4137
37133,2005,19728,21875,-2147
37133,2006,19899,22383,-2484
37133,2007,21609,22213,-604
37133,2008,23233,22888,345
37133,2009,23240,22477,763
37133,2010,21888,25541,-3653
37135,1990,7904,7042,862
37135,1991,8233,7076,1157
37135,1992,8992,7507,1485
37135,1993,9106,7682,1424
37135,1994,9066,7938,1128
37135,1995,7792,7389,403
37135,1996,8103,7548,555
37135,1997,7833,7505,328
37135,1998,8054,7615,439
37135,1999,7717,7475,242
37135,2000,7524,7194,330
37135,2001,7374,10508,-3134
37135,2002,7131,8015,-884
37135,2003,7235,7909,-674
37135,2004,8428,8326,102
37135,2005,8490,8470,20
37135,2006,8765,8375,390
37135,2007,9179,8723,456
37135,2008,8904,8410,494
37135,2009,8540,8707,-167
37135,2010,8381,8500,-119
37137,1990,477,413,64
37137,1991,522,412,110
37137,1992,503,379,124
37137,1993,534,465,69
37137,1994,513,408,105
37137,1995,488,382,106
37137,1996,512,508,4
37137,1997,640,461,179
37137,1998,534,486,48
37137,1999,529,474,55
37137,2000,527,571,-44
37137,2001,570,520,50
37137,2002,531,546,-15
37137,2003,568,583,-15
37137,2004,595,560,35
37137,2005,663,650,13
37137,2006,602,526,76
37137,2007,599,525,74
37137,2008,512,510,2
37137,2009,540,510,30
37137,2010,625,453,172
37139,1990,1978,1822,156
37139,1991,2098,1616,482
37139,1992,2134,1786,348
37139,1993,2026,1848,178
37139,1994,1919,1794,125
37139,1995,1890,1743,147
37139,1996,1895,1862,33
37139,1997,1880,1758,122
37139,1998,1937,2010,-73
37139,1999,1852,1918,-66
37139,2000,1874,2002,-128
37139,2001,2057,1690,367
37139,2002,2108,1864,244
37139,2003,2375,1887,488
37139,2004,2745,1911,834
37139,2005,3131,2210,921
37139,2006,2818,2205,613
37139,2007,2563,2470,93
37139,2008,2217,2435,-218
37139,2009,2217,2242,-25
37139,2010,2227,2459,-232
37141,1990,2316,1627,689
37141,1991,2273,1637,636
37141,1992,2640,1921,719
37141,1993,2589,1784,805
37141,1994,2801,1926,875
37141,1995,2600,1637,963
37141,1996,2684,1693,991
37141,1997,2806,1800,1006
37141,1998,2532,1940,592
37141,1999,2508,2076,432
37141,2000,2271,2000,271
37141,2001,2482,1920,562
37141,2002,2398,2009,389
37141,2003,2872,1939,933
37141,2004,3390,2364,1026
37141,2005,3885,2467,1418
37141,2006,3739,2467,1272
37141,2007,3654,2623,1031
37141,2008,3500,2792,708
37141,2009,3319,2755,564
37141,2010,3627,2959,668
37143,1990,573,542,31
37143,1991,561,539,22
37143,1992,516,460,56
37143,1993,568,518,50
37143,1994,561,478,83
37143,1995,714,511,203
37143,1996,637,525,112
37143,1997,679,529,150
37143,1998,704,574,130
37143,1999,716,529,187
37143,2000,624,542,82
37143,2001,707,598,109
37143,2002,653,603,50
37143,2003,699,591,108
37143,2004,828,548,280
37143,2005,879,644,235
37143,2006,859,530,329
37143,2007,927,629,298
37143,2008,700,698,2
37143,2009,752,557,195
37143,2010,699,649,50
37145,1990,1327,1045,282
37145,1991,1193,1107,86
37145,1992,1343,1037,306
37145,1993,1316,1108,208
37145,1994,1647,1021,626
37145,1995,1339,1046,293
37145,1996,1413,1051,362
37145,1997,1438,1177,261
37145,1998,1322,1219,103
37145,1999,1534,1225,309
37145,2000,1435,1338,97
37145,2001,1471,1120,351
37145,2002,1375,1223,152
37145,2003,1352,1317,35
37145,2004,1502,1146,356
37145,2005,1521,1481,40
37145,2006,1542,1385,157
37145,2007,1453,1323,130
37145,2008,1295,1199,96
37145,2009,1107,1155,-48
37145,2010,1319,1202,117
37147,1990,5652,4476,1176
37147,1991,5308,4739,569
37147,1992,6113,4823,1290
37147,1993,6599,4904,1695
37147,1994,6187,5366,821
37147,1995,5888,5750,138
37147,1996,6518,5814,704
37147,1997,6496,5795,701
37147,1998,6652,6382,270
37147,1999,6713,6608,105
37147,2000,6079,6269,-190
37147,2001,6392,5939,453
37147,2002,6293,5932,361
37147,2003,6609,6003,606
37147,2004,7097,6173,924
37147,2005,7893,6336,1557
37147,2006,8078,6546,1532
37147,2007,8137,6802,1335
37147,2008,7666,6614,1052
37147,2009,6988,6266,722
37147,2010,7149,6781,368
37149,1990,830,662,168
37149,1991,1005,649,356
37149,1992,1008,698,310
37149,1993,1008,755,253
37149,1994,1050,704,346
37149,1995,1430,997,433
37149,1996,1340,975,365
37149,1997,1171,1025,146
37149,1998,1241,978,263
37149,1999,1254,895,359
37149,2000,1267,990,277
37149,2001,1053,863,190
37149,2002,921,898,23
37149,2003,1055,815,240
37149,2004,961,815,146
37149,2005,1030,889,141
37149,2006,1007,832,175
37149,2007,952,829,123
37149,2008,938,888,50
37149,2009,881,909,-28
37149,2010,768,823,-55
37151,1990,6021,5018,1003
37151,1991,5714,4950,764
37151,1992,6921,4731,2190
37151,1993,6624,5025,1599
37151,1994,6494,5513,981
37151,1995,5826,4406,1420
37151,1996,5777,4624,1153
37151,1997,5695,4910,785
37151,1998,5808,4907,901
37151,1999,5646,4999,647
37151,2000,5044,5120,-76
37151,2001,4933,4953,-20
37151,2002,4833,4727,106
37151,2003,4541,4730,-189
37151,2004,5586,4936,650
37151,2005,5630,5032,598
37151,2006,5387,5020,367
37151,2007,5683,5141,542
37151,2008,5382,5267,115
37151,2009,5130,4817,313
37151,2010,4872,4884,-12
37153,1990,1517,1514,3
37153,1991,1572,1633,-61
37153,1992,1651,1510,141
37153,1993,1584,1621,-37
37153,1994,1558,1451,107
37153,1995,1606,1663,-57
37153,1996,1610,1618,-8
37153,1997,1793,1744,49
37153,1998,1691,2055,-364
37153,1999,1588,1703,-115
37153,2000,1580,1692,-112
37153,2001,1490,1525,-35
37153,2002,1340,1668,-328
37153,2003,1404,1519,-115
37153,2004,1517,1513,4
37153,2005,1458,1689,-231
37153,2006,1556,1517,39
37153,2007,1520,1522,-2
37153,2008,1455,1394,61
37153,2009,1396,1492,-96
37153,2010,1469,1576,-107
37155,1990,3124,3223,-99
37155,1991,3507,2986,521
37155,1992,3688,3230,458
37155,1993,3777,3414,363
37155,1994,3755,3576,179
37155,1995,3586,3432,154
37155,1996,3752,3507,245
37155,1997,3666,3440,226
37155,1998,3450,3499,-49
37155,1999,3182,3645,-463
37155,2000,2866,3463,-597
37155,2001,2924,3326,-402
37155,2002,2918,3082,-164
37155,2003,3104,3508,-404
37155,2004,3512,3408,104
37155,2005,3502,3649,-147
37155,2006,3464,3617,-153
37155,2007,3600,3682,-82
37155,2008,3604,3612,-8
37155,2009,3775,3721,54
37155,2010,3947,3849,98
37157,1990,2919,2705,214
37157,1991,2782,2835,-53
37157,1992,2959,2653,306
37157,1993,3049,2856,193
37157,1994,3248,2758,490
37157,1995,3347,2748,599
37157,1996,3309,2868,441
37157,1997,3005,2938,67
37157,1998,2913,2946,-33
37157,1999,2891,3091,-200
37157,2000,2860,2934,-74
37157,2001,3004,2911,93
37157,2002,2612,2812,-200
37157,2003,2449,2833,-384
37157,2004,2983,2853,130
37157,2005,3255,2967,288
37157,2006,3278,3162,116
37157,2007,3464,3223,241
37157,2008,3035,2923,112
37157,2009,2700,2559,141
37157,2010,2528,2693,-165
37159,1990,5367,4425,942
37159,1991,5403,4554,849
37159,1992,5426,4545,881
37159,1993,5975,4382,1593
37159,1994,5905,4413,1492
37159,1995,5561,3894,1667
37159,1996,5374,4200,1174
37159,1997,5412,4322,1090
37159,1998,5657,4705,952
37159,1999,5259,4894,365
37159,2000,5268,4638,630
37159,2001,5335,5062,273
37159,2002,4618,4829,-211
37159,2003,4668,4922,-254
37159,2004,5328,5007,321
37159,2005,5746,5117,629
37159,2006,6001,5052,949
37159,2007,6739,5449,1290
37159,2008,5876,5697,179
37159,2009,5088,5548,-460
37159,2010,5146,5456,-310
37161,1990,2036,1823,213
37161,1991,1970,1806,164
37161,1992,2177,1855,322
37161,1993,2099,1894,205
37161,1994,2185,1760,425
37161,1995,1975,1889,86
37161,1996,2106,1848,258
37161,1997,2140,1773,367
37161,1998,2187,1885,302
37161,1999,2157,1952,205
37161,2000,1988,1870,118
37161,2001,1860,1929,-69
37161,2002,2008,1852,156
37161,2003,1885,1979,-94
37161,2004,2032,1916,116
37161,2005,2070,1897,173
37161,2006,1973,1954,19
37161,2007,2178,1848,330
37161,2008,2020,1926,94
37161,2009,1702,1708,-6
37161,2010,1775,1722,53
37163,1990,1874,1824,50
37163,1991,1933,1641,292
37163,1992,2125,1778,347
37163,1993,2226,1806,420
37163,1994,2182,1866,316
37163,1995,1876,1777,99
37163,1996,2213,1645,568
37163,1997,2000,1751,249
37163,1998,1808,1691,117
37163,1999,1849,1897,-48
37163,2000,1734,1794,-60
37163,2001,1878,2055,-177
37163,2002,1841,1714,127
37163,2003,1823,1936,-113
37163,2004,2282,2221,61
37163,2005,2324,2186,138
37163,2006,2225,2279,-54
37163,2007,2415,2256,159
37163,2008,2429,2464,-35
37163,2009,2389,2206,183
37163,2010,2576,3091,-515
37165,1990,1476,1489,-13
37165,1991,1467,1525,-58
37165,1992,1583,1399,184
37165,1993,1618,1627,-9
37165,1994,1669,1512,157
37165,1995,1663,1455,208
37165,1996,1609,1662,-53
37165,1997,1571,1599,-28
37165,1998,1749,1750,-1
37165,1999,1601,1750,-149
37165,2000,1459,1639,-180
37165,2001,1374,1647,-273
37165,2002,1525,1544,-19
37165,2003,1491,1450,41
37165,2004,1476,1585,-109
37165,2005,1564,1695,-131
37165,2006,1468,1554,-86
37165,2007,1558,1596,-38
37165,2008,1422,1576,-154
37165,2009,1209,1445,-236
37165,2010,1192,1473,-281
37167,1990,2167,1741,426
37167,1991,1849,1761,88
37167,1992,2048,1775,273
37167,1993,2079,1718,361
37167,1994,2021,1711,310
37167,1995,2164,1759,405
37167,1996,2445,1830,615
37167,1997,2210,1980,230
37167,1998,2475,1922,553
37167,1999,2197,2118,79
37167,2000,2129,2023,106
37167,2001,1998,2325,-327
37167,2002,1906,1996,-90
37167,2003,1804,1924,-120
37167,2004,1936,1869,67
37167,2005,2093,2052,41
37167,2006,2212,1871,341
37167,2007,2161,1919,242
37167,2008,1923,2044,-121
37167,2009,1698,1760,-62
37167,2010,1596,1681,-85
37169,1990,1845,1647,198
37169,1991,2197,1684,513
37169,1992,1938,1808,130
37169,1993,2101,1680,421
37169,1994,2317,1748,569
37169,1995,2790,2022,768
37169,1996,2773,2289,484
37169,1997,2740,2298,442
37169,1998,3040,2547,493
37169,1999,3134,2755,379
37169,2000,2840,2897,-57
37169,2001,2585,2796,-211
37169,2002,2393,2336,57
37169,2003,2436,2324,112
37169,2004,2171,1953,218
37169,2005,2259,1993,266
37169,2006,2006,1935,71
37169,2007,2147,1984,163
37169,2008,1997,1934,63
37169,2009,1858,1810,48
37169,2010,1691,1767,-76
37171,1990,2208,1930,278
37171,1991,2370,2140,230
37171,1992,2464,2133,331
37171,1993,2536,2135,401
37171,1994,2883,2196,687
37171,1995,2516,2319,197
37171,1996,2808,2392,416
37171,1997,2830,2447,383
37171,1998,2777,2547,230
37171,1999,2723,2903,-180
37171,2000,2968,2947,21
37171,2001,2684,2614,70
37171,2002,2254,2358,-104
37171,2003,2100,2369,-269
37171,2004,2321,2297,24
37171,2005,2455,2435,20
37171,2006,2420,2382,38
37171,2007,2613,2303,310
37171,2008,2479,2481,-2
37171,2009,2223,2361,-138
37171,2010,2334,2520,-186
37173,1990,552,475,77
37173,1991,588,551,37
37173,1992,647,506,141
37173,1993,545,532,13
37173,1994,634,546,88
37173,1995,674,505,169
37173,1996,710,633,77
37173,1997,722,648,74
37173,1998,644,587,57
37173,1999,745,610,135
37173,2000,624,670,-46
37173,2001,675,648,27
37173,2002,717,647,70
37173,2003,689,636,53
37173,2004,727,626,101
37173,2005,784,650,134
37173,2006,733,594,139
37173,2007,763,741,22
37173,2008,692,646,46
37173,2009,720,658,62
37173,2010,679,620,59
37175,1990,1200,1086,114
37175,1991,1283,1036,247
37175,1992,1388,990,398
37175,1993,1341,1051,290
37175,1994,1400,1176,224
37175,1995,1414,958,456
37175,1996,1382,1056,326
37175,1997,1543,1037,506
37175,1998,1437,1094,343
37175,1999,1313,1106,207
37175,2000,1298,1215,83
37175,2001,1311,1173,138
37175,2002,1222,1205,17
37175,2003,1332,1214,118
37175,2004,1326,1116,210
37175,2005,1440,1248,192
37175,2006,1264,1081,183
37175,2007,1324,1217,107
37175,2008,1293,1167,126
37175,2009,1209,1067,142
37175,2010,1179,1317,-138
37177,1990,0,148,-148
37177,1991,182,136,46
37177,1992,197,157,40
37177,1993,144,153,-9
37177,1994,147,162,-15
37177,1995,136,154,-18
37177,1996,146,168,-22
37177,1997,167,167,0
37177,1998,149,197,-48
37177,1999,160,186,-26
37177,2000,123,198,-75
37177,2001,198,195,3
37177,2002,202,164,38
37177,2003,115,197,-82
37177,2004,170,163,7
37177,2005,228,182,46
37177,2006,155,197,-42
37177,2007,165,223,-58
37177,2008,196,213,-17
37177,2009,155,170,-15
37177,2010,131,162,-31
37179,1990,5037,3851,1186
37179,1991,5349,4065,1284
37179,1992,5739,4080,1659
37179,1993,6055,4154,1901
37179,1994,6757,4372,2385
37179,1995,6057,4116,1941
37179,1996,6106,4188,1918
37179,1997,6640,4313,2327
37179,1998,10321,4562,5759
37179,1999,9353,5236,4117
37179,2000,8667,5237,3430
37179,2001,9723,5527,4196
37179,2002,9069,5439,3630
37179,2003,10318,5854,4464
37179,2004,12826,6715,6111
37179,2005,14978,7143,7835
37179,2006,16030,7614,8416
37179,2007,14526,8308,6218
37179,2008,10799,8020,2779
37179,2009,9491,7710,1781
37179,2010,9616,8207,1409
37181,1990,2322,1809,513
37181,1991,2605,1795,810
37181,1992,3060,2128,932
37181,1993,2576,2111,465
37181,1994,2605,2122,483
37181,1995,1742,1423,319
37181,1996,1797,1500,297
37181,1997,1641,1472,169
37181,1998,1834,1633,201
37181,1999,1741,1503,238
37181,2000,1803,1617,186
37181,2001,1655,2220,-565
37181,2002,1753,2191,-438
37181,2003,1792,2022,-230
37181,2004,1667,1888,-221
37181,2005,1748,1846,-98
37181,2006,1627,1946,-319
37181,2007,1734,1961,-227
37181,2008,1749,1924,-175
37181,2009,1564,1764,-200
37181,2010,1477,1595,-118
37183,1990,29710,22136,7574
37183,1991,30609,22069,8540
37183,1992,34247,23409,10838
37183,1993,36582,24916,11666
37183,1994,38640,26643,11997
37183,1995,38743,27677,11066
37183,1996,39355,29657,9698
37183,1997,40935,30741,10194
37183,1998,39994,32360,7634
37183,1999,40684,33160,7524
37183,2000,42273,33114,9159
37183,2001,39113,33353,5760
37183,2002,38579,32552,6027
37183,2003,40445,33338,7107
37183,2004,47272,32665,14607
37183,2005,53394,34571,18823
37183,2006,55884,36110,19774
37183,2007,56403,38092,18311
37183,2008,49781,37806,11975
37183,2009,45340,35963,9377
37183,2010,47769,38962,8807
37185,1990,666,628,38
37185,1991,742,652,90
37185,1992,762,654,108
37185,1993,807,730,77
37185,1994,929,663,266
37185,1995,599,531,68
37185,1996,683,558,125
37185,1997,692,545,147
37185,1998,701,646,55
37185,1999,610,681,-71
37185,2000,684,658,26
37185,2001,603,588,15
37185,2002,653,675,-22
37185,2003,678,596,82
37185,2004,817,884,-67
37185,2005,810,931,-121
37185,2006,854,778,76
37185,2007,929,891,38
37185,2008,834,892,-58
37185,2009,856,827,29
37185,2010,819,853,-34
37187,1990,499,485,14
37187,1991,486,507,-21
37187,1992,526,592,-66
37187,1993,557,520,37
37187,1994,553,724,-171
37187,1995,451,695,-244
37187,1996,419,564,-145
37187,1997,426,591,-165
37187,1998,431,521,-90
37187,1999,463,534,-71
37187,2000,430,539,-109
37187,2001,407,521,-114
37187,2002,442,501,-59
37187,2003,449,528,-79
37187,2004,492,546,-54
37187,2005,473,516,-43
37187,2006,398,563,-165
37187,2007,493,515,-22
37187,2008,441,501,-60
37187,2009,431,477,-46
37187,2010,368,496,-128
37189,1990,1695,1515,180
37189,1991,1941,1526,415
37189,1992,1920,1583,337
37189,1993,2015,1698,317
37189,1994,2067,1914,153
37189,1995,1934,1802,132
37189,1996,2088,1918,170
37189,1997,1985,1961,24
37189,1998,2181,1904,277
37189,1999,2114,2024,90
37189,2000,2168,2060,108
37189,2001,2023,2152,-129
37189,2002,1973,2177,-204
37189,2003,1994,2187,-193
37189,2004,2089,2139,-50
37189,2005,2348,2196,152
37189,2006,2120,2143,-23
37189,2007,2347,2215,132
37189,2008,2127,2414,-287
37189,2009,2021,2269,-248
37189,2010,2281,2294,-13
37191,1990,5992,5742,250
37191,1991,6171,5408,763
37191,1992,6559,6534,25
37191,1993,6470,5716,754
37191,1994,7340,6638,702
37191,1995,6247,6053,194
37191,1996,5658,6097,-439
37191,1997,5771,6292,-521
37191,1998,5868,6561,-693
37191,1999,5731,6353,-622
37191,2000,5442,6353,-911
37191,2001,5436,6236,-800
37191,2002,5506,6099,-593
37191,2003,5664,5701,-37
37191,2004,5354,5897,-543
37191,2005,5364,6094,-730
37191,2006,5614,5639,-25
37191,2007,5405,5829,-424
37191,2008,5977,5891,86
37191,2009,5670,5468,202
37191,2010,6078,5847,231
37193,1990,1665,1708,-43
37193,1991,1675,1667,8
37193,1992,1768,1613,155
37193,1993,1977,1534,443
37193,1994,1863,1842,21
37193,1995,2027,1539,488
37193,1996,1817,1601,216
37193,1997,1853,1724,129
37193,1998,2172,1659,513
37193,1999,2219,1896,323
37193,2000,2216,1958,258
37193,2001,1926,1919,7
37193,2002,1852,1897,-45
37193,2003,1914,2186,-272
37193,2004,1961,1814,147
37193,2005,1893,1921,-28
37193,2006,2002,1906,96
37193,2007,1883,1949,-66
37193,2008,1667,1950,-283
37193,2009,1673,1807,-134
37193,2010,1701,1858,-157
37195,1990,2666,2727,-61
37195,1991,2858,2812,46
37195,1992,2977,2758,219
37195,1993,3037,2848,189
37195,1994,3155,2646,509
37195,1995,2928,2740,188
37195,1996,2779,2752,27
37195,1997,2836,2769,67
37195,1998,2950,2744,206
37195,1999,2808,2823,-15
37195,2000,2717,2928,-211
37195,2001,2957,2784,173
37195,2002,2784,2847,-63
37195,2003,2823,2786,37
37195,2004,2915,2807,108
37195,2005,2931,2976,-45
37195,2006,3219,2760,459
37195,2007,3390,2849,541
37195,2008,3241,3048,193
37195,2009,3202,2889,313
37195,2010,2866,3095,-229
37197,1990,1397,1075,322
37197,1991,1530,1195,335
37197,1992,1510,1157,353
37197,1993,1566,1326,240
37197,1994,2107,1380,727
37197,1995,1772,1277,495
37197,1996,1573,1346,227
37197,1997,1602,1409,193
37197,1998,1572,1433,139
37197,1999,1691,1326,365
37197,2000,1564,1525,39
37197,2001,1539,1316,223
37197,2002,1406,1506,-100
37197,2003,1374,1523,-149
37197,2004,1440,1315,125
37197,2005,1588,1449,139
37197,2006,1500,1538,-38
37197,2007,1719,1521,198
37197,2008,1614,1632,-18
37197,2009,1495,1469,26
37197,2010,1480,1499,-19
37199,1990,572,429,143
37199,1991,558,511,47
37199,1992,581,493,88
37199,1993,638,433,205
37199,1994,645,510,135
37199,1995,600,498,102
37199,1996,658,488,170
37199,1997,621,543,78
37199,1998,708,491,217
37199,1999,652,553,99
37199,2000,644,597,47
37199,2001,547,583,-36
37199,2002,593,548,45
37199,2003,655,549,106
37199,2004,558,507,51
37199,2005,596,511,85
37199,2006,730,550,180
37199,2007,685,595,90
37199,2008,583,527,56
37199,2009,527,591,-64
37199,2010,504,532,-28
38001,1990,0,0,0
38001,1991,0,0,0
38001,1992,75,161,-86
38001,1993,132,125,7
38001,1994,103,153,-50
38001,1995,136,128,8
38001,1996,89,119,-30
38001,1997,94,146,-52
38001,1998,79,134,-55
38001,1999,86,138,-52
38001,2000,100,120,-20
38001,2001,79,117,-38
38001,2002,107,103,4
38001,2003,103,102,1
38001,2004,99,104,-5
38001,2005,94,122,-28
38001,2006,105,85,20
38001,2007,110,110,0
38001,2008,77,98,-21
38001,2009,108,84,24
38001,2010,89,111,-22
38003,1990,512,546,-34
38003,1991,450,515,-65
38003,1992,415,533,-118
38003,1993,410,535,-125
38003,1994,506,530,-24
38003,1995,424,389,35
38003,1996,531,520,11
38003,1997,474,557,-83
38003,1998,440,497,-57
38003,1999,424,595,-171
38003,2000,364,526,-162
38003,2001,359,505,-146
38003,2002,386,452,-66
38003,2003,385,400,-15
38003,2004,439,449,-10
38003,2005,442,493,-51
38003,2006,405,432,-27
38003,2007,480,509,-29
38003,2008,492,410,82
38003,2009,466,491,-25
38003,2010,423,413,10
38005,1990,162,350,-188
38005,1991,233,369,-136
38005,1992,333,281,52
38005,1993,247,297,-50
38005,1994,279,289,-10
38005,1995,242,361,-119
38005,1996,270,282,-12
38005,1997,283,307,-24
38005,1998,215,310,-95
38005,1999,234,307,-73
38005,2000,285,336,-51
38005,2001,213,345,-132
38005,2002,241,273,-32
38005,2003,272,251,21
38005,2004,239,306,-67
38005,2005,194,287,-93
38005,2006,226,265,-39
38005,2007,210,276,-66
38005,2008,243,248,-5
38005,2009,247,266,-19
38005,2010,255,264,-9
38007,1990,0,0,0
38007,1991,0,0,0
38007,1992,28,38,-10
38007,1993,0,0,0
38007,1994,0,0,0
38007,1995,0,26,-26
38007,1996,28,47,-19
38007,1997,0,25,-25
38007,1998,40,63,-23
38007,1999,0,25,-25
38007,2000,0,22,-22
38007,2001,30,42,-12
38007,2002,38,90,-52
38007,2003,0,30,-30
38007,2004,54,77,-23
38007,2005,49,82,-33
38007,2006,50,45,5
38007,2007,86,80,6
38007,2008,60,79,-19
38007,2009,37,59,-22
38007,2010,95,61,34
38009,1990,289,431,-142
38009,1991,256,383,-127
38009,1992,280,356,-76
38009,1993,311,350,-39
38009,1994,345,326,19
38009,1995,279,328,-49
38009,1996,304,284,20
38009,1997,205,301,-96
38009,1998,270,296,-26
38009,1999,252,358,-106
38009,2000,272,333,-61
38009,2001,254,330,-76
38009,2002,288,293,-5
38009,2003,271,270,1
38009,2004,245,262,-17
38009,2005,246,322,-76
38009,2006,247,302,-55
38009,2007,246,268,-22
38009,2008,323,260,63
38009,2009,314,262,52
38009,2010,325,266,59
38011,1990,0,240,-240
38011,1991,0,209,-209
38011,1992,135,201,-66
38011,1993,91,195,-104
38011,1994,135,198,-63
38011,1995,167,116,51
38011,1996,189,141,48
38011,1997,177,170,7
38011,1998,138,146,-8
38011,1999,103,171,-68
38011,2000,99,182,-83
38011,2001,138,168,-30
38011,2002,146,156,-10
38011,2003,136,120,16
38011,2004,98,144,-46
38011,2005,125,150,-25
38011,2006,143,111,32
38011,2007,202,109,93
38011,2008,149,146,3
38011,2009,135,136,-1
38011,2010,135,132,3
38013,1990,0,240,-240
38013,1991,116,216,-100
38013,1992,85,124,-39
38013,1993,80,151,-71
38013,1994,64,125,-61
38013,1995,73,101,-28
38013,1996,72,137,-65
38013,1997,77,101,-24
38013,1998,72,118,-46
38013,1999,66,99,-33
38013,2000,75,103,-28
38013,2001,84,125,-41
38013,2002,96,107,-11
38013,2003,103,110,-7
38013,2004,86,116,-30
38013,2005,105,125,-20
38013,2006,90,102,-12
38013,2007,80,113,-33
38013,2008,141,115,26
38013,2009,105,101,4
38013,2010,173,76,97
38015,1990,3489,3174,315
38015,1991,3545,2979,566
38015,1992,3472,3059,413
38015,1993,3235,3203,32
38015,1994,3554,3296,258
38015,1995,3445,3102,343
38015,1996,3517,3313,204
38015,1997,3423,3380,43
38015,1998,3592,3590,2
38015,1999,3558,3556,2
38015,2000,3598,3482,116
38015,2001,3713,3205,508
38015,2002,3417,3141,276
38015,2003,3487,3092,395
38015,2004,3816,3154,662
38015,2005,3999,3255,744
38015,2006,4098,3314,784
38015,2007,4063,3588,475
38015,2008,4139,3446,693
38015,2009,4284,3365,919
38015,2010,4339,3536,803
38017,1990,6182,6079,103
38017,1991,6512,5796,716
38017,1992,6543,5831,712
38017,1993,6542,6141,401
38017,1994,6690,6230,460
38017,1995,6703,6490,213
38017,1996,6955,6513,442
38017,1997,7155,6713,442
38017,1998,7103,6919,184
38017,1999,6657,6788,-131
38017,2000,6616,6969,-353
38017,2001,6631,6816,-185
38017,2002,6871,6524,347
38017,2003,7257,6441,816
38017,2004,7077,7027,50
38017,2005,7505,6975,530
38017,2006,7379,6961,418
38017,2007,7812,7028,784
38017,2008,7983,6870,1113
38017,2009,6890,7066,-176
38017,2010,7279,7248,31
38019,1990,0,269,-269
38019,1991,0,279,-279
38019,1992,155,213,-58
38019,1993,120,215,-95
38019,1994,129,262,-133
38019,1995,145,234,-89
38019,1996,138,215,-77
38019,1997,156,215,-59
38019,1998,97,257,-160
38019,1999,142,182,-40
38019,2000,137,240,-103
38019,2001,128,189,-61
38019,2002,110,166,-56
38019,2003,126,228,-102
38019,2004,89,140,-51
38019,2005,75,191,-116
38019,2006,88,188,-100
38019,2007,161,183,-22
38019,2008,138,161,-23
38019,2009,143,142,1
38019,2010,160,160,0
38021,1990,309,377,-68
38021,1991,309,387,-78
38021,1992,294,332,-38
38021,1993,321,348,-27
38021,1994,271,395,-124
38021,1995,272,355,-83
38021,1996,318,345,-27
38021,1997,266,260,6
38021,1998,303,322,-19
38021,1999,278,269,9
38021,2000,260,350,-90
38021,2001,240,343,-103
38021,2002,189,280,-91
38021,2003,231,245,-14
38021,2004,267,266,1
38021,2005,230,297,-67
38021,2006,211,251,-40
38021,2007,227,310,-83
38021,2008,222,304,-82
38021,2009,221,241,-20
38021,2010,217,222,-5
38023,1990,0,137,-137
38023,1991,0,139,-139
38023,1992,75,122,-47
38023,1993,92,89,3
38023,1994,67,99,-32
38023,1995,53,84,-31
38023,1996,62,99,-37
38023,1997,63,86,-23
38023,1998,54,98,-44
38023,1999,34,77,-43
38023,2000,54,97,-43
38023,2001,90,76,14
38023,2002,78,51,27
38023,2003,76,63,13
38023,2004,48,82,-34
38023,2005,64,87,-23
38023,2006,52,76,-24
38023,2007,68,85,-17
38023,2008,78,75,3
38023,2009,92,61,31
38023,2010,116,78,38
38025,1990,134,187,-53
38025,1991,130,177,-47
38025,1992,126,174,-48
38025,1993,113,128,-15
38025,1994,122,164,-42
38025,1995,88,139,-51
38025,1996,119,187,-68
38025,1997,130,186,-56
38025,1998,103,177,-74
38025,1999,162,152,10
38025,2000,122,145,-23
38025,2001,136,147,-11
38025,2002,116,113,3
38025,2003,100,171,-71
38025,2004,137,136,1
38025,2005,151,144,7
38025,2006,140,135,5
38025,2007,164,148,16
38025,2008,185,130,55
38025,2009,165,152,13
38025,2010,263,123,140
38027,1990,0,0,0
38027,1991,0,132,-132
38027,1992,113,115,-2
38027,1993,138,133,5
38027,1994,136,153,-17
38027,1995,147,121,26
38027,1996,145,136,9
38027,1997,137,121,16
38027,1998,120,168,-48
38027,1999,93,151,-58
38027,2000,101,147,-46
38027,2001,116,129,-13
38027,2002,103,107,-4
38027,2003,113,110,3
38027,2004,111,109,2
38027,2005,74,117,-43
38027,2006,116,130,-14
38027,2007,78,102,-24
38027,2008,88,145,-57
38027,2009,91,81,10
38027,2010,92,95,-3
38029,1990,108,203,-95
38029,1991,0,188,-188
38029,1992,180,190,-10
38029,1993,137,154,-17
38029,1994,167,164,3
38029,1995,131,178,-47
38029,1996,165,188,-23
38029,1997,102,146,-44
38029,1998,125,148,-23
38029,1999,85,132,-47
38029,2000,117,155,-38
38029,2001,93,160,-67
38029,2002,95,150,-55
38029,2003,89,151,-62
38029,2004,78,163,-85
38029,2005,89,123,-34
38029,2006,108,147,-39
38029,2007,76,109,-33
38029,2008,133,108,25
38029,2009,135,122,13
38029,2010,111,109,2
38031,1990,132,219,-87
38031,1991,0,195,-195
38031,1992,204,180,24
38031,1993,188,173,15
38031,1994,199,176,23
38031,1995,164,194,-30
38031,1996,158,233,-75
38031,1997,214,179,35
38031,1998,184,195,-11
38031,1999,127,188,-61
38031,2000,131,205,-74
38031,2001,153,181,-28
38031,2002,116,166,-50
38031,2003,111,113,-2
38031,2004,176,141,35
38031,2005,167,152,15
38031,2006,150,210,-60
38031,2007,137,163,-26
38031,2008,103,187,-84
38031,2009,146,92,54
38031,2010,155,145,10
38033,1990,0,0,0
38033,1991,0,146,-146
38033,1992,83,102,-19
38033,1993,131,126,5
38033,1994,115,122,-7
38033,1995,104,122,-18
38033,1996,78,100,-22
38033,1997,106,139,-33
38033,1998,77,132,-55
38033,1999,73,95,-22
38033,2000,75,106,-31
38033,2001,64,83,-19
38033,2002,71,74,-3
38033,2003,47,94,-47
38033,2004,76,88,-12
38033,2005,81,99,-18
38033,2006,100,78,22
38033,2007,86,101,-15
38033,2008,65,85,-20
38033,2009,93,89,4
38033,2010,142,76,66
38035,1990,5352,6171,-819
38035,1991,5269,4976,293
38035,1992,5629,6327,-698
38035,1993,5525,5989,-464
38035,1994,6898,7316,-418
38035,1995,5275,6265,-990
38035,1996,4415,6371,-1956
38035,1997,4375,7205,-2830
38035,1998,4397,6978,-2581
38035,1999,4060,5495,-1435
38035,2000,4083,5209,-1126
38035,2001,4015,4861,-846
38035,2002,3802,4627,-825
38035,2003,4146,4407,-261
38035,2004,3926,4949,-1023
38035,2005,3914,5025,-1111
38035,2006,4155,5045,-890
38035,2007,4006,4552,-546
38035,2008,3853,5146,-1293
38035,2009,3838,4259,-421
38035,2010,3517,4704,-1187
38037,1990,0,143,-143
38037,1991,0,136,-136
38037,1992,114,122,-8
38037,1993,91,139,-48
38037,1994,86,114,-28
38037,1995,81,141,-60
38037,1996,90,144,-54
38037,1997,84,137,-53
38037,1998,57,130,-73
38037,1999,95,86,9
38037,2000,79,118,-39
38037,2001,74,124,-50
38037,2002,103,99,4
38037,2003,76,88,-12
38037,2004,93,79,14
38037,2005,66,104,-38
38037,2006,92,124,-32
38037,2007,85,104,-19
38037,2008,83,101,-18
38037,2009,86,86,0
38037,2010,74,100,-26
38039,1990,0,173,-173
38039,1991,0,136,-136
38039,1992,121,100,21
38039,1993,114,144,-30
38039,1994,106,130,-24
38039,1995,95,151,-56
38039,1996,90,164,-74
38039,1997,110,103,7
38039,1998,72,122,-50
38039,1999,89,153,-64
38039,2000,73,132,-59
38039,2001,134,137,-3
38039,2002,114,116,-2
38039,2003,92,109,-17
38039,2004,102,115,-13
38039,2005,99,122,-23
38039,2006,90,128,-38
38039,2007,100,116,-16
38039,2008,109,118,-9
38039,2009,93,96,-3
38039,2010,79,102,-23
38041,1990,0,211,-211
38041,1991,0,165,-165
38041,1992,80,133,-53
38041,1993,113,149,-36
38041,1994,119,129,-10
38041,1995,72,121,-49
38041,1996,86,112,-26
38041,1997,75,120,-45
38041,1998,57,110,-53
38041,1999,94,158,-64
38041,2000,70,109,-39
38041,2001,71,91,-20
38041,2002,55,75,-20
38041,2003,84,110,-26
38041,2004,83,101,-18
38041,2005,91,81,10
38041,2006,102,113,-11
38041,2007,94,107,-13
38041,2008,131,96,35
38041,2009,113,103,10
38041,2010,141,100,41
38043,1990,0,181,-181
38043,1991,88,150,-62
38043,1992,116,120,-4
38043,1993,80,163,-83
38043,1994,108,150,-42
38043,1995,87,142,-55
38043,1996,120,160,-40
38043,1997,116,145,-29
38043,1998,69,140,-71
38043,1999,92,128,-36
38043,2000,84,131,-47
38043,2001,89,126,-37
38043,2002,97,123,-26
38043,2003,122,136,-14
38043,2004,76,128,-52
38043,2005,109,79,30
38043,2006,88,121,-33
38043,2007,127,137,-10
38043,2008,116,138,-22
38043,2009,99,81,18
38043,2010,117,136,-19
38045,1990,167,207,-40
38045,1991,156,187,-31
38045,1992,174,222,-48
38045,1993,164,202,-38
38045,1994,206,210,-4
38045,1995,195,207,-12
38045,1996,183,223,-40
38045,1997,134,246,-112
38045,1998,139,206,-67
38045,1999,152,190,-38
38045,2000,142,178,-36
38045,2001,121,155,-34
38045,2002,122,145,-23
38045,2003,152,150,2
38045,2004,111,202,-91
38045,2005,109,157,-48
38045,2006,133,148,-15
38045,2007,105,184,-79
38045,2008,151,189,-38
38045,2009,144,157,-13
38045,2010,138,135,3
38047,1990,0,106,-106
38047,1991,0,125,-125
38047,1992,98,121,-23
38047,1993,117,125,-8
38047,1994,60,146,-86
38047,1995,92,115,-23
38047,1996,72,79,-7
38047,1997,72,132,-60
38047,1998,58,110,-52
38047,1999,51,82,-31
38047,2000,39,121,-82
38047,2001,70,92,-22
38047,2002,63,101,-38
38047,2003,73,71,2
38047,2004,46,65,-19
38047,2005,46,81,-35
38047,2006,89,70,19
38047,2007,80,92,-12
38047,2008,61,79,-18
38047,2009,79,63,16
38047,2010,71,88,-17
38049,1990,269,351,-82
38049,1991,222,295,-73
38049,1992,230,301,-71
38049,1993,294,288,6
38049,1994,304,273,31
38049,1995,328,334,-6
38049,1996,305,294,11
38049,1997,272,349,-77
38049,1998,244,319,-75
38049,1999,199,321,-122
38049,2000,210,334,-124
38049,2001,256,305,-49
38049,2002,263,254,9
38049,2003,227,274,-47
38049,2004,207,258,-51
38049,2005,264,277,-13
38049,2006,203,306,-103
38049,2007,267,248,19
38049,2008,277,271,6
38049,2009,271,258,13
38049,2010,316,222,94
38051,1990,0,194,-194
38051,1991,0,104,-104
38051,1992,142,136,6
38051,1993,114,170,-56
38051,1994,122,101,21
38051,1995,129,158,-29
38051,1996,113,137,-24
38051,1997,101,165,-64
38051,1998,92,124,-32
38051,1999,99,107,-8
38051,2000,88,110,-22
38051,2001,108,130,-22
38051,2002,99,97,2
38051,2003,82,119,-37
38051,2004,102,109,-7
38051,2005,105,122,-17
38051,2006,85,165,-80
38051,2007,96,128,-32
38051,2008,99,121,-22
38051,2009,83,122,-39
38051,2010,78,84,-6
38053,1990,0,359,-359
38053,1991,210,323,-113
38053,1992,257,348,-91
38053,1993,226,288,-62
38053,1994,196,354,-158
38053,1995,212,181,31
38053,1996,194,246,-52
38053,1997,178,236,-58
38053,1998,140,270,-130
38053,1999,200,272,-72
38053,2000,194,236,-42
38053,2001,219,218,1
38053,2002,168,219,-51
38053,2003,197,247,-50
38053,2004,276,230,46
38053,2005,255,219,36
38053,2006,268,223,45
38053,2007,276,229,47
38053,2008,377,235,142
38053,2009,329,203,126
38053,2010,692,266,426
38055,1990,383,572,-189
38055,1991,390,544,-154
38055,1992,389,432,-43
38055,1993,427,469,-42
38055,1994,422,456,-34
38055,1995,445,483,-38
38055,1996,450,482,-32
38055,1997,467,482,-15
38055,1998,383,462,-79
38055,1999,336,467,-131
38055,2000,403,484,-81
38055,2001,377,436,-59
38055,2002,371,414,-43
38055,2003,408,451,-43
38055,2004,369,488,-119
38055,2005,389,425,-36
38055,2006,427,398,29
38055,2007,514,438,76
38055,2008,421,438,-17
38055,2009,474,376,98
38055,2010,544,398,146
38057,1990,335,486,-151
38057,1991,266,542,-276
38057,1992,353,443,-90
38057,1993,303,405,-102
38057,1994,370,363,7
38057,1995,450,405,45
38057,1996,352,396,-44
38057,1997,323,424,-101
38057,1998,275,477,-202
38057,1999,268,433,-165
38057,2000,327,406,-79
38057,2001,429,431,-2
38057,2002,301,340,-39
38057,2003,304,363,-59
38057,2004,277,331,-54
38057,2005,320,382,-62
38057,2006,407,381,26
38057,2007,357,392,-35
38057,2008,370,350,20
38057,2009,376,385,-9
38057,2010,367,366,1
38059,1990,1077,1336,-259
38059,1991,1219,1207,12
38059,1992,1396,1218,178
38059,1993,1389,1279,110
38059,1994,1392,1247,145
38059,1995,1360,1352,8
38059,1996,1360,1369,-9
38059,1997,1516,1408,108
38059,1998,1420,1506,-86
38059,1999,1459,1484,-25
38059,2000,1352,1541,-189
38059,2001,1451,1492,-41
38059,2002,1351,1440,-89
38059,2003,1420,1372,48
38059,2004,1530,1436,94
38059,2005,1617,1454,163
38059,2006,1686,1481,205
38059,2007,1791,1532,259
38059,2008,1747,1572,175
38059,2009,1907,1626,281
38059,2010,1787,1716,71
38061,1990,228,368,-140
38061,1991,258,317,-59
38061,1992,299,329,-30
38061,1993,302,276,26
38061,1994,375,316,59
38061,1995,275,370,-95
38061,1996,297,395,-98
38061,1997,307,377,-70
38061,1998,230,333,-103
38061,1999,228,340,-112
38061,2000,255,307,-52
38061,2001,309,381,-72
38061,2002,323,342,-19
38061,2003,334,292,42
38061,2004,381,394,-13
38061,2005,298,389,-91
38061,2006,367,312,55
38061,2007,406,346,60
38061,2008,484,386,98
38061,2009,596,378,218
38061,2010,736,400,336
38063,1990,140,207,-67
38063,1991,141,153,-12
38063,1992,142,199,-57
38063,1993,179,160,19
38063,1994,213,192,21
38063,1995,186,251,-65
38063,1996,174,175,-1
38063,1997,148,227,-79
38063,1998,155,183,-28
38063,1999,184,187,-3
38063,2000,133,185,-52
38063,2001,82,200,-118
38063,2002,176,162,14
38063,2003,167,126,41
38063,2004,182,163,19
38063,2005,118,191,-73
38063,2006,137,141,-4
38063,2007,129,143,-14
38063,2008,138,142,-4
38063,2009,133,119,14
38063,2010,128,143,-15
38065,1990,0,109,-109
38065,1991,0,97,-97
38065,1992,82,69,13
38065,1993,38,74,-36
38065,1994,62,70,-8
38065,1995,86,79,7
38065,1996,67,75,-8
38065,1997,99,81,18
38065,1998,74,98,-24
38065,1999,112,98,14
38065,2000,71,127,-56
38065,2001,67,121,-54
38065,2002,50,101,-51
38065,2003,74,89,-15
38065,2004,61,107,-46
38065,2005,86,92,-6
38065,2006,90,86,4
38065,2007,65,126,-61
38065,2008,84,137,-53
38065,2009,71,90,-19
38065,2010,99,77,22
38067,1990,290,455,-165
38067,1991,400,444,-44
38067,1992,344,407,-63
38067,1993,288,355,-67
38067,1994,392,395,-3
38067,1995,420,420,0
38067,1996,379,469,-90
38067,1997,377,513,-136
38067,1998,333,454,-121
38067,1999,309,421,-112
38067,2000,279,432,-153
38067,2001,296,377,-81
38067,2002,313,376,-63
38067,2003,293,318,-25
38067,2004,300,393,-93
38067,2005,372,414,-42
38067,2006,273,428,-155
38067,2007,314,427,-113
38067,2008,330,359,-29
38067,2009,360,355,5
38067,2010,312,383,-71
38069,1990,0,263,-263
38069,1991,0,246,-246
38069,1992,273,256,17
38069,1993,244,260,-16
38069,1994,235,197,38
38069,1995,214,240,-26
38069,1996,178,238,-60
38069,1997,228,218,10
38069,1998,170,216,-46
38069,1999,160,204,-44
38069,2000,182,217,-35
38069,2001,161,212,-51
38069,2002,159,203,-44
38069,2003,127,199,-72
38069,2004,138,197,-59
38069,2005,189,201,-12
38069,2006,176,180,-4
38069,2007,235,216,19
38069,2008,131,193,-62
38069,2009,205,178,27
38069,2010,206,159,47
38071,1990,562,647,-85
38071,1991,616,703,-87
38071,1992,631,596,35
38071,1993,604,636,-32
38071,1994,610,714,-104
38071,1995,583,642,-59
38071,1996,556,658,-102
38071,1997,531,764,-233
38071,1998,566,731,-165
38071,1999,498,697,-199
38071,2000,477,679,-202
38071,2001,503,580,-77
38071,2002,423,562,-139
38071,2003,468,580,-112
38071,2004,487,580,-93
38071,2005,459,560,-101
38071,2006,537,569,-32
38071,2007,531,521,10
38071,2008,478,589,-111
38071,2009,567,494,73
38071,2010,536,543,-7
38073,1990,204,244,-40
38073,1991,222,224,-2
38073,1992,241,205,36
38073,1993,256,290,-34
38073,1994,289,261,28
38073,1995,258,254,4
38073,1996,285,261,24
38073,1997,296,318,-22
38073,1998,204,239,-35
38073,1999,281,247,34
38073,2000,258,281,-23
38073,2001,255,257,-2
38073,2002,247,222,25
38073,2003,198,210,-12
38073,2004,308,312,-4
38073,2005,267,311,-44
38073,2006,264,237,27
38073,2007,207,261,-54
38073,2008,177,290,-113
38073,2009,213,274,-61
38073,2010,231,231,0
38075,1990,95,191,-96
38075,1991,116,176,-60
38075,1992,165,156,9
38075,1993,166,146,20
38075,1994,110,187,-77
38075,1995,138,145,-7
38075,1996,202,138,64
38075,1997,155,133,22
38075,1998,173,160,13
38075,1999,133,180,-47
38075,2000,103,144,-41
38075,2001,139,120,19
38075,2002,195,145,50
38075,2003,144,146,-2
38075,2004,178,177,1
38075,2005,145,160,-15
38075,2006,119,186,-67
38075,2007,157,196,-39
38075,2008,174,163,11
38075,2009,208,179,29
38075,2010,254,162,92
38077,1990,952,1078,-126
38077,1991,955,1042,-87
38077,1992,962,901,61
38077,1993,920,897,23
38077,1994,884,1012,-128
38077,1995,958,1028,-70
38077,1996,1026,1122,-96
38077,1997,982,1058,-76
38077,1998,848,1078,-230
38077,1999,840,1041,-201
38077,2000,820,1053,-233
38077,2001,851,1057,-206
38077,2002,858,847,11
38077,2003,810,912,-102
38077,2004,786,941,-155
38077,2005,728,1021,-293
38077,2006,680,912,-232
38077,2007,773,864,-91
38077,2008,675,913,-238
38077,2009,706,681,25
38077,2010,719,774,-55
38079,1990,345,413,-68
38079,1991,371,368,3
38079,1992,387,421,-34
38079,1993,435,327,108
38079,1994,402,308,94
38079,1995,388,417,-29
38079,1996,441,449,-8
38079,1997,347,477,-130
38079,1998,355,483,-128
38079,1999,362,471,-109
38079,2000,402,458,-56
38079,2001,372,532,-160
38079,2002,337,490,-153
38079,2003,409,445,-36
38079,2004,331,446,-115
38079,2005,326,426,-100
38079,2006,371,447,-76
38079,2007,379,455,-76
38079,2008,387,436,-49
38079,2009,415,378,37
38079,2010,420,377,43
38081,1990,0,216,-216
38081,1991,138,224,-86
38081,1992,158,173,-15
38081,1993,199,180,19
38081,1994,262,195,67
38081,1995,209,268,-59
38081,1996,195,183,12
38081,1997,267,228,39
38081,1998,124,261,-137
38081,1999,182,205,-23
38081,2000,177,196,-19
38081,2001,128,182,-54
38081,2002,147,202,-55
38081,2003,103,196,-93
38081,2004,229,216,13
38081,2005,196,167,29
38081,2006,139,189,-50
38081,2007,146,226,-80
38081,2008,141,191,-50
38081,2009,123,196,-73
38081,2010,181,164,17
38083,1990,0,90,-90
38083,1991,0,98,-98
38083,1992,58,72,-14
38083,1993,72,56,16
38083,1994,57,51,6
38083,1995,25,76,-51
38083,1996,0,29,-29
38083,1997,40,72,-32
38083,1998,55,48,7
38083,1999,61,84,-23
38083,2000,66,115,-49
38083,2001,49,66,-17
38083,2002,61,64,-3
38083,2003,31,69,-38
38083,2004,52,51,1
38083,2005,31,46,-15
38083,2006,28,54,-26
38083,2007,31,66,-35
38083,2008,41,37,4
38083,2009,53,86,-33
38083,2010,56,70,-14
38085,1990,0,182,-182
38085,1991,126,143,-17
38085,1992,160,179,-19
38085,1993,137,148,-11
38085,1994,176,164,12
38085,1995,167,156,11
38085,1996,165,206,-41
38085,1997,168,182,-14
38085,1998,155,201,-46
38085,1999,257,213,44
38085,2000,154,221,-67
38085,2001,185,161,24
38085,2002,180,214,-34
38085,2003,181,215,-34
38085,2004,169,195,-26
38085,2005,198,197,1
38085,2006,146,211,-65
38085,2007,158,200,-42
38085,2008,171,151,20
38085,2009,144,182,-38
38085,2010,177,178,-1
38087,1990,0,0,0
38087,1991,0,0,0
38087,1992,0,0,0
38087,1993,0,0,0
38087,1994,0,0,0
38087,1995,0,0,0
38087,1996,0,0,0
38087,1997,0,0,0
38087,1998,37,34,3
38087,1999,0,0,0
38087,2000,0,0,0
38087,2001,13,24,-11
38087,2002,23,28,-5
38087,2003,0,0,0
38087,2004,0,0,0
38087,2005,32,27,5
38087,2006,19,39,-20
38087,2007,31,20,11
38087,2008,24,44,-20
38087,2009,21,23,-2
38087,2010,22,22,0
38089,1990,1087,1151,-64
38089,1991,1040,1201,-161
38089,1992,1036,1297,-261
38089,1993,1040,1048,-8
38089,1994,866,1390,-524
38089,1995,1108,1084,24
38089,1996,987,1015,-28
38089,1997,1006,1063,-57
38089,1998,830,1106,-276
38089,1999,780,1224,-444
38089,2000,871,1112,-241
38089,2001,823,1065,-242
38089,2002,833,917,-84
38089,2003,893,875,18
38089,2004,866,943,-77
38089,2005,891,921,-30
38089,2006,1109,950,159
38089,2007,1132,1038,94
38089,2008,1256,1105,151
38089,2009,1418,1026,392
38089,2010,1661,1103,558
38091,1990,0,131,-131
38091,1991,0,0,0
38091,1992,115,113,2
38091,1993,139,131,8
38091,1994,109,116,-7
38091,1995,109,141,-32
38091,1996,115,123,-8
38091,1997,118,147,-29
38091,1998,94,131,-37
38091,1999,71,114,-43
38091,2000,87,125,-38
38091,2001,82,131,-49
38091,2002,102,103,-1
38091,2003,110,97,13
38091,2004,91,121,-30
38091,2005,59,108,-49
38091,2006,73,107,-34
38091,2007,63,88,-25
38091,2008,68,97,-29
38091,2009,125,82,43
38091,2010,75,87,-12
38093,1990,794,1099,-305
38093,1991,840,1017,-177
38093,1992,785,859,-74
38093,1993,823,885,-62
38093,1994,796,1042,-246
38093,1995,799,928,-129
38093,1996,837,873,-36
38093,1997,845,892,-47
38093,1998,877,908,-31
38093,1999,797,926,-129
38093,2000,717,989,-272
38093,2001,717,915,-198
38093,2002,689,833,-144
38093,2003,703,868,-165
38093,2004,792,851,-59
38093,2005,685,837,-152
38093,2006,698,972,-274
38093,2007,783,860,-77
38093,2008,898,782,116
38093,2009,827,767,60
38093,2010,788,897,-109
38095,1990,0,0,0
38095,1991,132,201,-69
38095,1992,142,154,-12
38095,1993,126,192,-66
38095,1994,134,121,13
38095,1995,99,158,-59
38095,1996,84,169,-85
38095,1997,110,152,-42
38095,1998,124,151,-27
38095,1999,83,149,-66
38095,2000,98,157,-59
38095,2001,105,148,-43
38095,2002,80,104,-24
38095,2003,84,125,-41
38095,2004,93,118,-25
38095,2005,68,131,-63
38095,2006,80,141,-61
38095,2007,74,132,-58
38095,2008,121,116,5
38095,2009,111,101,10
38095,2010,126,91,35
38097,1990,326,353,-27
38097,1991,354,451,-97
38097,1992,323,396,-73
38097,1993,376,341,35
38097,1994,406,355,51
38097,1995,384,354,30
38097,1996,404,421,-17
38097,1997,180,180,0
38097,1998,394,357,37
38097,1999,400,421,-21
38097,2000,350,388,-38
38097,2001,329,381,-52
38097,2002,360,407,-47
38097,2003,439,364,75
38097,2004,379,359,20
38097,2005,356,490,-134
38097,2006,429,423,6
38097,2007,405,411,-6
38097,2008,347,411,-64
38097,2009,385,413,-28
38097,2010,354,359,-5
38099,1990,368,787,-419
38099,1991,460,574,-114
38099,1992,514,564,-50
38099,1993,419,561,-142
38099,1994,517,527,-10
38099,1995,542,583,-41
38099,1996,527,546,-19
38099,1997,476,592,-116
38099,1998,435,610,-175
38099,1999,390,563,-173
38099,2000,379,604,-225
38099,2001,450,602,-152
38099,2002,383,498,-115
38099,2003,377,475,-98
38099,2004,450,450,0
38099,2005,385,482,-97
38099,2006,411,553,-142
38099,2007,413,466,-53
38099,2008,385,464,-79
38099,2009,359,465,-106
38099,2010,373,437,-64
38101,1990,3736,4838,-1102
38101,1991,4112,4060,52
38101,1992,4761,5318,-557
38101,1993,4634,4779,-145
38101,1994,5520,5204,316
38101,1995,4963,4542,421
38101,1996,4079,5422,-1343
38101,1997,4131,5031,-900
38101,1998,4213,4946,-733
38101,1999,3886,4923,-1037
38101,2000,3774,4962,-1188
38101,2001,3594,4628,-1034
38101,2002,3713,4334,-621
38101,2003,3853,4292,-439
38101,2004,3670,4680,-1010
38101,2005,3689,4595,-906
38101,2006,3614,4247,-633
38101,2007,3605,4111,-506
38101,2008,4272,4113,159
38101,2009,4888,4054,834
38101,2010,5560,4445,1115
38103,1990,0,352,-352
38103,1991,249,290,-41
38103,1992,218,262,-44
38103,1993,186,253,-67
38103,1994,180,215,-35
38103,1995,197,182,15
38103,1996,190,195,-5
38103,1997,224,209,15
38103,1998,133,205,-72
38103,1999,128,194,-66
38103,2000,120,263,-143
38103,2001,148,190,-42
38103,2002,129,179,-50
38103,2003,175,205,-30
38103,2004,154,181,-27
38103,2005,137,202,-65
38103,2006,172,197,-25
38103,2007,161,191,-30
38103,2008,121,162,-41
38103,2009,193,186,7
38103,2010,197,144,53
38105,1990,1001,1211,-210
38105,1991,865,1052,-187
38105,1992,774,1068,-294
38105,1993,716,918,-202
38105,1994,832,935,-103
38105,1995,837,787,50
38105,1996,744,900,-156
38105,1997,812,977,-165
38105,1998,637,1004,-367
38105,1999,605,1009,-404
38105,2000,674,854,-180
38105,2001,758,715,43
38105,2002,602,749,-147
38105,2003,678,780,-102
38105,2004,769,735,34
38105,2005,867,754,113
38105,2006,1005,797,208
38105,2007,1038,806,232
38105,2008,1448,872,576
38105,2009,1388,921,467
38105,2010,2556,1103,1453
39001,1990,1057,784,273
39001,1991,1037,813,224
39001,1992,1051,904,147
39001,1993,954,781,173
39001,1994,1098,975,123
39001,1995,1462,1013,449
39001,1996,1408,1273,135
39001,1997,1427,1287,140
39001,1998,1386,1302,84
39001,1999,1329,1390,-61
39001,2000,1421,1312,109
39001,2001,1437,1217,220
39001,2002,1493,1215,278
39001,2003,1499,1338,161
39001,2004,1042,977,65
39001,2005,1022,1024,-2
39001,2006,961,1029,-68
39001,2007,1050,1048,2
39001,2008,927,1040,-113
39001,2009,929,857,72
39001,2010,880,915,-35
39003,1990,3370,4312,-942
39003,1991,3518,4000,-482
39003,1992,3303,3888,-585
39003,1993,3415,4204,-789
39003,1994,3422,4293,-871
39003,1995,3244,3904,-660
39003,1996,3258,4146,-888
39003,1997,3231,4200,-969
39003,1998,3401,4034,-633
39003,1999,3749,3854,-105
39003,2000,3359,3981,-622
39003,2001,3379,3954,-575
39003,2002,3236,3573,-337
39003,2003,3038,3728,-690
39003,2004,3238,3788,-550
39003,2005,3063,3812,-749
39003,2006,3070,3587,-517
39003,2007,3342,3855,-513
39003,2008,3028,3789,-761
39003,2009,2768,3489,-721
39003,2010,2918,3530,-612
39005,1990,2084,1840,244
39005,1991,2004,1720,284
39005,1992,2120,1880,240
39005,1993,2331,1942,389
39005,1994,2198,2060,138
39005,1995,2523,2324,199
39005,1996,2540,2329,211
39005,1997,2610,2390,220
39005,1998,2701,2515,186
39005,1999,2480,2510,-30
39005,2000,2339,2307,32
39005,2001,2416,2492,-76
39005,2002,2480,2249,231
39005,2003,2393,2484,-91
39005,2004,2231,2146,85
39005,2005,2242,2048,194
39005,2006,2103,1859,244
39005,2007,2123,2118,5
39005,2008,2000,2065,-65
39005,2009,1861,1967,-106
39005,2010,1790,2080,-290
39007,1990,3256,3287,-31
39007,1991,3243,3109,134
39007,1992,3097,2936,161
39007,1993,3261,2964,297
39007,1994,3284,3110,174
39007,1995,3298,3101,197
39007,1996,3479,3115,364
39007,1997,3243,3230,13
39007,1998,3373,3449,-76
39007,1999,3353,3526,-173
39007,2000,3135,3593,-458
39007,2001,3338,3539,-201
39007,2002,3320,3357,-37
39007,2003,3204,3406,-202
39007,2004,3198,3242,-44
39007,2005,3024,3512,-488
39007,2006,2852,3165,-313
39007,2007,2766,3403,-637
39007,2008,2764,3220,-456
39007,2009,2678,2883,-205
39007,2010,2635,2767,-132
39009,1990,2278,2082,196
39009,1991,2142,2189,-47
39009,1992,2408,2196,212
39009,1993,2297,2426,-129
39009,1994,2472,2466,6
39009,1995,2606,2507,99
39009,1996,2668,2712,-44
39009,1997,2688,2689,-1
39009,1998,2576,2739,-163
39009,1999,2930,2719,211
39009,2000,2908,2867,41
39009,2001,2903,2842,61
39009,2002,2881,2605,276
39009,2003,2443,2592,-149
39009,2004,2419,2622,-203
39009,2005,2384,2652,-268
39009,2006,2398,2565,-167
39009,2007,2456,2687,-231
39009,2008,2392,2615,-223
39009,2009,2232,2445,-213
39009,2010,2132,2477,-345
39011,1990,2161,1914,247
39011,1991,2160,1877,283
39011,1992,2009,2101,-92
39011,1993,2068,2040,28
39011,1994,2276,2167,109
39011,1995,1964,1893,71
39011,1996,1934,2145,-211
39011,1997,1949,1963,-14
39011,1998,1917,1941,-24
39011,1999,1941,1994,-53
39011,2000,1884,2000,-116
39011,2001,1921,2136,-215
39011,2002,1798,1934,-136
39011,2003,1859,1929,-70
39011,2004,1910,1801,109
39011,2005,1844,2151,-307
39011,2006,1802,1904,-102
39011,2007,1906,1825,81
39011,2008,1771,1992,-221
39011,2009,1585,1716,-131
39011,2010,1612,1868,-256
39013,1990,2123,2185,-62
39013,1991,1877,1795,82
39013,1992,2001,1820,181
39013,1993,1753,1822,-69
39013,1994,2007,2032,-25
39013,1995,1971,1976,-5
39013,1996,2056,2072,-16
39013,1997,2245,2147,98
39013,1998,2094,2321,-227
39013,1999,2042,2200,-158
39013,2000,1914,2269,-355
39013,2001,2397,2018,379
39013,2002,2041,2030,11
39013,2003,2111,2033,78
39013,2004,1944,1976,-32
39013,2005,1981,1999,-18
39013,2006,1870,1938,-68
39013,2007,1951,2049,-98
39013,2008,2058,1853,205
39013,2009,1731,1739,-8
39013,2010,1901,1875,26
39015,1990,2341,2051,290
39015,1991,2405,1959,446
39015,1992,2465,1929,536
39015,1993,2707,2018,689
39015,1994,2529,2146,383
39015,1995,2301,1916,385
39015,1996,2518,2081,437
39015,1997,2487,2080,407
39015,1998,2532,2053,479
39015,1999,2784,2061,723
39015,2000,2414,2352,62
39015,2001,2577,2223,354
39015,2002,2477,2280,197
39015,2003,2440,2317,123
39015,2004,2224,2185,39
39015,2005,2321,2275,46
39015,2006,2233,2127,106
39015,2007,2348,2330,18
39015,2008,2107,2089,18
39015,2009,2232,2079,153
39015,2010,1878,2082,-204
39017,1990,17287,14173,3114
39017,1991,16674,14039,2635
39017,1992,17157,14769,2388
39017,1993,16819,15875,944
39017,1994,17360,15459,1901
39017,1995,17254,15645,1609
39017,1996,17900,16816,1084
39017,1997,18015,17000,1015
39017,1998,18048,17645,403
39017,1999,18291,17338,953
39017,2000,17842,17143,699
39017,2001,17583,17111,472
39017,2002,16988,16015,973
39017,2003,17483,16299,1184
39017,2004,17630,15915,1715
39017,2005,18815,16514,2301
39017,2006,17621,15723,1898
39017,2007,17328,16801,527
39017,2008,16179,15856,323
39017,2009,16150,15721,429
39017,2010,15369,15852,-483
39019,1990,1540,1265,275
39019,1991,1566,1407,159
39019,1992,1609,1279,330
39019,1993,1649,1378,271
39019,1994,1752,1352,400
39019,1995,1534,1242,292
39019,1996,1748,1337,411
39019,1997,1645,1420,225
39019,1998,1665,1485,180
39019,1999,1735,1560,175
39019,2000,1730,1550,180
39019,2001,1805,1660,145
39019,2002,1695,1523,172
39019,2003,1654,1722,-68
39019,2004,1277,1392,-115
39019,2005,1376,1364,12
39019,2006,1288,1463,-175
39019,2007,1340,1349,-9
39019,2008,1194,1260,-66
39019,2009,1177,1164,13
39019,2010,1115,1091,24
39021,1990,1951,1849,102
39021,1991,1824,1695,129
39021,1992,1930,1691,239
39021,1993,1972,1831,141
39021,1994,1974,1834,140
39021,1995,2417,2110,307
39021,1996,2523,2480,43
39021,1997,2432,2464,-32
39021,1998,2439,2457,-18
39021,1999,2547,2390,157
39021,2000,2435,2457,-22
39021,2001,2591,2504,87
39021,2002,2481,2360,121
39021,2003,2326,2404,-78
39021,2004,1973,1923,50
39021,2005,1997,1860,137
39021,2006,1728,1734,-6
39021,2007,1998,1885,113
39021,2008,1698,1827,-129
39021,2009,1586,1794,-208
39021,2010,1525,1723,-198
39023,1990,5414,5924,-510
39023,1991,5356,5759,-403
39023,1992,5299,5863,-564
39023,1993,5158,5478,-320
39023,1994,5395,5634,-239
39023,1995,5114,5279,-165
39023,1996,4781,5950,-1169
39023,1997,4818,5727,-909
39023,1998,5070,5615,-545
39023,1999,4909,5557,-648
39023,2000,4766,5520,-754
39023,2001,5027,5564,-537
39023,2002,4565,5245,-680
39023,2003,4618,5093,-475
39023,2004,4466,4855,-389
39023,2005,4646,4873,-227
39023,2006,3999,4946,-947
39023,2007,4375,4937,-562
39023,2008,4050,4392,-342
39023,2009,3925,4348,-423
39023,2010,4015,4519,-504
39025,1990,10649,9095,1554
39025,1991,10848,9228,1620
39025,1992,11013,9508,1505
39025,1993,10875,9873,1002
39025,1994,11006,10076,930
39025,1995,12131,10679,1452
39025,1996,12961,11084,1877
39025,1997,13325,11786,1539
39025,1998,13866,12233,1633
39025,1999,13619,12643,976
39025,2000,12806,12021,785
39025,2001,12196,11290,906
39025,2002,11478,10486,992
39025,2003,12058,10612,1446
39025,2004,10194,9361,833
39025,2005,10429,9496,933
39025,2006,9813,9132,681
39025,2007,9588,9302,286
39025,2008,8478,8768,-290
39025,2009,8660,8521,139
39025,2010,8986,8784,202
39027,1990,2103,1822,281
39027,1991,2068,1728,340
39027,1992,1974,1786,188
39027,1993,2118,1756,362
39027,1994,2213,2082,131
39027,1995,2529,2048,481
39027,1996,2808,2338,470
39027,1997,2775,2479,296
39027,1998,2917,2571,346
39027,1999,2905,2469,436
39027,2000,2634,2535,99
39027,2001,2581,2523,58
39027,2002,2541,2369,172
39027,2003,2671,2465,206
39027,2004,2305,2215,90
39027,2005,2745,2184,561
39027,2006,2252,2367,-115
39027,2007,2335,2279,56
39027,2008,2017,2283,-266
39027,2009,1720,2292,-572
39027,2010,2032,1991,41
39029,1990,3621,3251,370
39029,1991,3591,3129,462
39029,1992,3341,3194,147
39029,1993,3459,3305,154
39029,1994,3375,3213,162
39029,1995,3273,3186,87
39029,1996,3538,3492,46
39029,1997,3561,3532,29
39029,1998,3473,3503,-30
39029,1999,3338,3550,-212
39029,2000,3266,3787,-521
39029,2001,3478,3629,-151
39029,2002,3235,3347,-112
39029,2003,3214,3489,-275
39029,2004,2970,3488,-518
39029,2005,3189,3245,-56
39029,2006,2894,3350,-456
39029,2007,2911,3412,-501
39029,2008,2826,3053,-227
39029,2009,2858,2887,-29
39029,2010,2640,2940,-300
39031,1990,1184,1156,28
39031,1991,1166,1188,-22
39031,1992,1299,1075,224
39031,1993,1249,1140,109
39031,1994,1454,1221,233
39031,1995,1415,1387,28
39031,1996,1544,1494,50
39031,1997,1456,1532,-76
39031,1998,1535,1491,44
39031,1999,1618,1446,172
39031,2000,1619,1529,90
39031,2001,1538,1493,45
39031,2002,1565,1463,102
39031,2003,1440,1488,-48
39031,2004,1019,1200,-181
39031,2005,1116,1220,-104
39031,2006,986,1195,-209
39031,2007,1097,1342,-245
39031,2008,1088,1127,-39
39031,2009,1000,1025,-25
39031,2010,948,909,39
39033,1990,1728,2022,-294
39033,1991,1785,2005,-220
39033,1992,1693,1826,-133
39033,1993,1801,1926,-125
39033,1994,1846,1755,91
39033,1995,1986,2093,-107
39033,1996,1960,2278,-318
39033,1997,1961,2165,-204
39033,1998,1999,2365,-366
39033,1999,1894,2240,-346
39033,2000,2012,2326,-314
39033,2001,2057,2343,-286
39033,2002,1763,2070,-307
39033,2003,1874,2019,-145
39033,2004,1673,1873,-200
39033,2005,1718,2232,-514
39033,2006,1763,1931,-168
39033,2007,1740,1999,-259
39033,2008,1562,1759,-197
39033,2009,1567,1736,-169
39033,2010,1483,1814,-331
39035,1990,31475,39704,-8229
39035,1991,30328,38763,-8435
39035,1992,29768,39924,-10156
39035,1993,29049,39444,-10395
39035,1994,30871,40228,-9357
39035,1995,29878,38921,-9043
39035,1996,30318,41769,-11451
39035,1997,30729,41824,-11095
39035,1998,31937,42764,-10827
39035,1999,30763,43622,-12859
39035,2000,30372,42279,-11907
39035,2001,30087,42474,-12387
39035,2002,28730,41581,-12851
39035,2003,28228,41557,-13329
39035,2004,28222,43446,-15224
39035,2005,28272,44787,-16515
39035,2006,28420,41330,-12910
39035,2007,28685,40434,-11749
39035,2008,28055,36405,-8350
39035,2009,25750,35522,-9772
39035,2010,27342,35836,-8494
39037,1990,1874,2110,-236
39037,1991,1797,1920,-123
39037,1992,1832,1914,-82
39037,1993,1834,1869,-35
39037,1994,1842,1883,-41
39037,1995,1802,1814,-12
39037,1996,1907,2104,-197
39037,1997,1696,2031,-335
39037,1998,1864,2041,-177
39037,1999,1908,2067,-159
39037,2000,1685,2045,-360
39037,2001,1662,1861,-199
39037,2002,1749,1805,-56
39037,2003,1684,1734,-50
39037,2004,1637,1890,-253
39037,2005,1615,1976,-361
39037,2006,1581,1843,-262
39037,2007,1690,1852,-162
39037,2008,1619,1843,-224
39037,2009,1570,1602,-32
39037,2010,1442,1669,-227
39039,1990,1567,1655,-88
39039,1991,1501,1769,-268
39039,1992,1631,1681,-50
39039,1993,1623,1766,-143
39039,1994,2101,1899,202
39039,1995,1969,1887,82
39039,1996,1674,2053,-379
39039,1997,1735,2096,-361
39039,1998,1802,2137,-335
39039,1999,1551,2028,-477
39039,2000,1746,1977,-231
39039,2001,1575,1898,-323
39039,2002,1508,1813,-305
39039,2003,1586,1839,-253
39039,2004,1493,1707,-214
39039,2005,1673,1705,-32
39039,2006,1519,1782,-263
39039,2007,1502,1618,-116
39039,2008,1476,1651,-175
39039,2009,1346,1480,-134
39039,2010,1337,1507,-170
39041,1990,5933,4482,1451
39041,1991,5734,4643,1091
39041,1992,6294,4859,1435
39041,1993,6878,5101,1777
39041,1994,7683,5273,2410
39041,1995,13603,8381,5222
39041,1996,14453,9513,4940
39041,1997,15122,9379,5743
39041,1998,16790,10045,6745
39041,1999,17798,10559,7239
39041,2000,18332,10974,7358
39041,2001,19726,11561,8165
39041,2002,17251,10198,7053
39041,2003,17220,10495,6725
39041,2004,13527,8188,5339
39041,2005,12970,8855,4115
39041,2006,11582,8442,3140
39041,2007,11517,8603,2914
39041,2008,10389,8357,2032
39041,2009,10719,8126,2593
39041,2010,10438,8577,1861
39043,1990,3041,3211,-170
39043,1991,3173,3170,3
39043,1992,3144,3121,23
39043,1993,3058,3188,-130
39043,1994,3571,3198,373
39043,1995,3364,3294,70
39043,1996,3179,3623,-444
39043,1997,3053,3632,-579
39043,1998,3180,3695,-515
39043,1999,3174,3396,-222
39043,2000,3103,3446,-343
39043,2001,3038,3589,-551
39043,2002,2988,3237,-249
39043,2003,3071,3182,-111
39043,2004,2956,3460,-504
39043,2005,3078,3354,-276
39043,2006,2888,3212,-324
39043,2007,3066,3179,-113
39043,2008,2686,3307,-621
39043,2009,2711,2783,-72
39043,2010,2678,2815,-137
39045,1990,6312,4900,1412
39045,1991,6641,4866,1775
39045,1992,6985,5139,1846
39045,1993,6971,5303,1668
39045,1994,7170,5420,1750
39045,1995,7748,6363,1385
39045,1996,8367,6932,1435
39045,1997,8580,6950,1630
39045,1998,9614,7535,2079
39045,1999,9374,7726,1648
39045,2000,10430,7764,2666
39045,2001,10361,8027,2334
39045,2002,10453,7538,2915
39045,2003,10552,7760,2792
39045,2004,8351,6702,1649
39045,2005,8205,6987,1218
39045,2006,7738,6844,894
39045,2007,7507,6989,518
39045,2008,7524,6647,877
39045,2009,7223,6660,563
39045,2010,6858,6628,230
39047,1990,1446,1293,153
39047,1991,1339,1309,30
39047,1992,1400,1208,192
39047,1993,1320,1276,44
39047,1994,1345,1303,42
39047,1995,1367,1231,136
39047,1996,1329,1287,42
39047,1997,1339,1438,-99
39047,1998,1349,1486,-137
39047,1999,1411,1439,-28
39047,2000,1266,1482,-216
39047,2001,1333,1422,-89
39047,2002,1268,1322,-54
39047,2003,1324,1428,-104
39047,2004,1378,1312,66
39047,2005,1284,1298,-14
39047,2006,1335,1315,20
39047,2007,1345,1419,-74
39047,2008,1222,1336,-114
39047,2009,1218,1148,70
39047,2010,1211,1341,-130
39049,1990,41471,39693,1778
39049,1991,40773,39265,1508
39049,1992,41438,41053,385
39049,1993,40238,42894,-2656
39049,1994,41251,44075,-2824
39049,1995,41023,44642,-3619
39049,1996,43797,47053,-3256
39049,1997,43069,47440,-4371
39049,1998,45665,48296,-2631
39049,1999,47050,49468,-2418
39049,2000,46961,51029,-4068
39049,2001,45195,52640,-7445
39049,2002,43587,51107,-7520
39049,2003,42799,51234,-8435
39049,2004,43106,50447,-7341
39049,2005,45243,50574,-5331
39049,2006,44834,49234,-4400
39049,2007,46057,48046,-1989
39049,2008,45526,46532,-1006
39049,2009,40803,45696,-4893
39049,2010,43520,45618,-2098
39051,1990,2004,1920,84
39051,1991,2234,1827,407
39051,1992,2002,1960,42
39051,1993,2039,2085,-46
39051,1994,2319,1875,444
39051,1995,2028,1830,198
39051,1996,2004,1942,62
39051,1997,1963,1841,122
39051,1998,2089,1931,158
39051,1999,1931,1994,-63
39051,2000,1820,1980,-160
39051,2001,1934,1963,-29
39051,2002,1854,1936,-82
39051,2003,1998,1788,210
39051,2004,1852,1925,-73
39051,2005,1948,2157,-209
39051,2006,1770,1939,-169
39051,2007,1889,2065,-176
39051,2008,1676,1878,-202
39051,2009,1493,1736,-243
39051,2010,1490,1695,-205
39053,1990,1114,1046,68
39053,1991,1781,1036,745
39053,1992,1137,1696,-559
39053,1993,1234,1043,191
39053,1994,1182,1028,154
39053,1995,1226,1117,109
39053,1996,1352,1222,130
39053,1997,1266,1152,114
39053,1998,1202,1230,-28
39053,1999,1254,1230,24
39053,2000,1300,1297,3
39053,2001,1252,1195,57
39053,2002,1206,1220,-14
39053,2003,1149,1202,-53
39053,2004,985,1011,-26
39053,2005,1071,1049,22
39053,2006,998,1018,-20
39053,2007,1053,981,72
39053,2008,925,966,-41
39053,2009,915,859,56
39053,2010,914,963,-49
39055,1990,3958,3793,165
39055,1991,4105,3873,232
39055,1992,3958,3984,-26
39055,1993,3987,3878,109
39055,1994,4089,3840,249
39055,1995,4350,3700,650
39055,1996,4726,4015,711
39055,1997,4309,3950,359
39055,1998,4497,4178,319
39055,1999,4504,3897,607
39055,2000,4056,4105,-49
39055,2001,4313,4017,296
39055,2002,4498,3707,791
39055,2003,3811,3838,-27
39055,2004,4053,3842,211
39055,2005,3986,3943,43
39055,2006,3635,3593,42
39055,2007,3412,3449,-37
39055,2008,3236,3375,-139
39055,2009,3099,3079,20
39055,2010,3085,3235,-150
39057,1990,10479,10117,362
39057,1991,10772,10384,388
39057,1992,11186,10883,303
39057,1993,10838,11105,-267
39057,1994,11429,11108,321
39057,1995,10043,11277,-1234
39057,1996,10312,11155,-843
39057,1997,9783,10794,-1011
39057,1998,11116,10583,533
39057,1999,10572,10223,349
39057,2000,10219,10476,-257
39057,2001,10800,10485,315
39057,2002,10555,10202,353
39057,2003,11086,10191,895
39057,2004,10245,10689,-444
39057,2005,10807,10661,146
39057,2006,10488,10661,-173
39057,2007,10124,10387,-263
39057,2008,9842,10007,-165
39057,2009,9057,9593,-536
39057,2010,9848,9572,276
39059,1990,1532,1394,138
39059,1991,1569,1429,140
39059,1992,1512,1561,-49
39059,1993,1503,1323,180
39059,1994,1551,1333,218
39059,1995,1593,1399,194
39059,1996,1596,1499,97
39059,1997,1614,1496,118
39059,1998,1593,1645,-52
39059,1999,1544,1579,-35
39059,2000,1531,1533,-2
39059,2001,1645,1516,129
39059,2002,1524,1385,139
39059,2003,1445,1521,-76
39059,2004,1247,1400,-153
39059,2005,1365,1481,-116
39059,2006,1371,1395,-24
39059,2007,1260,1393,-133
39059,2008,1211,1369,-158
39059,2009,1151,1266,-115
39059,2010,1063,1185,-122
39061,1990,29813,33007,-3194
39061,1991,29623,33317,-3694
39061,1992,29211,34273,-5062
39061,1993,28417,36016,-7599
39061,1994,27985,35505,-7520
39061,1995,26248,32899,-6651
39061,1996,27453,34409,-6956
39061,1997,26657,33552,-6895
39061,1998,26817,35791,-8974
39061,1999,26466,35951,-9485
39061,2000,25884,33940,-8056
39061,2001,25496,36108,-10612
39061,2002,23744,34735,-10991
39061,2003,24172,35209,-11037
39061,2004,24160,34579,-10419
39061,2005,25210,34112,-8902
39061,2006,24436,32123,-7687
39061,2007,25761,31877,-6116
39061,2008,26134,29413,-3279
39061,2009,24275,29370,-5095
39061,2010,24134,29884,-5750
39063,1990,2912,2880,32
39063,1991,2846,2705,141
39063,1992,2781,2852,-71
39063,1993,2790,2776,14
39063,1994,2922,2844,78
39063,1995,3001,3077,-76
39063,1996,3006,3210,-204
39063,1997,3111,3135,-24
39063,1998,3307,3319,-12
39063,1999,3166,3342,-176
39063,2000,3367,3160,207
39063,2001,3318,3104,214
39063,2002,3176,3217,-41
39063,2003,3200,3173,27
39063,2004,3130,3396,-266
39063,2005,3363,3262,101
39063,2006,3352,3308,44
39063,2007,3190,3514,-324
39063,2008,3064,3110,-46
39063,2009,2686,3167,-481
39063,2010,2848,2939,-91
39065,1990,1330,1321,9
39065,1991,1142,1271,-129
39065,1992,1252,1232,20
39065,1993,1280,1167,113
39065,1994,1363,1267,96
39065,1995,1267,1324,-57
39065,1996,1359,1381,-22
39065,1997,1251,1366,-115
39065,1998,1254,1381,-127
39065,1999,1323,1448,-125
39065,2000,1275,1582,-307
39065,2001,1333,1412,-79
39065,2002,1250,1410,-160
39065,2003,1419,1271,148
39065,2004,1153,1305,-152
39065,2005,1233,1367,-134
39065,2006,1152,1268,-116
39065,2007,1317,1388,-71
39065,2008,1223,1349,-126
39065,2009,1179,1103,76
39065,2010,1050,1220,-170
39067,1990,578,633,-55
39067,1991,535,555,-20
39067,1992,542,556,-14
39067,1993,496,618,-122
39067,1994,549,588,-39
39067,1995,738,657,81
39067,1996,887,749,138
39067,1997,764,758,6
39067,1998,772,795,-23
39067,1999,809,805,4
39067,2000,769,787,-18
39067,2001,807,714,93
39067,2002,775,664,111
39067,2003,677,711,-34
39067,2004,717,673,44
39067,2005,671,735,-64
39067,2006,661,649,12
39067,2007,593,656,-63
39067,2008,641,656,-15
39067,2009,603,616,-13
39067,2010,668,609,59
39069,1990,1051,1170,-119
39069,1991,1185,1122,63
39069,1992,1004,1111,-107
39069,1993,1087,1089,-2
39069,1994,1319,1214,105
39069,1995,1270,1196,74
39069,1996,1160,1285,-125
39069,1997,1107,1281,-174
39069,1998,1150,1334,-184
39069,1999,1279,1433,-154
39069,2000,1202,1331,-129
39069,2001,1304,1236,68
39069,2002,1072,1192,-120
39069,2003,1192,1301,-109
39069,2004,1192,1267,-75
39069,2005,1284,1387,-103
39069,2006,1019,1459,-440
39069,2007,1079,1270,-191
39069,2008,1020,1317,-297
39069,2009,901,1079,-178
39069,2010,985,1071,-86
39071,1990,1939,1559,380
39071,1991,2049,1618,431
39071,1992,2025,1552,473
39071,1993,2052,1561,491
39071,1994,2190,1653,537
39071,1995,1857,1610,247
39071,1996,1855,1770,85
39071,1997,1955,1543,412
39071,1998,2147,1735,412
39071,1999,2084,1791,293
39071,2000,2099,1937,162
39071,2001,2129,1810,319
39071,2002,1941,1831,110
39071,2003,1961,1725,236
39071,2004,2070,2085,-15
39071,2005,2175,1910,265
39071,2006,2222,2099,123
39071,2007,2149,2287,-138
39071,2008,1877,2023,-146
39071,2009,1798,1732,66
39071,2010,1675,1773,-98
39073,1990,1181,1006,175
39073,1991,1328,967,361
39073,1992,1385,1033,352
39073,1993,1298,1053,245
39073,1994,1430,1067,363
39073,1995,1520,1215,305
39073,1996,1384,1262,122
39073,1997,1412,1302,110
39073,1998,1431,1278,153
39073,1999,1430,1407,23
39073,2000,1468,1392,76
39073,2001,1560,1396,164
39073,2002,1448,1359,89
39073,2003,1480,1406,74
39073,2004,1329,1308,21
39073,2005,1245,1289,-44
39073,2006,1364,1167,197
39073,2007,1284,1153,131
39073,2008,1247,1290,-43
39073,2009,1244,1235,9
39073,2010,1216,1141,75
39075,1990,873,1000,-127
39075,1991,929,977,-48
39075,1992,811,972,-161
39075,1993,827,897,-70
39075,1994,941,930,11
39075,1995,1042,1022,20
39075,1996,1008,1077,-69
39075,1997,1083,1145,-62
39075,1998,1051,1208,-157
39075,1999,1048,1190,-142
39075,2000,1185,1077,108
39075,2001,1114,1130,-16
39075,2002,1062,1242,-180
39075,2003,1088,1105,-17
39075,2004,991,1137,-146
39075,2005,948,1172,-224
39075,2006,853,1263,-410
39075,2007,932,1186,-254
39075,2008,997,1139,-142
39075,2009,1022,1160,-138
39075,2010,928,1103,-175
39077,1990,2809,2567,242
39077,1991,2535,2597,-62
39077,1992,2655,2669,-14
39077,1993,2800,2588,212
39077,1994,3037,2664,373
39077,1995,2847,2487,360
39077,1996,2963,2872,91
39077,1997,2716,2907,-191
39077,1998,2822,2946,-124
39077,1999,2881,2805,76
39077,2000,2635,3132,-497
39077,2001,2738,2809,-71
39077,2002,2586,2763,-177
39077,2003,2580,2809,-229
39077,2004,2590,2670,-80
39077,2005,2523,2830,-307
39077,2006,2433,2719,-286
39077,2007,2443,2640,-197
39077,2008,2130,2570,-440
39077,2009,2208,2445,-237
39077,2010,2021,2438,-417
39079,1990,1165,828,337
39079,1991,1172,867,305
39079,1992,1142,939,203
39079,1993,1178,988,190
39079,1994,1124,1041,83
39079,1995,1296,1032,264
39079,1996,1290,1200,90
39079,1997,1245,1200,45
39079,1998,1346,1312,34
39079,1999,1261,1331,-70
39079,2000,1348,1361,-13
39079,2001,1427,1211,216
39079,2002,1350,1316,34
39079,2003,1379,1231,148
39079,2004,1309,1164,145
39079,2005,1188,1299,-111
39079,2006,1192,1162,30
39079,2007,1327,1261,66
39079,2008,1252,1224,28
39079,2009,1214,1003,211
39079,2010,1082,1198,-116
39081,1990,2025,2125,-100
39081,1991,1947,2230,-283
39081,1992,1887,2038,-151
39081,1993,1950,2127,-177
39081,1994,1890,2126,-236
39081,1995,1642,2200,-558
39081,1996,1625,2309,-684
39081,1997,1751,2625,-874
39081,1998,1811,2305,-494
39081,1999,1785,2301,-516
39081,2000,1800,2209,-409
39081,2001,1881,2242,-361
39081,2002,1937,2005,-68
39081,2003,1990,2077,-87
39081,2004,1984,2314,-330
39081,2005,1732,2060,-328
39081,2006,1738,2148,-410
39081,2007,1930,1932,-2
39081,2008,1781,1944,-163
39081,2009,1811,1853,-42
39081,2010,1693,1950,-257
39083,1990,2189,2039,150
39083,1991,2340,1802,538
39083,1992,2256,1856,400
39083,1993,2274,1769,505
39083,1994,2330,1755,575
39083,1995,2634,1989,645
39083,1996,2797,2176,621
39083,1997,2546,1986,560
39083,1998,2609,2309,300
39083,1999,2660,2176,484
39083,2000,2814,2259,555
39083,2001,2822,2233,589
39083,2002,2782,2334,448
39083,2003,2698,2231,467
39083,2004,2467,2101,366
39083,2005,2512,2345,167
39083,2006,2354,2039,315
39083,2007,2369,2111,258
39083,2008,2219,2156,63
39083,2009,2083,1849,234
39083,2010,2140,2070,70
39085,1990,8610,8212,398
39085,1991,8446,7884,562
39085,1992,8202,8278,-76
39085,1993,8053,8418,-365
39085,1994,8371,8064,307
39085,1995,8107,7805,302
39085,1996,8151,8683,-532
39085,1997,7937,8450,-513
39085,1998,8240,8728,-488
39085,1999,7844,8387,-543
39085,2000,7742,8203,-461
39085,2001,7838,8218,-380
39085,2002,7263,7974,-711
39085,2003,7724,7536,188
39085,2004,7762,8150,-388
39085,2005,7955,8114,-159
39085,2006,7779,7581,198
39085,2007,8030,7508,522
39085,2008,7245,7335,-90
39085,2009,7109,7052,57
39085,2010,6916,7026,-110
39087,1990,2065,1944,121
39087,1991,2144,1780,364
39087,1992,2201,1924,277
39087,1993,2050,1905,145
39087,1994,2158,2003,155
39087,1995,2153,1983,170
39087,1996,2286,2101,185
39087,1997,2151,2163,-12
39087,1998,2122,2219,-97
39087,1999,2092,2215,-123
39087,2000,2150,2292,-142
39087,2001,2223,2172,51
39087,2002,2290,1928,362
39087,2003,2169,2008,161
39087,2004,2227,1848,379
39087,2005,2222,2049,173
39087,2006,1977,2066,-89
39087,2007,2119,2055,64
39087,2008,1998,1883,115
39087,2009,1828,1899,-71
39087,2010,1911,1805,106
39089,1990,6526,5515,1011
39089,1991,6205,5634,571
39089,1992,6461,5509,952
39089,1993,6713,5904,809
39089,1994,6810,5931,879
39089,1995,5918,5459,459
39089,1996,6841,6070,771
39089,1997,6279,5772,507
39089,1998,6692,6017,675
39089,1999,6771,6041,730
39089,2000,6472,5948,524
39089,2001,6500,5931,569
39089,2002,7002,5851,1151
39089,2003,6764,5717,1047
39089,2004,7707,6511,1196
39089,2005,7637,6813,824
39089,2006,6959,6236,723
39089,2007,7067,6704,363
39089,2008,6627,6342,285
39089,2009,6423,6059,364
39089,2010,6518,6417,101
39091,1990,1998,1582,416
39091,1991,2085,1802,283
39091,1992,2016,1712,304
39091,1993,1887,1869,18
39091,1994,2153,1897,256
39091,1995,2099,1885,214
39091,1996,2174,1955,219
39091,1997,2152,1952,200
39091,1998,2171,1981,190
39091,1999,1927,2089,-162
39091,2000,2027,2141,-114
39091,2001,2026,1965,61
39091,2002,2009,2029,-20
39091,2003,1951,2025,-74
39091,2004,1872,2017,-145
39091,2005,1988,2235,-247
39091,2006,1944,1835,109
39091,2007,1918,2058,-140
39091,2008,1812,1964,-152
39091,2009,1542,1680,-138
39091,2010,1661,1764,-103
39093,1990,8937,9299,-362
39093,1991,8732,8877,-145
39093,1992,8633,9012,-379
39093,1993,8888,9297,-409
39093,1994,9154,9312,-158
39093,1995,8649,9064,-415
39093,1996,8963,9353,-390
39093,1997,8862,10241,-1379
39093,1998,9917,10638,-721
39093,1999,10055,9624,431
39093,2000,9448,9689,-241
39093,2001,10146,9709,437
39093,2002,10261,8536,1725
39093,2003,10639,9391,1248
39093,2004,10989,9612,1377
39093,2005,10707,10130,577
39093,2006,10135,9467,668
39093,2007,10089,9496,593
39093,2008,9153,8916,237
39093,2009,8905,8786,119
39093,2010,8560,8784,-224
39095,1990,12956,16934,-3978
39095,1991,12314,15846,-3532
39095,1992,12402,16357,-3955
39095,1993,12574,16205,-3631
39095,1994,12707,17005,-4298
39095,1995,13077,16106,-3029
39095,1996,13619,16056,-2437
39095,1997,12986,16206,-3220
39095,1998,13298,16634,-3336
39095,1999,13571,16416,-2845
39095,2000,13605,15909,-2304
39095,2001,12816,15852,-3036
39095,2002,12870,15359,-2489
39095,2003,11717,15534,-3817
39095,2004,12123,15746,-3623
39095,2005,12122,15806,-3684
39095,2006,11214,15000,-3786
39095,2007,11337,14995,-3658
39095,2008,11385,14150,-2765
39095,2009,10351,13371,-3020
39095,2010,10262,13526,-3264
39097,1990,2311,2175,136
39097,1991,2331,1991,340
39097,1992,2447,2045,402
39097,1993,2492,2130,362
39097,1994,2497,2185,312
39097,1995,2257,2276,-19
39097,1996,2290,2220,70
39097,1997,2270,2235,35
39097,1998,2276,2216,60
39097,1999,2061,2234,-173
39097,2000,2007,2219,-212
39097,2001,2287,2297,-10
39097,2002,2183,2142,41
39097,2003,2147,1982,165
39097,2004,2474,2275,199
39097,2005,2369,2221,148
39097,2006,2237,2005,232
39097,2007,2294,2288,6
39097,2008,2179,2142,37
39097,2009,2035,1995,40
39097,2010,1996,2014,-18
39099,1990,7152,7855,-703
39099,1991,7119,7185,-66
39099,1992,7158,7559,-401
39099,1993,6731,7613,-882
39099,1994,6753,8262,-1509
39099,1995,6682,7480,-798
39099,1996,6652,8026,-1374
39099,1997,6671,8028,-1357
39099,1998,6546,8250,-1704
39099,1999,6650,8360,-1710
39099,2000,6708,8094,-1386
39099,2001,6526,8188,-1662
39099,2002,6515,7212,-697
39099,2003,6395,7351,-956
39099,2004,6446,7724,-1278
39099,2005,6732,7841,-1109
39099,2006,6139,8005,-1866
39099,2007,6466,7878,-1412
39099,2008,6389,7404,-1015
39099,2009,5923,6971,-1048
39099,2010,6417,6579,-162
39101,1990,2212,2534,-322
39101,1991,2212,2270,-58
39101,1992,2116,2340,-224
39101,1993,2177,2174,3
39101,1994,2346,2351,-5
39101,1995,2300,2524,-224
39101,1996,2197,2572,-375
39101,1997,2210,2727,-517
39101,1998,2191,2587,-396
39101,1999,2068,2550,-482
39101,2000,2216,2480,-264
39101,2001,2242,2402,-160
39101,2002,2153,2166,-13
39101,2003,1983,2247,-264
39101,2004,2003,2222,-219
39101,2005,1984,2278,-294
39101,2006,1884,2203,-319
39101,2007,2210,2205,5
39101,2008,2006,2285,-279
39101,2009,1944,2036,-92
39101,2010,1943,2221,-278
39103,1990,7634,6203,1431
39103,1991,7512,5830,1682
39103,1992,7558,6043,1515
39103,1993,7817,6295,1522
39103,1994,8203,6351,1852
39103,1995,8171,6308,1863
39103,1996,8603,6843,1760
39103,1997,8328,6953,1375
39103,1998,9268,6784,2484
39103,1999,8801,7176,1625
39103,2000,8737,7059,1678
39103,2001,9315,7005,2310
39103,2002,8982,7003,1979
39103,2003,9157,7251,1906
39103,2004,8950,7696,1254
39103,2005,9000,7757,1243
39103,2006,8152,7386,766
39103,2007,7973,7027,946
39103,2008,7668,6611,1057
39103,2009,6961,6459,502
39103,2010,7000,6561,439
39105,1990,864,774,90
39105,1991,850,719,131
39105,1992,945,688,257
39105,1993,966,716,250
39105,1994,1116,802,314
39105,1995,676,697,-21
39105,1996,699,679,20
39105,1997,623,638,-15
39105,1998,706,652,54
39105,1999,717,813,-96
39105,2000,683,723,-40
39105,2001,789,698,91
39105,2002,714,687,27
39105,2003,729,787,-58
39105,2004,806,758,48
39105,2005,784,805,-21
39105,2006,765,750,15
39105,2007,792,802,-10
39105,2008,816,662,154
39105,2009,664,671,-7
39105,2010,675,681,-6
39107,1990,1063,1259,-196
39107,1991,1056,1162,-106
39107,1992,1087,1147,-60
39107,1993,1180,1103,77
39107,1994,1326,1159,167
39107,1995,1232,1322,-90
39107,1996,1219,1322,-103
39107,1997,1248,1288,-40
39107,1998,1136,1382,-246
39107,1999,1205,1413,-208
39107,2000,1230,1513,-283
39107,2001,1192,1296,-104
39107,2002,1265,1349,-84
39107,2003,1188,1319,-131
39107,2004,1218,1315,-97
39107,2005,1258,1338,-80
39107,2006,1150,1266,-116
39107,2007,1112,1253,-141
39107,2008,1105,1367,-262
39107,2009,1017,1212,-195
39107,2010,980,1139,-159
39109,1990,4634,4378,256
39109,1991,4577,4323,254
39109,1992,4635,4392,243
39109,1993,4729,4473,256
39109,1994,4567,4561,6
39109,1995,4292,4308,-16
39109,1996,4720,4468,252
39109,1997,4672,4600,72
39109,1998,4778,4693,85
39109,1999,4677,4641,36
39109,2000,4530,4600,-70
39109,2001,4288,4347,-59
39109,2002,4571,4432,139
39109,2003,4438,4194,244
39109,2004,4550,4230,320
39109,2005,4694,4726,-32
39109,2006,4309,4570,-261
39109,2007,4421,4441,-20
39109,2008,4163,4426,-263
39109,2009,3802,4125,-323
39109,2010,4204,3900,304
39111,1990,434,538,-104
39111,1991,423,478,-55
39111,1992,472,600,-128
39111,1993,458,510,-52
39111,1994,555,531,24
39111,1995,594,550,44
39111,1996,534,535,-1
39111,1997,613,542,71
39111,1998,620,558,62
39111,1999,576,576,0
39111,2000,534,548,-14
39111,2001,541,619,-78
39111,2002,555,572,-17
39111,2003,607,559,48
39111,2004,394,518,-124
39111,2005,444,527,-83
39111,2006,435,499,-64
39111,2007,502,463,39
39111,2008,467,516,-49
39111,2009,405,481,-76
39111,2010,496,436,60
39113,1990,23052,25707,-2655
39113,1991,23041,25225,-2184
39113,1992,22481,26855,-4374
39113,1993,21019,27295,-6276
39113,1994,22070,26579,-4509
39113,1995,21562,25315,-3753
39113,1996,21548,27179,-5631
39113,1997,20722,25323,-4601
39113,1998,20561,26186,-5625
39113,1999,20492,25190,-4698
39113,2000,20064,24666,-4602
39113,2001,19963,23793,-3830
39113,2002,19878,22610,-2732
39113,2003,18988,22485,-3497
39113,2004,19112,22662,-3550
39113,2005,18853,23179,-4326
39113,2006,18624,22539,-3915
39113,2007,18269,22636,-4367
39113,2008,18394,21046,-2652
39113,2009,18312,19778,-1466
39113,2010,18577,20478,-1901
39115,1990,462,485,-23
39115,1991,484,393,91
39115,1992,483,421,62
39115,1993,444,363,81
39115,1994,541,446,95
39115,1995,765,830,-65
39115,1996,775,804,-29
39115,1997,757,751,6
39115,1998,777,805,-28
39115,1999,814,770,44
39115,2000,710,698,12
39115,2001,704,730,-26
39115,2002,805,757,48
39115,2003,870,776,94
39115,2004,631,675,-44
39115,2005,522,596,-74
39115,2006,492,536,-44
39115,2007,493,598,-105
39115,2008,482,464,18
39115,2009,461,451,10
39115,2010,482,469,13
39117,1990,1541,1447,94
39117,1991,1611,1450,161
39117,1992,1654,1430,224
39117,1993,1530,1332,198
39117,1994,1733,1398,335
39117,1995,1530,1368,162
39117,1996,1727,1449,278
39117,1997,1657,1481,176
39117,1998,1863,1509,354
39117,1999,1738,1375,363
39117,2000,1891,1465,426
39117,2001,1848,1655,193
39117,2002,2012,1662,350
39117,2003,1950,1605,345
39117,2004,1839,1715,124
39117,2005,1738,1619,119
39117,2006,1856,1563,293
39117,2007,1590,1620,-30
39117,2008,1695,1646,49
39117,2009,1481,1561,-80
39117,2010,1507,1535,-28
39119,1990,2541,2667,-126
39119,1991,2601,2587,14
39119,1992,2604,2591,13
39119,1993,2800,2546,254
39119,1994,2811,2560,251
39119,1995,2582,2674,-92
39119,1996,2766,2916,-150
39119,1997,2652,2738,-86
39119,1998,2796,2880,-84
39119,1999,2801,2745,56
39119,2000,2690,2791,-101
39119,2001,2744,2725,19
39119,2002,2495,2557,-62
39119,2003,2568,2578,-10
39119,2004,2478,2563,-85
39119,2005,2690,2562,128
39119,2006,2369,2656,-287
39119,2007,2362,2764,-402
39119,2008,2480,2685,-205
39119,2009,2482,2289,193
39119,2010,2309,2377,-68
39121,1990,531,343,188
39121,1991,447,424,23
39121,1992,549,448,101
39121,1993,504,481,23
39121,1994,574,433,141
39121,1995,429,390,39
39121,1996,509,354,155
39121,1997,437,414,23
39121,1998,393,355,38
39121,1999,388,315,73
39121,2000,331,397,-66
39121,2001,374,359,15
39121,2002,360,303,57
39121,2003,356,379,-23
39121,2004,387,415,-28
39121,2005,517,407,110
39121,2006,429,478,-49
39121,2007,414,415,-1
39121,2008,419,413,6
39121,2009,464,418,46
39121,2010,411,370,41
39123,1990,1870,1918,-48
39123,1991,1747,1788,-41
39123,1992,1812,1774,38
39123,1993,1899,1839,60
39123,1994,1990,1722,268
39123,1995,1798,1768,30
39123,1996,1807,1723,84
39123,1997,1935,1758,177
39123,1998,1919,1768,151
39123,1999,1892,1915,-23
39123,2000,1837,1773,64
39123,2001,1864,1803,61
39123,2002,1995,1780,215
39123,2003,1918,1824,94
39123,2004,1899,1821,78
39123,2005,1913,1945,-32
39123,2006,1820,1822,-2
39123,2007,1716,1932,-216
39123,2008,1748,1682,66
39123,2009,1664,1642,22
39123,2010,1696,1625,71
39125,1990,658,895,-237
39125,1991,714,980,-266
39125,1992,810,825,-15
39125,1993,732,862,-130
39125,1994,780,821,-41
39125,1995,807,766,41
39125,1996,813,834,-21
39125,1997,686,867,-181
39125,1998,711,808,-97
39125,1999,689,895,-206
39125,2000,662,820,-158
39125,2001,628,820,-192
39125,2002,685,883,-198
39125,2003,650,861,-211
39125,2004,764,830,-66
39125,2005,771,902,-131
39125,2006,598,742,-144
39125,2007,671,834,-163
39125,2008,728,777,-49
39125,2009,636,719,-83
39125,2010,633,796,-163
39127,1990,1304,1292,12
39127,1991,1486,1242,244
39127,1992,1491,1209,282
39127,1993,1490,1294,196
39127,1994,1533,1399,134
39127,1995,1234,1049,185
39127,1996,1314,1211,103
39127,1997,1207,1306,-99
39127,1998,1152,1251,-99
39127,1999,1252,1217,35
39127,2000,1213,1209,4
39127,2001,1217,1188,29
39127,2002,1366,1180,186
39127,2003,1238,1224,14
39127,2004,1555,1560,-5
39127,2005,1588,1501,87
39127,2006,1405,1408,-3
39127,2007,1701,1413,288
39127,2008,1365,1485,-120
39127,2009,1406,1397,9
39127,2010,1353,1226,127
39129,1990,2688,2603,85
39129,1991,2597,2295,302
39129,1992,2685,2472,213
39129,1993,2785,2511,274
39129,1994,2771,2519,252
39129,1995,2731,2630,101
39129,1996,2603,2422,181
39129,1997,2671,2428,243
39129,1998,2624,2659,-35
39129,1999,2671,2527,144
39129,2000,2561,2691,-130
39129,2001,2729,2449,280
39129,2002,2591,2684,-93
39129,2003,2675,2394,281
39129,2004,2955,2338,617
39129,2005,3166,2564,602
39129,2006,2921,2431,490
39129,2007,2938,2693,245
39129,2008,2778,2626,152
39129,2009,2639,2335,304
39129,2010,2467,2344,123
39131,1990,1161,1007,154
39131,1991,1311,945,366
39131,1992,1359,1006,353
39131,1993,1503,986,517
39131,1994,1804,1145,659
39131,1995,1491,1230,261
39131,1996,1683,1295,388
39131,1997,1714,1572,142
39131,1998,1877,1721,156
39131,1999,1874,1655,219
39131,2000,1693,1703,-10
39131,2001,1817,1634,183
39131,2002,1756,1585,171
39131,2003,1728,1730,-2
39131,2004,998,1214,-216
39131,2005,1135,1009,126
39131,2006,980,1070,-90
39131,2007,1141,991,150
39131,2008,1036,1132,-96
39131,2009,1090,1056,34
39131,2010,965,1067,-102
39133,1990,7309,6876,433
39133,1991,7437,6838,599
39133,1992,7361,6898,463
39133,1993,7410,7022,388
39133,1994,7728,7226,502
39133,1995,7253,6783,470
39133,1996,7092,6984,108
39133,1997,7224,7196,28
39133,1998,7647,7562,85
39133,1999,7687,7419,268
39133,2000,7434,7498,-64
39133,2001,7643,7470,173
39133,2002,7518,7128,390
39133,2003,7420,7316,104
39133,2004,7211,7306,-95
39133,2005,7449,7777,-328
39133,2006,7569,7169,400
39133,2007,7406,7208,198
39133,2008,6920,6718,202
39133,2009,6210,6778,-568
39133,2010,6567,6907,-340
39135,1990,2127,1996,131
39135,1991,1994,1818,176
39135,1992,2037,1884,153
39135,1993,2081,1936,145
39135,1994,2133,1786,347
39135,1995,1909,1672,237
39135,1996,1946,1815,131
39135,1997,1897,1900,-3
39135,1998,1755,1607,148
39135,1999,1728,1799,-71
39135,2000,1762,1800,-38
39135,2001,1800,1734,66
39135,2002,1610,1696,-86
39135,2003,1595,1654,-59
39135,2004,1825,1863,-38
39135,2005,1878,1918,-40
39135,2006,1743,1922,-179
39135,2007,1785,1641,144
39135,2008,1537,1765,-228
39135,2009,1515,1612,-97
39135,2010,1426,1587,-161
39137,1990,1041,1018,23
39137,1991,971,1072,-101
39137,1992,938,1178,-240
39137,1993,997,1048,-51
39137,1994,1062,1087,-25
39137,1995,912,1040,-128
39137,1996,905,1176,-271
39137,1997,1013,1038,-25
39137,1998,870,1144,-274
39137,1999,954,999,-45
39137,2000,884,1078,-194
39137,2001,962,1207,-245
39137,2002,965,1017,-52
39137,2003,882,1154,-272
39137,2004,986,1041,-55
39137,2005,907,1117,-210
39137,2006,941,1088,-147
39137,2007,898,1146,-248
39137,2008,849,1130,-281
39137,2009,837,1093,-256
39137,2010,909,1059,-150
39139,1990,4165,4635,-470
39139,1991,3865,4463,-598
39139,1992,3878,4369,-491
39139,1993,4137,4270,-133
39139,1994,4274,4477,-203
39139,1995,3988,4180,-192
39139,1996,4279,4736,-457
39139,1997,4050,4788,-738
39139,1998,4210,4704,-494
39139,1999,3867,4400,-533
39139,2000,3732,4443,-711
39139,2001,4026,4431,-405
39139,2002,3830,4279,-449
39139,2003,3758,4134,-376
39139,2004,3795,4265,-470
39139,2005,3792,4596,-804
39139,2006,3572,4358,-786
39139,2007,3513,4531,-1018
39139,2008,3500,4065,-565
39139,2009,3311,4252,-941
39139,2010,3414,3958,-544
39141,1990,2679,2229,450
39141,1991,2454,2252,202
39141,1992,2720,2196,524
39141,1993,2690,2270,420
39141,1994,2907,2372,535
39141,1995,2426,2083,343
39141,1996,2683,2280,403
39141,1997,2458,2362,96
39141,1998,2509,2466,43
39141,1999,2543,2536,7
39141,2000,2611,2385,226
39141,2001,2553,2347,206
39141,2002,2352,2418,-66
39141,2003,2240,2296,-56
39141,2004,2608,2491,117
39141,2005,2603,2508,95
39141,2006,2634,2466,168
39141,2007,2513,2547,-34
39141,2008,2329,2445,-116
39141,2009,2197,2267,-70
39141,2010,2273,2310,-37
39143,1990,2284,2195,89
39143,1991,2198,2328,-130
39143,1992,2004,2336,-332
39143,1993,2045,2255,-210
39143,1994,2331,2401,-70
39143,1995,2085,2300,-215
39143,1996,2027,2507,-480
39143,1997,1980,2422,-442
39143,1998,1986,2361,-375
39143,1999,2145,2249,-104
39143,2000,2059,2318,-259
39143,2001,2198,2355,-157
39143,2002,1954,2302,-348
39143,2003,2137,2168,-31
39143,2004,2026,2299,-273
39143,2005,2107,2277,-170
39143,2006,2072,2426,-354
39143,2007,1989,2470,-481
39143,2008,1906,2199,-293
39143,2009,1842,2035,-193
39143,2010,1826,2103,-277
39145,1990,2270,1998,272
39145,1991,2294,2004,290
39145,1992,2233,2033,200
39145,1993,1907,2011,-104
39145,1994,2049,2149,-100
39145,1995,1993,2154,-161
39145,1996,2166,2335,-169
39145,1997,2070,2428,-358
39145,1998,2110,2424,-314
39145,1999,2099,2521,-422
39145,2000,1889,2332,-443
39145,2001,2008,2317,-309
39145,2002,1844,2226,-382
39145,2003,1862,2234,-372
39145,2004,1848,1964,-116
39145,2005,1844,1988,-144
39145,2006,1781,1890,-109
39145,2007,1877,1861,16
39145,2008,2001,2010,-9
39145,2009,1980,1801,179
39145,2010,1831,1912,-81
39147,1990,1823,2247,-424
39147,1991,1904,2087,-183
39147,1992,1991,1993,-2
39147,1993,1982,2091,-109
39147,1994,1929,2200,-271
39147,1995,1883,1987,-104
39147,1996,1830,2130,-300
39147,1997,1800,2143,-343
39147,1998,1710,2092,-382
39147,1999,1802,2211,-409
39147,2000,1766,2120,-354
39147,2001,1826,2264,-438
39147,2002,1806,2075,-269
39147,2003,1796,2116,-320
39147,2004,1774,2251,-477
39147,2005,1927,2272,-345
39147,2006,1966,2193,-227
39147,2007,1813,2185,-372
39147,2008,1667,2102,-435
39147,2009,1727,2092,-365
39147,2010,1776,1922,-146
39149,1990,1756,1626,130
39149,1991,1613,1830,-217
39149,1992,1740,1716,24
39149,1993,1809,1886,-77
39149,1994,1929,1894,35
39149,1995,1776,2059,-283
39149,1996,1844,1877,-33
39149,1997,1800,1926,-126
39149,1998,1911,1931,-20
39149,1999,1776,1898,-122
39149,2000,1811,1846,-35
39149,2001,1752,1956,-204
39149,2002,1736,1891,-155
39149,2003,1597,1946,-349
39149,2004,1850,1981,-131
39149,2005,1799,2008,-209
39149,2006,1787,1935,-148
39149,2007,1839,1962,-123
39149,2008,1705,1873,-168
39149,2009,1460,1863,-403
39149,2010,1660,1956,-296
39151,1990,11208,11274,-66
39151,1991,10808,10599,209
39151,1992,11033,10708,325
39151,1993,10838,11258,-420
39151,1994,11393,11710,-317
39151,1995,10306,10829,-523
39151,1996,10374,11692,-1318
39151,1997,9970,11411,-1441
39151,1998,10760,11284,-524
39151,1999,10085,11342,-1257
39151,2000,10309,11411,-1102
39151,2001,9993,10986,-993
39151,2002,9633,10587,-954
39151,2003,9932,10555,-623
39151,2004,10109,10927,-818
39151,2005,10521,11049,-528
39151,2006,10001,10425,-424
39151,2007,10021,10594,-573
39151,2008,8990,10480,-1490
39151,2009,8885,9907,-1022
39151,2010,9100,9768,-668
39153,1990,18812,18312,500
39153,1991,18437,18236,201
39153,1992,19114,19037,77
39153,1993,18931,18777,154
39153,1994,19270,19680,-410
39153,1995,18886,18385,501
39153,1996,19034,19082,-48
39153,1997,18738,19616,-878
39153,1998,19172,19952,-780
39153,1999,19307,19631,-324
39153,2000,18825,19875,-1050
39153,2001,18440,19733,-1293
39153,2002,17511,18929,-1418
39153,2003,17837,19244,-1407
39153,2004,18428,19767,-1339
39153,2005,18914,20430,-1516
39153,2006,17369,19579,-2210
39153,2007,17267,19582,-2315
39153,2008,16121,18117,-1996
39153,2009,15820,17427,-1607
39153,2010,15448,17427,-1979
39155,1990,6677,6815,-138
39155,1991,6306,6560,-254
39155,1992,6172,6808,-636
39155,1993,5738,6939,-1201
39155,1994,6289,7307,-1018
39155,1995,5862,6460,-598
39155,1996,5673,6685,-1012
39155,1997,5873,6803,-930
39155,1998,5719,6768,-1049
39155,1999,5896,7070,-1174
39155,2000,5888,6803,-915
39155,2001,5814,6843,-1029
39155,2002,5533,6633,-1100
39155,2003,5338,6280,-942
39155,2004,5511,6719,-1208
39155,2005,5575,6811,-1236
39155,2006,5220,6761,-1541
39155,2007,5437,6871,-1434
39155,2008,5528,6274,-746
39155,2009,5241,5963,-722
39155,2010,5517,5734,-217
39157,1990,2751,2416,335
39157,1991,2696,2396,300
39157,1992,2611,2426,185
39157,1993,2791,2369,422
39157,1994,2827,2598,229
39157,1995,2942,2695,247
39157,1996,2885,2882,3
39157,1997,2962,2701,261
39157,1998,2957,2969,-12
39157,1999,2841,2670,171
39157,2000,2831,2946,-115
39157,2001,2884,2785,99
39157,2002,2555,2678,-123
39157,2003,2798,2736,62
39157,2004,2701,3088,-387
39157,2005,2889,3170,-281
39157,2006,2875,2813,62
39157,2007,2765,2870,-105
39157,2008,2584,2727,-143
39157,2009,2468,2672,-204
39157,2010,2524,2689,-165
39159,1990,2020,1666,354
39159,1991,2202,1700,502
39159,1992,2418,1808,610
39159,1993,2443,1870,573
39159,1994,2556,1861,695
39159,1995,2276,1747,529
39159,1996,2461,1836,625
39159,1997,2316,1804,512
39159,1998,2238,1788,450
39159,1999,2382,1781,601
39159,2000,2470,1762,708
39159,2001,2191,2091,100
39159,2002,2330,1952,378
39159,2003,2277,1956,321
39159,2004,2876,2330,546
39159,2005,3095,2400,695
39159,2006,2767,2360,407
39159,2007,3027,2725,302
39159,2008,2641,2407,234
39159,2009,2286,2330,-44
39159,2010,2434,2301,133
39161,1990,1103,1219,-116
39161,1991,1000,1130,-130
39161,1992,991,1174,-183
39161,1993,1032,1037,-5
39161,1994,984,1060,-76
39161,1995,1011,1068,-57
39161,1996,1013,1023,-10
39161,1997,889,1115,-226
39161,1998,1052,1086,-34
39161,1999,951,1125,-174
39161,2000,840,1033,-193
39161,2001,842,967,-125
39161,2002,917,980,-63
39161,2003,863,928,-65
39161,2004,884,1024,-140
39161,2005,1019,1050,-31
39161,2006,770,996,-226
39161,2007,866,1062,-196
39161,2008,835,1114,-279
39161,2009,773,994,-221
39161,2010,868,953,-85
39163,1990,423,375,48
39163,1991,499,402,97
39163,1992,577,417,160
39163,1993,487,432,55
39163,1994,516,398,118
39163,1995,575,537,38
39163,1996,518,597,-79
39163,1997,498,421,77
39163,1998,601,493,108
39163,1999,526,540,-14
39163,2000,591,499,92
39163,2001,571,519,52
39163,2002,508,460,48
39163,2003,485,479,6
39163,2004,630,609,21
39163,2005,659,582,77
39163,2006,620,622,-2
39163,2007,560,672,-112
39163,2008,574,563,11
39163,2009,513,573,-60
39163,2010,518,554,-36
39165,1990,8396,7389,1007
39165,1991,8425,7086,1339
39165,1992,9969,7502,2467
39165,1993,10448,7992,2456
39165,1994,10610,7929,2681
39165,1995,9616,7218,2398
39165,1996,11062,7964,3098
39165,1997,11744,7944,3800
39165,1998,13555,8455,5100
39165,1999,14291,8355,5936
39165,2000,13341,9071,4270
39165,2001,14498,9338,5160
39165,2002,14424,9514,4910
39165,2003,14720,10092,4628
39165,2004,15477,10610,4867
39165,2005,14957,12008,2949
39165,2006,14131,11314,2817
39165,2007,13408,11423,1985
39165,2008,12297,10962,1335
39165,2009,11729,10829,900
39165,2010,11833,11315,518
39167,1990,2290,2454,-164
39167,1991,2374,2143,231
39167,1992,2465,2141,324
39167,1993,2380,2229,151
39167,1994,2253,2292,-39
39167,1995,2277,2225,52
39167,1996,2271,2526,-255
39167,1997,2278,2602,-324
39167,1998,2116,2453,-337
39167,1999,2279,2530,-251
39167,2000,2092,2407,-315
39167,2001,2274,2408,-134
39167,2002,2197,2218,-21
39167,2003,2219,2202,17
39167,2004,2003,2403,-400
39167,2005,2007,2279,-272
39167,2006,1999,2171,-172
39167,2007,2019,2245,-226
39167,2008,1940,2057,-117
39167,2009,1761,1936,-175
39167,2010,1799,1829,-30
39169,1990,4228,4218,10
39169,1991,4448,4125,323
39169,1992,4588,4084,504
39169,1993,4468,3972,496
39169,1994,4858,4084,774
39169,1995,4225,3712,513
39169,1996,4418,4287,131
39169,1997,4274,4332,-58
39169,1998,4259,4122,137
39169,1999,4142,4344,-202
39169,2000,4106,4346,-240
39169,2001,4122,4288,-166
39169,2002,3922,4316,-394
39169,2003,3879,4280,-401
39169,2004,4092,4276,-184
39169,2005,4020,4188,-168
39169,2006,3765,4220,-455
39169,2007,4009,4107,-98
39169,2008,3538,3991,-453
39169,2009,3306,3848,-542
39169,2010,3359,3722,-363
39171,1990,1274,1470,-196
39171,1991,1396,1370,26
39171,1992,1307,1343,-36
39171,1993,1450,1323,127
39171,1994,1701,1408,293
39171,1995,1497,1624,-127
39171,1996,1470,1623,-153
39171,1997,1436,1558,-122
39171,1998,1428,1629,-201
39171,1999,1575,1662,-87
39171,2000,1371,1532,-161
39171,2001,1362,1557,-195
39171,2002,1287,1523,-236
39171,2003,1349,1433,-84
39171,2004,1346,1563,-217
39171,2005,1423,1560,-137
39171,2006,1374,1473,-99
39171,2007,1205,1480,-275
39171,2008,1169,1531,-362
39171,2009,1094,1381,-287
39171,2010,1228,1196,32
39173,1990,6093,6476,-383
39173,1991,6121,6042,79
39173,1992,6298,6089,209
39173,1993,6714,6058,656
39173,1994,6987,6268,719
39173,1995,6586,6389,197
39173,1996,6932,6294,638
39173,1997,6477,6389,88
39173,1998,7098,6898,200
39173,1999,6674,6860,-186
39173,2000,6775,6648,127
39173,2001,6319,6568,-249
39173,2002,6739,6520,219
39173,2003,6782,6571,211
39173,2004,6747,6716,31
39173,2005,6772,6941,-169
39173,2006,6659,6669,-10
39173,2007,6657,6813,-156
39173,2008,6416,6829,-413
39173,2009,5903,6241,-338
39173,2010,6290,6151,139
39175,1990,818,860,-42
39175,1991,787,837,-50
39175,1992,801,790,11
39175,1993,882,861,21
39175,1994,831,877,-46
39175,1995,824,817,7
39175,1996,839,959,-120
39175,1997,858,793,65
39175,1998,900,881,19
39175,1999,882,919,-37
39175,2000,778,940,-162
39175,2001,895,947,-52
39175,2002,937,967,-30
39175,2003,917,909,8
39175,2004,974,1078,-104
39175,2005,929,1048,-119
39175,2006,959,1020,-61
39175,2007,976,1023,-47
39175,2008,915,922,-7
39175,2009,801,885,-84
39175,2010,823,792,31
40001,1990,1043,873,170
40001,1991,1075,952,123
40001,1992,1036,899,137
40001,1993,1107,942,165
40001,1994,1058,1058,0
40001,1995,1065,1010,55
40001,1996,1047,1018,29
40001,1997,1069,927,142
40001,1998,1077,1083,-6
40001,1999,1063,1066,-3
40001,2000,1089,1085,4
40001,2001,1041,1045,-4
40001,2002,1079,960,119
40001,2003,1003,993,10
40001,2004,888,812,76
40001,2005,1066,886,180
40001,2006,937,987,-50
40001,2007,951,1015,-64
40001,2008,975,963,12
40001,2009,958,908,50
40001,2010,889,1026,-137
40003,1990,281,273,8
40003,1991,260,292,-32
40003,1992,285,290,-5
40003,1993,268,291,-23
40003,1994,265,314,-49
40003,1995,268,249,19
40003,1996,234,276,-42
40003,1997,306,321,-15
40003,1998,254,341,-87
40003,1999,259,280,-21
40003,2000,259,317,-58
40003,2001,258,275,-17
40003,2002,241,260,-19
40003,2003,276,266,10
40003,2004,233,314,-81
40003,2005,213,242,-29
40003,2006,215,259,-44
40003,2007,278,249,29
40003,2008,247,258,-11
40003,2009,300,236,64
40003,2010,274,229,45
40005,1990,543,547,-4
40005,1991,639,446,193
40005,1992,539,527,12
40005,1993,584,506,78
40005,1994,643,532,111
40005,1995,553,549,4
40005,1996,611,504,107
40005,1997,535,619,-84
40005,1998,577,546,31
40005,1999,556,601,-45
40005,2000,649,579,70
40005,2001,660,542,118
40005,2002,717,568,149
40005,2003,672,583,89
40005,2004,721,573,148
40005,2005,644,620,24
40005,2006,625,538,87
40005,2007,770,592,178
40005,2008,664,701,-37
40005,2009,621,627,-6
40005,2010,664,679,-15
40007,1990,438,468,-30
40007,1991,395,490,-95
40007,1992,453,497,-44
40007,1993,382,408,-26
40007,1994,390,398,-8
40007,1995,394,398,-4
40007,1996,429,454,-25
40007,1997,432,357,75
40007,1998,374,427,-53
40007,1999,274,471,-197
40007,2000,314,415,-101
40007,2001,329,407,-78
40007,2002,327,345,-18
40007,2003,361,419,-58
40007,2004,307,355,-48
40007,2005,298,347,-49
40007,2006,385,318,67
40007,2007,297,391,-94
40007,2008,385,389,-4
40007,2009,373,323,50
40007,2010,326,341,-15
40009,1990,1194,1259,-65
40009,1991,990,1174,-184
40009,1992,979,1124,-145
40009,1993,1179,1009,170
40009,1994,988,943,45
40009,1995,970,1043,-73
40009,1996,1091,1087,4
40009,1997,1156,994,162
40009,1998,975,1102,-127
40009,1999,905,1058,-153
40009,2000,1122,1007,115
40009,2001,1104,1072,32
40009,2002,990,1107,-117
40009,2003,989,969,20
40009,2004,1324,937,387
40009,2005,1354,982,372
40009,2006,1351,1147,204
40009,2007,1407,1279,128
40009,2008,1383,1228,155
40009,2009,1074,1449,-375
40009,2010,1300,1196,104
40011,1990,585,600,-15
40011,1991,506,757,-251
40011,1992,538,671,-133
40011,1993,518,574,-56
40011,1994,500,586,-86
40011,1995,446,621,-175
40011,1996,565,653,-88
40011,1997,547,701,-154
40011,1998,573,692,-119
40011,1999,602,660,-58
40011,2000,630,695,-65
40011,2001,589,650,-61
40011,2002,551,585,-34
40011,2003,565,566,-1
40011,2004,501,539,-38
40011,2005,473,595,-122
40011,2006,544,563,-19
40011,2007,599,509,90
40011,2008,544,605,-61
40011,2009,581,508,73
40011,2010,471,634,-163
40013,1990,1715,1712,3
40013,1991,1912,1713,199
40013,1992,1955,1488,467
40013,1993,1702,1597,105
40013,1994,1892,1631,261
40013,1995,1811,1669,142
40013,1996,1905,1644,261
40013,1997,1806,1539,267
40013,1998,1779,1682,97
40013,1999,1890,1744,146
40013,2000,1710,1837,-127
40013,2001,1921,1736,185
40013,2002,1862,1694,168
40013,2003,1995,1619,376
40013,2004,1862,1727,135
40013,2005,2141,1726,415
40013,2006,2012,1703,309
40013,2007,2145,1847,298
40013,2008,2150,1984,166
40013,2009,2041,1747,294
40013,2010,2009,1797,212
40015,1990,1298,1587,-289
40015,1991,1490,1356,134
40015,1992,1309,1334,-25
40015,1993,1460,1296,164
40015,1994,1528,1299,229
40015,1995,1508,1640,-132
40015,1996,1556,1532,24
40015,1997,1494,1530,-36
40015,1998,1426,1655,-229
40015,1999,1441,1619,-178
40015,2000,1566,1743,-177
40015,2001,1507,1624,-117
40015,2002,1405,1368,37
40015,2003,1471,1449,22
40015,2004,1288,1377,-89
40015,2005,1362,1407,-45
40015,2006,1170,1410,-240
40015,2007,1376,1382,-6
40015,2008,1393,1439,-46
40015,2009,1374,1260,114
40015,2010,1243,1278,-35
40017,1990,5451,4973,478
40017,1991,5482,5026,456
40017,1992,5473,4735,738
40017,1993,5527,4932,595
40017,1994,5308,4713,595
40017,1995,6275,5257,1018
40017,1996,6251,5591,660
40017,1997,5932,5610,322
40017,1998,6674,6198,476
40017,1999,7150,5891,1259
40017,2000,6022,5406,616
40017,2001,6627,5518,1109
40017,2002,6665,5438,1227
40017,2003,7440,5670,1770
40017,2004,7754,5583,2171
40017,2005,8161,6212,1949
40017,2006,8390,5791,2599
40017,2007,8208,6352,1856
40017,2008,8061,6061,2000
40017,2009,8095,6341,1754
40017,2010,8183,6195,1988
40019,1990,2133,2302,-169
40019,1991,2145,1929,216
40019,1992,2283,2029,254
40019,1993,2168,2131,37
40019,1994,2252,1996,256
40019,1995,1966,1950,16
40019,1996,2067,2107,-40
40019,1997,2067,2173,-106
40019,1998,2131,2132,-1
40019,1999,1991,2243,-252
40019,2000,2156,2154,2
40019,2001,2225,1995,230
40019,2002,2141,2007,134
40019,2003,2095,1809,286
40019,2004,2083,1989,94
40019,2005,2347,2077,270
40019,2006,2222,2125,97
40019,2007,2369,2055,314
40019,2008,2350,2001,349
40019,2009,2065,1946,119
40019,2010,2105,1896,209
40021,1990,2063,1626,437
40021,1991,2173,1822,351
40021,1992,1916,1829,87
40021,1993,2061,1865,196
40021,1994,2305,1803,502
40021,1995,2227,1895,332
40021,1996,2242,1900,342
40021,1997,2152,1869,283
40021,1998,2264,2008,256
40021,1999,2183,2029,154
40021,2000,1918,2085,-167
40021,2001,2123,2025,98
40021,2002,2108,1985,123
40021,2003,2026,2002,24
40021,2004,2137,2033,104
40021,2005,2302,2076,226
40021,2006,2144,2142,2
40021,2007,2204,2067,137
40021,2008,2298,2191,107
40021,2009,2304,2034,270
40021,2010,2196,1981,215
40023,1990,682,724,-42
40023,1991,818,723,95
40023,1992,799,785,14
40023,1993,818,702,116
40023,1994,627,858,-231
40023,1995,715,695,20
40023,1996,674,663,11
40023,1997,671,719,-48
40023,1998,701,740,-39
40023,1999,713,658,55
40023,2000,613,732,-119
40023,2001,772,654,118
40023,2002,608,602,6
40023,2003,704,601,103
40023,2004,610,641,-31
40023,2005,623,600,23
40023,2006,568,685,-117
40023,2007,629,732,-103
40023,2008,634,645,-11
40023,2009,662,616,46
40023,2010,671,644,27
40025,1990,0,235,-235
40025,1991,0,200,-200
40025,1992,167,212,-45
40025,1993,153,193,-40
40025,1994,157,221,-64
40025,1995,171,161,10
40025,1996,209,214,-5
40025,1997,142,235,-93
40025,1998,167,241,-74
40025,1999,172,192,-20
40025,2000,130,208,-78
40025,2001,161,231,-70
40025,2002,138,179,-41
40025,2003,134,199,-65
40025,2004,129,193,-64
40025,2005,147,167,-20
40025,2006,153,174,-21
40025,2007,115,175,-60
40025,2008,171,135,36
40025,2009,148,181,-33
40025,2010,174,170,4
40027,1990,12697,11843,854
40027,1991,12673,11532,1141
40027,1992,13487,11791,1696
40027,1993,12964,11717,1247
40027,1994,12960,12301,659
40027,1995,14924,13520,1404
40027,1996,15704,14108,1596
40027,1997,15663,14534,1129
40027,1998,15828,15114,714
40027,1999,15683,15845,-162
40027,2000,15942,14053,1889
40027,2001,15957,14606,1351
40027,2002,15874,13583,2291
40027,2003,15728,14061,1667
40027,2004,16108,14051,2057
40027,2005,17263,14635,2628
40027,2006,17066,15363,1703
40027,2007,17758,15364,2394
40027,2008,16904,15266,1638
40027,2009,16293,14404,1889
40027,2010,16322,14869,1453
40029,1990,250,310,-60
40029,1991,308,258,50
40029,1992,307,253,54
40029,1993,314,283,31
40029,1994,359,261,98
40029,1995,334,281,53
40029,1996,275,279,-4
40029,1997,266,331,-65
40029,1998,332,280,52
40029,1999,267,278,-11
40029,2000,289,257,32
40029,2001,320,346,-26
40029,2002,298,289,9
40029,2003,253,278,-25
40029,2004,180,286,-106
40029,2005,237,277,-40
40029,2006,310,268,42
40029,2007,325,304,21
40029,2008,390,258,132
40029,2009,255,312,-57
40029,2010,303,276,27
40031,1990,11458,12894,-1436
40031,1991,16599,9775,6824
40031,1992,14020,16884,-2864
40031,1993,11570,13284,-1714
40031,1994,10360,13418,-3058
40031,1995,11199,12625,-1426
40031,1996,9939,12009,-2070
40031,1997,10509,12165,-1656
40031,1998,9300,11788,-2488
40031,1999,9394,12006,-2612
40031,2000,9035,11273,-2238
40031,2001,9976,10650,-674
40031,2002,9685,10005,-320
40031,2003,8975,9159,-184
40031,2004,9349,10852,-1503
40031,2005,9058,11044,-1986
40031,2006,10445,9305,1140
40031,2007,9372,12227,-2855
40031,2008,10323,10096,227
40031,2009,12824,10147,2677
40031,2010,10769,11894,-1125
40033,1990,309,432,-123
40033,1991,374,282,92
40033,1992,341,357,-16
40033,1993,431,345,86
40033,1994,411,334,77
40033,1995,384,349,35
40033,1996,340,433,-93
40033,1997,331,392,-61
40033,1998,346,353,-7
40033,1999,443,312,131
40033,2000,331,413,-82
40033,2001,371,411,-40
40033,2002,374,289,85
40033,2003,343,367,-24
40033,2004,387,330,57
40033,2005,371,371,0
40033,2006,319,369,-50
40033,2007,314,388,-74
40033,2008,371,317,54
40033,2009,342,338,4
40033,2010,425,394,31
40035,1990,777,772,5
40035,1991,866,804,62
40035,1992,881,754,127
40035,1993,885,737,148
40035,1994,827,720,107
40035,1995,821,661,160
40035,1996,797,640,157
40035,1997,804,827,-23
40035,1998,741,733,8
40035,1999,868,833,35
40035,2000,793,923,-130
40035,2001,824,905,-81
40035,2002,892,788,104
40035,2003,826,757,69
40035,2004,819,708,111
40035,2005,719,752,-33
40035,2006,687,660,27
40035,2007,724,759,-35
40035,2008,734,722,12
40035,2009,749,667,82
40035,2010,695,681,14
40037,1990,4105,3703,402
40037,1991,3771,3655,116
40037,1992,4073,3832,241
40037,1993,4043,3733,310
40037,1994,4159,3795,364
40037,1995,4099,3794,305
40037,1996,4343,3810,533
40037,1997,4396,3960,436
40037,1998,4764,4181,583
40037,1999,4663,4406,257
40037,2000,4761,4446,315
40037,2001,4556,4310,246
40037,2002,4344,4417,-73
40037,2003,4493,4624,-131
40037,2004,4229,4315,-86
40037,2005,4464,4268,196
40037,2006,4451,3883,568
40037,2007,5224,4439,785
40037,2008,4862,4194,668
40037,2009,4541,4013,528
40037,2010,4376,4030,346
40039,1990,1512,1903,-391
40039,1991,1624,1757,-133
40039,1992,1479,1671,-192
40039,1993,1536,1579,-43
40039,1994,1418,1680,-262
40039,1995,1348,1764,-416
40039,1996,1464,1715,-251
40039,1997,1455,1657,-202
40039,1998,1375,1513,-138
40039,1999,1263,1557,-294
40039,2000,1258,1752,-494
40039,2001,1330,1689,-359
40039,2002,1222,1447,-225
40039,2003,1323,1414,-91
40039,2004,1382,1412,-30
40039,2005,1613,1523,90
40039,2006,1455,1445,10
40039,2007,1599,1589,10
40039,2008,1715,1643,72
40039,2009,1530,1655,-125
40039,2010,1550,1606,-56
40041,1990,1819,1481,338
40041,1991,2078,1523,555
40041,1992,2055,1501,554
40041,1993,2258,1519,739
40041,1994,2353,1507,846
40041,1995,2413,1704,709
40041,1996,2342,1708,634
40041,1997,2177,1819,358
40041,1998,2287,1820,467
40041,1999,2189,1753,436
40041,2000,2185,1739,446
40041,2001,2134,1926,208
40041,2002,2359,1787,572
40041,2003,2353,1923,430
40041,2004,2135,1971,164
40041,2005,2470,1927,543
40041,2006,2386,1910,476
40041,2007,2229,2086,143
40041,2008,2261,1952,309
40041,2009,2103,1704,399
40041,2010,1975,1832,143
40043,1990,299,347,-48
40043,1991,312,321,-9
40043,1992,292,356,-64
40043,1993,267,320,-53
40043,1994,261,321,-60
40043,1995,246,255,-9
40043,1996,259,267,-8
40043,1997,249,257,-8
40043,1998,248,273,-25
40043,1999,264,325,-61
40043,2000,268,287,-19
40043,2001,262,307,-45
40043,2002,246,262,-16
40043,2003,297,214,83
40043,2004,221,273,-52
40043,2005,220,242,-22
40043,2006,265,265,0
40043,2007,291,238,53
40043,2008,307,255,52
40043,2009,258,260,-2
40043,2010,211,205,6
40045,1990,179,216,-37
40045,1991,235,261,-26
40045,1992,257,260,-3
40045,1993,230,283,-53
40045,1994,237,240,-3
40045,1995,230,261,-31
40045,1996,275,270,5
40045,1997,252,201,51
40045,1998,256,273,-17
40045,1999,202,254,-52
40045,2000,175,239,-64
40045,2001,240,185,55
40045,2002,198,210,-12
40045,2003,181,177,4
40045,2004,211,208,3
40045,2005,218,263,-45
40045,2006,242,179,63
40045,2007,266,219,47
40045,2008,296,228,68
40045,2009,236,246,-10
40045,2010,210,242,-32
40047,1990,3314,3879,-565
40047,1991,3321,3385,-64
40047,1992,3243,3428,-185
40047,1993,3367,3144,223
40047,1994,3405,3104,301
40047,1995,3138,3314,-176
40047,1996,3231,3392,-161
40047,1997,3352,3480,-128
40047,1998,3503,3696,-193
40047,1999,3105,3834,-729
40047,2000,3083,3604,-521
40047,2001,3311,3599,-288
40047,2002,3061,3357,-296
40047,2003,3171,3307,-136
40047,2004,3051,3573,-522
40047,2005,3200,3354,-154
40047,2006,3064,3197,-133
40047,2007,3483,3226,257
40047,2008,3764,3261,503
40047,2009,3181,3138,43
40047,2010,3085,3543,-458
40049,1990,1582,1639,-57
40049,1991,1433,1470,-37
40049,1992,1481,1500,-19
40049,1993,1467,1374,93
40049,1994,1439,1312,127
40049,1995,1485,1488,-3
40049,1996,1565,1382,183
40049,1997,1558,1554,4
40049,1998,1526,1552,-26
40049,1999,1728,1480,248
40049,2000,1523,1712,-189
40049,2001,1654,1523,131
40049,2002,1470,1485,-15
40049,2003,1387,1439,-52
40049,2004,1452,1307,145
40049,2005,1462,1282,180
40049,2006,1434,1302,132
40049,2007,1465,1387,78
40049,2008,1342,1290,52
40049,2009,1337,1344,-7
40049,2010,1332,1362,-30
40051,1990,2303,2343,-40
40051,1991,2313,2300,13
40051,1992,2438,2077,361
40051,1993,2477,2146,331
40051,1994,2496,1999,497
40051,1995,2757,2088,669
40051,1996,2629,2304,325
40051,1997,2738,2578,160
40051,1998,2694,2626,68
40051,1999,2821,2625,196
40051,2000,2945,2742,203
40051,2001,3068,2405,663
40051,2002,3113,2588,525
40051,2003,3182,2612,570
40051,2004,2951,2247,704
40051,2005,3181,2427,754
40051,2006,2841,2586,255
40051,2007,2815,2470,345
40051,2008,2953,2586,367
40051,2009,2551,2451,100
40051,2010,2561,2370,191
40053,1990,276,380,-104
40053,1991,277,309,-32
40053,1992,344,304,40
40053,1993,359,327,32
40053,1994,276,339,-63
40053,1995,388,326,62
40053,1996,320,372,-52
40053,1997,304,364,-60
40053,1998,260,342,-82
40053,1999,285,300,-15
40053,2000,303,322,-19
40053,2001,287,300,-13
40053,2002,288,316,-28
40053,2003,200,317,-117
40053,2004,294,290,4
40053,2005,210,277,-67
40053,2006,256,254,2
40053,2007,277,287,-10
40053,2008,241,316,-75
40053,2009,272,254,18
40053,2010,303,239,64
40055,1990,233,292,-59
40055,1991,315,308,7
40055,1992,341,270,71
40055,1993,346,291,55
40055,1994,399,305,94
40055,1995,366,285,81
40055,1996,233,351,-118
40055,1997,283,313,-30
40055,1998,326,265,61
40055,1999,268,336,-68
40055,2000,225,358,-133
40055,2001,284,293,-9
40055,2002,281,301,-20
40055,2003,259,234,25
40055,2004,294,273,21
40055,2005,275,259,16
40055,2006,313,271,42
40055,2007,306,277,29
40055,2008,311,301,10
40055,2009,276,336,-60
40055,2010,288,276,12
40057,1990,191,237,-46
40057,1991,0,197,-197
40057,1992,157,168,-11
40057,1993,162,202,-40
40057,1994,226,179,47
40057,1995,171,189,-18
40057,1996,177,215,-38
40057,1997,148,192,-44
40057,1998,122,239,-117
40057,1999,169,154,15
40057,2000,153,227,-74
40057,2001,131,171,-40
40057,2002,161,189,-28
40057,2003,139,175,-36
40057,2004,165,123,42
40057,2005,161,165,-4
40057,2006,150,212,-62
40057,2007,174,152,22
40057,2008,143,148,-5
40057,2009,161,133,28
40057,2010,129,140,-11
40059,1990,0,263,-263
40059,1991,0,243,-243
40059,1992,201,210,-9
40059,1993,232,245,-13
40059,1994,190,192,-2
40059,1995,189,250,-61
40059,1996,203,327,-124
40059,1997,234,243,-9
40059,1998,265,269,-4
40059,1999,186,247,-61
40059,2000,184,290,-106
40059,2001,242,223,19
40059,2002,163,203,-40
40059,2003,165,140,25
40059,2004,160,184,-24
40059,2005,231,228,3
40059,2006,163,190,-27
40059,2007,211,200,11
40059,2008,183,224,-41
40059,2009,242,202,40
40059,2010,210,225,-15
40061,1990,532,587,-55
40061,1991,531,437,94
40061,1992,616,565,51
40061,1993,652,530,122
40061,1994,672,475,197
40061,1995,619,561,58
40061,1996,571,481,90
40061,1997,512,506,6
40061,1998,588,549,39
40061,1999,563,473,90
40061,2000,473,518,-45
40061,2001,535,570,-35
40061,2002,600,393,207
40061,2003,513,498,15
40061,2004,543,505,38
40061,2005,566,471,95
40061,2006,517,495,22
40061,2007,591,503,88
40061,2008,584,538,46
40061,2009,514,578,-64
40061,2010,508,501,7
40063,1990,668,683,-15
40063,1991,646,693,-47
40063,1992,742,715,27
40063,1993,791,674,117
40063,1994,777,609,168
40063,1995,736,610,126
40063,1996,777,724,53
40063,1997,724,658,66
40063,1998,749,731,18
40063,1999,694,729,-35
40063,2000,601,787,-186
40063,2001,747,645,102
40063,2002,663,693,-30
40063,2003,753,672,81
40063,2004,632,662,-30
40063,2005,657,680,-23
40063,2006,597,614,-17
40063,2007,751,719,32
40063,2008,772,578,194
40063,2009,679,649,30
40063,2010,556,719,-163
40065,1990,2448,2750,-302
40065,1991,2805,2516,289
40065,1992,3134,3267,-133
40065,1993,2839,3010,-171
40065,1994,3757,3409,348
40065,1995,2816,2967,-151
40065,1996,3341,4778,-1437
40065,1997,2766,2970,-204
40065,1998,2466,2923,-457
40065,1999,2351,3160,-809
40065,2000,2356,2769,-413
40065,2001,2222,2946,-724
40065,2002,2441,2665,-224
40065,2003,2183,2454,-271
40065,2004,2147,2832,-685
40065,2005,2102,2510,-408
40065,2006,2055,2595,-540
40065,2007,1982,2472,-490
40065,2008,2003,2128,-125
40065,2009,1914,2082,-168
40065,2010,1894,2081,-187
40067,1990,378,343,35
40067,1991,439,444,-5
40067,1992,381,350,31
40067,1993,415,374,41
40067,1994,356,404,-48
40067,1995,427,456,-29
40067,1996,378,387,-9
40067,1997,382,417,-35
40067,1998,332,349,-17
40067,1999,342,435,-93
40067,2000,352,440,-88
40067,2001,360,399,-39
40067,2002,357,316,41
40067,2003,305,324,-19
40067,2004,309,324,-15
40067,2005,334,373,-39
40067,2006,275,361,-86
40067,2007,338,345,-7
40067,2008,435,347,88
40067,2009,333,360,-27
40067,2010,393,290,103
40069,1990,548,569,-21
40069,1991,629,495,134
40069,1992,634,573,61
40069,1993,656,577,79
40069,1994,546,531,15
40069,1995,593,517,76
40069,1996,673,540,133
40069,1997,602,634,-32
40069,1998,615,613,2
40069,1999,556,597,-41
40069,2000,620,649,-29
40069,2001,640,642,-2
40069,2002,667,566,101
40069,2003,542,579,-37
40069,2004,608,642,-34
40069,2005,651,501,150
40069,2006,597,548,49
40069,2007,574,630,-56
40069,2008,703,643,60
40069,2009,618,505,113
40069,2010,591,536,55
40071,1990,2658,2650,8
40071,1991,2685,2444,241
40071,1992,2456,2797,-341
40071,1993,2156,2771,-615
40071,1994,2130,2412,-282
40071,1995,2232,2660,-428
40071,1996,2154,2610,-456
40071,1997,2277,2529,-252
40071,1998,2261,2506,-245
40071,1999,1958,2558,-600
40071,2000,2094,2507,-413
40071,2001,2313,2315,-2
40071,2002,2330,2763,-433
40071,2003,2049,2603,-554
40071,2004,1997,2417,-420
40071,2005,2068,2363,-295
40071,2006,2068,2219,-151
40071,2007,2085,2204,-119
40071,2008,2253,2124,129
40071,2009,1954,2462,-508
40071,2010,1885,2200,-315
40073,1990,593,774,-181
40073,1991,618,704,-86
40073,1992,650,635,15
40073,1993,738,653,85
40073,1994,732,659,73
40073,1995,681,659,22
40073,1996,644,700,-56
40073,1997,610,690,-80
40073,1998,622,669,-47
40073,1999,653,740,-87
40073,2000,595,685,-90
40073,2001,731,767,-36
40073,2002,615,569,46
40073,2003,675,658,17
40073,2004,675,615,60
40073,2005,755,751,4
40073,2006,697,647,50
40073,2007,663,721,-58
40073,2008,691,662,29
40073,2009,699,668,31
40073,2010,696,644,52
40075,1990,533,599,-66
40075,1991,507,554,-47
40075,1992,580,474,106
40075,1993,497,575,-78
40075,1994,582,556,26
40075,1995,513,595,-82
40075,1996,604,562,42
40075,1997,521,636,-115
40075,1998,459,550,-91
40075,1999,542,524,18
40075,2000,487,551,-64
40075,2001,529,571,-42
40075,2002,574,529,45
40075,2003,473,515,-42
40075,2004,578,541,37
40075,2005,504,569,-65
40075,2006,444,521,-77
40075,2007,547,545,2
40075,2008,474,521,-47
40075,2009,502,471,31
40075,2010,522,503,19
40077,1990,730,566,164
40077,1991,562,659,-97
40077,1992,537,728,-191
40077,1993,573,592,-19
40077,1994,476,488,-12
40077,1995,618,688,-70
40077,1996,668,648,20
40077,1997,683,655,28
40077,1998,631,677,-46
40077,1999,685,699,-14
40077,2000,677,735,-58
40077,2001,650,671,-21
40077,2002,615,636,-21
40077,2003,695,578,117
40077,2004,650,625,25
40077,2005,602,612,-10
40077,2006,615,614,1
40077,2007,649,545,104
40077,2008,665,599,66
40077,2009,527,598,-71
40077,2010,514,586,-72
40079,1990,2362,2331,31
40079,1991,2225,2284,-59
40079,1992,2405,1894,511
40079,1993,2425,2065,360
40079,1994,2607,2070,537
40079,1995,2255,2090,165
40079,1996,2226,1954,272
40079,1997,2154,2187,-33
40079,1998,1947,2057,-110
40079,1999,2053,2064,-11
40079,2000,1943,2156,-213
40079,2001,2083,2047,36
40079,2002,1975,1960,15
40079,2003,1948,1942,6
40079,2004,2034,1975,59
40079,2005,2162,1859,303
40079,2006,2064,1891,173
40079,2007,2078,2020,58
40079,2008,1957,1990,-33
40079,2009,2010,1785,225
40079,2010,1816,1826,-10
40081,1990,1723,1589,134
40081,1991,1508,1587,-79
40081,1992,1794,1459,335
40081,1993,1694,1507,187
40081,1994,1799,1534,265
40081,1995,2284,1967,317
40081,1996,2573,2405,168
40081,1997,2376,2205,171
40081,1998,2664,2193,471
40081,1999,2487,2207,280
40081,2000,2330,2357,-27
40081,2001,2445,2294,151
40081,2002,2104,2131,-27
40081,2003,2184,2029,155
40081,2004,1845,1813,32
40081,2005,1973,1805,168
40081,2006,1763,1667,96
40081,2007,1850,1892,-42
40081,2008,1902,1761,141
40081,2009,1728,1559,169
40081,2010,1661,1693,-32
40083,1990,1726,1752,-26
40083,1991,1719,1613,106
40083,1992,1940,1526,414
40083,1993,1859,1770,89
40083,1994,1788,1732,56
40083,1995,2609,2733,-124
40083,1996,2899,2712,187
40083,1997,2865,2702,163
40083,1998,3011,2695,316
40083,1999,2825,2656,169
40083,2000,3032,2740,292
40083,2001,3188,2965,223
40083,2002,3423,2831,592
40083,2003,3723,2971,752
40083,2004,2231,2032,199
40083,2005,2493,2145,348
40083,2006,2590,2169,421
40083,2007,2939,2164,775
40083,2008,2757,2161,596
40083,2009,2563,2131,432
40083,2010,2593,2243,350
40085,1990,484,405,79
40085,1991,511,433,78
40085,1992,479,491,-12
40085,1993,521,383,138
40085,1994,531,436,95
40085,1995,559,380,179
40085,1996,499,502,-3
40085,1997,454,486,-32
40085,1998,487,475,12
40085,1999,515,528,-13
40085,2000,429,442,-13
40085,2001,537,468,69
40085,2002,503,455,48
40085,2003,558,471,87
40085,2004,528,462,66
40085,2005,538,555,-17
40085,2006,533,534,-1
40085,2007,579,566,13
40085,2008,594,575,19
40085,2009,540,473,67
40085,2010,525,544,-19
40087,1990,1776,1641,135
40087,1991,1771,1590,181
40087,1992,2016,1711,305
40087,1993,1835,1535,300
40087,1994,2019,1630,389
40087,1995,1613,1511,102
40087,1996,1705,1535,170
40087,1997,1742,1565,177
40087,1998,1757,1497,260
40087,1999,1720,1626,94
40087,2000,1650,1716,-66
40087,2001,1689,1674,15
40087,2002,1805,1501,304
40087,2003,1802,1610,192
40087,2004,2647,1986,661
40087,2005,2753,1950,803
40087,2006,2769,2071,698
40087,2007,2549,2189,360
40087,2008,2606,2161,445
40087,2009,2537,1982,555
40087,2010,2482,2147,335
40089,1990,1202,1404,-202
40089,1991,1453,1344,109
40089,1992,1384,1367,17
40089,1993,1333,1282,51
40089,1994,1496,1146,350
40089,1995,1294,1162,132
40089,1996,1122,1373,-251
40089,1997,1235,1264,-29
40089,1998,1105,1278,-173
40089,1999,1179,1262,-83
40089,2000,1166,1380,-214
40089,2001,1231,1340,-109
40089,2002,1075,1218,-143
40089,2003,1045,1194,-149
40089,2004,1147,1145,2
40089,2005,1177,1120,57
40089,2006,1028,1156,-128
40089,2007,1114,1160,-46
40089,2008,1151,1188,-37
40089,2009,1080,967,113
40089,2010,1140,1087,53
40091,1990,1012,854,158
40091,1991,1022,826,196
40091,1992,1332,804,528
40091,1993,1238,795,443
40091,1994,1234,895,339
40091,1995,1198,1094,104
40091,1996,1359,1069,290
40091,1997,1328,1103,225
40091,1998,1292,1032,260
40091,1999,1125,941,184
40091,2000,1095,949,146
40091,2001,1190,986,204
40091,2002,1139,1032,107
40091,2003,1093,984,109
40091,2004,1036,910,126
40091,2005,1119,971,148
40091,2006,1114,907,207
40091,2007,1115,971,144
40091,2008,1230,985,245
40091,2009,1081,908,173
40091,2010,1122,982,140
40093,1990,426,527,-101
40093,1991,394,449,-55
40093,1992,403,499,-96
40093,1993,454,343,111
40093,1994,399,416,-17
40093,1995,379,379,0
40093,1996,462,398,64
40093,1997,417,385,32
40093,1998,353,469,-116
40093,1999,446,444,2
40093,2000,394,379,15
40093,2001,409,394,15
40093,2002,321,417,-96
40093,2003,395,418,-23
40093,2004,382,392,-10
40093,2005,452,384,68
40093,2006,406,373,33
40093,2007,343,415,-72
40093,2008,460,396,64
40093,2009,401,427,-26
40093,2010,395,353,42
40095,1990,765,590,175
40095,1991,823,650,173
40095,1992,827,590,237
40095,1993,835,739,96
40095,1994,858,660,198
40095,1995,695,652,43
40095,1996,740,623,117
40095,1997,762,626,136
40095,1998,732,650,82
40095,1999,745,738,7
40095,2000,778,673,105
40095,2001,810,623,187
40095,2002,788,714,74
40095,2003,817,659,158
40095,2004,956,650,306
40095,2005,891,747,144
40095,2006,862,709,153
40095,2007,809,779,30
40095,2008,758,780,-22
40095,2009,787,694,93
40095,2010,778,723,55
40097,1990,1993,1716,277
40097,1991,1756,1669,87
40097,1992,1890,1613,277
40097,1993,1813,1596,217
40097,1994,1985,1610,375
40097,1995,1989,1598,391
40097,1996,2118,1710,408
40097,1997,2058,1685,373
40097,1998,2136,1685,451
40097,1999,2076,2035,41
40097,2000,1927,1944,-17
40097,2001,2139,2026,113
40097,2002,2014,1912,102
40097,2003,1952,1806,146
40097,2004,2041,1862,179
40097,2005,2072,1887,185
40097,2006,1978,1805,173
40097,2007,2070,1961,109
40097,2008,1996,1966,30
40097,2009,1884,1899,-15
40097,2010,1861,1758,103
40099,1990,717,615,102
40099,1991,716,631,85
40099,1992,671,694,-23
40099,1993,643,660,-17
40099,1994,660,480,180
40099,1995,670,489,181
40099,1996,642,658,-16
40099,1997,612,656,-44
40099,1998,674,594,80
40099,1999,669,674,-5
40099,2000,682,628,54
40099,2001,677,677,0
40099,2002,645,558,87
40099,2003,663,629,34
40099,2004,771,643,128
40099,2005,771,664,107
40099,2006,693,696,-3
40099,2007,756,641,115
40099,2008,799,698,101
40099,2009,820,677,143
40099,2010,715,639,76
40101,1990,3288,3224,64
40101,1991,3281,3221,60
40101,1992,3250,3244,6
40101,1993,3329,3062,267
40101,1994,3142,3230,-88
40101,1995,2998,3117,-119
40101,1996,2999,3146,-147
40101,1997,3160,3176,-16
40101,1998,3108,3331,-223
40101,1999,3028,3184,-156
40101,2000,2997,2968,29
40101,2001,3211,3320,-109
40101,2002,3053,2955,98
40101,2003,2907,3019,-112
40101,2004,2977,3089,-112
40101,2005,3076,3056,20
40101,2006,2965,3029,-64
40101,2007,3126,3142,-16
40101,2008,3271,3011,260
40101,2009,3046,2859,187
40101,2010,2647,2976,-329
40103,1990,619,574,45
40103,1991,592,611,-19
40103,1992,660,606,54
40103,1993,589,605,-16
40103,1994,613,567,46
40103,1995,524,577,-53
40103,1996,682,666,16
40103,1997,617,583,34
40103,1998,661,696,-35
40103,1999,552,686,-134
40103,2000,633,644,-11
40103,2001,558,651,-93
40103,2002,628,664,-36
40103,2003,590,636,-46
40103,2004,617,686,-69
40103,2005,869,904,-35
40103,2006,691,660,31
40103,2007,751,752,-1
40103,2008,619,697,-78
40103,2009,563,616,-53
40103,2010,553,540,13
40105,1990,527,545,-18
40105,1991,502,540,-38
40105,1992,535,518,17
40105,1993,541,545,-4
40105,1994,547,448,99
40105,1995,557,587,-30
40105,1996,599,550,49
40105,1997,615,533,82
40105,1998,605,519,86
40105,1999,559,500,59
40105,2000,582,542,40
40105,2001,636,572,64
40105,2002,701,518,183
40105,2003,527,681,-154
40105,2004,583,471,112
40105,2005,560,570,-10
40105,2006,556,527,29
40105,2007,636,592,44
40105,2008,550,694,-144
40105,2009,475,541,-66
40105,2010,554,418,136
40107,1990,544,739,-195
40107,1991,586,605,-19
40107,1992,507,575,-68
40107,1993,596,611,-15
40107,1994,654,586,68
40107,1995,631,527,104
40107,1996,621,579,42
40107,1997,628,597,31
40107,1998,498,622,-124
40107,1999,624,645,-21
40107,2000,473,517,-44
40107,2001,609,632,-23
40107,2002,646,564,82
40107,2003,600,609,-9
40107,2004,464,595,-131
40107,2005,595,608,-13
40107,2006,548,532,16
40107,2007,531,556,-25
40107,2008,503,645,-142
40107,2009,576,488,88
40107,2010,543,491,52
40109,1990,32212,33201,-989
40109,1991,33549,31561,1988
40109,1992,34858,33532,1326
40109,1993,33544,32990,554
40109,1994,32412,34035,-1623
40109,1995,31891,32825,-934
40109,1996,32403,34282,-1879
40109,1997,31380,34770,-3390
40109,1998,32171,34566,-2395
40109,1999,32197,34895,-2698
40109,2000,31438,34406,-2968
40109,2001,32317,33164,-847
40109,2002,30576,32901,-2325
40109,2003,30021,33671,-3650
40109,2004,30915,33121,-2206
40109,2005,32097,33514,-1417
40109,2006,31639,33091,-1452
40109,2007,32493,33768,-1275
40109,2008,34090,32228,1862
40109,2009,32640,31133,1507
40109,2010,33165,31099,2066
40111,1990,1904,1894,10
40111,1991,1956,1675,281
40111,1992,2062,1718,344
40111,1993,1846,1797,49
40111,1994,2068,1801,267
40111,1995,1964,1892,72
40111,1996,2167,1852,315
40111,1997,2010,1858,152
40111,1998,1940,1910,30
40111,1999,1860,1987,-127
40111,2000,1919,1900,19
40111,2001,1928,1855,73
40111,2002,1864,1867,-3
40111,2003,1860,1898,-38
40111,2004,2004,2128,-124
40111,2005,2011,2063,-52
40111,2006,1890,1926,-36
40111,2007,1938,2077,-139
40111,2008,2059,1988,71
40111,2009,1977,1723,254
40111,2010,1792,1910,-118
40113,1990,2087,2020,67
40113,1991,2291,2033,258
40113,1992,2608,2300,308
40113,1993,1992,2109,-117
40113,1994,1796,2023,-227
40113,1995,3283,3132,151
40113,1996,3528,3272,256
40113,1997,3728,3245,483
40113,1998,3657,3532,125
40113,1999,3760,3541,219
40113,2000,3787,3540,247
40113,2001,3575,3532,43
40113,2002,3399,3327,72
40113,2003,3393,3307,86
40113,2004,2721,2364,357
40113,2005,2770,2588,182
40113,2006,3212,2748,464
40113,2007,3305,3072,233
40113,2008,2672,2688,-16
40113,2009,2423,2525,-102
40113,2010,2430,2401,29
40115,1990,1633,1666,-33
40115,1991,1684,1700,-16
40115,1992,1819,1508,311
40115,1993,1798,1510,288
40115,1994,1871,1681,190
40115,1995,1525,1642,-117
40115,1996,1534,1443,91
40115,1997,1693,1490,203
40115,1998,1588,1592,-4
40115,1999,1664,1566,98
40115,2000,1505,1591,-86
40115,2001,1468,1740,-272
40115,2002,1449,1573,-124
40115,2003,1451,1427,24
40115,2004,1695,1657,38
40115,2005,1826,1641,185
40115,2006,1596,1882,-286
40115,2007,1378,1843,-465
40115,2008,1548,1527,21
40115,2009,1431,1349,82
40115,2010,1344,1420,-76
40117,1990,1007,1060,-53
40117,1991,1089,1031,58
40117,1992,1079,1042,37
40117,1993,992,1014,-22
40117,1994,1019,986,33
40117,1995,1043,933,110
40117,1996,1090,986,104
40117,1997,1134,1026,108
40117,1998,1182,1084,98
40117,1999,1231,994,237
40117,2000,1180,1082,98
40117,2001,1103,1092,11
40117,2002,1103,1107,-4
40117,2003,996,1081,-85
40117,2004,1046,1044,2
40117,2005,1063,1030,33
40117,2006,949,968,-19
40117,2007,917,1023,-106
40117,2008,1127,1026,101
40117,2009,1036,999,37
40117,2010,1033,856,177
40119,1990,3754,3963,-209
40119,1991,4043,3793,250
40119,1992,4071,3757,314
40119,1993,3850,3818,32
40119,1994,3812,3997,-185
40119,1995,3902,3947,-45
40119,1996,4111,4112,-1
40119,1997,3871,4091,-220
40119,1998,4175,4369,-194
40119,1999,4237,4492,-255
40119,2000,4304,4353,-49
40119,2001,4057,4366,-309
40119,2002,4173,4045,128
40119,2003,3944,4072,-128
40119,2004,4016,4382,-366
40119,2005,4376,4415,-39
40119,2006,4078,4127,-49
40119,2007,4304,4419,-115
40119,2008,4610,4419,191
40119,2009,3889,4256,-367
40119,2010,3881,4384,-503
40121,1990,2178,1731,447
40121,1991,2107,1812,295
40121,1992,2012,1816,196
40121,1993,2014,1900,114
40121,1994,1867,1773,94
40121,1995,1795,1767,28
40121,1996,1907,1802,105
40121,1997,1831,1857,-26
40121,1998,2145,1830,315
40121,1999,1961,1869,92
40121,2000,1768,1883,-115
40121,2001,2190,1848,342
40121,2002,1965,1932,33
40121,2003,1870,1827,43
40121,2004,1987,1740,247
40121,2005,2147,1810,337
40121,2006,1957,1724,233
40121,2007,2259,1973,286
40121,2008,2230,1925,305
40121,2009,1907,1985,-78
40121,2010,1875,1840,35
40123,1990,1623,1671,-48
40123,1991,1603,1757,-154
40123,1992,1692,1699,-7
40123,1993,1815,1549,266
40123,1994,1819,1594,225
40123,1995,1683,1632,51
40123,1996,1579,1760,-181
40123,1997,1552,1662,-110
40123,1998,1698,1750,-52
40123,1999,1788,1759,29
40123,2000,1603,1906,-303
40123,2001,1726,1793,-67
40123,2002,1711,1547,164
40123,2003,1643,1715,-72
40123,2004,1722,1609,113
40123,2005,1826,1815,11
40123,2006,1961,1667,294
40123,2007,1882,1728,154
40123,2008,1807,1664,143
40123,2009,1749,1662,87
40123,2010,1690,1633,57
40125,1990,3082,3169,-87
40125,1991,3262,3073,189
40125,1992,3333,2908,425
40125,1993,3309,3126,183
40125,1994,3382,3113,269
40125,1995,3274,2896,378
40125,1996,3112,3222,-110
40125,1997,3288,2976,312
40125,1998,3374,3267,107
40125,1999,3614,3247,367
40125,2000,3579,3291,288
40125,2001,3490,3304,186
40125,2002,3484,3141,343
40125,2003,3400,3418,-18
40125,2004,3718,3484,234
40125,2005,3693,3403,290
40125,2006,3721,3379,342
40125,2007,3677,3604,73
40125,2008,3722,3227,495
40125,2009,3498,3285,213
40125,2010,3625,3289,336
40127,1990,545,501,44
40127,1991,621,572,49
40127,1992,550,475,75
40127,1993,593,432,161
40127,1994,617,456,161
40127,1995,599,436,163
40127,1996,426,468,-42
40127,1997,489,484,5
40127,1998,570,482,88
40127,1999,520,504,16
40127,2000,550,470,80
40127,2001,520,518,2
40127,2002,537,506,31
40127,2003,499,457,42
40127,2004,486,506,-20
40127,2005,537,535,2
40127,2006,612,464,148
40127,2007,580,558,22
40127,2008,613,524,89
40127,2009,561,511,50
40127,2010,502,532,-30
40129,1990,177,194,-17
40129,1991,160,237,-77
40129,1992,140,184,-44
40129,1993,147,230,-83
40129,1994,194,189,5
40129,1995,184,237,-53
40129,1996,126,235,-109
40129,1997,158,155,3
40129,1998,199,191,8
40129,1999,142,168,-26
40129,2000,145,202,-57
40129,2001,117,212,-95
40129,2002,202,197,5
40129,2003,185,123,62
40129,2004,224,168,56
40129,2005,177,187,-10
40129,2006,204,171,33
40129,2007,270,199,71
40129,2008,268,217,51
40129,2009,205,212,-7
40129,2010,240,147,93
40131,1990,4007,3481,526
40131,1991,4010,3358,652
40131,1992,4322,3210,1112
40131,1993,4121,3525,596
40131,1994,4247,3588,659
40131,1995,4699,3679,1020
40131,1996,5136,3723,1413
40131,1997,5592,3837,1755
40131,1998,6195,4265,1930
40131,1999,6518,4321,2197
40131,2000,5903,4422,1481
40131,2001,6146,4694,1452
40131,2002,5605,4215,1390
40131,2003,5658,4419,1239
40131,2004,5213,4159,1054
40131,2005,5647,4254,1393
40131,2006,5773,4404,1369
40131,2007,5488,4548,940
40131,2008,5419,4632,787
40131,2009,5083,4747,336
40131,2010,4775,4404,371
40133,1990,1087,1369,-282
40133,1991,1209,1294,-85
40133,1992,1332,1209,123
40133,1993,1291,1206,85
40133,1994,1313,1313,0
40133,1995,1180,1213,-33
40133,1996,1356,1302,54
40133,1997,1275,1444,-169
40133,1998,1247,1450,-203
40133,1999,1257,1319,-62
40133,2000,1264,1359,-95
40133,2001,1209,1311,-102
40133,2002,1189,1255,-66
40133,2003,1292,1203,89
40133,2004,1313,1329,-16
40133,2005,1390,1386,4
40133,2006,1208,1281,-73
40133,2007,1297,1311,-14
40133,2008,1392,1238,154
40133,2009,1133,1172,-39
40133,2010,1197,1247,-50
40135,1990,1719,1667,52
40135,1991,1839,1552,287
40135,1992,1857,1730,127
40135,1993,1803,1674,129
40135,1994,2192,1658,534
40135,1995,2091,1650,441
40135,1996,1917,1731,186
40135,1997,1905,1626,279
40135,1998,1890,1838,52
40135,1999,1897,1797,100
40135,2000,1864,1761,103
40135,2001,1949,1764,185
40135,2002,1753,1574,179
40135,2003,1919,1581,338
40135,2004,1775,1642,133
40135,2005,2044,1655,389
40135,2006,1870,1685,185
40135,2007,1832,1847,-15
40135,2008,1968,1674,294
40135,2009,1796,1606,190
40135,2010,1681,1700,-19
40137,1990,2344,1952,392
40137,1991,2151,1988,163
40137,1992,2019,2024,-5
40137,1993,2093,2040,53
40137,1994,1988,2217,-229
40137,1995,2169,1861,308
40137,1996,2239,1958,281
40137,1997,2083,1921,162
40137,1998,1841,2200,-359
40137,1999,1814,1972,-158
40137,2000,1981,2030,-49
40137,2001,1878,1884,-6
40137,2002,1851,1793,58
40137,2003,2057,1749,308
40137,2004,2090,1902,188
40137,2005,2060,1818,242
40137,2006,2316,1809,507
40137,2007,2141,2017,124
40137,2008,2030,1945,85
40137,2009,1926,1748,178
40137,2010,1960,1951,9
40139,1990,899,1179,-280
40139,1991,957,1078,-121
40139,1992,911,1107,-196
40139,1993,1121,966,155
40139,1994,1200,910,290
40139,1995,1540,1119,421
40139,1996,1696,1243,453
40139,1997,1656,1411,245
40139,1998,1396,1785,-389
40139,1999,1463,1593,-130
40139,2000,1311,1764,-453
40139,2001,1260,1620,-360
40139,2002,1002,1448,-446
40139,2003,1065,1139,-74
40139,2004,984,1445,-461
40139,2005,1075,1379,-304
40139,2006,1187,1254,-67
40139,2007,1275,1200,75
40139,2008,1414,1494,-80
40139,2009,1565,1500,65
40139,2010,1462,1576,-114
40141,1990,496,566,-70
40141,1991,474,599,-125
40141,1992,511,559,-48
40141,1993,451,620,-169
40141,1994,490,529,-39
40141,1995,529,583,-54
40141,1996,469,458,11
40141,1997,473,575,-102
40141,1998,451,558,-107
40141,1999,399,515,-116
40141,2000,419,425,-6
40141,2001,359,558,-199
40141,2002,467,467,0
40141,2003,391,479,-88
40141,2004,374,498,-124
40141,2005,452,423,29
40141,2006,418,510,-92
40141,2007,420,516,-96
40141,2008,368,469,-101
40141,2009,402,415,-13
40141,2010,361,344,17
40143,1990,29262,26849,2413
40143,1991,28130,26867,1263
40143,1992,27529,26837,692
40143,1993,26111,27979,-1868
40143,1994,26166,27881,-1715
40143,1995,27440,26020,1420
40143,1996,28875,27343,1532
40143,1997,29335,27478,1857
40143,1998,29897,29765,132
40143,1999,27707,30797,-3090
40143,2000,27907,30013,-2106
40143,2001,27438,28951,-1513
40143,2002,24976,29359,-4383
40143,2003,24174,29764,-5590
40143,2004,25935,28462,-2527
40143,2005,28684,27950,734
40143,2006,28091,28293,-202
40143,2007,29601,29099,502
40143,2008,30042,27074,2968
40143,2009,27525,26510,1015
40143,2010,25725,26299,-574
40145,1990,3753,3519,234
40145,1991,3874,3535,339
40145,1992,3970,3868,102
40145,1993,4068,3511,557
40145,1994,3923,3580,343
40145,1995,4200,3437,763
40145,1996,4167,3657,510
40145,1997,4174,3478,696
40145,1998,4416,3861,555
40145,1999,4381,3900,481
40145,2000,4377,3842,535
40145,2001,4942,3919,1023
40145,2002,4894,4089,805
40145,2003,5069,4183,886
40145,2004,5557,4360,1197
40145,2005,5902,4300,1602
40145,2006,5998,4283,1715
40145,2007,6157,4718,1439
40145,2008,5846,4780,1066
40145,2009,5434,4581,853
40145,2010,5178,4779,399
40147,1990,2667,2549,118
40147,1991,2418,2906,-488
40147,1992,2344,3427,-1083
40147,1993,2340,2555,-215
40147,1994,2459,2464,-5
40147,1995,2422,2465,-43
40147,1996,2658,2559,99
40147,1997,2657,2659,-2
40147,1998,2527,2445,82
40147,1999,2406,2526,-120
40147,2000,2681,2745,-64
40147,2001,2673,2592,81
40147,2002,3137,3220,-83
40147,2003,2462,2576,-114
40147,2004,2320,2368,-48
40147,2005,2646,2481,165
40147,2006,3161,2415,746
40147,2007,3021,2545,476
40147,2008,2667,2599,68
40147,2009,2489,2357,132
40147,2010,2465,2391,74
40149,1990,651,648,3
40149,1991,654,634,20
40149,1992,631,689,-58
40149,1993,689,598,91
40149,1994,787,618,169
40149,1995,651,670,-19
40149,1996,642,677,-35
40149,1997,810,674,136
40149,1998,649,800,-151
40149,1999,644,652,-8
40149,2000,641,705,-64
40149,2001,675,685,-10
40149,2002,653,694,-41
40149,2003,717,641,76
40149,2004,718,674,44
40149,2005,873,752,121
40149,2006,851,722,129
40149,2007,803,814,-11
40149,2008,876,854,22
40149,2009,762,772,-10
40149,2010,765,765,0
40151,1990,474,556,-82
40151,1991,525,495,30
40151,1992,431,556,-125
40151,1993,431,470,-39
40151,1994,505,522,-17
40151,1995,462,452,10
40151,1996,390,529,-139
40151,1997,470,413,57
40151,1998,484,568,-84
40151,1999,410,502,-92
40151,2000,399,523,-124
40151,2001,393,396,-3
40151,2002,332,383,-51
40151,2003,347,437,-90
40151,2004,438,406,32
40151,2005,403,446,-43
40151,2006,386,473,-87
40151,2007,495,524,-29
40151,2008,463,443,20
40151,2009,371,369,2
40151,2010,370,480,-110
40153,1990,1041,1181,-140
40153,1991,1053,1072,-19
40153,1992,937,1225,-288
40153,1993,917,933,-16
40153,1994,889,956,-67
40153,1995,900,1023,-123
40153,1996,1047,1081,-34
40153,1997,896,1000,-104
40153,1998,957,1044,-87
40153,1999,786,1053,-267
40153,2000,913,1021,-108
40153,2001,987,1048,-61
40153,2002,840,921,-81
40153,2003,855,879,-24
40153,2004,932,896,36
40153,2005,1013,853,160
40153,2006,1133,840,293
40153,2007,1078,1026,52
40153,2008,1218,1047,171
40153,2009,775,1276,-501
40153,2010,968,957,11
41001,1990,1028,932,96
41001,1991,1024,868,156
41001,1992,1096,887,209
41001,1993,1069,863,206
41001,1994,1133,939,194
41001,1995,1027,1073,-46
41001,1996,938,873,65
41001,1997,1018,935,83
41001,1998,991,1071,-80
41001,1999,930,972,-42
41001,2000,953,957,-4
41001,2001,822,898,-76
41001,2002,822,862,-40
41001,2003,841,841,0
41001,2004,775,830,-55
41001,2005,859,813,46
41001,2006,913,814,99
41001,2007,867,752,115
41001,2008,813,733,80
41001,2009,658,695,-37
41001,2010,697,742,-45
41003,1990,5115,4799,316
41003,1991,5137,4942,195
41003,1992,5326,4990,336
41003,1993,5422,4856,566
41003,1994,5224,5082,142
41003,1995,5437,5117,320
41003,1996,5286,5304,-18
41003,1997,5319,5611,-292
41003,1998,5020,6140,-1120
41003,1999,4963,5542,-579
41003,2000,4922,5359,-437
41003,2001,5055,5247,-192
41003,2002,4821,5645,-824
41003,2003,4877,5315,-438
41003,2004,4862,5053,-191
41003,2005,5091,5220,-129
41003,2006,5088,5063,25
41003,2007,5017,5280,-263
41003,2008,4938,4892,46
41003,2009,4107,4816,-709
41003,2010,4429,4899,-470
41005,1990,22762,18146,4616
41005,1991,22986,18100,4886
41005,1992,23102,19240,3862
41005,1993,23453,19827,3626
41005,1994,23519,20142,3377
41005,1995,25969,20918,5051
41005,1996,26177,22007,4170
41005,1997,25226,23220,2006
41005,1998,25263,24175,1088
41005,1999,24958,23581,1377
41005,2000,25367,22616,2751
41005,2001,25140,21544,3596
41005,2002,23709,21890,1819
41005,2003,24464,21866,2598
41005,2004,23026,20496,2530
41005,2005,23234,20729,2505
41005,2006,20911,18863,2048
41005,2007,22291,19365,2926
41005,2008,20735,18646,2089
41005,2009,20424,18772,1652
41005,2010,20311,18504,1807
41007,1990,2175,1895,280
41007,1991,2185,2002,183
41007,1992,2112,1856,256
41007,1993,2226,1887,339
41007,1994,2155,1990,165
41007,1995,2093,2247,-154
41007,1996,2054,1947,107
41007,1997,2016,2177,-161
41007,1998,2018,2146,-128
41007,1999,1919,2110,-191
41007,2000,2011,2018,-7
41007,2001,1900,1850,50
41007,2002,2044,1883,161
41007,2003,2097,1928,169
41007,2004,2156,1839,317
41007,2005,2031,1811,220
41007,2006,2012,1872,140
41007,2007,2031,2129,-98
41007,2008,2094,2080,14
41007,2009,1851,1890,-39
41007,2010,1987,1950,37
41009,1990,2633,1994,639
41009,1991,2301,2031,270
41009,1992,2464,1904,560
41009,1993,2703,2227,476
41009,1994,2645,2062,583
41009,1995,2674,1837,837
41009,1996,2611,2040,571
41009,1997,2715,2068,647
41009,1998,2662,2161,501
41009,1999,2539,2281,258
41009,2000,2551,2163,388
41009,2001,2739,1925,814
41009,2002,2696,2135,561
41009,2003,2704,2303,401
41009,2004,2885,2212,673
41009,2005,3121,2226,895
41009,2006,2852,2347,505
41009,2007,2678,2370,308
41009,2008,2259,2141,118
41009,2009,1901,2068,-167
41009,2010,1968,2011,-43
41011,1990,3449,3125,324
41011,1991,3631,2854,777
41011,1992,3457,2798,659
41011,1993,2991,2883,108
41011,1994,3137,2989,148
41011,1995,2931,2915,16
41011,1996,2835,2848,-13
41011,1997,2826,2984,-158
41011,1998,2795,3025,-230
41011,1999,2652,2852,-200
41011,2000,2694,2743,-49
41011,2001,3047,2629,418
41011,2002,3130,2563,567
41011,2003,3127,2567,560
41011,2004,3424,2636,788
41011,2005,3091,2809,282
41011,2006,2697,2731,-34
41011,2007,2694,2624,70
41011,2008,2583,2584,-1
41011,2009,2460,2277,183
41011,2010,2500,2483,17
41013,1990,1207,879,328
41013,1991,1193,890,303
41013,1992,1208,876,332
41013,1993,1203,956,247
41013,1994,1135,857,278
41013,1995,1100,929,171
41013,1996,1082,929,153
41013,1997,1174,978,196
41013,1998,1346,1127,219
41013,1999,1462,1014,448
41013,2000,1357,944,413
41013,2001,1399,1247,152
41013,2002,1512,1191,321
41013,2003,1699,1141,558
41013,2004,1514,1104,410
41013,2005,1736,1093,643
41013,2006,1362,1174,188
41013,2007,1219,1181,38
41013,2008,1051,1280,-229
41013,2009,963,1276,-313
41013,2010,1032,1147,-115
41015,1990,1683,1453,230
41015,1991,1551,1370,181
41015,1992,1613,1098,515
41015,1993,1616,1182,434
41015,1994,1561,1134,427
41015,1995,1344,1185,159
41015,1996,1350,1126,224
41015,1997,1511,1259,252
41015,1998,1517,1224,293
41015,1999,1331,1262,69
41015,2000,1408,1253,155
41015,2001,1594,1183,411
41015,2002,1581,1151,430
41015,2003,1739,1229,510
41015,2004,1630,1245,385
41015,2005,1432,1345,87
41015,2006,1299,1281,18
41015,2007,1237,1268,-31
41015,2008,1271,1074,197
41015,2009,1197,1008,189
41015,2010,1282,1081,201
41017,1990,7784,4391,3393
41017,1991,7411,4648,2763
41017,1992,7707,4704,3003
41017,1993,7625,5062,2563
41017,1994,8032,5053,2979
41017,1995,7977,5319,2658
41017,1996,7785,5663,2122
41017,1997,8598,5602,2996
41017,1998,9629,5865,3764
41017,1999,9556,6147,3409
41017,2000,9087,6208,2879
41017,2001,9203,5919,3284
41017,2002,8789,6243,2546
41017,2003,9606,6246,3360
41017,2004,11321,6635,4686
41017,2005,12220,6934,5286
41017,2006,10176,7609,2567
41017,2007,10001,7481,2520
41017,2008,8076,8230,-154
41017,2009,7605,7549,56
41017,2010,8596,7182,1414
41019,1990,5100,4801,299
41019,1991,4794,4636,158
41019,1992,4859,4262,597
41019,1993,4647,4191,456
41019,1994,4910,3888,1022
41019,1995,4787,3991,796
41019,1996,4666,3980,686
41019,1997,4374,4222,152
41019,1998,4454,4472,-18
41019,1999,4462,4270,192
41019,2000,4167,4187,-20
41019,2001,4357,3659,698
41019,2002,4490,3565,925
41019,2003,4460,3606,854
41019,2004,5105,4127,978
41019,2005,4813,3936,877
41019,2006,4152,3929,223
41019,2007,4086,4039,47
41019,2008,3777,3884,-107
41019,2009,3563,3277,286
41019,2010,3533,3373,160
41021,1990,0,0,0
41021,1991,0,0,0
41021,1992,128,119,9
41021,1993,153,85,68
41021,1994,137,110,27
41021,1995,176,111,65
41021,1996,129,121,8
41021,1997,153,121,32
41021,1998,142,114,28
41021,1999,119,127,-8
41021,2000,88,109,-21
41021,2001,112,119,-7
41021,2002,82,134,-52
41021,2003,145,119,26
41021,2004,105,129,-24
41021,2005,107,122,-15
41021,2006,94,123,-29
41021,2007,166,107,59
41021,2008,116,150,-34
41021,2009,105,105,0
41021,2010,160,93,67
41023,1990,554,520,34
41023,1991,536,642,-106
41023,1992,573,543,30
41023,1993,495,504,-9
41023,1994,524,521,3
41023,1995,485,491,-6
41023,1996,408,421,-13
41023,1997,520,488,32
41023,1998,447,611,-164
41023,1999,413,526,-113
41023,2000,320,597,-277
41023,2001,381,431,-50
41023,2002,412,393,19
41023,2003,391,433,-42
41023,2004,406,421,-15
41023,2005,421,436,-15
41023,2006,352,434,-82
41023,2007,412,338,74
41023,2008,344,353,-9
41023,2009,297,251,46
41023,2010,331,315,16
41025,1990,480,554,-74
41025,1991,475,518,-43
41025,1992,441,457,-16
41025,1993,434,348,86
41025,1994,411,442,-31
41025,1995,426,491,-65
41025,1996,447,490,-43
41025,1997,575,419,156
41025,1998,556,483,73
41025,1999,462,471,-9
41025,2000,379,533,-154
41025,2001,417,491,-74
41025,2002,386,474,-88
41025,2003,357,449,-92
41025,2004,332,471,-139
41025,2005,418,398,20
41025,2006,400,413,-13
41025,2007,405,385,20
41025,2008,396,392,4
41025,2009,306,349,-43
41025,2010,336,350,-14
41027,1990,1087,1333,-246
41027,1991,1198,1047,151
41027,1992,1318,1210,108
41027,1993,1110,1131,-21
41027,1994,1278,1198,80
41027,1995,1277,1250,27
41027,1996,1093,1308,-215
41027,1997,1190,1212,-22
41027,1998,1112,1220,-108
41027,1999,1023,1152,-129
41027,2000,942,1223,-281
41027,2001,1069,1129,-60
41027,2002,912,1041,-129
41027,2003,1102,1061,41
41027,2004,951,1023,-72
41027,2005,1052,1144,-92
41027,2006,999,1115,-116
41027,2007,1007,940,67
41027,2008,1152,973,179
41027,2009,1149,887,262
41027,2010,950,1084,-134
41029,1990,8669,6453,2216
41029,1991,8761,6311,2450
41029,1992,8872,6276,2596
41029,1993,8987,6108,2879
41029,1994,8820,6468,2352
41029,1995,8579,6602,1977
41029,1996,8215,6663,1552
41029,1997,8414,6916,1498
41029,1998,8772,7085,1687
41029,1999,8532,7106,1426
41029,2000,8421,7112,1309
41029,2001,8709,6798,1911
41029,2002,9004,6621,2383
41029,2003,8639,7015,1624
41029,2004,8413,7063,1350
41029,2005,8353,7482,871
41029,2006,8233,6985,1248
41029,2007,8062,7163,899
41029,2008,7331,7195,136
41029,2009,6836,6296,540
41029,2010,7586,6793,793
41031,1990,968,864,104
41031,1991,894,815,79
41031,1992,919,889,30
41031,1993,1045,810,235
41031,1994,1086,915,171
41031,1995,876,911,-35
41031,1996,896,797,99
41031,1997,864,944,-80
41031,1998,856,978,-122
41031,1999,1053,932,121
41031,2000,978,838,140
41031,2001,932,922,10
41031,2002,781,813,-32
41031,2003,814,855,-41
41031,2004,1277,1200,77
41031,2005,1486,1264,222
41031,2006,1464,1109,355
41031,2007,1233,1362,-129
41031,2008,907,1368,-461
41031,2009,925,1168,-243
41031,2010,1032,1053,-21
41033,1990,4326,3065,1261
41033,1991,3930,3055,875
41033,1992,4402,2835,1567
41033,1993,4311,2700,1611
41033,1994,4510,3029,1481
41033,1995,3950,3098,852
41033,1996,3835,2856,979
41033,1997,3883,3013,870
41033,1998,3882,3215,667
41033,1999,3812,3213,599
41033,2000,3692,3046,646
41033,2001,3918,2738,1180
41033,2002,4008,2911,1097
41033,2003,4128,3175,953
41033,2004,4036,3129,907
41033,2005,4051,3187,864
41033,2006,3490,3163,327
41033,2007,3752,3074,678
41033,2008,3267,3204,63
41033,2009,3398,2758,640
41033,2010,3130,2860,270
41035,1990,3312,3369,-57
41035,1991,3252,3134,118
41035,1992,3496,2921,575
41035,1993,3483,3006,477
41035,1994,3440,3178,262
41035,1995,3459,2893,566
41035,1996,3317,3043,274
41035,1997,3212,3191,21
41035,1998,3046,3065,-19
41035,1999,3250,3067,183
41035,2000,3134,3148,-14
41035,2001,2941,3091,-150
41035,2002,3126,3010,116
41035,2003,2886,2897,-11
41035,2004,3369,2862,507
41035,2005,3361,2952,409
41035,2006,3084,2741,343
41035,2007,2929,3110,-181
41035,2008,2600,2969,-369
41035,2009,2439,2604,-165
41035,2010,2511,2663,-152
41037,1990,535,609,-74
41037,1991,553,455,98
41037,1992,495,574,-79
41037,1993,468,433,35
41037,1994,508,485,23
41037,1995,463,516,-53
41037,1996,423,459,-36
41037,1997,474,582,-108
41037,1998,495,481,14
41037,1999,451,476,-25
41037,2000,479,421,58
41037,2001,403,432,-29
41037,2002,507,469,38
41037,2003,441,480,-39
41037,2004,423,447,-24
41037,2005,594,388,206
41037,2006,456,420,36
41037,2007,458,399,59
41037,2008,351,403,-52
41037,2009,306,334,-28
41037,2010,426,332,94
41039,1990,14240,12909,1331
41039,1991,14255,12773,1482
41039,1992,14438,11937,2501
41039,1993,14140,12002,2138
41039,1994,14389,12027,2362
41039,1995,13842,11976,1866
41039,1996,14937,12190,2747
41039,1997,13772,12757,1015
41039,1998,13921,13505,416
41039,1999,13543,13610,-67
41039,2000,13025,13289,-264
41039,2001,13379,12441,938
41039,2002,13304,11863,1441
41039,2003,12494,12514,-20
41039,2004,13640,12157,1483
41039,2005,14040,12445,1595
41039,2006,13175,12370,805
41039,2007,13584,12558,1026
41039,2008,12405,12001,404
41039,2009,10836,11300,-464
41039,2010,11370,11538,-168
41041,1990,3117,2360,757
41041,1991,3138,2504,634
41041,1992,3435,2350,1085
41041,1993,3323,2361,962
41041,1994,3391,2486,905
41041,1995,3309,2699,610
41041,1996,3246,2613,633
41041,1997,3038,2992,46
41041,1998,2890,3038,-148
41041,1999,2602,3026,-424
41041,2000,2641,2787,-146
41041,2001,2851,2481,370
41041,2002,2728,2511,217
41041,2003,2807,2488,319
41041,2004,2905,2434,471
41041,2005,2726,2524,202
41041,2006,2733,2471,262
41041,2007,2434,2388,46
41041,2008,2506,2402,104
41041,2009,2335,2177,158
41041,2010,2370,2270,100
41043,1990,5643,4711,932
41043,1991,5313,4654,659
41043,1992,5665,4611,1054
41043,1993,5629,4616,1013
41043,1994,5828,4384,1444
41043,1995,5818,4519,1299
41043,1996,5678,4727,951
41043,1997,5421,5133,288
41043,1998,5454,5203,251
41043,1999,4776,5535,-759
41043,2000,5185,4988,197
41043,2001,5395,4888,507
41043,2002,5857,4667,1190
41043,2003,5424,5080,344
41043,2004,6027,5151,876
41043,2005,6662,5058,1604
41043,2006,6451,5082,1369
41043,2007,6540,5213,1327
41043,2008,5761,5340,421
41043,2009,5167,4855,312
41043,2010,5416,4862,554
41045,1990,1865,1648,217
41045,1991,1888,1912,-24
41045,1992,1829,1778,51
41045,1993,1643,1773,-130
41045,1994,1768,1680,88
41045,1995,1771,1761,10
41045,1996,1649,1740,-91
41045,1997,1657,1712,-55
41045,1998,1563,1878,-315
41045,1999,1480,1968,-488
41045,2000,1420,1757,-337
41045,2001,1348,1719,-371
41045,2002,1325,1580,-255
41045,2003,1287,1536,-249
41045,2004,1293,1498,-205
41045,2005,1378,1634,-256
41045,2006,1373,1440,-67
41045,2007,1267,1531,-264
41045,2008,1251,1528,-277
41045,2009,1161,1300,-139
41045,2010,1124,1485,-361
41047,1990,14744,11655,3089
41047,1991,14569,11580,2989
41047,1992,15211,11608,3603
41047,1993,14289,12239,2050
41047,1994,14312,12113,2199
41047,1995,14045,12434,1611
41047,1996,13946,12466,1480
41047,1997,13862,13230,632
41047,1998,14090,13653,437
41047,1999,12877,13646,-769
41047,2000,12944,13533,-589
41047,2001,12980,12117,863
41047,2002,12677,12783,-106
41047,2003,12381,12907,-526
41047,2004,13330,13231,99
41047,2005,14610,13124,1486
41047,2006,13507,13231,276
41047,2007,13404,12971,433
41047,2008,12873,12051,822
41047,2009,11755,11758,-3
41047,2010,12004,12078,-74
41049,1990,787,543,244
41049,1991,621,604,17
41049,1992,750,526,224
41049,1993,657,622,35
41049,1994,753,637,116
41049,1995,749,686,63
41049,1996,773,589,184
41049,1997,819,635,184
41049,1998,956,621,335
41049,1999,919,808,111
41049,2000,819,776,43
41049,2001,849,680,169
41049,2002,715,823,-108
41049,2003,738,767,-29
41049,2004,634,754,-120
41049,2005,713,746,-33
41049,2006,570,755,-185
41049,2007,718,822,-104
41049,2008,774,639,135
41049,2009,731,654,77
41049,2010,614,722,-108
41051,1990,36172,33092,3080
41051,1991,34493,34222,271
41051,1992,35406,34323,1083
41051,1993,34832,36163,-1331
41051,1994,35318,36113,-795
41051,1995,36386,34504,1882
41051,1996,36852,37683,-831
41051,1997,37457,40049,-2592
41051,1998,38145,40778,-2633
41051,1999,36936,41171,-4235
41051,2000,37432,37955,-523
41051,2001,36573,37705,-1132
41051,2002,34273,38517,-4244
41051,2003,31681,42338,-10657
41051,2004,34106,38560,-4454
41051,2005,37742,37402,340
41051,2006,38126,34525,3601
41051,2007,39444,35090,4354
41051,2008,37737,34278,3459
41051,2009,34860,35205,-345
41051,2010,36732,35074,1658
41053,1990,4381,3501,880
41053,1991,4381,3582,799
41053,1992,4280,3588,692
41053,1993,4593,3594,999
41053,1994,4424,3865,559
41053,1995,4557,3918,639
41053,1996,4861,3887,974
41053,1997,4957,3997,960
41053,1998,4945,4408,537
41053,1999,4694,4253,441
41053,2000,4665,4299,366
41053,2001,4620,4208,412
41053,2002,4839,4152,687
41053,2003,4830,4099,731
41053,2004,5452,3976,1476
41053,2005,5930,4251,1679
41053,2006,5688,4161,1527
41053,2007,5255,4406,849
41053,2008,4757,4489,268
41053,2009,4655,4309,346
41053,2010,4428,4497,-69
41055,1990,0,120,-120
41055,1991,116,0,116
41055,1992,120,109,11
41055,1993,110,118,-8
41055,1994,146,107,39
41055,1995,118,200,-82
41055,1996,109,98,11
41055,1997,113,108,5
41055,1998,119,108,11
41055,1999,86,141,-55
41055,2000,81,130,-49
41055,2001,89,133,-44
41055,2002,95,102,-7
41055,2003,74,129,-55
41055,2004,119,97,22
41055,2005,97,108,-11
41055,2006,111,84,27
41055,2007,105,90,15
41055,2008,148,92,56
41055,2009,125,85,40
41055,2010,101,134,-33
41057,1990,1449,1087,362
41057,1991,1358,1132,226
41057,1992,1467,1010,457
41057,1993,1355,1018,337
41057,1994,1573,1118,455
41057,1995,1488,1125,363
41057,1996,1498,1243,255
41057,1997,1433,1340,93
41057,1998,1380,1221,159
41057,1999,1382,1401,-19
41057,2000,1350,1142,208
41057,2001,1254,1190,64
41057,2002,1339,1195,144
41057,2003,1375,1210,165
41057,2004,1429,1195,234
41057,2005,1466,1302,164
41057,2006,1189,1187,2
41057,2007,1264,1259,5
41057,2008,1211,1187,24
41057,2009,1086,1048,38
41057,2010,1103,947,156
41059,1990,3638,3530,108
41059,1991,3642,3196,446
41059,1992,3795,3366,429
41059,1993,3515,3282,233
41059,1994,3578,3410,168
41059,1995,3365,3616,-251
41059,1996,3052,3469,-417
41059,1997,3634,3306,328
41059,1998,3890,3491,399
41059,1999,3404,3607,-203
41059,2000,3212,3805,-593
41059,2001,3456,3319,137
41059,2002,3544,3498,46
41059,2003,3132,3411,-279
41059,2004,3280,3585,-305
41059,2005,3237,3683,-446
41059,2006,3221,3453,-232
41059,2007,3429,3572,-143
41059,2008,3252,3088,164
41059,2009,3237,2978,259
41059,2010,3230,2878,352
41061,1990,1576,1389,187
41061,1991,1394,1320,74
41061,1992,1769,1286,483
41061,1993,1542,1413,129
41061,1994,1451,1484,-33
41061,1995,1379,1454,-75
41061,1996,1373,1409,-36
41061,1997,1344,1550,-206
41061,1998,1400,1535,-135
41061,1999,1307,1355,-48
41061,2000,1263,1507,-244
41061,2001,1354,1357,-3
41061,2002,1206,1235,-29
41061,2003,1226,1383,-157
41061,2004,1262,1291,-29
41061,2005,1203,1353,-150
41061,2006,1339,1212,127
41061,2007,1326,1314,12
41061,2008,1118,1305,-187
41061,2009,1054,1025,29
41061,2010,1084,1116,-32
41063,1990,557,402,155
41063,1991,526,418,108
41063,1992,495,355,140
41063,1993,454,416,38
41063,1994,459,416,43
41063,1995,404,402,2
41063,1996,399,406,-7
41063,1997,301,399,-98
41063,1998,367,419,-52
41063,1999,442,424,18
41063,2000,398,426,-28
41063,2001,333,410,-77
41063,2002,377,372,5
41063,2003,293,378,-85
41063,2004,372,344,28
41063,2005,339,362,-23
41063,2006,314,285,29
41063,2007,357,301,56
41063,2008,384,328,56
41063,2009,294,223,71
41063,2010,290,293,-3
41065,1990,1503,1279,224
41065,1991,1324,1208,116
41065,1992,1276,1250,26
41065,1993,1273,1113,160
41065,1994,1393,1286,107
41065,1995,1278,1214,64
41065,1996,1266,1173,93
41065,1997,1327,1418,-91
41065,1998,1440,1307,133
41065,1999,1314,1268,46
41065,2000,1292,1392,-100
41065,2001,1199,1375,-176
41065,2002,1157,1170,-13
41065,2003,1077,1190,-113
41065,2004,1209,1179,30
41065,2005,1278,1160,118
41065,2006,1247,1179,68
41065,2007,1251,1247,4
41065,2008,1280,1129,151
41065,2009,1164,1038,126
41065,2010,1139,1125,14
41067,1990,27846,20862,6984
41067,1991,27015,21435,5580
41067,1992,28052,22296,5756
41067,1993,27888,23332,4556
41067,1994,28840,23482,5358
41067,1995,28748,23867,4881
41067,1996,29243,26402,2841
41067,1997,29564,27139,2425
41067,1998,29436,27569,1867
41067,1999,29737,27004,2733
41067,2000,31717,27341,4376
41067,2001,28432,27600,832
41067,2002,26803,27217,-414
41067,2003,27183,27481,-298
41067,2004,30323,26574,3749
41067,2005,32170,27830,4340
41067,2006,28771,28187,584
41067,2007,29103,27933,1170
41067,2008,28693,26347,2346
41067,2009,25547,25245,302
41067,2010,27129,25611,1518
41069,1990,116,0,116
41069,1991,115,0,115
41069,1992,153,76,77
41069,1993,133,66,67
41069,1994,96,102,-6
41069,1995,152,75,77
41069,1996,117,135,-18
41069,1997,107,140,-33
41069,1998,105,102,3
41069,1999,73,77,-4
41069,2000,84,105,-21
41069,2001,113,79,34
41069,2002,90,98,-8
41069,2003,81,103,-22
41069,2004,71,70,1
41069,2005,86,75,11
41069,2006,104,82,22
41069,2007,85,76,9
41069,2008,125,99,26
41069,2009,96,73,23
41069,2010,73,74,-1
41071,1990,4519,3603,916
41071,1991,4469,3522,947
41071,1992,4462,3469,993
41071,1993,4661,3672,989
41071,1994,5058,3498,1560
41071,1995,5090,3712,1378
41071,1996,4913,3903,1010
41071,1997,5297,4070,1227
41071,1998,5031,4386,645
41071,1999,4403,4311,92
41071,2000,4398,4172,226
41071,2001,4419,3934,485
41071,2002,4402,3907,495
41071,2003,4562,4198,364
41071,2004,4926,4298,628
41071,2005,5657,4241,1416
41071,2006,5706,4138,1568
41071,2007,5237,4360,877
41071,2008,4352,4120,232
41071,2009,4267,4073,194
41071,2010,4041,3916,125
42001,1990,4142,3244,898
42001,1991,3812,3301,511
42001,1992,3982,3299,683
42001,1993,3906,3379,527
42001,1994,3855,3458,397
42001,1995,3966,3316,650
42001,1996,4461,3620,841
42001,1997,4263,3479,784
42001,1998,4549,3820,729
42001,1999,4558,3786,772
42001,2000,4622,3851,771
42001,2001,5262,3916,1346
42001,2002,5617,3868,1749
42001,2003,5795,4069,1726
42001,2004,4622,3552,1070
42001,2005,4827,3945,882
42001,2006,4219,3892,327
42001,2007,4234,3894,340
42001,2008,3691,3684,7
42001,2009,3629,3501,128
42001,2010,3644,3682,-38
42003,1990,31946,35458,-3512
42003,1991,31494,34332,-2838
42003,1992,30922,35780,-4858
42003,1993,28465,36366,-7901
42003,1994,27360,37822,-10462
42003,1995,26301,34795,-8494
42003,1996,27281,36032,-8751
42003,1997,26960,36308,-9348
42003,1998,28724,36358,-7634
42003,1999,28944,36369,-7425
42003,2000,30076,35566,-5490
42003,2001,29142,34000,-4858
42003,2002,28240,34476,-6236
42003,2003,27126,34882,-7756
42003,2004,25918,35795,-9877
42003,2005,27756,35283,-7527
42003,2006,28522,32847,-4325
42003,2007,30099,33163,-3064
42003,2008,31191,30505,686
42003,2009,28800,29767,-967
42003,2010,30807,30561,246
42005,1990,2691,2384,307
42005,1991,2379,2378,1
42005,1992,2585,2207,378
42005,1993,2405,2332,73
42005,1994,2358,2526,-168
42005,1995,2039,2257,-218
42005,1996,2311,2488,-177
42005,1997,2372,2410,-38
42005,1998,2238,2461,-223
42005,1999,2289,2401,-112
42005,2000,2365,2440,-75
42005,2001,2270,2298,-28
42005,2002,2342,2227,115
42005,2003,2346,2360,-14
42005,2004,1836,2358,-522
42005,2005,1917,2169,-252
42005,2006,1980,2081,-101
42005,2007,1968,1995,-27
42005,2008,1807,2053,-246
42005,2009,1777,1869,-92
42005,2010,1789,2002,-213
42007,1990,5905,5508,397
42007,1991,6025,5234,791
42007,1992,5879,5346,533
42007,1993,5105,5523,-418
42007,1994,5241,5474,-233
42007,1995,4455,4838,-383
42007,1996,4682,5252,-570
42007,1997,4496,5158,-662
42007,1998,4610,5580,-970
42007,1999,4627,5435,-808
42007,2000,4526,5217,-691
42007,2001,4584,4986,-402
42007,2002,4754,4729,25
42007,2003,4662,4900,-238
42007,2004,4620,5090,-470
42007,2005,4694,5348,-654
42007,2006,4545,4854,-309
42007,2007,4741,4807,-66
42007,2008,4508,4647,-139
42007,2009,4632,4161,471
42007,2010,4559,4399,160
42009,1990,1465,1299,166
42009,1991,1392,1180,212
42009,1992,1375,1106,269
42009,1993,1314,1204,110
42009,1994,1358,1312,46
42009,1995,1203,1109,94
42009,1996,1287,1334,-47
42009,1997,1397,1324,73
42009,1998,1514,1328,186
42009,1999,1511,1389,122
42009,2000,1327,1458,-131
42009,2001,1303,1341,-38
42009,2002,1379,1281,98
42009,2003,1444,1356,88
42009,2004,1316,1307,9
42009,2005,1347,1172,175
42009,2006,1290,1254,36
42009,2007,1438,1180,258
42009,2008,1179,1281,-102
42009,2009,1153,1262,-109
42009,2010,1142,1106,36
42011,1990,10499,8996,1503
42011,1991,9747,9214,533
42011,1992,9978,8723,1255
42011,1993,9599,8884,715
42011,1994,9675,9569,106
42011,1995,9660,9064,596
42011,1996,10433,9521,912
42011,1997,10352,9237,1115
42011,1998,11144,9741,1403
42011,1999,11379,10113,1266
42011,2000,11896,10328,1568
42011,2001,12708,10493,2215
42011,2002,13122,10731,2391
42011,2003,13709,10786,2923
42011,2004,13445,10967,2478
42011,2005,13984,11176,2808
42011,2006,12613,11536,1077
42011,2007,12082,12060,22
42011,2008,11238,11341,-103
42011,2009,10528,10398,130
42011,2010,10111,11257,-1146
42013,1990,3412,2992,420
42013,1991,3039,2779,260
42013,1992,3313,2814,499
42013,1993,3111,2809,302
42013,1994,2910,3095,-185
42013,1995,2623,3054,-431
42013,1996,2719,3027,-308
42013,1997,2874,3031,-157
42013,1998,2782,3189,-407
42013,1999,2784,3245,-461
42013,2000,2787,3133,-346
42013,2001,2566,3179,-613
42013,2002,2659,2840,-181
42013,2003,2675,2757,-82
42013,2004,2650,2988,-338
42013,2005,2836,2819,17
42013,2006,2773,2729,44
42013,2007,2741,2873,-132
42013,2008,2698,2633,65
42013,2009,2494,2532,-38
42013,2010,2648,2485,163
42015,1990,2022,2036,-14
42015,1991,2090,1993,97
42015,1992,1981,2011,-30
42015,1993,1853,2026,-173
42015,1994,2154,2067,87
42015,1995,1954,1833,121
42015,1996,1900,2010,-110
42015,1997,1932,1997,-65
42015,1998,1789,2138,-349
42015,1999,1891,1952,-61
42015,2000,1952,2053,-101
42015,2001,1901,1958,-57
42015,2002,1804,1971,-167
42015,2003,1756,1915,-159
42015,2004,1836,1878,-42
42015,2005,1761,1958,-197
42015,2006,1671,1760,-89
42015,2007,1719,1935,-216
42015,2008,1756,1864,-108
42015,2009,1696,1680,16
42015,2010,2083,1775,308
42017,1990,25045,23765,1280
42017,1991,24238,23659,579
42017,1992,25324,23261,2063
42017,1993,25114,22518,2596
42017,1994,25446,23748,1698
42017,1995,26254,24251,2003
42017,1996,24946,25159,-213
42017,1997,26280,24252,2028
42017,1998,28302,25430,2872
42017,1999,28047,25600,2447
42017,2000,26515,25345,1170
42017,2001,26938,24922,2016
42017,2002,26313,25773,540
42017,2003,26470,25112,1358
42017,2004,25232,24322,910
42017,2005,25199,24614,585
42017,2006,22694,23314,-620
42017,2007,22774,22871,-97
42017,2008,20389,20573,-184
42017,2009,19475,20170,-695
42017,2010,19819,19839,-20
42019,1990,6404,5035,1369
42019,1991,6422,5269,1153
42019,1992,7376,5215,2161
42019,1993,6909,5446,1463
42019,1994,5228,8152,-2924
42019,1995,6954,5382,1572
42019,1996,6687,5669,1018
42019,1997,7002,5787,1215
42019,1998,7219,6032,1187
42019,1999,7235,6098,1137
42019,2000,7224,6090,1134
42019,2001,7284,5939,1345
42019,2002,6754,5889,865
42019,2003,6687,6337,350
42019,2004,7107,6440,667
42019,2005,7133,6210,923
42019,2006,6575,6098,477
42019,2007,7027,6260,767
42019,2008,6441,6034,407
42019,2009,6289,5701,588
42019,2010,6399,5752,647
42021,1990,3429,3793,-364
42021,1991,3497,3631,-134
42021,1992,3359,3626,-267
42021,1993,3275,3724,-449
42021,1994,3433,3866,-433
42021,1995,3089,3937,-848
42021,1996,3247,3897,-650
42021,1997,3000,3856,-856
42021,1998,2976,3963,-987
42021,1999,3054,4042,-988
42021,2000,3117,3890,-773
42021,2001,3253,3653,-400
42021,2002,3164,3520,-356
42021,2003,3202,3711,-509
42021,2004,3264,3505,-241
42021,2005,3348,3685,-337
42021,2006,3002,3451,-449
42021,2007,3259,3473,-214
42021,2008,3210,3394,-184
42021,2009,2776,3046,-270
42021,2010,2940,3237,-297
42023,1990,0,228,-228
42023,1991,0,180,-180
42023,1992,227,210,17
42023,1993,191,173,18
42023,1994,152,187,-35
42023,1995,174,186,-12
42023,1996,147,160,-13
42023,1997,150,184,-34
42023,1998,165,162,3
42023,1999,128,207,-79
42023,2000,150,181,-31
42023,2001,160,181,-21
42023,2002,157,211,-54
42023,2003,152,244,-92
42023,2004,151,194,-43
42023,2005,144,231,-87
42023,2006,138,172,-34
42023,2007,158,183,-25
42023,2008,143,187,-44
42023,2009,131,155,-24
42023,2010,120,153,-33
42025,1990,2309,1791,518
42025,1991,2364,1927,437
42025,1992,2260,1685,575
42025,1993,2097,1725,372
42025,1994,2292,1955,337
42025,1995,2138,1899,239
42025,1996,2348,1946,402
42025,1997,2130,1963,167
42025,1998,2382,2044,338
42025,1999,2407,2145,262
42025,2000,2663,2070,593
42025,2001,2912,2224,688
42025,2002,2971,2283,688
42025,2003,3222,2320,902
42025,2004,3181,2197,984
42025,2005,3193,2420,773
42025,2006,3272,2161,1111
42025,2007,2833,2332,501
42025,2008,2715,2376,339
42025,2009,2440,2252,188
42025,2010,2479,2339,140
42027,1990,4908,4844,64
42027,1991,5202,4975,227
42027,1992,5534,4892,642
42027,1993,5037,5139,-102
42027,1994,5594,5524,70
42027,1995,5598,5367,231
42027,1996,5533,5571,-38
42027,1997,5259,5802,-543
42027,1998,5601,5887,-286
42027,1999,5563,5752,-189
42027,2000,5923,5771,152
42027,2001,5962,5624,338
42027,2002,5480,5150,330
42027,2003,5458,5327,131
42027,2004,5594,5499,95
42027,2005,5781,5603,178
42027,2006,5331,5481,-150
42027,2007,5639,5445,194
42027,2008,5573,5529,44
42027,2009,4513,5009,-496
42027,2010,4556,5240,-684
42029,1990,18815,17706,1109
42029,1991,18650,17520,1130
42029,1992,19730,17688,2042
42029,1993,19498,17804,1694
42029,1994,19854,19198,656
42029,1995,20395,17961,2434
42029,1996,21606,18670,2936
42029,1997,22215,19441,2774
42029,1998,24082,19428,4654
42029,1999,23773,19408,4365
42029,2000,22054,19640,2414
42029,2001,22809,19396,3413
42029,2002,23011,18975,4036
42029,2003,22961,19269,3692
42029,2004,22709,19166,3543
42029,2005,22876,19038,3838
42029,2006,21731,18615,3116
42029,2007,20780,18791,1989
42029,2008,19052,17684,1368
42029,2009,17526,17251,275
42029,2010,17689,17268,421
42031,1990,1282,1308,-26
42031,1991,1404,1208,196
42031,1992,1286,1377,-91
42031,1993,1381,1287,94
42031,1994,2581,1360,1221
42031,1995,1099,1207,-108
42031,1996,1126,1416,-290
42031,1997,1164,1178,-14
42031,1998,1248,1333,-85
42031,1999,1287,1321,-34
42031,2000,1276,1342,-66
42031,2001,1176,1328,-152
42031,2002,1250,1208,42
42031,2003,1105,1270,-165
42031,2004,1385,1184,201
42031,2005,1351,1288,63
42031,2006,1171,1336,-165
42031,2007,1243,1273,-30
42031,2008,1136,1215,-79
42031,2009,999,1092,-93
42031,2010,1154,1109,45
42033,1990,2236,2321,-85
42033,1991,2251,2123,128
42033,1992,2313,2019,294
42033,1993,2537,2005,532
42033,1994,2567,2356,211
42033,1995,2254,2234,20
42033,1996,2264,2391,-127
42033,1997,2228,2390,-162
42033,1998,2435,2330,105
42033,1999,2386,2368,18
42033,2000,2178,2495,-317
42033,2001,2385,2261,124
42033,2002,2224,2366,-142
42033,2003,2209,2216,-7
42033,2004,2201,2226,-25
42033,2005,2171,2282,-111
42033,2006,2051,2288,-237
42033,2007,2240,2152,88
42033,2008,2177,2146,31
42033,2009,2201,2042,159
42033,2010,2062,2093,-31
42035,1990,1104,1160,-56
42035,1991,1230,1027,203
42035,1992,1277,1130,147
42035,1993,1124,1114,10
42035,1994,1237,1289,-52
42035,1995,1105,1176,-71
42035,1996,1060,1182,-122
42035,1997,1088,1060,28
42035,1998,1036,1179,-143
42035,1999,1167,1190,-23
42035,2000,1073,1244,-171
42035,2001,1149,1312,-163
42035,2002,1097,1188,-91
42035,2003,1209,1200,9
42035,2004,1305,1234,71
42035,2005,1229,1201,28
42035,2006,1107,1109,-2
42035,2007,1158,1319,-161
42035,2008,1088,1213,-125
42035,2009,1047,1092,-45
42035,2010,1189,1008,181
42037,1990,2184,1919,265
42037,1991,2049,2050,-1
42037,1992,2051,1967,84
42037,1993,1887,1971,-84
42037,1994,2049,1882,167
42037,1995,2076,2167,-91
42037,1996,2031,2230,-199
42037,1997,1988,2068,-80
42037,1998,2129,2213,-84
42037,1999,2079,2206,-127
42037,2000,2155,2108,47
42037,2001,2132,2068,64
42037,2002,2309,1994,315
42037,2003,2251,2004,247
42037,2004,2060,1968,92
42037,2005,2240,1994,246
42037,2006,2093,1917,176
42037,2007,2112,1943,169
42037,2008,2044,1948,96
42037,2009,1808,1791,17
42037,2010,1881,1996,-115
42039,1990,2597,2573,24
42039,1991,2654,2654,0
42039,1992,2877,2484,393
42039,1993,2710,2466,244
42039,1994,3023,2531,492
42039,1995,2677,2857,-180
42039,1996,2777,2840,-63
42039,1997,2766,2837,-71
42039,1998,2702,2888,-186
42039,1999,2842,2810,32
42039,2000,2608,2852,-244
42039,2001,2644,2925,-281
42039,2002,2629,2761,-132
42039,2003,2455,2785,-330
42039,2004,2411,2734,-323
42039,2005,2574,2688,-114
42039,2006,2440,2660,-220
42039,2007,2491,2822,-331
42039,2008,2531,2500,31
42039,2009,2168,2408,-240
42039,2010,2144,2329,-185
42041,1990,10937,9828,1109
42041,1991,10539,9480,1059
42041,1992,11050,9949,1101
42041,1993,10922,10040,882
42041,1994,10486,10196,290
42041,1995,10831,10037,794
42041,1996,10643,10587,56
42041,1997,10582,10170,412
42041,1998,10698,10336,362
42041,1999,11026,10920,106
42041,2000,10998,10320,678
42041,2001,11672,10320,1352
42041,2002,11465,10062,1403
42041,2003,11301,10062,1239
42041,2004,11082,9918,1164
42041,2005,12031,9697,2334
42041,2006,11595,10096,1499
42041,2007,11400,10198,1202
42041,2008,11237,9866,1371
42041,2009,10458,9494,964
42041,2010,10338,9912,426
42043,1990,9794,9816,-22
42043,1991,9877,9999,-122
42043,1992,10503,10293,210
42043,1993,10015,9855,160
42043,1994,9476,10372,-896
42043,1995,9775,10189,-414
42043,1996,9504,10506,-1002
42043,1997,9773,10803,-1030
42043,1998,10091,10973,-882
42043,1999,10126,11430,-1304
42043,2000,9962,11137,-1175
42043,2001,10721,10666,55
42043,2002,10342,10783,-441
42043,2003,9864,10953,-1089
42043,2004,10390,10780,-390
42043,2005,11228,11133,95
42043,2006,11062,10488,574
42043,2007,11024,11237,-213
42043,2008,10429,11345,-916
42043,2009,9736,10808,-1072
42043,2010,10194,10878,-684
42045,1990,17596,20176,-2580
42045,1991,17432,20249,-2817
42045,1992,17789,20681,-2892
42045,1993,17531,20611,-3080
42045,1994,18529,21078,-2549
42045,1995,17775,19650,-1875
42045,1996,15951,20473,-4522
42045,1997,18270,20282,-2012
42045,1998,19341,21429,-2088
42045,1999,19747,21761,-2014
42045,2000,19736,21184,-1448
42045,2001,20069,21516,-1447
42045,2002,19586,21012,-1426
42045,2003,19618,21545,-1927
42045,2004,20433,21476,-1043
42045,2005,20553,21366,-813
42045,2006,20346,20512,-166
42045,2007,19594,20778,-1184
42045,2008,18758,19088,-330
42045,2009,17374,18740,-1366
42045,2010,17343,18898,-1555
42047,1990,831,803,28
42047,1991,871,770,101
42047,1992,939,749,190
42047,1993,798,950,-152
42047,1994,901,959,-58
42047,1995,797,750,47
42047,1996,649,897,-248
42047,1997,599,859,-260
42047,1998,590,870,-280
42047,1999,625,932,-307
42047,2000,620,805,-185
42047,2001,552,868,-316
42047,2002,636,831,-195
42047,2003,616,724,-108
42047,2004,591,863,-272
42047,2005,645,787,-142
42047,2006,649,716,-67
42047,2007,581,738,-157
42047,2008,604,680,-76
42047,2009,538,673,-135
42047,2010,723,637,86
42049,1990,6123,6067,56
42049,1991,6289,6295,-6
42049,1992,5678,6327,-649
42049,1993,5773,6272,-499
42049,1994,5547,6935,-1388
42049,1995,5490,6683,-1193
42049,1996,5518,6921,-1403
42049,1997,5195,7214,-2019
42049,1998,5578,7399,-1821
42049,1999,5593,7267,-1674
42049,2000,5520,6888,-1368
42049,2001,5515,6919,-1404
42049,2002,5388,6700,-1312
42049,2003,5167,6886,-1719
42049,2004,5518,6802,-1284
42049,2005,5785,6913,-1128
42049,2006,5640,6804,-1164
42049,2007,6016,6792,-776
42049,2008,5992,6288,-296
42049,2009,5252,5698,-446
42049,2010,5650,6170,-520
42051,1990,3645,3200,445
42051,1991,3493,3212,281
42051,1992,3394,2991,403
42051,1993,3294,3163,131
42051,1994,3288,3207,81
42051,1995,3214,3342,-128
42051,1996,3187,3556,-369
42051,1997,3274,3474,-200
42051,1998,3510,3625,-115
42051,1999,3330,3562,-232
42051,2000,3030,3739,-709
42051,2001,3260,3343,-83
42051,2002,3232,3381,-149
42051,2003,3145,3396,-251
42051,2004,2885,3107,-222
42051,2005,2936,3000,-64
42051,2006,3052,3053,-1
42051,2007,3030,3115,-85
42051,2008,3031,3131,-100
42051,2009,2871,2740,131
42051,2010,2844,2778,66
42053,1990,264,266,-2
42053,1991,256,210,46
42053,1992,253,216,37
42053,1993,279,272,7
42053,1994,290,200,90
42053,1995,221,204,17
42053,1996,276,237,39
42053,1997,254,217,37
42053,1998,228,200,28
42053,1999,282,243,39
42053,2000,240,227,13
42053,2001,232,243,-11
42053,2002,266,232,34
42053,2003,308,202,106
42053,2004,248,226,22
42053,2005,262,227,35
42053,2006,224,248,-24
42053,2007,229,252,-23
42053,2008,257,229,28
42053,2009,195,186,9
42053,2010,259,288,-29
42055,1990,4765,3745,1020
42055,1991,4692,3835,857
42055,1992,4654,3853,801
42055,1993,4358,3717,641
42055,1994,4553,4024,529
42055,1995,4080,3820,260
42055,1996,4375,4021,354
42055,1997,3954,3745,209
42055,1998,4062,3976,86
42055,1999,4339,4014,325
42055,2000,4211,3934,277
42055,2001,4478,3771,707
42055,2002,4467,3614,853
42055,2003,5121,3679,1442
42055,2004,5871,3723,2148
42055,2005,6322,4326,1996
42055,2006,5619,4418,1201
42055,2007,5493,4490,1003
42055,2008,4991,4375,616
42055,2009,4511,4186,325
42055,2010,4556,4192,364
42057,1990,550,446,104
42057,1991,521,457,64
42057,1992,492,469,23
42057,1993,482,413,69
42057,1994,500,463,37
42057,1995,435,424,11
42057,1996,554,432,122
42057,1997,464,502,-38
42057,1998,533,490,43
42057,1999,489,541,-52
42057,2000,432,459,-27
42057,2001,495,452,43
42057,2002,542,403,139
42057,2003,495,492,3
42057,2004,500,450,50
42057,2005,587,511,76
42057,2006,602,448,154
42057,2007,496,560,-64
42057,2008,446,496,-50
42057,2009,478,468,10
42057,2010,429,484,-55
42059,1990,1101,1083,18
42059,1991,1288,1097,191
42059,1992,1210,1059,151
42059,1993,1207,1037,170
42059,1994,1288,1074,214
42059,1995,1147,1061,86
42059,1996,1049,1111,-62
42059,1997,1234,1128,106
42059,1998,1099,1182,-83
42059,1999,1222,1219,3
42059,2000,1116,1250,-134
42059,2001,1187,1185,2
42059,2002,1115,1143,-28
42059,2003,1089,1115,-26
42059,2004,1000,1076,-76
42059,2005,1124,1128,-4
42059,2006,1070,1069,1
42059,2007,1121,1065,56
42059,2008,1093,1151,-58
42059,2009,1023,1026,-3
42059,2010,947,1046,-99
42061,1990,1280,1297,-17
42061,1991,1145,1256,-111
42061,1992,1293,1284,9
42061,1993,1260,1267,-7
42061,1994,1488,1321,167
42061,1995,1244,1118,126
42061,1996,1233,1292,-59
42061,1997,1169,1262,-93
42061,1998,1263,1289,-26
42061,1999,1218,1226,-8
42061,2000,1245,1263,-18
42061,2001,1239,1192,47
42061,2002,1063,1098,-35
42061,2003,1169,1231,-62
42061,2004,1246,1231,15
42061,2005,1226,1249,-23
42061,2006,1244,1103,141
42061,2007,1195,1149,46
42061,2008,1132,1104,28
42061,2009,1094,1067,27
42061,2010,983,1128,-145
42063,1990,2548,2500,48
42063,1991,2765,2641,124
42063,1992,2584,2661,-77
42063,1993,2387,2574,-187
42063,1994,2651,2730,-79
42063,1995,2443,2610,-167
42063,1996,2344,2867,-523
42063,1997,2296,2859,-563
42063,1998,2461,2798,-337
42063,1999,2643,2850,-207
42063,2000,2517,2828,-311
42063,2001,2480,2721,-241
42063,2002,2574,2512,62
42063,2003,2529,2750,-221
42063,2004,2382,2579,-197
42063,2005,2381,2631,-250
42063,2006,2403,2569,-166
42063,2007,2361,2643,-282
42063,2008,2462,2480,-18
42063,2009,2150,2364,-214
42063,2010,2229,2558,-329
42065,1990,1460,1368,92
42065,1991,1421,1502,-81
42065,1992,1633,1366,267
42065,1993,1545,1458,87
42065,1994,1532,1601,-69
42065,1995,1408,1408,0
42065,1996,1406,1486,-80
42065,1997,1264,1473,-209
42065,1998,1423,1450,-27
42065,1999,1520,1557,-37
42065,2000,1469,1534,-65
42065,2001,1520,1581,-61
42065,2002,1549,1410,139
42065,2003,1451,1513,-62
42065,2004,1531,1589,-58
42065,2005,1575,1559,16
42065,2006,1547,1541,6
42065,2007,1461,1453,8
42065,2008,1397,1565,-168
42065,2009,1347,1217,130
42065,2010,1369,1520,-151
42067,1990,718,635,83
42067,1991,698,577,121
42067,1992,764,540,224
42067,1993,634,651,-17
42067,1994,740,618,122
42067,1995,608,541,67
42067,1996,706,589,117
42067,1997,752,623,129
42067,1998,701,640,61
42067,1999,673,565,108
42067,2000,610,745,-135
42067,2001,653,634,19
42067,2002,724,596,128
42067,2003,780,694,86
42067,2004,735,671,64
42067,2005,741,707,34
42067,2006,663,677,-14
42067,2007,720,702,18
42067,2008,667,598,69
42067,2009,611,602,9
42067,2010,589,598,-9
42069,1990,4474,4480,-6
42069,1991,4168,4408,-240
42069,1992,4164,4579,-415
42069,1993,4159,4494,-335
42069,1994,4519,4705,-186
42069,1995,3912,4894,-982
42069,1996,3966,5136,-1170
42069,1997,4076,4991,-915
42069,1998,4077,5083,-1006
42069,1999,4334,5096,-762
42069,2000,4543,4984,-441
42069,2001,4771,4969,-198
42069,2002,4932,4768,164
42069,2003,5203,4927,276
42069,2004,5383,5104,279
42069,2005,5531,5175,356
42069,2006,5557,5178,379
42069,2007,5527,5344,183
42069,2008,5276,5549,-273
42069,2009,5239,5171,68
42069,2010,5353,5367,-14
42071,1990,12591,11139,1452
42071,1991,11756,11556,200
42071,1992,11906,11250,656
42071,1993,12016,11001,1015
42071,1994,12656,11136,1520
42071,1995,11074,11228,-154
42071,1996,11832,11236,596
42071,1997,11726,11807,-81
42071,1998,12204,11865,339
42071,1999,12328,11950,378
42071,2000,11998,12114,-116
42071,2001,12693,12040,653
42071,2002,12899,11614,1285
42071,2003,13181,12360,821
42071,2004,13779,12672,1107
42071,2005,14294,12913,1381
42071,2006,13827,12508,1319
42071,2007,13841,12872,969
42071,2008,12836,12342,494
42071,2009,12016,11745,271
42071,2010,11720,12046,-326
42073,1990,2593,2614,-21
42073,1991,2642,2488,154
42073,1992,2627,2515,112
42073,1993,2411,2533,-122
42073,1994,2472,2504,-32
42073,1995,2193,2221,-28
42073,1996,2111,2249,-138
42073,1997,2249,2348,-99
42073,1998,2116,2240,-124
42073,1999,2243,2373,-130
42073,2000,2088,2434,-346
42073,2001,2169,2302,-133
42073,2002,2141,2299,-158
42073,2003,2205,2323,-118
42073,2004,2202,2338,-136
42073,2005,2058,2356,-298
42073,2006,2113,2268,-155
42073,2007,2075,2326,-251
42073,2008,2057,2245,-188
42073,2009,1844,2152,-308
42073,2010,1958,2123,-165
42075,1990,3866,3339,527
42075,1991,3653,3435,218
42075,1992,3622,3793,-171
42075,1993,3742,3743,-1
42075,1994,3613,3684,-71
42075,1995,3395,3327,68
42075,1996,3533,3536,-3
42075,1997,3575,3444,131
42075,1998,3749,3753,-4
42075,1999,3792,3721,71
42075,2000,3721,3636,85
42075,2001,3930,3694,236
42075,2002,4663,3687,976
42075,2003,4617,3695,922
42075,2004,4806,3804,1002
42075,2005,5045,3986,1059
42075,2006,4932,3990,942
42075,2007,5018,4375,643
42075,2008,4959,4215,744
42075,2009,4103,4002,101
42075,2010,4265,4142,123
42077,1990,11534,11157,377
42077,1991,11122,11171,-49
42077,1992,10806,11117,-311
42077,1993,10753,11084,-331
42077,1994,11084,12086,-1002
42077,1995,10292,11282,-990
42077,1996,10980,11474,-494
42077,1997,11348,11732,-384
42077,1998,11989,12010,-21
42077,1999,12600,12557,43
42077,2000,13250,12568,682
42077,2001,13559,12916,643
42077,2002,14618,12436,2182
42077,2003,15564,13361,2203
42077,2004,16528,14051,2477
42077,2005,17156,14362,2794
42077,2006,15757,14635,1122
42077,2007,15561,15036,525
42077,2008,14518,14562,-44
42077,2009,13882,13372,510
42077,2010,14866,13926,940
42079,1990,6753,6080,673
42079,1991,6752,6073,679
42079,1992,6424,6032,392
42079,1993,5883,6296,-413
42079,1994,6055,6717,-662
42079,1995,5632,6553,-921
42079,1996,5727,6999,-1272
42079,1997,5633,6684,-1051
42079,1998,5904,6740,-836
42079,1999,5799,6979,-1180
42079,2000,6147,6949,-802
42079,2001,6629,6727,-98
42079,2002,7230,6606,624
42079,2003,7506,7079,427
42079,2004,7818,6927,891
42079,2005,8488,7505,983
42079,2006,8556,7403,1153
42079,2007,8468,7950,518
42079,2008,8568,7564,1004
42079,2009,7590,7039,551
42079,2010,8198,7644,554
42081,1990,3311,3168,143
42081,1991,3335,3217,118
42081,1992,3370,3429,-59
42081,1993,3107,3427,-320
42081,1994,2888,3714,-826
42081,1995,2794,3636,-842
42081,1996,2785,3474,-689
42081,1997,2695,3447,-752
42081,1998,2928,3516,-588
42081,1999,2822,3311,-489
42081,2000,2723,3569,-846
42081,2001,3079,3364,-285
42081,2002,2991,3299,-308
42081,2003,2995,3133,-138
42081,2004,2881,3023,-142
42081,2005,2835,3267,-432
42081,2006,2758,3378,-620
42081,2007,2903,3278,-375
42081,2008,2893,2809,84
42081,2009,2764,2635,129
42081,2010,3327,2908,419
42083,1990,1461,1502,-41
42083,1991,1349,1290,59
42083,1992,1291,1356,-65
42083,1993,1194,1290,-96
42083,1994,1283,1358,-75
42083,1995,1137,1294,-157
42083,1996,1138,1449,-311
42083,1997,1204,1374,-170
42083,1998,1122,1297,-175
42083,1999,1061,1430,-369
42083,2000,1142,1343,-201
42083,2001,1143,1378,-235
42083,2002,1078,1250,-172
42083,2003,1030,1245,-215
42083,2004,1031,1272,-241
42083,2005,1181,1252,-71
42083,2006,980,1275,-295
42083,2007,1073,1200,-127
42083,2008,998,1101,-103
42083,2009,901,1049,-148
42083,2010,1017,1096,-79
42085,1990,3589,3263,326
42085,1991,3508,3248,260
42085,1992,3441,3381,60
42085,1993,3278,3332,-54
42085,1994,3357,3207,150
42085,1995,3079,2942,137
42085,1996,3228,3301,-73
42085,1997,3188,3292,-104
42085,1998,3159,3192,-33
42085,1999,3173,3441,-268
42085,2000,3152,3353,-201
42085,2001,3175,3378,-203
42085,2002,3228,3112,116
42085,2003,3099,3254,-155
42085,2004,3160,3258,-98
42085,2005,3140,3479,-339
42085,2006,3021,3439,-418
42085,2007,3170,3306,-136
42085,2008,3008,3262,-254
42085,2009,2903,2989,-86
42085,2010,2877,2941,-64
42087,1990,1222,1207,15
42087,1991,1152,1151,1
42087,1992,1270,1250,20
42087,1993,1172,1239,-67
42087,1994,1171,1294,-123
42087,1995,984,1076,-92
42087,1996,1125,1089,36
42087,1997,1081,1153,-72
42087,1998,960,1191,-231
42087,1999,983,1083,-100
42087,2000,1054,1107,-53
42087,2001,1023,1111,-88
42087,2002,948,1126,-178
42087,2003,1023,1199,-176
42087,2004,1037,1039,-2
42087,2005,1065,1152,-87
42087,2006,1081,1039,42
42087,2007,1072,1076,-4
42087,2008,1009,1079,-70
42087,2009,966,980,-14
42087,2010,987,906,81
42089,1990,7377,4344,3033
42089,1991,7024,4335,2689
42089,1992,7064,4324,2740
42089,1993,7439,4415,3024
42089,1994,7621,4829,2792
42089,1995,7420,4720,2700
42089,1996,7550,5032,2518
42089,1997,7362,5382,1980
42089,1998,7831,5385,2446
42089,1999,8870,5525,3345
42089,2000,9262,5997,3265
42089,2001,10276,6390,3886
42089,2002,10611,6471,4140
42089,2003,10591,7345,3246
42089,2004,11047,7718,3329
42089,2005,10334,7967,2367
42089,2006,9278,7850,1428
42089,2007,8193,7643,550
42089,2008,7496,7000,496
42089,2009,6649,6357,292
42089,2010,6410,6518,-108
42091,1990,31387,30981,406
42091,1991,31309,30917,392
42091,1992,32042,31656,386
42091,1993,32899,31163,1736
42091,1994,34727,31877,2850
42091,1995,31877,30513,1364
42091,1996,30663,31355,-692
42091,1997,33352,30824,2528
42091,1998,34266,33119,1147
42091,1999,35316,33008,2308
42091,2000,35290,32573,2717
42091,2001,34494,32786,1708
42091,2002,33722,32633,1089
42091,2003,33050,34117,-1067
42091,2004,33139,34814,-1675
42091,2005,33635,36021,-2386
42091,2006,31484,32287,-803
42091,2007,32149,32309,-160
42091,2008,29829,29636,193
42091,2009,29804,29158,646
42091,2010,29193,28934,259
42093,1990,1049,984,65
42093,1991,1043,971,72
42093,1992,1108,980,128
42093,1993,1000,939,61
42093,1994,1022,952,70
42093,1995,610,758,-148
42093,1996,738,789,-51
42093,1997,751,834,-83
42093,1998,768,768,0
42093,1999,887,845,42
42093,2000,807,787,20
42093,2001,837,869,-32
42093,2002,871,931,-60
42093,2003,836,922,-86
42093,2004,971,954,17
42093,2005,989,968,21
42093,2006,955,940,15
42093,2007,1028,1032,-4
42093,2008,1007,955,52
42093,2009,1015,944,71
42093,2010,877,877,0
42095,1990,10271,9267,1004
42095,1991,10224,9258,966
42095,1992,9846,9038,808
42095,1993,10002,8986,1016
42095,1994,10072,9319,753
42095,1995,9626,8857,769
42095,1996,9815,9454,361
42095,1997,10539,9729,810
42095,1998,10675,9669,1006
42095,1999,11118,10364,754
42095,2000,11322,9955,1367
42095,2001,12730,9803,2927
42095,2002,13759,10060,3699
42095,2003,14367,10863,3504
42095,2004,14808,11627,3181
42095,2005,15148,12082,3066
42095,2006,14489,11582,2907
42095,2007,13041,12081,960
42095,2008,11925,11182,743
42095,2009,11331,10897,434
42095,2010,10930,11273,-343
42097,1990,3027,2993,34
42097,1991,2781,2961,-180
42097,1992,2879,2743,136
42097,1993,2849,2890,-41
42097,1994,2788,3016,-228
42097,1995,2460,2780,-320
42097,1996,2637,2952,-315
42097,1997,2402,2903,-501
42097,1998,2740,2936,-196
42097,1999,2713,2830,-117
42097,2000,2518,2800,-282
42097,2001,2652,2860,-208
42097,2002,2790,2763,27
42097,2003,2714,2866,-152
42097,2004,2908,2986,-78
42097,2005,2834,3208,-374
42097,2006,3020,2764,256
42097,2007,3149,2949,200
42097,2008,3138,2881,257
42097,2009,2503,2793,-290
42097,2010,2845,2620,225
42099,1990,1857,1559,298
42099,1991,1754,1669,85
42099,1992,1873,1586,287
42099,1993,1787,1572,215
42099,1994,1749,1663,86
42099,1995,1793,1709,84
42099,1996,1853,1610,243
42099,1997,1709,1667,42
42099,1998,1804,1906,-102
42099,1999,1661,1698,-37
42099,2000,1712,1658,54
42099,2001,1651,1618,33
42099,2002,1729,1537,192
42099,2003,1740,1562,178
42099,2004,1765,1722,43
42099,2005,1899,1661,238
42099,2006,1772,1614,158
42099,2007,1869,1852,17
42099,2008,1774,1657,117
42099,2009,1553,1574,-21
42099,2010,1511,1680,-169
42101,1990,30867,50321,-19454
42101,1991,30769,48081,-17312
42101,1992,31837,47921,-16084
42101,1993,29553,47633,-18080
42101,1994,29470,49754,-20284
42101,1995,29177,48341,-19164
42101,1996,27084,46930,-19846
42101,1997,29740,47092,-17352
42101,1998,31085,49806,-18721
42101,1999,32421,50332,-17911
42101,2000,33062,50495,-17433
42101,2001,35122,50190,-15068
42101,2002,36899,50532,-13633
42101,2003,38228,49720,-11492
42101,2004,38386,51867,-13481
42101,2005,40482,53808,-13326
42101,2006,40371,51517,-11146
42101,2007,42250,52096,-9846
42101,2008,42890,47599,-4709
42101,2009,41494,47169,-5675
42101,2010,42878,48745,-5867
42103,1990,3311,1650,1661
42103,1991,3061,1718,1343
42103,1992,2695,1705,990
42103,1993,2634,1812,822
42103,1994,2849,1950,899
42103,1995,3190,2008,1182
42103,1996,3136,2043,1093
42103,1997,3181,2273,908
42103,1998,3342,2208,1134
42103,1999,3447,2305,1142
42103,2000,3645,2259,1386
42103,2001,4037,2442,1595
42103,2002,4230,2448,1782
42103,2003,4238,2703,1535
42103,2004,4653,2809,1844
42103,2005,4663,2984,1679
42103,2006,4068,2795,1273
42103,2007,3782,2701,1081
42103,2008,3063,2581,482
42103,2009,2855,2673,182
42103,2010,2604,2685,-81
42105,1990,777,732,45
42105,1991,792,773,19
42105,1992,775,642,133
42105,1993,784,719,65
42105,1994,799,781,18
42105,1995,707,731,-24
42105,1996,701,754,-53
42105,1997,679,678,1
42105,1998,711,737,-26
42105,1999,1019,798,221
42105,2000,874,903,-29
42105,2001,852,777,75
42105,2002,820,888,-68
42105,2003,688,832,-144
42105,2004,644,782,-138
42105,2005,775,870,-95
42105,2006,591,885,-294
42105,2007,704,873,-169
42105,2008,617,732,-115
42105,2009,603,561,42
42105,2010,642,633,9
42107,1990,3215,2928,287
42107,1991,3191,2755,436
42107,1992,2991,2905,86
42107,1993,2906,2753,153
42107,1994,3054,2981,73
42107,1995,2728,3067,-339
42107,1996,2800,3198,-398
42107,1997,2733,2969,-236
42107,1998,2733,3202,-469
42107,1999,2854,3110,-256
42107,2000,3219,3324,-105
42107,2001,3126,3169,-43
42107,2002,3158,3308,-150
42107,2003,3365,3052,313
42107,2004,3702,3145,557
42107,2005,4094,3116,978
42107,2006,4056,3314,742
42107,2007,4111,3581,530
42107,2008,3764,3605,159
42107,2009,3555,3097,458
42107,2010,3201,3426,-225
42109,1990,1341,1324,17
42109,1991,1357,1288,69
42109,1992,1278,1318,-40
42109,1993,1450,1354,96
42109,1994,1372,1418,-46
42109,1995,1317,1174,143
42109,1996,1207,1235,-28
42109,1997,1177,1322,-145
42109,1998,1240,1374,-134
42109,1999,1334,1365,-31
42109,2000,1388,1257,131
42109,2001,1295,1238,57
42109,2002,1241,1268,-27
42109,2003,1256,1246,10
42109,2004,1279,1310,-31
42109,2005,1486,1202,284
42109,2006,1320,1257,63
42109,2007,1303,1366,-63
42109,2008,1218,1297,-79
42109,2009,1254,1140,114
42109,2010,1258,1216,42
42111,1990,2011,1722,289
42111,1991,1887,1914,-27
42111,1992,2025,1937,88
42111,1993,1762,1707,55
42111,1994,1944,1841,103
42111,1995,1613,1507,106
42111,1996,1743,1855,-112
42111,1997,1614,1758,-144
42111,1998,1824,1788,36
42111,1999,1709,1704,5
42111,2000,1564,1899,-335
42111,2001,1635,1735,-100
42111,2002,1649,1733,-84
42111,2003,1741,1805,-64
42111,2004,1701,1919,-218
42111,2005,1821,1896,-75
42111,2006,1677,1790,-113
42111,2007,1779,1883,-104
42111,2008,1716,1745,-29
42111,2009,1614,1639,-25
42111,2010,1622,1790,-168
42113,1990,264,244,20
42113,1991,331,284,47
42113,1992,333,282,51
42113,1993,331,229,102
42113,1994,315,275,40
42113,1995,262,225,37
42113,1996,260,251,9
42113,1997,245,237,8
42113,1998,254,243,11
42113,1999,299,237,62
42113,2000,294,280,14
42113,2001,261,261,0
42113,2002,279,308,-29
42113,2003,265,262,3
42113,2004,270,306,-36
42113,2005,233,275,-42
42113,2006,283,241,42
42113,2007,212,277,-65
42113,2008,265,235,30
42113,2009,239,215,24
42113,2010,332,255,77
42115,1990,1781,1438,343
42115,1991,1658,1555,103
42115,1992,1795,1458,337
42115,1993,1581,1456,125
42115,1994,1725,1491,234
42115,1995,1597,1488,109
42115,1996,1571,1602,-31
42115,1997,1469,1501,-32
42115,1998,1513,1456,57
42115,1999,1687,1609,78
42115,2000,1556,1505,51
42115,2001,1583,1702,-119
42115,2002,1502,1487,15
42115,2003,1633,1454,179
42115,2004,1655,1488,167
42115,2005,1613,1540,73
42115,2006,1450,1499,-49
42115,2007,1457,1480,-23
42115,2008,1488,1561,-73
42115,2009,1276,1355,-79
42115,2010,1302,1320,-18
42117,1990,1446,1485,-39
42117,1991,1624,1344,280
42117,1992,1467,1360,107
42117,1993,1418,1421,-3
42117,1994,1444,1456,-12
42117,1995,1438,1274,164
42117,1996,1379,1341,38
42117,1997,1364,1327,37
42117,1998,1394,1211,183
42117,1999,1485,1528,-43
42117,2000,1477,1326,151
42117,2001,1495,1509,-14
42117,2002,1403,1441,-38
42117,2003,1378,1299,79
42117,2004,1236,1380,-144
42117,2005,1293,1498,-205
42117,2006,1275,1210,65
42117,2007,1296,1230,66
42117,2008,1316,1188,128
42117,2009,1168,1006,162
42117,2010,1569,1191,378
42119,1990,1597,1611,-14
42119,1991,1689,1526,163
42119,1992,1632,1489,143
42119,1993,1749,1483,266
42119,1994,1781,1752,29
42119,1995,1621,1566,55
42119,1996,1597,1673,-76
42119,1997,1679,1649,30
42119,1998,1830,1608,222
42119,1999,1637,1604,33
42119,2000,1642,1630,12
42119,2001,1744,1861,-117
42119,2002,1839,1572,267
42119,2003,1851,1649,202
42119,2004,1728,1590,138
42119,2005,1685,1572,113
42119,2006,1700,1580,120
42119,2007,1766,1616,150
42119,2008,1606,1603,3
42119,2009,1453,1499,-46
42119,2010,1615,1507,108
42121,1990,1905,1858,47
42121,1991,1695,1922,-227
42121,1992,1691,1904,-213
42121,1993,2031,1833,198
42121,1994,5723,1900,3823
42121,1995,1657,1854,-197
42121,1996,1567,1854,-287
42121,1997,1585,1743,-158
42121,1998,1626,1794,-168
42121,1999,1514,1791,-277
42121,2000,1612,1788,-176
42121,2001,1588,1716,-128
42121,2002,1536,1643,-107
42121,2003,1455,1663,-208
42121,2004,1487,1508,-21
42121,2005,1467,1729,-262
42121,2006,1417,1585,-168
42121,2007,1416,1572,-156
42121,2008,1376,1560,-184
42121,2009,1398,1421,-23
42121,2010,1326,1445,-119
42123,1990,1342,1439,-97
42123,1991,1361,1380,-19
42123,1992,1287,1148,139
42123,1993,1083,1279,-196
42123,1994,1180,1296,-116
42123,1995,1066,1155,-89
42123,1996,1020,1338,-318
42123,1997,974,1191,-217
42123,1998,1089,1270,-181
42123,1999,1016,1252,-236
42123,2000,1158,1304,-146
42123,2001,1020,1357,-337
42123,2002,1073,1299,-226
42123,2003,988,1221,-233
42123,2004,1012,1378,-366
42123,2005,1053,1200,-147
42123,2006,1077,1169,-92
42123,2007,1071,1182,-111
42123,2008,1073,1035,38
42123,2009,994,986,8
42123,2010,914,1041,-127
42125,1990,6519,5980,539
42125,1991,6821,5724,1097
42125,1992,6732,5671,1061
42125,1993,6716,5879,837
42125,1994,6443,6418,25
42125,1995,5451,5287,164
42125,1996,5614,5751,-137
42125,1997,5557,5429,128
42125,1998,5902,5815,87
42125,1999,6308,5863,445
42125,2000,6589,5788,801
42125,2001,6527,5896,631
42125,2002,6544,5477,1067
42125,2003,6558,5755,803
42125,2004,6833,5736,1097
42125,2005,6507,6157,350
42125,2006,6564,6078,486
42125,2007,6987,5823,1164
42125,2008,6353,5668,685
42125,2009,6219,5534,685
42125,2010,6353,5580,773
42127,1990,2190,1498,692
42127,1991,2163,1582,581
42127,1992,2291,1539,752
42127,1993,2214,1666,548
42127,1994,2219,1724,495
42127,1995,2162,1718,444
42127,1996,2046,1747,299
42127,1997,1995,1979,16
42127,1998,2192,1714,478
42127,1999,2227,1671,556
42127,2000,2109,1820,289
42127,2001,2334,1874,460
42127,2002,2444,1903,541
42127,2003,2418,1983,435
42127,2004,2638,2301,337
42127,2005,2522,2124,398
42127,2006,2268,2054,214
42127,2007,2314,1909,405
42127,2008,2085,1941,144
42127,2009,2198,1820,378
42127,2010,2029,1934,95
42129,1990,11107,10475,632
42129,1991,11423,9900,1523
42129,1992,11385,10150,1235
42129,1993,10772,10062,710
42129,1994,10795,10290,505
42129,1995,9352,9191,161
42129,1996,9367,9461,-94
42129,1997,9587,9648,-61
42129,1998,9367,9893,-526
42129,1999,9431,9883,-452
42129,2000,9683,9541,142
42129,2001,9694,9531,163
42129,2002,9937,8945,992
42129,2003,9489,9331,158
42129,2004,9940,9660,280
42129,2005,9971,9749,222
42129,2006,9979,9681,298
42129,2007,10211,9638,573
42129,2008,9315,9271,44
42129,2009,9076,8462,614
42129,2010,9371,8786,585
42131,1990,1426,1423,3
42131,1991,1449,1185,264
42131,1992,1144,1195,-51
42131,1993,1217,1179,38
42131,1994,1259,1434,-175
42131,1995,1088,1009,79
42131,1996,1035,1276,-241
42131,1997,1060,1215,-155
42131,1998,1214,1164,50
42131,1999,1101,1300,-199
42131,2000,1145,1194,-49
42131,2001,1096,1224,-128
42131,2002,1208,1066,142
42131,2003,1161,1169,-8
42131,2004,1185,1200,-15
42131,2005,1224,1286,-62
42131,2006,1075,1070,5
42131,2007,1120,1192,-72
42131,2008,1091,1192,-101
42131,2009,1106,1064,42
42131,2010,1085,1223,-138
42133,1990,12727,10111,2616
42133,1991,12600,10618,1982
42133,1992,12692,10474,2218
42133,1993,12789,10695,2094
42133,1994,13424,10585,2839
42133,1995,11800,9890,1910
42133,1996,12110,10894,1216
42133,1997,11900,10947,953
42133,1998,12532,11279,1253
42133,1999,12989,10975,2014
42133,2000,12340,10855,1485
42133,2001,12698,10669,2029
42133,2002,13847,10360,3487
42133,2003,14984,11159,3825
42133,2004,17388,11949,5439
42133,2005,18602,12630,5972
42133,2006,17736,12938,4798
42133,2007,15639,13428,2211
42133,2008,13987,12709,1278
42133,2009,12753,12274,479
42133,2010,12291,12486,-195
44001,1990,2180,2184,-4
44001,1991,2099,2217,-118
44001,1992,2069,2183,-114
44001,1993,2073,2247,-174
44001,1994,2157,2330,-173
44001,1995,1935,1943,-8
44001,1996,2008,2140,-132
44001,1997,2091,3215,-1124
44001,1998,2236,2328,-92
44001,1999,2256,2089,167
44001,2000,2227,1984,243
44001,2001,2221,2112,109
44001,2002,2055,2130,-75
44001,2003,2184,2152,32
44001,2004,2050,2270,-220
44001,2005,2045,2370,-325
44001,2006,2055,2159,-104
44001,2007,1992,2049,-57
44001,2008,1762,2073,-311
44001,2009,1907,1843,64
44001,2010,1890,1803,87
44003,1990,7010,7400,-390
44003,1991,6856,7117,-261
44003,1992,7006,6989,17
44003,1993,6707,7187,-480
44003,1994,6606,7355,-749
44003,1995,6627,6938,-311
44003,1996,6860,7378,-518
44003,1997,6969,7014,-45
44003,1998,7791,7175,616
44003,1999,8211,7249,962
44003,2000,8295,7165,1130
44003,2001,8550,7798,752
44003,2002,8582,7502,1080
44003,2003,8009,7972,37
44003,2004,8191,8613,-422
44003,2005,7634,8683,-1049
44003,2006,7482,8169,-687
44003,2007,7628,7861,-233
44003,2008,7174,7421,-247
44003,2009,7041,7434,-393
44003,2010,6575,7114,-539
44005,1990,7004,6842,162
44005,1991,6738,7152,-414
44005,1992,6592,7708,-1116
44005,1993,6148,7191,-1043
44005,1994,6197,7477,-1280
44005,1995,6102,6205,-103
44005,1996,6142,6213,-71
44005,1997,5915,6404,-489
44005,1998,6322,6177,145
44005,1999,6658,6254,404
44005,2000,6109,6577,-468
44005,2001,10029,9727,302
44005,2002,6041,6295,-254
44005,2003,5433,6224,-791
44005,2004,5342,6449,-1107
44005,2005,5101,6260,-1159
44005,2006,5064,5649,-585
44005,2007,4964,5706,-742
44005,2008,4850,5488,-638
44005,2009,4912,5246,-334
44005,2010,5002,5204,-202
44007,1990,12744,18639,-5895
44007,1991,12389,18360,-5971
44007,1992,12907,18182,-5275
44007,1993,12153,18154,-6001
44007,1994,12623,18727,-6104
44007,1995,12716,17695,-4979
44007,1996,13413,17603,-4190
44007,1997,14161,17264,-3103
44007,1998,15691,17608,-1917
44007,1999,17188,17846,-658
44007,2000,18410,18043,367
44007,2001,19401,18326,1075
44007,2002,19360,19229,131
44007,2003,17717,21293,-3576
44007,2004,17349,23648,-6299
44007,2005,17061,23699,-6638
44007,2006,16305,22162,-5857
44007,2007,16705,22091,-5386
44007,2008,16606,20689,-4083
44007,2009,15920,18885,-2965
44007,2010,16051,19189,-3138
44009,1990,5504,5057,447
44009,1991,5517,4877,640
44009,1992,5627,5075,552
44009,1993,5687,4983,704
44009,1994,5781,4766,1015
44009,1995,5446,4834,612
44009,1996,5765,5005,760
44009,1997,5905,5059,846
44009,1998,6113,4998,1115
44009,1999,6225,5107,1118
44009,2000,5973,5059,914
44009,2001,6084,5005,1079
44009,2002,5803,8574,-2771
44009,2003,5536,5358,178
44009,2004,5176,5658,-482
44009,2005,5089,5716,-627
44009,2006,4764,5093,-329
44009,2007,4539,4898,-359
44009,2008,4319,4636,-317
44009,2009,4361,4549,-188
44009,2010,4189,4543,-354
45001,1990,931,903,28
45001,1991,993,1002,-9
45001,1992,892,1003,-111
45001,1993,943,964,-21
45001,1994,914,1016,-102
45001,1995,1104,1056,48
45001,1996,1247,1128,119
45001,1997,1128,979,149
45001,1998,1109,1111,-2
45001,1999,1184,1088,96
45001,2000,1078,1103,-25
45001,2001,984,996,-12
45001,2002,1033,1005,28
45001,2003,1064,1120,-56
45001,2004,924,1106,-182
45001,2005,936,1064,-128
45001,2006,985,1062,-77
45001,2007,1050,1065,-15
45001,2008,892,939,-47
45001,2009,808,986,-178
45001,2010,875,985,-110
45003,1990,8049,5284,2765
45003,1991,6806,5494,1312
45003,1992,6357,5219,1138
45003,1993,5753,5663,90
45003,1994,5806,5575,231
45003,1995,5474,6156,-682
45003,1996,5850,5807,43
45003,1997,6051,6114,-63
45003,1998,6649,5949,700
45003,1999,6104,5863,241
45003,2000,6009,5728,281
45003,2001,6509,5714,795
45003,2002,6376,5475,901
45003,2003,6642,5375,1267
45003,2004,6500,5834,666
45003,2005,7103,6195,908
45003,2006,7139,5805,1334
45003,2007,6850,5796,1054
45003,2008,6570,5732,838
45003,2009,6703,5545,1158
45003,2010,6549,5885,664
45005,1990,414,392,22
45005,1991,343,458,-115
45005,1992,343,515,-172
45005,1993,417,467,-50
45005,1994,359,456,-97
45005,1995,413,562,-149
45005,1996,326,519,-193
45005,1997,315,455,-140
45005,1998,319,436,-117
45005,1999,320,483,-163
45005,2000,260,447,-187
45005,2001,326,423,-97
45005,2002,302,431,-129
45005,2003,327,358,-31
45005,2004,306,409,-103
45005,2005,328,468,-140
45005,2006,338,401,-63
45005,2007,326,379,-53
45005,2008,346,443,-97
45005,2009,284,463,-179
45005,2010,327,392,-65
45007,1990,5817,5703,114
45007,1991,6051,4944,1107
45007,1992,6108,4884,1224
45007,1993,6044,4941,1103
45007,1994,6161,5134,1027
45007,1995,7634,6013,1621
45007,1996,7743,6229,1514
45007,1997,7801,6404,1397
45007,1998,7921,6503,1418
45007,1999,8165,6677,1488
45007,2000,8363,6544,1819
45007,2001,7614,6834,780
45007,2002,7346,6376,970
45007,2003,7494,6423,1071
45007,2004,7058,5870,1188
45007,2005,7737,5943,1794
45007,2006,7882,5987,1895
45007,2007,8220,6156,2064
45007,2008,7507,6347,1160
45007,2009,6271,5863,408
45007,2010,6775,6026,749
45009,1990,653,669,-16
45009,1991,608,705,-97
45009,1992,596,693,-97
45009,1993,591,730,-139
45009,1994,567,620,-53
45009,1995,580,716,-136
45009,1996,625,710,-85
45009,1997,602,751,-149
45009,1998,563,724,-161
45009,1999,550,639,-89
45009,2000,481,708,-227
45009,2001,606,660,-54
45009,2002,486,761,-275
45009,2003,570,648,-78
45009,2004,563,623,-60
45009,2005,563,674,-111
45009,2006,531,707,-176
45009,2007,561,693,-132
45009,2008,570,644,-74
45009,2009,473,594,-121
45009,2010,509,592,-83
45011,1990,917,796,121
45011,1991,982,758,224
45011,1992,921,814,107
45011,1993,892,921,-29
45011,1994,779,823,-44
45011,1995,654,663,-9
45011,1996,863,782,81
45011,1997,798,873,-75
45011,1998,749,891,-142
45011,1999,740,878,-138
45011,2000,725,812,-87
45011,2001,646,797,-151
45011,2002,757,758,-1
45011,2003,703,809,-106
45011,2004,800,838,-38
45011,2005,788,877,-89
45011,2006,777,768,9
45011,2007,866,968,-102
45011,2008,719,907,-188
45011,2009,784,782,2
45011,2010,756,860,-104
45013,1990,8577,7497,1080
45013,1991,9160,7529,1631
45013,1992,9570,8846,724
45013,1993,9650,8084,1566
45013,1994,9761,8361,1400
45013,1995,9999,8334,1665
45013,1996,9712,8744,968
45013,1997,10406,8631,1775
45013,1998,10763,8846,1917
45013,1999,11118,8760,2358
45013,2000,10731,9289,1442
45013,2001,10850,9522,1328
45013,2002,10743,9194,1549
45013,2003,11114,9314,1800
45013,2004,11991,9656,2335
45013,2005,12381,10250,2131
45013,2006,11625,9859,1766
45013,2007,11617,9928,1689
45013,2008,10961,9850,1111
45013,2009,10356,9417,939
45013,2010,10116,9917,199
45015,1990,13582,12258,1324
45015,1991,14030,13074,956
45015,1992,14315,13829,486
45015,1993,12802,15048,-2246
45015,1994,11662,15616,-3954
45015,1995,12177,15696,-3519
45015,1996,12324,11553,771
45015,1997,11399,10664,735
45015,1998,14137,11097,3040
45015,1999,12608,12740,-132
45015,2000,12556,13024,-468
45015,2001,12611,12710,-99
45015,2002,12740,12587,153
45015,2003,13659,12563,1096
45015,2004,13114,11974,1140
45015,2005,13985,12537,1448
45015,2006,14777,12072,2705
45015,2007,15376,12240,3136
45015,2008,14194,12925,1269
45015,2009,13994,13005,989
45015,2010,15311,12977,2334
45017,1990,531,457,74
45017,1991,647,558,89
45017,1992,640,570,70
45017,1993,625,564,61
45017,1994,587,644,-57
45017,1995,613,521,92
45017,1996,792,643,149
45017,1997,679,523,156
45017,1998,729,650,79
45017,1999,771,644,127
45017,2000,688,635,53
45017,2001,639,739,-100
45017,2002,802,666,136
45017,2003,782,793,-11
45017,2004,613,697,-84
45017,2005,783,719,64
45017,2006,774,718,56
45017,2007,789,855,-66
45017,2008,702,672,30
45017,2009,546,661,-115
45017,2010,629,507,122
45019,1990,23719,20975,2744
45019,1991,23634,22407,1227
45019,1992,22494,25068,-2574
45019,1993,19852,24720,-4868
45019,1994,18829,24304,-5475
45019,1995,17266,21868,-4602
45019,1996,18729,18177,552
45019,1997,18481,17392,1089
45019,1998,18979,17734,1245
45019,1999,18687,18185,502
45019,2000,18684,19373,-689
45019,2001,19353,18340,1013
45019,2002,19762,18204,1558
45019,2003,21079,18718,2361
45019,2004,19995,19873,122
45019,2005,20031,20630,-599
45019,2006,18963,20682,-1719
45019,2007,20272,20133,139
45019,2008,20442,19503,939
45019,2009,19874,19499,375
45019,2010,21902,20261,1641
45021,1990,1633,1352,281
45021,1991,1552,1347,205
45021,1992,1630,1404,226
45021,1993,1699,1405,294
45021,1994,1644,1471,173
45021,1995,2217,1618,599
45021,1996,2095,1739,356
45021,1997,2140,1790,350
45021,1998,2330,1786,544
45021,1999,2032,1773,259
45021,2000,1970,1819,151
45021,2001,2048,1804,244
45021,2002,1879,1997,-118
45021,2003,1925,1892,33
45021,2004,1664,1646,18
45021,2005,1857,1655,202
45021,2006,1808,1701,107
45021,2007,2053,1661,392
45021,2008,1845,1803,42
45021,2009,1836,1651,185
45021,2010,1742,1709,33
45023,1990,1289,1117,172
45023,1991,1337,1407,-70
45023,1992,1183,1263,-80
45023,1993,1209,1169,40
45023,1994,1291,1249,42
45023,1995,1414,1135,279
45023,1996,1422,1285,137
45023,1997,1607,1228,379
45023,1998,1652,1293,359
45023,1999,1682,1535,147
45023,2000,1320,1448,-128
45023,2001,1358,1420,-62
45023,2002,1223,1474,-251
45023,2003,1229,1496,-267
45023,2004,1173,1502,-329
45023,2005,1249,1431,-182
45023,2006,1388,1372,16
45023,2007,1477,1352,125
45023,2008,1206,1523,-317
45023,2009,1227,1319,-92
45023,2010,1133,1306,-173
45025,1990,1481,1319,162
45025,1991,1444,1621,-177
45025,1992,1331,1668,-337
45025,1993,1439,1340,99
45025,1994,1382,1370,12
45025,1995,1585,1440,145
45025,1996,1677,1420,257
45025,1997,1763,1582,181
45025,1998,1824,1521,303
45025,1999,1930,1601,329
45025,2000,1654,1630,24
45025,2001,1606,1686,-80
45025,2002,1480,1597,-117
45025,2003,1440,1561,-121
45025,2004,1504,1446,58
45025,2005,1449,1484,-35
45025,2006,1528,1404,124
45025,2007,1514,1496,18
45025,2008,1369,1392,-23
45025,2009,1227,1345,-118
45025,2010,1362,1346,16
45027,1990,1267,1225,42
45027,1991,1159,1179,-20
45027,1992,1315,1097,218
45027,1993,1385,1090,295
45027,1994,1385,1222,163
45027,1995,1405,1355,50
45027,1996,1524,1251,273
45027,1997,1424,1352,72
45027,1998,1446,1321,125
45027,1999,1570,1379,191
45027,2000,1570,1412,158
45027,2001,1495,1493,2
45027,2002,1416,1459,-43
45027,2003,1498,1385,113
45027,2004,1343,1196,147
45027,2005,1418,1351,67
45027,2006,1335,1321,14
45027,2007,1496,1285,211
45027,2008,1287,1329,-42
45027,2009,1220,1185,35
45027,2010,1210,1276,-66
45029,1990,1627,1269,358
45029,1991,1575,1331,244
45029,1992,1588,1409,179
45029,1993,1436,1544,-108
45029,1994,1525,1352,173
45029,1995,1441,1393,48
45029,1996,1539,1395,144
45029,1997,1624,1472,152
45029,1998,1560,1397,163
45029,1999,1699,1436,263
45029,2000,1534,1422,112
45029,2001,1577,1453,124
45029,2002,1505,1420,85
45029,2003,1619,1356,263
45029,2004,1517,1518,-1
45029,2005,1481,1529,-48
45029,2006,1536,1478,58
45029,2007,1585,1525,60
45029,2008,1430,1579,-149
45029,2009,1361,1256,105
45029,2010,1400,1583,-183
45031,1990,2341,2057,284
45031,1991,2616,2202,414
45031,1992,2747,2267,480
45031,1993,2368,2463,-95
45031,1994,2390,2295,95
45031,1995,2457,2299,158
45031,1996,2703,2483,220
45031,1997,2736,2465,271
45031,1998,2631,2724,-93
45031,1999,2775,2623,152
45031,2000,2686,2671,15
45031,2001,2538,2540,-2
45031,2002,2593,2669,-76
45031,2003,2335,2620,-285
45031,2004,2402,2636,-234
45031,2005,2851,2899,-48
45031,2006,2687,2834,-147
45031,2007,2927,2799,128
45031,2008,2453,2611,-158
45031,2009,2370,2416,-46
45031,2010,2331,2541,-210
45033,1990,883,975,-92
45033,1991,952,972,-20
45033,1992,979,938,41
45033,1993,1053,992,61
45033,1994,1035,1074,-39
45033,1995,879,1021,-142
45033,1996,990,1030,-40
45033,1997,1026,1007,19
45033,1998,983,1097,-114
45033,1999,926,1099,-173
45033,2000,1020,980,40
45033,2001,987,1113,-126
45033,2002,925,1041,-116
45033,2003,997,1046,-49
45033,2004,814,1052,-238
45033,2005,969,1056,-87
45033,2006,983,1126,-143
45033,2007,1021,1130,-109
45033,2008,1082,1047,35
45033,2009,1145,1016,129
45033,2010,908,1225,-317
45035,1990,9330,7917,1413
45035,1991,8543,8322,221
45035,1992,8816,8560,256
45035,1993,7662,8183,-521
45035,1994,7156,8934,-1778
45035,1995,6916,7797,-881
45035,1996,7734,6433,1301
45035,1997,6757,6066,691
45035,1998,7641,6207,1434
45035,1999,6998,6366,632
45035,2000,7230,6337,893
45035,2001,7164,5794,1370
45035,2002,7558,5837,1721
45035,2003,7988,6283,1705
45035,2004,11908,7554,4354
45035,2005,12838,8208,4630
45035,2006,13057,8666,4391
45035,2007,12437,9647,2790
45035,2008,11587,9820,1767
45035,2009,12096,9373,2723
45035,2010,11887,10140,1747
45037,1990,727,723,4
45037,1991,791,807,-16
45037,1992,807,790,17
45037,1993,846,747,99
45037,1994,826,825,1
45037,1995,710,802,-92
45037,1996,798,757,41
45037,1997,838,693,145
45037,1998,747,808,-61
45037,1999,749,778,-29
45037,2000,741,893,-152
45037,2001,937,796,141
45037,2002,853,861,-8
45037,2003,808,850,-42
45037,2004,1296,1107,189
45037,2005,1249,1188,61
45037,2006,1322,1180,142
45037,2007,1136,1065,71
45037,2008,1258,1096,162
45037,2009,1175,1185,-10
45037,2010,1057,1179,-122
45039,1990,853,781,72
45039,1991,705,885,-180
45039,1992,733,990,-257
45039,1993,792,755,37
45039,1994,805,891,-86
45039,1995,722,854,-132
45039,1996,791,807,-16
45039,1997,759,794,-35
45039,1998,951,889,62
45039,1999,1124,920,204
45039,2000,1055,1013,42
45039,2001,1075,980,95
45039,2002,998,1129,-131
45039,2003,1178,935,243
45039,2004,813,957,-144
45039,2005,890,938,-48
45039,2006,769,964,-195
45039,2007,1058,904,154
45039,2008,871,934,-63
45039,2009,715,883,-168
45039,2010,719,862,-143
45041,1990,5259,4151,1108
45041,1991,5203,4491,712
45041,1992,5412,4803,609
45041,1993,5655,4739,916
45041,1994,5656,4774,882
45041,1995,5253,5077,176
45041,1996,5607,5129,478
45041,1997,5232,5404,-172
45041,1998,5311,5293,18
45041,1999,4950,5407,-457
45041,2000,5162,5325,-163
45041,2001,5040,4903,137
45041,2002,5220,4702,518
45041,2003,5195,4864,331
45041,2004,5397,5010,387
45041,2005,5698,5304,394
45041,2006,5726,5162,564
45041,2007,5685,5353,332
45041,2008,5565,5201,364
45041,2009,4768,4899,-131
45041,2010,5059,4904,155
45043,1990,2250,1906,344
45043,1991,2405,1901,504
45043,1992,2433,2133,300
45043,1993,2588,2165,423
45043,1994,2809,2077,732
45043,1995,2548,2015,533
45043,1996,2654,2135,519
45043,1997,2867,1922,945
45043,1998,3248,2266,982
45043,1999,3101,2379,722
45043,2000,3063,2616,447
45043,2001,3126,2372,754
45043,2002,2975,2517,458
45043,2003,3219,2561,658
45043,2004,3114,2445,669
45043,2005,3409,2779,630
45043,2006,2848,2419,429
45043,2007,2877,2433,444
45043,2008,2605,2477,128
45043,2009,2396,2270,126
45043,2010,2476,2347,129
45045,1990,16233,16022,211
45045,1991,15713,15250,463
45045,1992,16474,15081,1393
45045,1993,17461,15367,2094
45045,1994,18466,15669,2797
45045,1995,19204,15668,3536
45045,1996,19176,16872,2304
45045,1997,19289,17192,2097
45045,1998,20173,17903,2270
45045,1999,20088,18007,2081
45045,2000,19858,18102,1756
45045,2001,19088,17936,1152
45045,2002,18099,17062,1037
45045,2003,18373,16841,1532
45045,2004,19230,16847,2383
45045,2005,21814,16582,5232
45045,2006,22969,16478,6491
45045,2007,23708,17670,6038
45045,2008,21321,17770,3551
45045,2009,18776,16680,2096
45045,2010,19886,17742,2144
45047,1990,2528,2277,251
45047,1991,2335,2239,96
45047,1992,2508,2232,276
45047,1993,2397,2219,178
45047,1994,2694,2295,399
45047,1995,2717,2252,465
45047,1996,2600,2658,-58
45047,1997,2637,2492,145
45047,1998,2678,2786,-108
45047,1999,2506,2693,-187
45047,2000,2541,2518,23
45047,2001,2453,2424,29
45047,2002,2336,2397,-61
45047,2003,2261,2421,-160
45047,2004,2440,2342,98
45047,2005,2435,2452,-17
45047,2006,2507,2431,76
45047,2007,2556,2689,-133
45047,2008,2414,2259,155
45047,2009,2318,2382,-64
45047,2010,2502,2331,171
45049,1990,718,734,-16
45049,1991,730,735,-5
45049,1992,869,810,59
45049,1993,726,746,-20
45049,1994,831,775,56
45049,1995,809,877,-68
45049,1996,716,822,-106
45049,1997,657,729,-72
45049,1998,647,809,-162
45049,1999,619,739,-120
45049,2000,642,720,-78
45049,2001,647,805,-158
45049,2002,734,653,81
45049,2003,624,812,-188
45049,2004,706,773,-67
45049,2005,788,754,34
45049,2006,759,713,46
45049,2007,730,818,-88
45049,2008,742,775,-33
45049,2009,624,717,-93
45049,2010,576,826,-250
45051,1990,10215,7593,2622
45051,1991,9505,7623,1882
45051,1992,9249,12242,-2993
45051,1993,9811,6957,2854
45051,1994,10612,6591,4021
45051,1995,11777,6844,4933
45051,1996,12025,7631,4394
45051,1997,11977,7929,4048
45051,1998,11605,8627,2978
45051,1999,12037,8557,3480
45051,2000,11528,9391,2137
45051,2001,11756,9093,2663
45051,2002,11871,8581,3290
45051,2003,13186,8534,4652
45051,2004,15622,8771,6851
45051,2005,17117,9484,7633
45051,2006,16015,9725,6290
45051,2007,15473,10765,4708
45051,2008,13699,11159,2540
45051,2009,13223,10344,2879
45051,2010,14216,10900,3316
45053,1990,777,759,18
45053,1991,687,742,-55
45053,1992,816,732,84
45053,1993,909,751,158
45053,1994,852,745,107
45053,1995,502,478,24
45053,1996,644,562,82
45053,1997,536,562,-26
45053,1998,553,547,6
45053,1999,547,559,-12
45053,2000,482,513,-31
45053,2001,521,554,-33
45053,2002,541,571,-30
45053,2003,910,883,27
45053,2004,945,966,-21
45053,2005,1093,1006,87
45053,2006,1252,1126,126
45053,2007,1362,1161,201
45053,2008,1462,1253,209
45053,2009,1489,1259,230
45053,2010,1580,1565,15
45055,1990,2435,2219,216
45055,1991,2318,2003,315
45055,1992,2434,2128,306
45055,1993,2205,2089,116
45055,1994,2259,2141,118
45055,1995,2645,1988,657
45055,1996,2638,2171,467
45055,1997,2705,2096,609
45055,1998,2636,2193,443
45055,1999,2770,2100,670
45055,2000,2617,2295,322
45055,2001,2539,2352,187
45055,2002,2842,2217,625
45055,2003,2742,2176,566
45055,2004,3172,2375,797
45055,2005,3268,2397,871
45055,2006,3150,2218,932
45055,2007,3063,2507,556
45055,2008,2980,2509,471
45055,2009,3032,2499,533
45055,2010,2861,2590,271
45057,1990,1641,1525,116
45057,1991,1562,1670,-108
45057,1992,1706,1548,158
45057,1993,1649,1633,16
45057,1994,1777,1501,276
45057,1995,1927,1638,289
45057,1996,2387,1816,571
45057,1997,2623,1884,739
45057,1998,2525,2132,393
45057,1999,2142,2226,-84
45057,2000,2064,2134,-70
45057,2001,2474,2265,209
45057,2002,2242,2099,143
45057,2003,2279,2172,107
45057,2004,2103,2114,-11
45057,2005,2384,2204,180
45057,2006,3638,2128,1510
45057,2007,4242,2177,2065
45057,2008,4225,2512,1713
45057,2009,3676,2694,982
45057,2010,3593,2845,748
45059,1990,2155,2001,154
45059,1991,2122,2004,118
45059,1992,2357,2039,318
45059,1993,2337,2108,229
45059,1994,2581,2071,510
45059,1995,2830,2067,763
45059,1996,3027,2305,722
45059,1997,2970,2318,652
45059,1998,2722,2602,120
45059,1999,2704,2462,242
45059,2000,2834,2570,264
45059,2001,2482,2515,-33
45059,2002,2515,2464,51
45059,2003,2541,2814,-273
45059,2004,2648,2531,117
45059,2005,2583,2656,-73
45059,2006,2700,2588,112
45059,2007,2793,2745,48
45059,2008,2668,2694,-26
45059,2009,2528,2597,-69
45059,2010,2386,2499,-113
45061,1990,702,728,-26
45061,1991,716,655,61
45061,1992,774,759,15
45061,1993,723,752,-29
45061,1994,666,756,-90
45061,1995,838,967,-129
45061,1996,1008,928,80
45061,1997,957,933,24
45061,1998,1008,1076,-68
45061,1999,928,997,-69
45061,2000,1043,1120,-77
45061,2001,1131,1070,61
45061,2002,1084,1074,10
45061,2003,1028,979,49
45061,2004,677,747,-70
45061,2005,813,898,-85
45061,2006,732,873,-141
45061,2007,871,1006,-135
45061,2008,634,932,-298
45061,2009,723,833,-110
45061,2010,685,885,-200
45063,1990,11645,9512,2133
45063,1991,11918,9723,2195
45063,1992,12971,10010,2961
45063,1993,13028,9967,3061
45063,1994,13613,10319,3294
45063,1995,13821,11534,2287
45063,1996,14821,11577,3244
45063,1997,14225,11497,2728
45063,1998,14474,12420,2054
45063,1999,14077,12626,1451
45063,2000,13280,12112,1168
45063,2001,13237,12302,935
45063,2002,13685,11552,2133
45063,2003,13791,11931,1860
45063,2004,13431,11128,2303
45063,2005,14384,11392,2992
45063,2006,13988,11436,2552
45063,2007,15070,11585,3485
45063,2008,14416,11086,3330
45063,2009,13205,11307,1898
45063,2010,13381,11913,1468
45065,1990,391,410,-19
45065,1991,425,364,61
45065,1992,529,360,169
45065,1993,463,400,63
45065,1994,495,346,149
45065,1995,522,372,150
45065,1996,493,412,81
45065,1997,473,475,-2
45065,1998,516,429,87
45065,1999,451,352,99
45065,2000,500,403,97
45065,2001,487,415,72
45065,2002,392,366,26
45065,2003,294,405,-111
45065,2004,399,389,10
45065,2005,465,339,126
45065,2006,423,390,33
45065,2007,483,394,89
45065,2008,404,375,29
45065,2009,402,352,50
45065,2010,310,388,-78
45067,1990,1230,1108,122
45067,1991,1153,1193,-40
45067,1992,1183,1277,-94
45067,1993,1210,1188,22
45067,1994,1207,1246,-39
45067,1995,1080,1254,-174
45067,1996,1194,1173,21
45067,1997,1043,1350,-307
45067,1998,1123,1246,-123
45067,1999,1139,1214,-75
45067,2000,1085,1395,-310
45067,2001,1006,1280,-274
45067,2002,1011,1161,-150
45067,2003,1092,1239,-147
45067,2004,1063,1260,-197
45067,2005,1109,1349,-240
45067,2006,1237,1381,-144
45067,2007,1210,1304,-94
45067,2008,1064,1440,-376
45067,2009,1242,1341,-99
45067,2010,1240,1309,-69
45069,1990,1027,1030,-3
45069,1991,919,990,-71
45069,1992,970,1058,-88
45069,1993,877,1101,-224
45069,1994,1031,1031,0
45069,1995,956,1076,-120
45069,1996,871,1111,-240
45069,1997,929,1086,-157
45069,1998,947,1085,-138
45069,1999,922,1070,-148
45069,2000,843,1032,-189
45069,2001,936,1070,-134
45069,2002,830,1052,-222
45069,2003,786,987,-201
45069,2004,808,1059,-251
45069,2005,894,1153,-259
45069,2006,905,1004,-99
45069,2007,841,1031,-190
45069,2008,1012,979,33
45069,2009,844,1024,-180
45069,2010,794,969,-175
45071,1990,1242,1097,145
45071,1991,1153,1194,-41
45071,1992,1169,1033,136
45071,1993,1111,1209,-98
45071,1994,1476,1149,327
45071,1995,1350,1162,188
45071,1996,1280,1262,18
45071,1997,1251,1123,128
45071,1998,1115,1205,-90
45071,1999,1194,1267,-73
45071,2000,1165,1184,-19
45071,2001,1332,1120,212
45071,2002,1191,1222,-31
45071,2003,1150,1158,-8
45071,2004,1166,1183,-17
45071,2005,1276,1120,156
45071,2006,1173,1178,-5
45071,2007,1311,1246,65
45071,2008,1405,1259,146
45071,2009,1282,1391,-109
45071,2010,1287,1366,-79
45073,1990,2612,2341,271
45073,1991,2399,2169,230
45073,1992,2701,2145,556
45073,1993,2577,1982,595
45073,1994,2862,2179,683
45073,1995,2912,2110,802
45073,1996,2646,2154,492
45073,1997,2700,2278,422
45073,1998,2858,2290,568
45073,1999,2778,2252,526
45073,2000,2663,2301,362
45073,2001,2769,2188,581
45073,2002,2622,2244,378
45073,2003,2599,2168,431
45073,2004,2843,2376,467
45073,2005,2948,2336,612
45073,2006,3029,2476,553
45073,2007,3002,2516,486
45073,2008,2729,2377,352
45073,2009,2584,2239,345
45073,2010,2442,2596,-154
45075,1990,3180,2822,358
45075,1991,3043,2821,222
45075,1992,3149,3019,130
45075,1993,3100,3222,-122
45075,1994,3073,3326,-253
45075,1995,2873,3096,-223
45075,1996,3099,3149,-50
45075,1997,2932,3071,-139
45075,1998,2924,3324,-400
45075,1999,3114,3414,-300
45075,2000,2898,3358,-460
45075,2001,2859,3189,-330
45075,2002,2747,3154,-407
45075,2003,2688,3163,-475
45075,2004,3053,3221,-168
45075,2005,2977,3430,-453
45075,2006,3348,3343,5
45075,2007,3133,3411,-278
45075,2008,3017,3549,-532
45075,2009,2636,3308,-672
45075,2010,2899,3370,-471
45077,1990,5969,4403,1566
45077,1991,5601,4521,1080
45077,1992,5942,4800,1142
45077,1993,5647,4625,1022
45077,1994,6073,4881,1192
45077,1995,5290,4504,786
45077,1996,5393,4736,657
45077,1997,5602,4531,1071
45077,1998,5496,5196,300
45077,1999,5576,5265,311
45077,2000,5385,5043,342
45077,2001,5357,5217,140
45077,2002,4947,4857,90
45077,2003,5008,4823,185
45077,2004,5184,4892,292
45077,2005,5494,4922,572
45077,2006,6050,5201,849
45077,2007,5830,5185,645
45077,2008,5377,5275,102
45077,2009,4790,4996,-206
45077,2010,4856,4914,-58
45079,1990,18786,17607,1179
45079,1991,18540,17853,687
45079,1992,19276,19715,-439
45079,1993,18481,19305,-824
45079,1994,19645,19220,425
45079,1995,18675,17941,734
45079,1996,18122,18626,-504
45079,1997,19170,18173,997
45079,1998,19016,18813,203
45079,1999,19742,19480,262
45079,2000,19319,19284,35
45079,2001,20205,18821,1384
45079,2002,19426,18510,916
45079,2003,19359,18409,950
45079,2004,21122,19339,1783
45079,2005,23101,19798,3303
45079,2006,22619,19729,2890
45079,2007,23734,20928,2806
45079,2008,22992,20841,2151
45079,2009,21015,20215,800
45079,2010,21307,21077,230
45081,1990,542,571,-29
45081,1991,651,616,35
45081,1992,751,623,128
45081,1993,655,587,68
45081,1994,619,616,3
45081,1995,576,637,-61
45081,1996,598,658,-60
45081,1997,677,611,66
45081,1998,550,620,-70
45081,1999,529,613,-84
45081,2000,480,553,-73
45081,2001,504,618,-114
45081,2002,459,563,-104
45081,2003,395,570,-175
45081,2004,717,703,14
45081,2005,716,767,-51
45081,2006,589,761,-172
45081,2007,652,837,-185
45081,2008,755,827,-72
45081,2009,794,717,77
45081,2010,858,853,5
45083,1990,9081,7665,1416
45083,1991,8871,7731,1140
45083,1992,8549,7734,815
45083,1993,9365,7642,1723
45083,1994,9816,7824,1992
45083,1995,8944,7305,1639
45083,1996,8542,7499,1043
45083,1997,8732,7865,867
45083,1998,9376,8189,1187
45083,1999,8881,7914,967
45083,2000,8806,7818,988
45083,2001,8735,7927,808
45083,2002,8421,7458,963
45083,2003,8521,7754,767
45083,2004,9584,8357,1227
45083,2005,10577,8417,2160
45083,2006,11903,8410,3493
45083,2007,12377,9018,3359
45083,2008,11394,9245,2149
45083,2009,9446,9280,166
45083,2010,9582,8869,713
45085,1990,6494,5983,511
45085,1991,6185,5748,437
45085,1992,7760,6614,1146
45085,1993,6164,6589,-425
45085,1994,6388,6712,-324
45085,1995,5883,6429,-546
45085,1996,5995,7048,-1053
45085,1997,5748,6050,-302
45085,1998,5736,6406,-670
45085,1999,5836,6062,-226
45085,2000,5340,6447,-1107
45085,2001,5881,5917,-36
45085,2002,5629,5695,-66
45085,2003,5418,5916,-498
45085,2004,5387,6281,-894
45085,2005,5376,6431,-1055
45085,2006,5429,6031,-602
45085,2007,5527,5773,-246
45085,2008,5375,5677,-302
45085,2009,5336,5625,-289
45085,2010,5364,5987,-623
45087,1990,846,839,7
45087,1991,819,812,7
45087,1992,831,807,24
45087,1993,776,818,-42
45087,1994,902,806,96
45087,1995,746,888,-142
45087,1996,830,812,18
45087,1997,791,857,-66
45087,1998,750,906,-156
45087,1999,796,895,-99
45087,2000,712,933,-221
45087,2001,667,871,-204
45087,2002,669,770,-101
45087,2003,613,885,-272
45087,2004,789,757,32
45087,2005,795,850,-55
45087,2006,757,840,-83
45087,2007,790,781,9
45087,2008,744,848,-104
45087,2009,624,763,-139
45087,2010,588,710,-122
45089,1990,1202,1246,-44
45089,1991,1270,1431,-161
45089,1992,1408,1427,-19
45089,1993,1321,1495,-174
45089,1994,1186,1456,-270
45089,1995,1004,1167,-163
45089,1996,1022,1175,-153
45089,1997,1078,1275,-197
45089,1998,1046,1205,-159
45089,1999,1052,1311,-259
45089,2000,1014,1336,-322
45089,2001,936,1265,-329
45089,2002,908,1311,-403
45089,2003,937,1240,-303
45089,2004,1034,1370,-336
45089,2005,998,1366,-368
45089,2006,1027,1124,-97
45089,2007,987,1255,-268
45089,2008,937,1285,-348
45089,2009,969,1048,-79
45089,2010,1078,1195,-117
45091,1990,7114,5664,1450
45091,1991,6798,6039,759
45091,1992,6738,5546,1192
45091,1993,6779,5743,1036
45091,1994,7420,5610,1810
45091,1995,7885,5549,2336
45091,1996,8687,5990,2697
45091,1997,8958,6380,2578
45091,1998,9309,6610,2699
45091,1999,9585,6944,2641
45091,2000,9091,6815,2276
45091,2001,9366,6753,2613
45091,2002,9611,6917,2694
45091,2003,10336,6870,3466
45091,2004,11672,7142,4530
45091,2005,14037,7477,6560
45091,2006,15515,7842,7673
45091,2007,16061,9295,6766
45091,2008,12960,8808,4152
45091,2009,10511,8795,1716
45091,2010,10517,8463,2054
46003,1990,0,130,-130
46003,1991,0,118,-118
46003,1992,126,98,28
46003,1993,107,138,-31
46003,1994,145,74,71
46003,1995,121,169,-48
46003,1996,162,174,-12
46003,1997,155,168,-13
46003,1998,153,185,-32
46003,1999,164,154,10
46003,2000,123,180,-57
46003,2001,133,193,-60
46003,2002,134,119,15
46003,2003,132,122,10
46003,2004,96,132,-36
46003,2005,135,127,8
46003,2006,149,142,7
46003,2007,137,114,23
46003,2008,101,124,-23
46003,2009,105,84,21
46003,2010,111,119,-8
46005,1990,856,1057,-201
46005,1991,850,935,-85
46005,1992,848,857,-9
46005,1993,890,778,112
46005,1994,914,867,47
46005,1995,911,909,2
46005,1996,877,1024,-147
46005,1997,631,1343,-712
46005,1998,525,941,-416
46005,1999,709,847,-138
46005,2000,660,785,-125
46005,2001,666,889,-223
46005,2002,530,829,-299
46005,2003,576,774,-198
46005,2004,670,812,-142
46005,2005,649,827,-178
46005,2006,802,560,242
46005,2007,863,692,171
46005,2008,995,689,306
46005,2009,827,805,22
46005,2010,871,830,41
46007,1990,0,0,0
46007,1991,0,188,-188
46007,1992,146,120,26
46007,1993,188,120,68
46007,1994,146,149,-3
46007,1995,157,170,-13
46007,1996,140,196,-56
46007,1997,196,154,42
46007,1998,144,227,-83
46007,1999,193,200,-7
46007,2000,136,168,-32
46007,2001,131,153,-22
46007,2002,144,168,-24
46007,2003,128,135,-7
46007,2004,149,155,-6
46007,2005,144,164,-20
46007,2006,146,150,-4
46007,2007,121,152,-31
46007,2008,121,144,-23
46007,2009,146,125,21
46007,2010,148,177,-29
46009,1990,293,339,-46
46009,1991,320,332,-12
46009,1992,332,267,65
46009,1993,276,321,-45
46009,1994,361,290,71
46009,1995,316,338,-22
46009,1996,282,274,8
46009,1997,276,363,-87
46009,1998,265,315,-50
46009,1999,293,304,-11
46009,2000,268,308,-40
46009,2001,256,338,-82
46009,2002,279,251,28
46009,2003,256,269,-13
46009,2004,215,248,-33
46009,2005,249,246,3
46009,2006,252,259,-7
46009,2007,234,297,-63
46009,2008,230,259,-29
46009,2009,254,228,26
46009,2010,280,275,5
46011,1990,1504,1524,-20
46011,1991,1598,1419,179
46011,1992,1539,1402,137
46011,1993,1529,1412,117
46011,1994,1538,1613,-75
46011,1995,1425,1677,-252
46011,1996,1566,1684,-118
46011,1997,1559,1814,-255
46011,1998,1549,1673,-124
46011,1999,1586,1580,6
46011,2000,1486,1639,-153
46011,2001,1498,1797,-299
46011,2002,1308,1630,-322
46011,2003,1445,1580,-135
46011,2004,1463,1457,6
46011,2005,1638,1589,49
46011,2006,1671,1729,-58
46011,2007,1737,1654,83
46011,2008,1713,1817,-104
46011,2009,1498,1579,-81
46011,2010,1402,1658,-256
46013,1990,1713,1746,-33
46013,1991,1662,1830,-168
46013,1992,1800,1787,13
46013,1993,1679,1794,-115
46013,1994,1609,1757,-148
46013,1995,1558,1653,-95
46013,1996,1506,1727,-221
46013,1997,1506,1866,-360
46013,1998,1485,1735,-250
46013,1999,1357,1796,-439
46013,2000,1381,1633,-252
46013,2001,1378,1556,-178
46013,2002,1308,1530,-222
46013,2003,1298,1431,-133
46013,2004,1402,1513,-111
46013,2005,1406,1522,-116
46013,2006,1476,1382,94
46013,2007,1399,1521,-122
46013,2008,1593,1425,168
46013,2009,1572,1390,182
46013,2010,1561,1492,69
46015,1990,312,0,312
46015,1991,299,292,7
46015,1992,243,287,-44
46015,1993,261,281,-20
46015,1994,247,302,-55
46015,1995,292,293,-1
46015,1996,248,286,-38
46015,1997,304,322,-18
46015,1998,258,293,-35
46015,1999,288,344,-56
46015,2000,220,347,-127
46015,2001,253,311,-58
46015,2002,261,247,14
46015,2003,218,233,-15
46015,2004,207,224,-17
46015,2005,274,284,-10
46015,2006,294,223,71
46015,2007,312,264,48
46015,2008,276,284,-8
46015,2009,314,269,45
46015,2010,252,230,22
46017,1990,0,0,0
46017,1991,0,0,0
46017,1992,84,134,-50
46017,1993,95,63,32
46017,1994,108,84,24
46017,1995,81,107,-26
46017,1996,56,107,-51
46017,1997,108,123,-15
46017,1998,89,94,-5
46017,1999,67,188,-121
46017,2000,110,111,-1
46017,2001,91,115,-24
46017,2002,81,85,-4
46017,2003,70,81,-11
46017,2004,92,109,-17
46017,2005,101,103,-2
46017,2006,72,144,-72
46017,2007,91,112,-21
46017,2008,71,165,-94
46017,2009,118,76,42
46017,2010,85,79,6
46019,1990,710,499,211
46019,1991,706,597,109
46019,1992,792,479,313
46019,1993,722,636,86
46019,1994,678,658,20
46019,1995,739,745,-6
46019,1996,658,786,-128
46019,1997,743,723,20
46019,1998,545,701,-156
46019,1999,614,590,24
46019,2000,635,674,-39
46019,2001,532,643,-111
46019,2002,698,581,117
46019,2003,698,650,48
46019,2004,668,607,61
46019,2005,693,712,-19
46019,2006,786,610,176
46019,2007,781,688,93
46019,2008,587,661,-74
46019,2009,571,528,43
46019,2010,657,567,90
46021,1990,0,0,0
46021,1991,0,0,0
46021,1992,54,121,-67
46021,1993,39,55,-16
46021,1994,77,67,10
46021,1995,61,72,-11
46021,1996,80,58,22
46021,1997,32,97,-65
46021,1998,63,70,-7
46021,1999,64,87,-23
46021,2000,64,82,-18
46021,2001,36,85,-49
46021,2002,27,80,-53
46021,2003,35,81,-46
46021,2004,36,61,-25
46021,2005,42,72,-30
46021,2006,32,83,-51
46021,2007,47,63,-16
46021,2008,63,49,14
46021,2009,76,56,20
46021,2010,42,73,-31
46023,1990,346,395,-49
46023,1991,440,354,86
46023,1992,351,368,-17
46023,1993,410,416,-6
46023,1994,361,336,25
46023,1995,356,390,-34
46023,1996,353,410,-57
46023,1997,290,470,-180
46023,1998,268,422,-154
46023,1999,314,359,-45
46023,2000,264,400,-136
46023,2001,336,400,-64
46023,2002,288,338,-50
46023,2003,283,371,-88
46023,2004,376,318,58
46023,2005,284,372,-88
46023,2006,261,329,-68
46023,2007,283,331,-48
46023,2008,304,320,-16
46023,2009,298,272,26
46023,2010,295,266,29
46025,1990,168,216,-48
46025,1991,196,188,8
46025,1992,189,193,-4
46025,1993,200,188,12
46025,1994,241,232,9
46025,1995,152,178,-26
46025,1996,205,191,14
46025,1997,154,186,-32
46025,1998,174,226,-52
46025,1999,129,196,-67
46025,2000,152,135,17
46025,2001,101,190,-89
46025,2002,118,150,-32
46025,2003,146,146,0
46025,2004,117,179,-62
46025,2005,131,209,-78
46025,2006,136,146,-10
46025,2007,118,137,-19
46025,2008,162,162,0
46025,2009,131,130,1
46025,2010,128,178,-50
46027,1990,905,955,-50
46027,1991,972,1017,-45
46027,1992,1053,961,92
46027,1993,978,983,-5
46027,1994,1120,1096,24
46027,1995,1064,1177,-113
46027,1996,1071,1170,-99
46027,1997,1081,1141,-60
46027,1998,1058,1173,-115
46027,1999,1051,1311,-260
46027,2000,1058,1142,-84
46027,2001,892,1185,-293
46027,2002,893,999,-106
46027,2003,784,1005,-221
46027,2004,903,1023,-120
46027,2005,950,1038,-88
46027,2006,829,955,-126
46027,2007,866,951,-85
46027,2008,822,1052,-230
46027,2009,823,966,-143
46027,2010,941,954,-13
46029,1990,1196,1155,41
46029,1991,1275,1032,243
46029,1992,1509,965,544
46029,1993,1522,1107,415
46029,1994,1471,1317,154
46029,1995,1444,1302,142
46029,1996,1507,1317,190
46029,1997,1309,1435,-126
46029,1998,1295,1454,-159
46029,1999,1308,1456,-148
46029,2000,1332,1446,-114
46029,2001,1261,1403,-142
46029,2002,1212,1250,-38
46029,2003,1267,1333,-66
46029,2004,1213,1274,-61
46029,2005,1495,1318,177
46029,2006,1336,1298,38
46029,2007,1259,1458,-199
46029,2008,1228,1364,-136
46029,2009,1180,1271,-91
46029,2010,1156,1123,33
46031,1990,0,207,-207
46031,1991,0,223,-223
46031,1992,147,192,-45
46031,1993,135,187,-52
46031,1994,169,198,-29
46031,1995,166,191,-25
46031,1996,186,187,-1
46031,1997,135,241,-106
46031,1998,168,249,-81
46031,1999,244,205,39
46031,2000,181,228,-47
46031,2001,228,215,13
46031,2002,172,192,-20
46031,2003,199,193,6
46031,2004,166,211,-45
46031,2005,209,255,-46
46031,2006,203,197,6
46031,2007,170,215,-45
46031,2008,178,215,-37
46031,2009,196,172,24
46031,2010,164,187,-23
46033,1990,562,549,13
46033,1991,698,538,160
46033,1992,629,566,63
46033,1993,619,478,141
46033,1994,586,535,51
46033,1995,595,519,76
46033,1996,581,518,63
46033,1997,515,485,30
46033,1998,580,513,67
46033,1999,588,486,102
46033,2000,557,517,40
46033,2001,716,556,160
46033,2002,568,470,98
46033,2003,635,444,191
46033,2004,617,594,23
46033,2005,642,549,93
46033,2006,554,497,57
46033,2007,605,550,55
46033,2008,583,531,52
46033,2009,631,474,157
46033,2010,536,443,93
46035,1990,924,986,-62
46035,1991,968,995,-27
46035,1992,919,939,-20
46035,1993,948,1006,-58
46035,1994,1014,991,23
46035,1995,1022,1015,7
46035,1996,1032,1067,-35
46035,1997,935,1028,-93
46035,1998,1081,990,91
46035,1999,1015,1164,-149
46035,2000,1030,1106,-76
46035,2001,1098,1126,-28
46035,2002,1062,1064,-2
46035,2003,1125,1031,94
46035,2004,977,1113,-136
46035,2005,1146,1077,69
46035,2006,1037,1255,-218
46035,2007,1062,1223,-161
46035,2008,961,1075,-114
46035,2009,953,955,-2
46035,2010,964,992,-28
46037,1990,284,303,-19
46037,1991,287,321,-34
46037,1992,259,276,-17
46037,1993,262,258,4
46037,1994,312,363,-51
46037,1995,228,313,-85
46037,1996,289,339,-50
46037,1997,286,314,-28
46037,1998,205,403,-198
46037,1999,267,332,-65
46037,2000,235,327,-92
46037,2001,270,282,-12
46037,2002,199,319,-120
46037,2003,267,264,3
46037,2004,250,246,4
46037,2005,275,267,8
46037,2006,246,259,-13
46037,2007,227,316,-89
46037,2008,226,254,-28
46037,2009,264,221,43
46037,2010,284,261,23
46039,1990,211,247,-36
46039,1991,164,185,-21
46039,1992,243,179,64
46039,1993,207,235,-28
46039,1994,218,209,9
46039,1995,266,213,53
46039,1996,221,231,-10
46039,1997,285,271,14
46039,1998,219,252,-33
46039,1999,233,196,37
46039,2000,237,237,0
46039,2001,239,252,-13
46039,2002,219,267,-48
46039,2003,207,248,-41
46039,2004,219,181,38
46039,2005,238,236,2
46039,2006,216,247,-31
46039,2007,270,234,36
46039,2008,223,265,-42
46039,2009,168,204,-36
46039,2010,214,222,-8
46041,1990,245,274,-29
46041,1991,261,384,-123
46041,1992,257,225,32
46041,1993,250,298,-48
46041,1994,230,240,-10
46041,1995,209,285,-76
46041,1996,237,302,-65
46041,1997,296,267,29
46041,1998,296,293,3
46041,1999,281,305,-24
46041,2000,271,297,-26
46041,2001,269,331,-62
46041,2002,293,273,20
46041,2003,241,336,-95
46041,2004,272,300,-28
46041,2005,260,357,-97
46041,2006,263,346,-83
46041,2007,243,358,-115
46041,2008,308,285,23
46041,2009,240,207,33
46041,2010,240,217,23
46043,1990,0,0,0
46043,1991,0,149,-149
46043,1992,123,152,-29
46043,1993,113,189,-76
46043,1994,143,128,15
46043,1995,104,97,7
46043,1996,153,172,-19
46043,1997,141,160,-19
46043,1998,136,123,13
46043,1999,90,175,-85
46043,2000,118,127,-9
46043,2001,68,136,-68
46043,2002,97,122,-25
46043,2003,106,112,-6
46043,2004,104,112,-8
46043,2005,65,142,-77
46043,2006,102,129,-27
46043,2007,80,120,-40
46043,2008,98,110,-12
46043,2009,82,131,-49
46043,2010,99,79,20
46045,1990,160,232,-72
46045,1991,246,232,14
46045,1992,235,214,21
46045,1993,182,192,-10
46045,1994,251,134,117
46045,1995,169,153,16
46045,1996,92,201,-109
46045,1997,213,218,-5
46045,1998,161,181,-20
46045,1999,159,177,-18
46045,2000,161,160,1
46045,2001,166,205,-39
46045,2002,173,210,-37
46045,2003,131,213,-82
46045,2004,168,177,-9
46045,2005,121,175,-54
46045,2006,139,143,-4
46045,2007,190,160,30
46045,2008,201,236,-35
46045,2009,214,166,48
46045,2010,184,192,-8
46047,1990,485,499,-14
46047,1991,576,584,-8
46047,1992,529,449,80
46047,1993,565,519,46
46047,1994,554,469,85
46047,1995,588,516,72
46047,1996,527,591,-64
46047,1997,438,457,-19
46047,1998,451,477,-26
46047,1999,413,506,-93
46047,2000,512,501,11
46047,2001,495,505,-10
46047,2002,434,375,59
46047,2003,443,383,60
46047,2004,491,396,95
46047,2005,487,455,32
46047,2006,494,452,42
46047,2007,483,521,-38
46047,2008,517,410,107
46047,2009,478,391,87
46047,2010,396,431,-35
46049,1990,0,0,0
46049,1991,0,129,-129
46049,1992,120,176,-56
46049,1993,92,100,-8
46049,1994,105,144,-39
46049,1995,91,118,-27
46049,1996,84,124,-40
46049,1997,111,137,-26
46049,1998,92,134,-42
46049,1999,94,98,-4
46049,2000,61,113,-52
46049,2001,90,108,-18
46049,2002,75,80,-5
46049,2003,61,91,-30
46049,2004,80,108,-28
46049,2005,81,103,-22
46049,2006,76,81,-5
46049,2007,65,57,8
46049,2008,38,91,-53
46049,2009,83,61,22
46049,2010,78,92,-14
46051,1990,318,368,-50
46051,1991,333,317,16
46051,1992,267,327,-60
46051,1993,310,354,-44
46051,1994,339,373,-34
46051,1995,302,377,-75
46051,1996,358,372,-14
46051,1997,344,363,-19
46051,1998,282,387,-105
46051,1999,289,370,-81
46051,2000,287,378,-91
46051,2001,284,307,-23
46051,2002,324,334,-10
46051,2003,252,336,-84
46051,2004,259,341,-82
46051,2005,290,352,-62
46051,2006,268,320,-52
46051,2007,307,331,-24
46051,2008,263,267,-4
46051,2009,277,276,1
46051,2010,275,375,-100
46053,1990,167,212,-45
46053,1991,210,206,4
46053,1992,179,240,-61
46053,1993,170,221,-51
46053,1994,201,147,54
46053,1995,195,202,-7
46053,1996,150,230,-80
46053,1997,170,211,-41
46053,1998,160,190,-30
46053,1999,102,177,-75
46053,2000,109,203,-94
46053,2001,117,197,-80
46053,2002,168,170,-2
46053,2003,116,161,-45
46053,2004,157,177,-20
46053,2005,129,152,-23
46053,2006,137,181,-44
46053,2007,155,157,-2
46053,2008,178,176,2
46053,2009,127,142,-15
46053,2010,113,154,-41
46055,1990,120,141,-21
46055,1991,0,128,-128
46055,1992,113,166,-53
46055,1993,102,145,-43
46055,1994,152,122,30
46055,1995,97,116,-19
46055,1996,86,154,-68
46055,1997,71,178,-107
46055,1998,77,129,-52
46055,1999,104,174,-70
46055,2000,70,129,-59
46055,2001,76,117,-41
46055,2002,70,123,-53
46055,2003,59,111,-52
46055,2004,73,120,-47
46055,2005,93,129,-36
46055,2006,82,90,-8
46055,2007,85,117,-32
46055,2008,69,71,-2
46055,2009,36,82,-46
46055,2010,47,64,-17
46057,1990,216,212,4
46057,1991,247,216,31
46057,1992,249,235,14
46057,1993,297,214,83
46057,1994,356,307,49
46057,1995,296,257,39
46057,1996,291,312,-21
46057,1997,269,313,-44
46057,1998,312,234,78
46057,1999,289,280,9
46057,2000,281,318,-37
46057,2001,280,270,10
46057,2002,221,246,-25
46057,2003,265,285,-20
46057,2004,293,281,12
46057,2005,284,335,-51
46057,2006,280,245,35
46057,2007,307,291,16
46057,2008,328,265,63
46057,2009,254,263,-9
46057,2010,273,275,-2
46059,1990,0,148,-148
46059,1991,0,216,-216
46059,1992,152,200,-48
46059,1993,172,182,-10
46059,1994,147,164,-17
46059,1995,127,149,-22
46059,1996,147,120,27
46059,1997,139,154,-15
46059,1998,128,139,-11
46059,1999,101,167,-66
46059,2000,72,127,-55
46059,2001,97,141,-44
46059,2002,137,174,-37
46059,2003,74,158,-84
46059,2004,102,120,-18
46059,2005,148,136,12
46059,2006,119,149,-30
46059,2007,112,103,9
46059,2008,87,115,-28
46059,2009,123,81,42
46059,2010,131,117,14
46061,1990,120,152,-32
46061,1991,101,131,-30
46061,1992,128,156,-28
46061,1993,136,168,-32
46061,1994,157,141,16
46061,1995,138,139,-1
46061,1996,148,152,-4
46061,1997,133,145,-12
46061,1998,218,172,46
46061,1999,199,168,31
46061,2000,250,146,104
46061,2001,260,211,49
46061,2002,291,188,103
46061,2003,418,188,230
46061,2004,96,76,20
46061,2005,131,150,-19
46061,2006,159,113,46
46061,2007,378,256,122
46061,2008,292,314,-22
46061,2009,213,242,-29
46061,2010,241,275,-34
46063,1990,0,0,0
46063,1991,0,0,0
46063,1992,70,64,6
46063,1993,64,69,-5
46063,1994,58,81,-23
46063,1995,91,79,12
46063,1996,46,84,-38
46063,1997,73,75,-2
46063,1998,40,89,-49
46063,1999,65,94,-29
46063,2000,52,88,-36
46063,2001,40,61,-21
46063,2002,51,50,1
46063,2003,25,75,-50
46063,2004,64,89,-25
46063,2005,67,50,17
46063,2006,38,38,0
46063,2007,48,75,-27
46063,2008,52,53,-1
46063,2009,24,65,-41
46063,2010,63,31,32
46065,1990,926,1011,-85
46065,1991,1094,911,183
46065,1992,977,900,77
46065,1993,989,921,68
46065,1994,908,970,-62
46065,1995,904,1015,-111
46065,1996,909,1115,-206
46065,1997,971,1072,-101
46065,1998,1081,1062,19
46065,1999,983,1058,-75
46065,2000,965,1113,-148
46065,2001,1097,1027,70
46065,2002,949,927,22
46065,2003,960,977,-17
46065,2004,997,963,34
46065,2005,964,1040,-76
46065,2006,943,962,-19
46065,2007,912,1085,-173
46065,2008,1058,1003,55
46065,2009,985,877,108
46065,2010,1083,1010,73
46067,1990,271,333,-62
46067,1991,314,326,-12
46067,1992,364,361,3
46067,1993,301,251,50
46067,1994,304,306,-2
46067,1995,339,313,26
46067,1996,270,263,7
46067,1997,279,297,-18
46067,1998,308,276,32
46067,1999,271,286,-15
46067,2000,266,335,-69
46067,2001,296,354,-58
46067,2002,266,288,-22
46067,2003,212,312,-100
46067,2004,242,279,-37
46067,2005,256,335,-79
46067,2006,279,294,-15
46067,2007,254,308,-54
46067,2008,279,286,-7
46067,2009,298,273,25
46067,2010,258,274,-16
46069,1990,0,0,0
46069,1991,0,0,0
46069,1992,96,86,10
46069,1993,78,103,-25
46069,1994,89,75,14
46069,1995,71,101,-30
46069,1996,85,82,3
46069,1997,94,100,-6
46069,1998,84,110,-26
46069,1999,85,89,-4
46069,2000,52,91,-39
46069,2001,55,86,-31
46069,2002,79,60,19
46069,2003,79,61,18
46069,2004,66,91,-25
46069,2005,45,93,-48
46069,2006,52,95,-43
46069,2007,73,96,-23
46069,2008,76,71,5
46069,2009,59,51,8
46069,2010,53,74,-21
46071,1990,129,0,129
46071,1991,0,0,0
46071,1992,114,123,-9
46071,1993,145,119,26
46071,1994,139,162,-23
46071,1995,146,164,-18
46071,1996,122,151,-29
46071,1997,140,162,-22
46071,1998,96,127,-31
46071,1999,145,149,-4
46071,2000,106,192,-86
46071,2001,119,114,5
46071,2002,103,117,-14
46071,2003,95,101,-6
46071,2004,111,133,-22
46071,2005,112,135,-23
46071,2006,128,152,-24
46071,2007,128,212,-84
46071,2008,117,126,-9
46071,2009,135,99,36
46071,2010,140,100,40
46073,1990,99,118,-19
46073,1991,0,0,0
46073,1992,141,109,32
46073,1993,78,124,-46
46073,1994,118,137,-19
46073,1995,93,94,-1
46073,1996,96,118,-22
46073,1997,107,133,-26
46073,1998,78,134,-56
46073,1999,119,110,9
46073,2000,103,93,10
46073,2001,106,122,-16
46073,2002,75,106,-31
46073,2003,60,101,-41
46073,2004,107,93,14
46073,2005,98,121,-23
46073,2006,78,186,-108
46073,2007,119,162,-43
46073,2008,101,86,15
46073,2009,139,78,61
46073,2010,103,123,-20
46075,1990,0,0,0
46075,1991,0,0,0
46075,1992,71,88,-17
46075,1993,72,61,11
46075,1994,65,73,-8
46075,1995,66,95,-29
46075,1996,75,70,5
46075,1997,46,78,-32
46075,1998,41,59,-18
46075,1999,42,72,-30
46075,2000,34,85,-51
46075,2001,51,58,-7
46075,2002,29,62,-33
46075,2003,53,42,11
46075,2004,36,62,-26
46075,2005,61,50,11
46075,2006,38,58,-20
46075,2007,39,58,-19
46075,2008,51,43,8
46075,2009,63,39,24
46075,2010,43,48,-5
46077,1990,239,305,-66
46077,1991,307,231,76
46077,1992,290,272,18
46077,1993,230,265,-35
46077,1994,277,262,15
46077,1995,331,247,84
46077,1996,247,270,-23
46077,1997,230,314,-84
46077,1998,217,262,-45
46077,1999,241,217,24
46077,2000,197,293,-96
46077,2001,214,245,-31
46077,2002,199,227,-28
46077,2003,192,269,-77
46077,2004,219,172,47
46077,2005,216,248,-32
46077,2006,245,203,42
46077,2007,268,286,-18
46077,2008,268,253,15
46077,2009,237,244,-7
46077,2010,252,210,42
46079,1990,541,580,-39
46079,1991,516,473,43
46079,1992,538,598,-60
46079,1993,573,554,19
46079,1994,605,509,96
46079,1995,457,497,-40
46079,1996,487,496,-9
46079,1997,517,544,-27
46079,1998,562,554,8
46079,1999,512,618,-106
46079,2000,507,543,-36
46079,2001,519,564,-45
46079,2002,487,540,-53
46079,2003,511,592,-81
46079,2004,541,501,40
46079,2005,606,541,65
46079,2006,786,506,280
46079,2007,892,643,249
46079,2008,773,689,84
46079,2009,822,596,226
46079,2010,862,593,269
46081,1990,1778,1525,253
46081,1991,1838,1701,137
46081,1992,1797,1548,249
46081,1993,1731,1585,146
46081,1994,1882,1671,211
46081,1995,1508,1608,-100
46081,1996,1491,1723,-232
46081,1997,1515,1824,-309
46081,1998,1476,2033,-557
46081,1999,1571,1683,-112
46081,2000,1518,1671,-153
46081,2001,1663,1714,-51
46081,2002,1636,1415,221
46081,2003,1680,1466,214
46081,2004,1502,1473,29
46081,2005,1601,1514,87
46081,2006,1645,1514,131
46081,2007,1627,1646,-19
46081,2008,1523,1482,41
46081,2009,1489,1252,237
46081,2010,1364,1381,-17
46083,1990,957,951,6
46083,1991,1136,897,239
46083,1992,1231,985,246
46083,1993,1079,967,112
46083,1994,1370,1000,370
46083,1995,1608,964,644
46083,1996,2638,926,1712
46083,1997,2160,1289,871
46083,1998,2631,1540,1091
46083,1999,2922,1630,1292
46083,2000,3157,1701,1456
46083,2001,3466,2063,1403
46083,2002,3641,2319,1322
46083,2003,4385,2309,2076
46083,2004,3648,2280,1368
46083,2005,3713,2433,1280
46083,2006,3847,2416,1431
46083,2007,3918,2674,1244
46083,2008,4174,3159,1015
46083,2009,3890,3115,775
46083,2010,4059,3212,847
46085,1990,0,211,-211
46085,1991,0,167,-167
46085,1992,187,171,16
46085,1993,186,164,22
46085,1994,216,213,3
46085,1995,182,198,-16
46085,1996,187,191,-4
46085,1997,166,275,-109
46085,1998,189,195,-6
46085,1999,197,182,15
46085,2000,188,195,-7
46085,2001,194,229,-35
46085,2002,166,182,-16
46085,2003,160,207,-47
46085,2004,136,187,-51
46085,2005,139,169,-30
46085,2006,174,173,1
46085,2007,109,217,-108
46085,2008,204,170,34
46085,2009,171,176,-5
46085,2010,181,159,22
46087,1990,232,270,-38
46087,1991,218,286,-68
46087,1992,343,282,61
46087,1993,317,281,36
46087,1994,306,259,47
46087,1995,341,314,27
46087,1996,258,337,-79
46087,1997,315,329,-14
46087,1998,301,335,-34
46087,1999,317,241,76
46087,2000,282,294,-12
46087,2001,313,352,-39
46087,2002,250,260,-10
46087,2003,292,275,17
46087,2004,300,311,-11
46087,2005,244,309,-65
46087,2006,314,318,-4
46087,2007,274,368,-94
46087,2008,306,342,-36
46087,2009,291,267,24
46087,2010,253,354,-101
46089,1990,126,139,-13
46089,1991,104,105,-1
46089,1992,109,94,15
46089,1993,88,73,15
46089,1994,65,85,-20
46089,1995,102,133,-31
46089,1996,74,145,-71
46089,1997,103,108,-5
46089,1998,91,103,-12
46089,1999,77,99,-22
46089,2000,87,100,-13
46089,2001,94,98,-4
46089,2002,121,93,28
46089,2003,76,101,-25
46089,2004,79,94,-15
46089,2005,68,103,-35
46089,2006,114,111,3
46089,2007,93,90,3
46089,2008,64,89,-25
46089,2009,79,84,-5
46089,2010,119,108,11
46091,1990,143,197,-54
46091,1991,0,152,-152
46091,1992,163,168,-5
46091,1993,173,159,14
46091,1994,181,212,-31
46091,1995,166,140,26
46091,1996,172,222,-50
46091,1997,181,246,-65
46091,1998,178,194,-16
46091,1999,199,204,-5
46091,2000,133,220,-87
46091,2001,144,208,-64
46091,2002,157,213,-56
46091,2003,213,124,89
46091,2004,183,154,29
46091,2005,192,187,5
46091,2006,180,205,-25
46091,2007,163,174,-11
46091,2008,162,211,-49
46091,2009,186,164,22
46091,2010,143,208,-65
46093,1990,3613,3348,265
46093,1991,4060,3220,840
46093,1992,3774,4069,-295
46093,1993,3385,3996,-611
46093,1994,3773,3924,-151
46093,1995,3139,3714,-575
46093,1996,2694,3805,-1111
46093,1997,2942,3373,-431
46093,1998,2932,3484,-552
46093,1999,2953,3221,-268
46093,2000,2909,3104,-195
46093,2001,3369,3331,38
46093,2002,3227,3395,-168
46093,2003,3403,3283,120
46093,2004,2868,3019,-151
46093,2005,2955,3296,-341
46093,2006,2783,3115,-332
46093,2007,2983,3166,-183
46093,2008,2740,2856,-116
46093,2009,2747,3005,-258
46093,2010,3990,2588,1402
46095,1990,0,0,0
46095,1991,0,0,0
46095,1992,107,100,7
46095,1993,92,151,-59
46095,1994,99,146,-47
46095,1995,57,57,0
46095,1996,93,121,-28
46095,1997,113,87,26
46095,1998,104,117,-13
46095,1999,119,97,22
46095,2000,101,120,-19
46095,2001,72,119,-47
46095,2002,139,97,42
46095,2003,82,123,-41
46095,2004,116,84,32
46095,2005,86,98,-12
46095,2006,83,94,-11
46095,2007,47,95,-48
46095,2008,128,73,55
46095,2009,76,88,-12
46095,2010,103,52,51
46097,1990,112,0,112
46097,1991,0,143,-143
46097,1992,126,128,-2
46097,1993,104,148,-44
46097,1994,126,137,-11
46097,1995,120,130,-10
46097,1996,115,175,-60
46097,1997,122,187,-65
46097,1998,87,178,-91
46097,1999,139,127,12
46097,2000,101,128,-27
46097,2001,101,110,-9
46097,2002,88,146,-58
46097,2003,88,122,-34
46097,2004,75,114,-39
46097,2005,110,120,-10
46097,2006,121,133,-12
46097,2007,86,169,-83
46097,2008,143,130,13
46097,2009,89,120,-31
46097,2010,82,108,-26
46099,1990,7596,6349,1247
46099,1991,7684,6209,1475
46099,1992,7632,6563,1069
46099,1993,7969,6509,1460
46099,1994,7370,7194,176
46099,1995,7695,7477,218
46099,1996,6801,8347,-1546
46099,1997,7610,7631,-21
46099,1998,8611,7955,656
46099,1999,8858,7755,1103
46099,2000,8674,8565,109
46099,2001,8600,8822,-222
46099,2002,8718,8450,268
46099,2003,9052,8819,233
46099,2004,9440,8581,859
46099,2005,9762,8628,1134
46099,2006,9573,8788,785
46099,2007,10348,8922,1426
46099,2008,9658,8926,732
46099,2009,8512,8804,-292
46099,2010,8792,9141,-349
46101,1990,354,313,41
46101,1991,366,270,96
46101,1992,299,356,-57
46101,1993,285,324,-39
46101,1994,356,299,57
46101,1995,379,349,30
46101,1996,281,340,-59
46101,1997,300,335,-35
46101,1998,283,349,-66
46101,1999,294,363,-69
46101,2000,308,286,22
46101,2001,312,396,-84
46101,2002,295,354,-59
46101,2003,340,303,37
46101,2004,356,336,20
46101,2005,269,298,-29
46101,2006,293,317,-24
46101,2007,303,399,-96
46101,2008,296,376,-80
46101,2009,306,298,8
46101,2010,284,304,-20
46103,1990,7497,6771,726
46103,1991,7371,6966,405
46103,1992,7637,7657,-20
46103,1993,7094,7108,-14
46103,1994,7418,7622,-204
46103,1995,5759,6596,-837
46103,1996,5462,5986,-524
46103,1997,5566,5868,-302
46103,1998,5771,5740,31
46103,1999,5849,5788,61
46103,2000,5793,5415,378
46103,2001,5878,5744,134
46103,2002,5863,5808,55
46103,2003,5869,5491,378
46103,2004,5737,5904,-167
46103,2005,6352,6207,145
46103,2006,6483,5849,634
46103,2007,7045,5787,1258
46103,2008,6761,5875,886
46103,2009,6190,5686,504
46103,2010,6239,7018,-779
46105,1990,0,233,-233
46105,1991,0,231,-231
46105,1992,147,182,-35
46105,1993,183,185,-2
46105,1994,139,205,-66
46105,1995,141,166,-25
46105,1996,99,184,-85
46105,1997,120,145,-25
46105,1998,139,159,-20
46105,1999,93,168,-75
46105,2000,134,175,-41
46105,2001,151,144,7
46105,2002,95,154,-59
46105,2003,108,178,-70
46105,2004,110,164,-54
46105,2005,152,147,5
46105,2006,83,117,-34
46105,2007,141,117,24
46105,2008,79,101,-22
46105,2009,134,104,30
46105,2010,138,73,65
46107,1990,0,0,0
46107,1991,0,160,-160
46107,1992,142,147,-5
46107,1993,148,113,35
46107,1994,93,159,-66
46107,1995,95,123,-28
46107,1996,113,144,-31
46107,1997,96,154,-58
46107,1998,100,116,-16
46107,1999,97,114,-17
46107,2000,82,176,-94
46107,2001,94,119,-25
46107,2002,96,93,3
46107,2003,101,112,-11
46107,2004,89,151,-62
46107,2005,80,99,-19
46107,2006,78,137,-59
46107,2007,85,129,-44
46107,2008,92,116,-24
46107,2009,129,77,52
46107,2010,100,72,28
46109,1990,319,442,-123
46109,1991,318,367,-49
46109,1992,436,333,103
46109,1993,358,438,-80
46109,1994,455,381,74
46109,1995,388,361,27
46109,1996,396,333,63
46109,1997,336,469,-133
46109,1998,382,481,-99
46109,1999,393,458,-65
46109,2000,455,410,45
46109,2001,322,471,-149
46109,2002,459,333,126
46109,2003,421,413,8
46109,2004,386,468,-82
46109,2005,438,452,-14
46109,2006,361,411,-50
46109,2007,418,456,-38
46109,2008,417,471,-54
46109,2009,463,401,62
46109,2010,395,338,57
46111,1990,0,144,-144
46111,1991,132,142,-10
46111,1992,125,158,-33
46111,1993,105,126,-21
46111,1994,152,140,12
46111,1995,120,109,11
46111,1996,117,144,-27
46111,1997,117,133,-16
46111,1998,97,95,2
46111,1999,124,140,-16
46111,2000,95,165,-70
46111,2001,125,110,15
46111,2002,133,92,41
46111,2003,106,106,0
46111,2004,83,153,-70
46111,2005,113,126,-13
46111,2006,120,122,-2
46111,2007,112,126,-14
46111,2008,99,109,-10
46111,2009,109,117,-8
46111,2010,143,140,3
46113,1990,394,332,62
46113,1991,382,392,-10
46113,1992,395,307,88
46113,1993,382,350,32
46113,1994,400,319,81
46113,1995,437,475,-38
46113,1996,426,386,40
46113,1997,392,436,-44
46113,1998,404,377,27
46113,1999,473,421,52
46113,2000,402,402,0
46113,2001,429,397,32
46113,2002,409,428,-19
46113,2003,390,514,-124
46113,2004,406,388,18
46113,2005,470,440,30
46113,2006,421,548,-127
46113,2007,406,521,-115
46113,2008,437,541,-104
46113,2009,440,429,11
46113,2010,494,390,104
46115,1990,344,371,-27
46115,1991,333,398,-65
46115,1992,357,352,5
46115,1993,323,372,-49
46115,1994,412,372,40
46115,1995,247,370,-123
46115,1996,345,367,-22
46115,1997,317,379,-62
46115,1998,268,354,-86
46115,1999,226,337,-111
46115,2000,223,398,-175
46115,2001,237,333,-96
46115,2002,200,273,-73
46115,2003,231,236,-5
46115,2004,228,262,-34
46115,2005,220,261,-41
46115,2006,238,297,-59
46115,2007,230,281,-51
46115,2008,212,218,-6
46115,2009,219,228,-9
46115,2010,289,202,87
46117,1990,206,204,2
46117,1991,173,190,-17
46117,1992,256,212,44
46117,1993,271,197,74
46117,1994,359,225,134
46117,1995,275,209,66
46117,1996,246,273,-27
46117,1997,231,249,-18
46117,1998,255,292,-37
46117,1999,252,235,17
46117,2000,235,250,-15
46117,2001,256,283,-27
46117,2002,280,275,5
46117,2003,319,272,47
46117,2004,216,282,-66
46117,2005,279,251,28
46117,2006,245,228,17
46117,2007,242,266,-24
46117,2008,240,243,-3
46117,2009,239,205,34
46117,2010,214,232,-18
46119,1990,0,120,-120
46119,1991,92,103,-11
46119,1992,78,102,-24
46119,1993,79,99,-20
46119,1994,63,90,-27
46119,1995,84,84,0
46119,1996,44,80,-36
46119,1997,50,110,-60
46119,1998,75,93,-18
46119,1999,50,64,-14
46119,2000,68,83,-15
46119,2001,48,74,-26
46119,2002,40,71,-31
46119,2003,62,84,-22
46119,2004,75,67,8
46119,2005,84,68,16
46119,2006,81,78,3
46119,2007,68,106,-38
46119,2008,62,55,7
46119,2009,65,55,10
46119,2010,74,83,-9
46121,1990,238,0,238
46121,1991,0,0,0
46121,1992,304,324,-20
46121,1993,274,285,-11
46121,1994,267,256,11
46121,1995,264,322,-58
46121,1996,323,402,-79
46121,1997,299,396,-97
46121,1998,299,293,6
46121,1999,346,342,4
46121,2000,376,359,17
46121,2001,311,368,-57
46121,2002,303,358,-55
46121,2003,367,320,47
46121,2004,328,352,-24
46121,2005,355,351,4
46121,2006,380,343,37
46121,2007,276,383,-107
46121,2008,281,374,-93
46121,2009,303,298,5
46121,2010,278,266,12
46123,1990,261,235,26
46123,1991,265,365,-100
46123,1992,259,295,-36
46123,1993,259,266,-7
46123,1994,250,307,-57
46123,1995,241,272,-31
46123,1996,209,248,-39
46123,1997,205,298,-93
46123,1998,233,313,-80
46123,1999,191,341,-150
46123,2000,209,291,-82
46123,2001,253,239,14
46123,2002,185,240,-55
46123,2003,162,256,-94
46123,2004,205,235,-30
46123,2005,232,274,-42
46123,2006,154,273,-119
46123,2007,180,262,-82
46123,2008,184,242,-58
46123,2009,191,180,11
46123,2010,171,191,-20
46125,1990,377,477,-100
46125,1991,491,405,86
46125,1992,541,480,61
46125,1993,491,419,72
46125,1994,528,459,69
46125,1995,502,439,63
46125,1996,430,422,8
46125,1997,427,416,11
46125,1998,458,415,43
46125,1999,447,386,61
46125,2000,455,491,-36
46125,2001,401,490,-89
46125,2002,462,425,37
46125,2003,461,435,26
46125,2004,391,461,-70
46125,2005,462,450,12
46125,2006,394,385,9
46125,2007,460,429,31
46125,2008,408,448,-40
46125,2009,442,375,67
46125,2010,428,396,32
46127,1990,743,633,110
46127,1991,776,693,83
46127,1992,817,615,202
46127,1993,1104,697,407
46127,1994,1047,820,227
46127,1995,1149,809,340
46127,1996,1103,880,223
46127,1997,1316,1054,262
46127,1998,1260,1116,144
46127,1999,1097,1135,-38
46127,2000,1119,1083,36
46127,2001,1066,1005,61
46127,2002,1024,876,148
46127,2003,987,908,79
46127,2004,1097,1020,77
46127,2005,1229,1028,201
46127,2006,1181,932,249
46127,2007,1100,992,108
46127,2008,1162,856,306
46127,2009,1171,869,302
46127,2010,1106,980,126
46129,1990,305,425,-120
46129,1991,296,339,-43
46129,1992,331,361,-30
46129,1993,425,317,108
46129,1994,400,325,75
46129,1995,363,351,12
46129,1996,296,432,-136
46129,1997,300,346,-46
46129,1998,385,347,38
46129,1999,289,393,-104
46129,2000,286,407,-121
46129,2001,292,344,-52
46129,2002,250,334,-84
46129,2003,288,270,18
46129,2004,281,305,-24
46129,2005,285,324,-39
46129,2006,238,328,-90
46129,2007,298,299,-1
46129,2008,279,283,-4
46129,2009,318,273,45
46129,2010,308,228,80
46135,1990,1125,865,260
46135,1991,1058,975,83
46135,1992,1157,1011,146
46135,1993,1088,1010,78
46135,1994,1222,952,270
46135,1995,1131,1096,35
46135,1996,1099,1133,-34
46135,1997,1057,1034,23
46135,1998,1137,1062,75
46135,1999,959,1130,-171
46135,2000,1029,1201,-172
46135,2001,981,1038,-57
46135,2002,872,923,-51
46135,2003,950,998,-48
46135,2004,802,920,-118
46135,2005,949,1024,-75
46135,2006,1020,971,49
46135,2007,978,941,37
46135,2008,925,914,11
46135,2009,913,875,38
46135,2010,1030,975,55
46137,1990,0,198,-198
46137,1991,0,102,-102
46137,1992,90,99,-9
46137,1993,97,117,-20
46137,1994,112,132,-20
46137,1995,120,146,-26
46137,1996,126,118,8
46137,1997,58,112,-54
46137,1998,86,133,-47
46137,1999,75,173,-98
46137,2000,109,104,5
46137,2001,129,95,34
46137,2002,90,111,-21
46137,2003,105,118,-13
46137,2004,68,77,-9
46137,2005,84,101,-17
46137,2006,66,74,-8
46137,2007,76,112,-36
46137,2008,92,79,13
46137,2009,124,87,37
46137,2010,81,89,-8
47001,1990,3711,3247,464
47001,1991,3979,3162,817
47001,1992,3550,3352,198
47001,1993,3897,3475,422
47001,1994,4058,3598,460
47001,1995,4015,3839,176
47001,1996,3983,4137,-154
47001,1997,3724,4196,-472
47001,1998,4144,4046,98
47001,1999,3935,4160,-225
47001,2000,4013,3851,162
47001,2001,4032,3859,173
47001,2002,3881,3704,177
47001,2003,3947,3819,128
47001,2004,3652,3324,328
47001,2005,4243,3565,678
47001,2006,3875,3540,335
47001,2007,4339,3747,592
47001,2008,4191,3659,532
47001,2009,3576,3586,-10
47001,2010,3613,3531,82
47003,1990,1698,1296,402
47003,1991,1717,1174,543
47003,1992,1590,1355,235
47003,1993,1600,1426,174
47003,1994,1863,1249,614
47003,1995,1872,1392,480
47003,1996,1833,1695,138
47003,1997,1903,1755,148
47003,1998,1929,1742,187
47003,1999,2113,1738,375
47003,2000,1910,1625,285
47003,2001,1967,1706,261
47003,2002,2142,1621,521
47003,2003,2372,1834,538
47003,2004,2221,1717,504
47003,2005,2310,1816,494
47003,2006,2304,1908,396
47003,2007,2283,1998,285
47003,2008,2271,2154,117
47003,2009,2125,2117,8
47003,2010,2052,2104,-52
47005,1990,866,637,229
47005,1991,787,620,167
47005,1992,723,520,203
47005,1993,858,644,214
47005,1994,940,627,313
47005,1995,883,681,202
47005,1996,879,680,199
47005,1997,806,745,61
47005,1998,910,694,216
47005,1999,865,796,69
47005,2000,877,710,167
47005,2001,760,752,8
47005,2002,807,746,61
47005,2003,768,755,13
47005,2004,745,663,82
47005,2005,715,713,2
47005,2006,812,633,179
47005,2007,708,724,-16
47005,2008,710,649,61
47005,2009,686,597,89
47005,2010,661,571,90
47007,1990,330,337,-7
47007,1991,308,295,13
47007,1992,376,291,85
47007,1993,342,295,47
47007,1994,377,295,82
47007,1995,418,383,35
47007,1996,470,324,146
47007,1997,469,333,136
47007,1998,500,384,116
47007,1999,523,417,106
47007,2000,523,452,71
47007,2001,442,444,-2
47007,2002,548,466,82
47007,2003,510,423,87
47007,2004,522,448,74
47007,2005,651,571,80
47007,2006,570,480,90
47007,2007,618,564,54
47007,2008,446,502,-56
47007,2009,436,432,4
47007,2010,427,401,26
47009,1990,4672,3040,1632
47009,1991,4883,3275,1608
47009,1992,4777,3475,1302
47009,1993,4929,3492,1437
47009,1994,5051,3496,1555
47009,1995,5321,3756,1565
47009,1996,5135,4041,1094
47009,1997,5295,4162,1133
47009,1998,5583,4347,1236
47009,1999,5344,4157,1187
47009,2000,5646,4298,1348
47009,2001,5796,4379,1417
47009,2002,5747,4269,1478
47009,2003,6104,4295,1809
47009,2004,6184,4477,1707
47009,2005,6493,4474,2019
47009,2006,6232,4713,1519
47009,2007,5893,4559,1334
47009,2008,5445,4670,775
47009,2009,4910,4638,272
47009,2010,5013,4649,364
47011,1990,3841,3456,385
47011,1991,3827,3497,330
47011,1992,4041,3357,684
47011,1993,3788,3599,189
47011,1994,4392,3654,738
47011,1995,4120,3426,694
47011,1996,4095,3827,268
47011,1997,4255,3780,475
47011,1998,4125,3895,230
47011,1999,4339,4054,285
47011,2000,4208,4080,128
47011,2001,4204,3979,225
47011,2002,4247,3935,312
47011,2003,4375,3808,567
47011,2004,4612,4041,571
47011,2005,4780,3955,825
47011,2006,4791,3830,961
47011,2007,4615,3972,643
47011,2008,4452,4080,372
47011,2009,4040,3819,221
47011,2010,4241,4053,188
47013,1990,1226,1092,134
47013,1991,1200,1132,68
47013,1992,1218,950,268
47013,1993,1188,976,212
47013,1994,1420,1055,365
47013,1995,1233,1096,137
47013,1996,1502,1051,451
47013,1997,1261,1047,214
47013,1998,1344,1158,186
47013,1999,1399,1157,242
47013,2000,1248,1293,-45
47013,2001,1297,1210,87
47013,2002,1327,1167,160
47013,2003,1501,1154,347
47013,2004,1207,1146,61
47013,2005,1417,1195,222
47013,2006,1354,1192,162
47013,2007,1402,1243,159
47013,2008,1412,1291,121
47013,2009,1309,1176,133
47013,2010,1187,1135,52
47015,1990,610,527,83
47015,1991,588,536,52
47015,1992,754,541,213
47015,1993,709,536,173
47015,1994,822,574,248
47015,1995,847,614,233
47015,1996,913,648,265
47015,1997,872,772,100
47015,1998,808,756,52
47015,1999,1068,709,359
47015,2000,980,828,152
47015,2001,910,894,16
47015,2002,850,768,82
47015,2003,957,864,93
47015,2004,800,735,65
47015,2005,807,708,99
47015,2006,774,637,137
47015,2007,911,654,257
47015,2008,783,821,-38
47015,2009,677,661,16
47015,2010,668,696,-28
47017,1990,1313,1132,181
47017,1991,1387,1273,114
47017,1992,1429,1224,205
47017,1993,1416,1258,158
47017,1994,1640,1373,267
47017,1995,1914,1718,196
47017,1996,2070,1943,127
47017,1997,1847,1631,216
47017,1998,2015,1853,162
47017,1999,1944,1916,28
47017,2000,2022,1918,104
47017,2001,1719,1995,-276
47017,2002,1503,1444,59
47017,2003,1442,1448,-6
47017,2004,1191,1398,-207
47017,2005,1549,1390,159
47017,2006,1464,1335,129
47017,2007,1486,1619,-133
47017,2008,1282,1333,-51
47017,2009,1249,1186,63
47017,2010,1306,1199,107
47019,1990,2095,1852,243
47019,1991,1895,1734,161
47019,1992,1983,1755,228
47019,1993,2033,1742,291
47019,1994,2171,2035,136
47019,1995,2349,2012,337
47019,1996,2440,2152,288
47019,1997,2428,2191,237
47019,1998,2345,2319,26
47019,1999,2581,2244,337
47019,2000,2492,2296,196
47019,2001,2495,2445,50
47019,2002,2445,2283,162
47019,2003,2422,2234,188
47019,2004,2321,2138,183
47019,2005,2459,2278,181
47019,2006,2388,2249,139
47019,2007,2514,2281,233
47019,2008,2242,2265,-23
47019,2009,2060,2109,-49
47019,2010,2191,2145,46
47021,1990,2159,1791,368
47021,1991,2192,1772,420
47021,1992,2328,1693,635
47021,1993,2500,1700,800
47021,1994,2639,1911,728
47021,1995,2755,2049,706
47021,1996,3003,2066,937
47021,1997,2848,2254,594
47021,1998,2869,2275,594
47021,1999,3023,2479,544
47021,2000,2591,2360,231
47021,2001,2852,2571,281
47021,2002,2447,2416,31
47021,2003,2725,2251,474
47021,2004,2471,2109,362
47021,2005,2603,2370,233
47021,2006,2487,2075,412
47021,2007,2558,2225,333
47021,2008,2307,2078,229
47021,2009,2100,2150,-50
47021,2010,2094,2213,-119
47023,1990,666,626,40
47023,1991,744,687,57
47023,1992,741,623,118
47023,1993,915,697,218
47023,1994,844,708,136
47023,1995,1118,779,339
47023,1996,1141,857,284
47023,1997,1017,781,236
47023,1998,1116,928,188
47023,1999,965,896,69
47023,2000,1073,926,147
47023,2001,1095,969,126
47023,2002,947,1047,-100
47023,2003,1121,901,220
47023,2004,884,815,69
47023,2005,947,817,130
47023,2006,858,822,36
47023,2007,942,798,144
47023,2008,910,893,17
47023,2009,877,863,14
47023,2010,804,877,-73
47025,1990,1274,994,280
47025,1991,1230,970,260
47025,1992,1148,875,273
47025,1993,1237,852,385
47025,1994,1295,1030,265
47025,1995,1264,1106,158
47025,1996,1144,1055,89
47025,1997,1343,930,413
47025,1998,1284,1137,147
47025,1999,1261,1124,137
47025,2000,1275,1079,196
47025,2001,1172,1179,-7
47025,2002,1304,1010,294
47025,2003,1345,1153,192
47025,2004,1340,1100,240
47025,2005,1236,1069,167
47025,2006,1254,1127,127
47025,2007,1330,1113,217
47025,2008,1145,1127,18
47025,2009,1239,1089,150
47025,2010,1082,1008,74
47027,1990,285,277,8
47027,1991,291,232,59
47027,1992,308,255,53
47027,1993,275,246,29
47027,1994,325,295,30
47027,1995,317,253,64
47027,1996,335,263,72
47027,1997,272,312,-40
47027,1998,294,282,12
47027,1999,308,283,25
47027,2000,320,323,-3
47027,2001,324,289,35
47027,2002,368,340,28
47027,2003,360,292,68
47027,2004,332,320,12
47027,2005,307,293,14
47027,2006,256,299,-43
47027,2007,272,287,-15
47027,2008,330,330,0
47027,2009,281,278,3
47027,2010,260,279,-19
47029,1990,908,925,-17
47029,1991,972,929,43
47029,1992,1114,865,249
47029,1993,1217,814,403
47029,1994,1193,902,291
47029,1995,1224,1001,223
47029,1996,1255,1017,238
47029,1997,1244,1045,199
47029,1998,1350,1101,249
47029,1999,1322,1129,193
47029,2000,1252,1163,89
47029,2001,1373,1029,344
47029,2002,1265,1018,247
47029,2003,1305,1097,208
47029,2004,1265,1053,212
47029,2005,1396,1125,271
47029,2006,1378,1122,256
47029,2007,1478,1177,301
47029,2008,1385,1241,144
47029,2009,1194,1228,-34
47029,2010,1256,1276,-20
47031,1990,2577,2298,279
47031,1991,2497,2141,356
47031,1992,2823,2377,446
47031,1993,2750,2219,531
47031,1994,3009,2266,743
47031,1995,2755,2149,606
47031,1996,2647,2293,354
47031,1997,2611,2436,175
47031,1998,2640,2322,318
47031,1999,2591,2266,325
47031,2000,2645,2406,239
47031,2001,2799,2371,428
47031,2002,2744,2394,350
47031,2003,2759,2520,239
47031,2004,2999,2438,561
47031,2005,2953,2472,481
47031,2006,2650,2298,352
47031,2007,2708,2528,180
47031,2008,2837,2615,222
47031,2009,2391,2442,-51
47031,2010,2643,2412,231
47033,1990,760,689,71
47033,1991,622,715,-93
47033,1992,680,652,28
47033,1993,681,733,-52
47033,1994,910,695,215
47033,1995,811,747,64
47033,1996,956,801,155
47033,1997,992,859,133
47033,1998,892,914,-22
47033,1999,935,893,42
47033,2000,874,902,-28
47033,2001,836,888,-52
47033,2002,862,907,-45
47033,2003,902,830,72
47033,2004,742,724,18
47033,2005,724,775,-51
47033,2006,757,734,23
47033,2007,706,739,-33
47033,2008,684,716,-32
47033,2009,663,743,-80
47033,2010,686,729,-43
47035,1990,1974,1168,806
47035,1991,1853,1322,531
47035,1992,2166,1226,940
47035,1993,2150,1125,1025
47035,1994,2318,1352,966
47035,1995,2562,1400,1162
47035,1996,2734,1686,1048
47035,1997,2483,1631,852
47035,1998,2780,1706,1074
47035,1999,2499,1704,795
47035,2000,2462,1764,698
47035,2001,2698,1684,1014
47035,2002,2536,1784,752
47035,2003,2732,1799,933
47035,2004,2852,1705,1147
47035,2005,3079,1775,1304
47035,2006,2889,1759,1130
47035,2007,2707,1908,799
47035,2008,2499,1859,640
47035,2009,2395,1740,655
47035,2010,2286,1776,510
47037,1990,27904,30602,-2698
47037,1991,30746,29676,1070
47037,1992,31688,31010,678
47037,1993,33158,31976,1182
47037,1994,33033,34006,-973
47037,1995,33312,34639,-1327
47037,1996,33757,36440,-2683
47037,1997,31398,37591,-6193
47037,1998,30748,37748,-7000
47037,1999,31989,37431,-5442
47037,2000,30986,36232,-5246
47037,2001,30742,36820,-6078
47037,2002,29974,34968,-4994
47037,2003,31608,34753,-3145
47037,2004,32155,34622,-2467
47037,2005,33774,35904,-2130
47037,2006,33570,35395,-1825
47037,2007,34482,36740,-2258
47037,2008,33349,34720,-1371
47037,2009,31154,34083,-2929
47037,2010,32758,33940,-1182
47039,1990,456,426,30
47039,1991,417,465,-48
47039,1992,456,413,43
47039,1993,573,392,181
47039,1994,607,455,152
47039,1995,559,457,102
47039,1996,558,476,82
47039,1997,538,523,15
47039,1998,557,492,65
47039,1999,573,569,4
47039,2000,562,486,76
47039,2001,590,563,27
47039,2002,498,495,3
47039,2003,567,479,88
47039,2004,497,468,29
47039,2005,510,517,-7
47039,2006,573,426,147
47039,2007,584,486,98
47039,2008,561,497,64
47039,2009,495,463,32
47039,2010,419,453,-34
47041,1990,677,594,83
47041,1991,651,549,102
47041,1992,677,622,55
47041,1993,745,620,125
47041,1994,963,562,401
47041,1995,830,651,179
47041,1996,917,652,265
47041,1997,912,720,192
47041,1998,916,789,127
47041,1999,914,814,100
47041,2000,874,797,77
47041,2001,1032,898,134
47041,2002,919,767,152
47041,2003,1003,857,146
47041,2004,900,838,62
47041,2005,907,893,14
47041,2006,871,841,30
47041,2007,1031,848,183
47041,2008,1007,978,29
47041,2009,894,857,37
47041,2010,913,941,-28
47043,1990,1965,1688,277
47043,1991,2010,1664,346
47043,1992,2170,1649,521
47043,1993,2177,1727,450
47043,1994,2488,1813,675
47043,1995,2486,1744,742
47043,1996,2678,1890,788
47043,1997,2621,1725,896
47043,1998,2478,2091,387
47043,1999,2488,2025,463
47043,2000,2393,2203,190
47043,2001,2536,2218,318
47043,2002,2402,1967,435
47043,2003,2265,2067,198
47043,2004,2352,2013,339
47043,2005,2698,2218,480
47043,2006,2777,1944,833
47043,2007,2694,2275,419
47043,2008,2370,2241,129
47043,2009,2296,2171,125
47043,2010,2298,2128,170
47045,1990,1457,1643,-186
47045,1991,1478,1630,-152
47045,1992,1707,1397,310
47045,1993,1640,1415,225
47045,1994,1590,1563,27
47045,1995,1786,1499,287
47045,1996,1682,1483,199
47045,1997,1755,1603,152
47045,1998,1681,1584,97
47045,1999,1711,1596,115
47045,2000,1544,1764,-220
47045,2001,1625,1740,-115
47045,2002,1595,1518,77
47045,2003,1564,1451,113
47045,2004,1721,1554,167
47045,2005,1672,1677,-5
47045,2006,1558,1686,-128
47045,2007,1719,1739,-20
47045,2008,1654,1713,-59
47045,2009,1548,1534,14
47045,2010,1584,1658,-74
47047,1990,1238,1192,46
47047,1991,1282,1246,36
47047,1992,1362,1319,43
47047,1993,1353,1297,56
47047,1994,1465,1356,109
47047,1995,3023,1755,1268
47047,1996,3186,2043,1143
47047,1997,3474,2201,1273
47047,1998,3569,2529,1040
47047,1999,4195,2510,1685
47047,2000,4004,2552,1452
47047,2001,4077,2829,1248
47047,2002,4302,2788,1514
47047,2003,4882,3092,1790
47047,2004,2613,1848,765
47047,2005,3094,1721,1373
47047,2006,3102,1947,1155
47047,2007,2930,1972,958
47047,2008,2456,1917,539
47047,2009,2110,1982,128
47047,2010,1983,1948,35
47049,1990,530,476,54
47049,1991,568,504,64
47049,1992,596,453,143
47049,1993,572,404,168
47049,1994,626,473,153
47049,1995,559,449,110
47049,1996,556,462,94
47049,1997,607,453,154
47049,1998,619,491,128
47049,1999,622,555,67
47049,2000,563,520,43
47049,2001,604,436,168
47049,2002,634,510,124
47049,2003,507,512,-5
47049,2004,591,382,209
47049,2005,704,436,268
47049,2006,618,497,121
47049,2007,672,468,204
47049,2008,584,493,91
47049,2009,536,553,-17
47049,2010,582,512,70
47051,1990,1513,1376,137
47051,1991,1541,1489,52
47051,1992,1595,1272,323
47051,1993,1731,1378,353
47051,1994,1798,1434,364
47051,1995,1710,1390,320
47051,1996,1751,1499,252
47051,1997,1745,1539,206
47051,1998,1630,1487,143
47051,1999,1745,1569,176
47051,2000,1792,1567,225
47051,2001,1647,1533,114
47051,2002,1691,1442,249
47051,2003,1734,1579,155
47051,2004,1867,1667,200
47051,2005,1990,1685,305
47051,2006,1816,1537,279
47051,2007,1752,1705,47
47051,2008,1639,1610,29
47051,2009,1480,1640,-160
47051,2010,1505,1503,2
47053,1990,1876,1826,50
47053,1991,2033,1847,186
47053,1992,2206,1853,353
47053,1993,2158,1862,296
47053,1994,2534,1897,637
47053,1995,2204,1957,247
47053,1996,2226,1992,234
47053,1997,2072,2005,67
47053,1998,2180,2138,42
47053,1999,2147,2127,20
47053,2000,2071,2118,-47
47053,2001,2104,2034,70
47053,2002,2043,2170,-127
47053,2003,2310,2145,165
47053,2004,2025,1909,116
47053,2005,2399,1992,407
47053,2006,2300,1938,362
47053,2007,2645,1974,671
47053,2008,2423,2044,379
47053,2009,2178,1983,195
47053,2010,2145,1891,254
47055,1990,1321,919,402
47055,1991,1326,980,346
47055,1992,1224,1074,150
47055,1993,1310,1123,187
47055,1994,1397,1056,341
47055,1995,1358,1146,212
47055,1996,1349,1363,-14
47055,1997,1518,1203,315
47055,1998,1410,1335,75
47055,1999,1457,1337,120
47055,2000,1484,1326,158
47055,2001,1395,1495,-100
47055,2002,1303,1344,-41
47055,2003,1472,1487,-15
47055,2004,1250,1206,44
47055,2005,1273,1199,74
47055,2006,1255,1331,-76
47055,2007,1420,1228,192
47055,2008,1241,1206,35
47055,2009,959,1256,-297
47055,2010,1125,1088,37
47057,1990,952,720,232
47057,1991,998,810,188
47057,1992,893,729,164
47057,1993,958,808,150
47057,1994,1085,777,308
47057,1995,1006,641,365
47057,1996,1016,740,276
47057,1997,1099,852,247
47057,1998,1161,855,306
47057,1999,1054,877,177
47057,2000,1030,887,143
47057,2001,1031,835,196
47057,2002,1179,991,188
47057,2003,1262,1028,234
47057,2004,1166,880,286
47057,2005,1199,1012,187
47057,2006,1184,984,200
47057,2007,1240,1057,183
47057,2008,1166,1012,154
47057,2009,1165,908,257
47057,2010,1012,966,46
47059,1990,1893,1620,273
47059,1991,1978,1557,421
47059,1992,2066,1432,634
47059,1993,2138,1527,611
47059,1994,2221,1597,624
47059,1995,2057,1514,543
47059,1996,2428,1602,826
47059,1997,2633,1779,854
47059,1998,2550,1974,576
47059,1999,2432,2047,385
47059,2000,2272,1984,288
47059,2001,2320,2013,307
47059,2002,2376,1936,440
47059,2003,2301,1783,518
47059,2004,2389,1770,619
47059,2005,2520,1883,637
47059,2006,2428,1878,550
47059,2007,2394,2019,375
47059,2008,2363,2003,360
47059,2009,2073,2063,10
47059,2010,2240,1884,356
47061,1990,391,400,-9
47061,1991,404,438,-34
47061,1992,382,420,-38
47061,1993,446,419,27
47061,1994,440,429,11
47061,1995,481,406,75
47061,1996,513,444,69
47061,1997,485,452,33
47061,1998,404,439,-35
47061,1999,422,420,2
47061,2000,418,488,-70
47061,2001,439,369,70
47061,2002,388,351,37
47061,2003,453,391,62
47061,2004,477,424,53
47061,2005,428,490,-62
47061,2006,433,499,-66
47061,2007,458,403,55
47061,2008,438,548,-110
47061,2009,437,366,71
47061,2010,367,447,-80
47063,1990,2519,2640,-121
47063,1991,2701,2221,480
47063,1992,2769,2383,386
47063,1993,2852,2468,384
47063,1994,2843,2614,229
47063,1995,2843,2543,300
47063,1996,2856,2698,158
47063,1997,2798,2706,92
47063,1998,2885,2837,48
47063,1999,2736,2895,-159
47063,2000,2883,2867,16
47063,2001,2307,2998,-691
47063,2002,2567,2543,24
47063,2003,2731,2571,160
47063,2004,2874,2620,254
47063,2005,2988,2809,179
47063,2006,3165,2693,472
47063,2007,2903,2854,49
47063,2008,2996,2945,51
47063,2009,2932,2731,201
47063,2010,2977,2755,222
47065,1990,13027,12826,201
47065,1991,12528,12767,-239
47065,1992,13333,11948,1385
47065,1993,13004,12465,539
47065,1994,12918,12958,-40
47065,1995,12884,12832,52
47065,1996,12783,13293,-510
47065,1997,12257,13635,-1378
47065,1998,12371,13301,-930
47065,1999,12497,13350,-853
47065,2000,12226,13351,-1125
47065,2001,12093,12575,-482
47065,2002,11858,12462,-604
47065,2003,11661,12246,-585
47065,2004,12387,12215,172
47065,2005,13074,12208,866
47065,2006,12759,11871,888
47065,2007,13256,12265,991
47065,2008,12819,11835,984
47065,2009,12479,11178,1301
47065,2010,13592,12040,1552
47067,1990,161,227,-66
47067,1991,235,153,82
47067,1992,247,188,59
47067,1993,183,215,-32
47067,1994,211,262,-51
47067,1995,160,162,-2
47067,1996,178,204,-26
47067,1997,166,178,-12
47067,1998,205,245,-40
47067,1999,186,183,3
47067,2000,190,161,29
47067,2001,182,181,1
47067,2002,185,203,-18
47067,2003,196,163,33
47067,2004,199,180,19
47067,2005,192,211,-19
47067,2006,205,146,59
47067,2007,197,206,-9
47067,2008,178,167,11
47067,2009,191,138,53
47067,2010,126,176,-50
47069,1990,948,917,31
47069,1991,958,858,100
47069,1992,917,919,-2
47069,1993,1005,1098,-93
47069,1994,1001,973,28
47069,1995,915,961,-46
47069,1996,961,928,33
47069,1997,1063,968,95
47069,1998,1127,1056,71
47069,1999,1066,1086,-20
47069,2000,1134,1039,95
47069,2001,1063,1085,-22
47069,2002,999,1055,-56
47069,2003,861,962,-101
47069,2004,1012,1005,7
47069,2005,952,959,-7
47069,2006,1004,961,43
47069,2007,958,1048,-90
47069,2008,832,1023,-191
47069,2009,812,1020,-208
47069,2010,744,971,-227
47071,1990,1182,801,381
47071,1991,1003,850,153
47071,1992,1167,781,386
47071,1993,1054,858,196
47071,1994,991,985,6
47071,1995,1166,899,267
47071,1996,1100,949,151
47071,1997,1076,1021,55
47071,1998,1187,916,271
47071,1999,1122,1074,48
47071,2000,1148,952,196
47071,2001,1124,998,126
47071,2002,1057,1040,17
47071,2003,1057,1027,30
47071,2004,1130,907,223
47071,2005,1083,951,132
47071,2006,1109,911,198
47071,2007,1248,1057,191
47071,2008,1101,1005,96
47071,2009,1053,905,148
47071,2010,1006,1058,-52
47073,1990,2216,1795,421
47073,1991,2185,1769,416
47073,1992,2195,1798,397
47073,1993,2247,1896,351
47073,1994,2309,1919,390
47073,1995,2475,2113,362
47073,1996,2427,2056,371
47073,1997,2609,1962,647
47073,1998,2822,2361,461
47073,1999,2633,2344,289
47073,2000,2601,2252,349
47073,2001,2748,2364,384
47073,2002,2566,2303,263
47073,2003,2666,2403,263
47073,2004,2712,2273,439
47073,2005,3052,2603,449
47073,2006,2970,2527,443
47073,2007,2771,2396,375
47073,2008,2717,2408,309
47073,2009,2519,2268,251
47073,2010,2264,2361,-97
47075,1990,820,850,-30
47075,1991,788,830,-42
47075,1992,762,844,-82
47075,1993,695,821,-126
47075,1994,927,805,122
47075,1995,779,719,60
47075,1996,859,861,-2
47075,1997,773,984,-211
47075,1998,784,956,-172
47075,1999,892,902,-10
47075,2000,797,825,-28
47075,2001,753,1044,-291
47075,2002,801,851,-50
47075,2003,849,890,-41
47075,2004,676,843,-167
47075,2005,770,847,-77
47075,2006,640,822,-182
47075,2007,800,872,-72
47075,2008,808,954,-146
47075,2009,762,811,-49
47075,2010,713,839,-126
47077,1990,809,848,-39
47077,1991,958,781,177
47077,1992,976,758,218
47077,1993,1149,806,343
47077,1994,1284,916,368
47077,1995,1140,964,176
47077,1996,1316,975,341
47077,1997,1174,938,236
47077,1998,1228,1035,193
47077,1999,1397,1098,299
47077,2000,1168,1134,34
47077,2001,1125,1023,102
47077,2002,1114,1041,73
47077,2003,1139,986,153
47077,2004,1175,1036,139
47077,2005,1247,927,320
47077,2006,1161,1012,149
47077,2007,1236,1176,60
47077,2008,1212,1201,11
47077,2009,1120,1078,42
47077,2010,1170,961,209
47079,1990,1263,1081,182
47079,1991,1447,1058,389
47079,1992,1506,1145,361
47079,1993,1530,1177,353
47079,1994,1564,1158,406
47079,1995,1517,1265,252
47079,1996,1500,1258,242
47079,1997,1495,1276,219
47079,1998,1383,1198,185
47079,1999,1519,1294,225
47079,2000,1433,1361,72
47079,2001,1422,1242,180
47079,2002,1272,1285,-13
47079,2003,1420,1234,186
47079,2004,1452,1210,242
47079,2005,1616,1325,291
47079,2006,1435,1294,141
47079,2007,1452,1189,263
47079,2008,1395,1201,194
47079,2009,1307,1112,195
47079,2010,1304,1199,105
47081,1990,1063,745,318
47081,1991,986,790,196
47081,1992,1014,759,255
47081,1993,1163,805,358
47081,1994,1213,781,432
47081,1995,1117,872,245
47081,1996,1265,873,392
47081,1997,1326,882,444
47081,1998,1185,800,385
47081,1999,1407,995,412
47081,2000,1241,1060,181
47081,2001,1337,965,372
47081,2002,1204,1134,70
47081,2003,1279,1048,231
47081,2004,1240,1176,64
47081,2005,1331,1249,82
47081,2006,1308,1119,189
47081,2007,1198,1112,86
47081,2008,1113,1173,-60
47081,2009,1030,1018,12
47081,2010,977,1151,-174
47083,1990,359,286,73
47083,1991,396,313,83
47083,1992,450,344,106
47083,1993,446,313,133
47083,1994,458,396,62
47083,1995,441,351,90
47083,1996,419,390,29
47083,1997,471,396,75
47083,1998,447,408,39
47083,1999,417,639,-222
47083,2000,402,418,-16
47083,2001,393,411,-18
47083,2002,459,373,86
47083,2003,346,409,-63
47083,2004,382,305,77
47083,2005,357,354,3
47083,2006,402,257,145
47083,2007,398,346,52
47083,2008,411,360,51
47083,2009,351,316,35
47083,2010,329,404,-75
47085,1990,735,788,-53
47085,1991,757,742,15
47085,1992,862,707,155
47085,1993,832,699,133
47085,1994,952,700,252
47085,1995,890,669,221
47085,1996,897,813,84
47085,1997,903,735,168
47085,1998,884,714,170
47085,1999,798,819,-21
47085,2000,829,694,135
47085,2001,760,783,-23
47085,2002,754,718,36
47085,2003,753,711,42
47085,2004,799,683,116
47085,2005,941,734,207
47085,2006,822,756,66
47085,2007,846,815,31
47085,2008,851,740,111
47085,2009,814,691,123
47085,2010,702,792,-90
47087,1990,382,490,-108
47087,1991,347,357,-10
47087,1992,478,322,156
47087,1993,468,449,19
47087,1994,521,445,76
47087,1995,767,635,132
47087,1996,789,658,131
47087,1997,793,683,110
47087,1998,795,734,61
47087,1999,889,676,213
47087,2000,856,640,216
47087,2001,782,726,56
47087,2002,620,557,63
47087,2003,709,688,21
47087,2004,601,602,-1
47087,2005,602,656,-54
47087,2006,629,561,68
47087,2007,711,578,133
47087,2008,620,577,43
47087,2009,725,588,137
47087,2010,534,625,-91
47089,1990,2351,1842,509
47089,1991,2357,1724,633
47089,1992,2455,1823,632
47089,1993,2601,1887,714
47089,1994,2853,2063,790
47089,1995,3553,2167,1386
47089,1996,3788,2302,1486
47089,1997,3783,2676,1107
47089,1998,4000,2804,1196
47089,1999,3956,3074,882
47089,2000,3701,3327,374
47089,2001,3823,3244,579
47089,2002,3625,2751,874
47089,2003,3403,3017,386
47089,2004,3065,2485,580
47089,2005,3643,2775,868
47089,2006,3567,2739,828
47089,2007,3766,3094,672
47089,2008,3412,3162,250
47089,2009,3018,2886,132
47089,2010,2959,2731,228
47091,1990,666,430,236
47091,1991,574,419,155
47091,1992,705,406,299
47091,1993,619,398,221
47091,1994,579,572,7
47091,1995,581,456,125
47091,1996,575,458,117
47091,1997,573,450,123
47091,1998,587,528,59
47091,1999,581,487,94
47091,2000,583,491,92
47091,2001,555,474,81
47091,2002,584,452,132
47091,2003,487,441,46
47091,2004,496,391,105
47091,2005,527,535,-8
47091,2006,575,445,130
47091,2007,613,465,148
47091,2008,484,437,47
47091,2009,511,426,85
47091,2010,470,451,19
47093,1990,17545,14354,3191
47093,1991,18062,14513,3549
47093,1992,17790,14456,3334
47093,1993,18113,15120,2993
47093,1994,18880,15870,3010
47093,1995,17350,16259,1091
47093,1996,17626,17223,403
47093,1997,17319,18104,-785
47093,1998,17772,17824,-52
47093,1999,18232,17385,847
47093,2000,18187,17017,1170
47093,2001,18391,16790,1601
47093,2002,18694,16720,1974
47093,2003,18073,16423,1650
47093,2004,19251,16695,2556
47093,2005,20850,16898,3952
47093,2006,20437,16532,3905
47093,2007,20578,17739,2839
47093,2008,18820,17332,1488
47093,2009,17601,16697,904
47093,2010,18006,16799,1207
47095,1990,269,290,-21
47095,1991,278,250,28
47095,1992,304,317,-13
47095,1993,286,249,37
47095,1994,303,332,-29
47095,1995,232,328,-96
47095,1996,244,391,-147
47095,1997,266,341,-75
47095,1998,226,309,-83
47095,1999,313,318,-5
47095,2000,204,307,-103
47095,2001,236,236,0
47095,2002,266,261,5
47095,2003,185,364,-179
47095,2004,234,272,-38
47095,2005,206,287,-81
47095,2006,215,220,-5
47095,2007,255,306,-51
47095,2008,293,316,-23
47095,2009,252,212,40
47095,2010,254,257,-3
47097,1990,862,976,-114
47097,1991,902,893,9
47097,1992,972,795,177
47097,1993,1030,1040,-10
47097,1994,1098,950,148
47097,1995,896,1053,-157
47097,1996,1065,1147,-82
47097,1997,1076,1038,38
47097,1998,1043,1069,-26
47097,1999,987,1261,-274
47097,2000,956,1038,-82
47097,2001,928,1007,-79
47097,2002,905,1054,-149
47097,2003,890,1137,-247
47097,2004,914,983,-69
47097,2005,995,1009,-14
47097,2006,1025,993,32
47097,2007,946,1055,-109
47097,2008,937,1083,-146
47097,2009,933,1041,-108
47097,2010,892,967,-75
47099,1990,1480,1140,340
47099,1991,1343,1110,233
47099,1992,1616,1006,610
47099,1993,1480,1118,362
47099,1994,1525,1244,281
47099,1995,1304,1162,142
47099,1996,1475,1212,263
47099,1997,1345,1241,104
47099,1998,1332,1171,161
47099,1999,1356,1330,26
47099,2000,1313,1366,-53
47099,2001,1559,1219,340
47099,2002,1194,1232,-38
47099,2003,1196,1230,-34
47099,2004,1246,1072,174
47099,2005,1280,1382,-102
47099,2006,1368,1172,196
47099,2007,1295,1272,23
47099,2008,1322,1184,138
47099,2009,1388,1037,351
47099,2010,1211,1172,39
47101,1990,596,353,243
47101,1991,518,385,133
47101,1992,537,405,132
47101,1993,570,392,178
47101,1994,514,424,90
47101,1995,611,400,211
47101,1996,607,447,160
47101,1997,510,478,32
47101,1998,593,429,164
47101,1999,514,511,3
47101,2000,535,476,59
47101,2001,525,514,11
47101,2002,466,421,45
47101,2003,427,479,-52
47101,2004,471,520,-49
47101,2005,546,450,96
47101,2006,553,438,115
47101,2007,495,499,-4
47101,2008,519,481,38
47101,2009,454,417,37
47101,2010,456,447,9
47103,1990,1252,1141,111
47103,1991,1222,1179,43
47103,1992,1242,1134,108
47103,1993,1132,1144,-12
47103,1994,1262,1199,63
47103,1995,1194,1108,86
47103,1996,1412,1020,392
47103,1997,1391,1099,292
47103,1998,1279,1241,38
47103,1999,1244,1051,193
47103,2000,1180,1047,133
47103,2001,1129,1023,106
47103,2002,1165,1065,100
47103,2003,1248,1144,104
47103,2004,1404,1068,336
47103,2005,1309,1070,239
47103,2006,1375,1086,289
47103,2007,1518,1070,448
47103,2008,1420,1263,157
47103,2009,1397,1123,274
47103,2010,1250,1192,58
47105,1990,1947,1425,522
47105,1991,2318,1537,781
47105,1992,2193,1582,611
47105,1993,2554,1576,978
47105,1994,2570,1751,819
47105,1995,2681,1729,952
47105,1996,2704,1944,760
47105,1997,2529,1981,548
47105,1998,2614,1990,624
47105,1999,2538,2120,418
47105,2000,2713,2089,624
47105,2001,2661,2001,660
47105,2002,2692,1997,695
47105,2003,2570,2023,547
47105,2004,3055,2134,921
47105,2005,3084,2239,845
47105,2006,3130,2275,855
47105,2007,3121,2272,849
47105,2008,2916,2372,544
47105,2009,2769,1968,801
47105,2010,2742,2422,320
47107,1990,1736,1578,158
47107,1991,2070,1624,446
47107,1992,1991,1718,273
47107,1993,2070,1787,283
47107,1994,2154,1627,527
47107,1995,2050,1694,356
47107,1996,2114,1762,352
47107,1997,2117,1971,146
47107,1998,2086,1991,95
47107,1999,2325,1840,485
47107,2000,2224,1880,344
47107,2001,2112,1886,226
47107,2002,2136,1835,301
47107,2003,2163,1932,231
47107,2004,2370,2004,366
47107,2005,2584,2099,485
47107,2006,2422,2102,320
47107,2007,2437,2122,315
47107,2008,2224,2119,105
47107,2009,2051,2129,-78
47107,2010,2276,2054,222
47109,1990,1115,982,133
47109,1991,1000,1073,-73
47109,1992,1127,941,186
47109,1993,1129,903,226
47109,1994,1240,1017,223
47109,1995,1222,1033,189
47109,1996,1098,1086,12
47109,1997,1213,937,276
47109,1998,1276,998,278
47109,1999,1147,1037,110
47109,2000,1088,1130,-42
47109,2001,985,1015,-30
47109,2002,1112,978,134
47109,2003,1106,975,131
47109,2004,1117,976,141
47109,2005,1304,1049,255
47109,2006,1136,983,153
47109,2007,1286,1146,140
47109,2008,1166,1051,115
47109,2009,1089,1024,65
47109,2010,1099,1045,54
47111,1990,758,593,165
47111,1991,703,536,167
47111,1992,821,594,227
47111,1993,778,606,172
47111,1994,859,646,213
47111,1995,913,550,363
47111,1996,1018,700,318
47111,1997,883,711,172
47111,1998,1088,699,389
47111,1999,960,774,186
47111,2000,1007,738,269
47111,2001,847,920,-73
47111,2002,841,741,100
47111,2003,950,707,243
47111,2004,891,773,118
47111,2005,886,778,108
47111,2006,959,859,100
47111,2007,1185,931,254
47111,2008,900,956,-56
47111,2009,849,781,68
47111,2010,853,865,-12
47113,1990,3943,3542,401
47113,1991,4143,3494,649
47113,1992,4332,3635,697
47113,1993,4788,3884,904
47113,1994,4675,3989,686
47113,1995,4172,3836,336
47113,1996,4516,4216,300
47113,1997,4579,4091,488
47113,1998,4759,4303,456
47113,1999,4375,4266,109
47113,2000,4329,4408,-79
47113,2001,4213,4270,-57
47113,2002,4327,4381,-54
47113,2003,4261,4391,-130
47113,2004,4562,4545,17
47113,2005,5005,4529,476
47113,2006,4466,4743,-277
47113,2007,4484,5021,-537
47113,2008,4576,4681,-105
47113,2009,4358,4668,-310
47113,2010,4089,4566,-477
47115,1990,1053,935,118
47115,1991,1054,980,74
47115,1992,1133,847,286
47115,1993,1176,896,280
47115,1994,1162,1158,4
47115,1995,1026,1022,4
47115,1996,1206,1026,180
47115,1997,1124,1034,90
47115,1998,1123,974,149
47115,1999,1055,1018,37
47115,2000,1062,1088,-26
47115,2001,1024,1009,15
47115,2002,1021,905,116
47115,2003,1009,1131,-122
47115,2004,1035,1021,14
47115,2005,1132,948,184
47115,2006,1169,1010,159
47115,2007,1125,1064,61
47115,2008,1091,969,122
47115,2009,1157,999,158
47115,2010,940,915,25
47117,1990,1784,1129,655
47117,1991,1631,1211,420
47117,1992,1525,1101,424
47117,1993,1580,1129,451
47117,1994,1542,1123,419
47117,1995,1493,1182,311
47117,1996,1561,1163,398
47117,1997,1578,1110,468
47117,1998,1429,1350,79
47117,1999,1609,1293,316
47117,2000,1374,1245,129
47117,2001,1330,1225,105
47117,2002,1222,1232,-10
47117,2003,1484,1291,193
47117,2004,1409,1196,213
47117,2005,1587,1214,373
47117,2006,1739,1292,447
47117,2007,1674,1309,365
47117,2008,1497,1397,100
47117,2009,1342,1252,90
47117,2010,1437,1294,143
47119,1990,5037,2773,2264
47119,1991,3982,2871,1111
47119,1992,3835,2514,1321
47119,1993,4601,2645,1956
47119,1994,3882,2899,983
47119,1995,4065,2728,1337
47119,1996,4031,2992,1039
47119,1997,3913,3091,822
47119,1998,3801,3310,491
47119,1999,3978,3637,341
47119,2000,3565,3517,48
47119,2001,3939,3234,705
47119,2002,4241,3162,1079
47119,2003,4487,3418,1069
47119,2004,4195,3218,977
47119,2005,4791,3427,1364
47119,2006,5027,3388,1639
47119,2007,5062,3632,1430
47119,2008,4369,3649,720
47119,2009,3963,3663,300
47119,2010,4004,4051,-47
47121,1990,542,407,135
47121,1991,593,470,123
47121,1992,563,452,111
47121,1993,659,435,224
47121,1994,698,502,196
47121,1995,572,483,89
47121,1996,691,412,279
47121,1997,686,511,175
47121,1998,580,495,85
47121,1999,605,528,77
47121,2000,566,537,29
47121,2001,630,601,29
47121,2002,674,619,55
47121,2003,661,579,82
47121,2004,730,628,102
47121,2005,826,663,163
47121,2006,805,653,152
47121,2007,798,625,173
47121,2008,766,633,133
47121,2009,734,691,43
47121,2010,719,740,-21
47123,1990,1252,1130,122
47123,1991,1489,1167,322
47123,1992,1472,983,489
47123,1993,1479,1183,296
47123,1994,1622,1157,465
47123,1995,1533,1141,392
47123,1996,1779,1229,550
47123,1997,1866,1195,671
47123,1998,1885,1368,517
47123,1999,2074,1435,639
47123,2000,1781,1501,280
47123,2001,1944,1446,498
47123,2002,1893,1437,456
47123,2003,2007,1368,639
47123,2004,2174,1497,677
47123,2005,2293,1674,619
47123,2006,2338,1641,697
47123,2007,2379,1826,553
47123,2008,1912,1952,-40
47123,2009,1955,1678,277
47123,2010,1979,1667,312
47125,1990,11030,10586,444
47125,1991,14046,8764,5282
47125,1992,15182,14086,1096
47125,1993,15004,11717,3287
47125,1994,15219,12817,2402
47125,1995,16257,13025,3232
47125,1996,14772,13466,1306
47125,1997,14471,13643,828
47125,1998,14624,14225,399
47125,1999,14670,13904,766
47125,2000,13440,14060,-620
47125,2001,13569,13494,75
47125,2002,14059,12927,1132
47125,2003,13285,11612,1673
47125,2004,18586,14582,4004
47125,2005,14264,15396,-1132
47125,2006,16832,12315,4517
47125,2007,17227,18596,-1369
47125,2008,16432,13184,3248
47125,2009,20182,19551,631
47125,2010,17802,16921,881
47127,1990,208,158,50
47127,1991,198,156,42
47127,1992,172,154,18
47127,1993,221,147,74
47127,1994,223,189,34
47127,1995,282,216,66
47127,1996,241,225,16
47127,1997,253,237,16
47127,1998,266,250,16
47127,1999,333,240,93
47127,2000,307,244,63
47127,2001,331,238,93
47127,2002,265,293,-28
47127,2003,294,250,44
47127,2004,356,323,33
47127,2005,331,314,17
47127,2006,370,296,74
47127,2007,345,268,77
47127,2008,305,318,-13
47127,2009,276,281,-5
47127,2010,324,233,91
47129,1990,642,644,-2
47129,1991,820,706,114
47129,1992,839,680,159
47129,1993,788,725,63
47129,1994,683,728,-45
47129,1995,986,927,59
47129,1996,950,979,-29
47129,1997,1125,930,195
47129,1998,1069,1111,-42
47129,1999,1098,996,102
47129,2000,1088,935,153
47129,2001,992,974,18
47129,2002,897,862,35
47129,2003,920,928,-8
47129,2004,800,804,-4
47129,2005,786,785,1
47129,2006,921,676,245
47129,2007,860,787,73
47129,2008,797,812,-15
47129,2009,780,726,54
47129,2010,761,759,2
47131,1990,1388,1459,-71
47131,1991,1352,1518,-166
47131,1992,1591,1407,184
47131,1993,1761,1476,285
47131,1994,1724,1526,198
47131,1995,1336,1633,-297
47131,1996,1429,1461,-32
47131,1997,1406,1332,74
47131,1998,1429,1389,40
47131,1999,1541,1449,92
47131,2000,1414,1531,-117
47131,2001,1393,1395,-2
47131,2002,1310,1426,-116
47131,2003,1406,1344,62
47131,2004,1320,1446,-126
47131,2005,1379,1442,-63
47131,2006,1342,1288,54
47131,2007,1491,1531,-40
47131,2008,1340,1446,-106
47131,2009,1362,1359,3
47131,2010,1277,1343,-66
47133,1990,635,561,74
47133,1991,663,642,21
47133,1992,681,641,40
47133,1993,727,624,103
47133,1994,800,753,47
47133,1995,1016,645,371
47133,1996,1193,779,414
47133,1997,1039,736,303
47133,1998,949,876,73
47133,1999,1088,784,304
47133,2000,880,854,26
47133,2001,975,862,113
47133,2002,898,887,11
47133,2003,1086,809,277
47133,2004,834,763,71
47133,2005,1014,801,213
47133,2006,906,694,212
47133,2007,932,841,91
47133,2008,1015,860,155
47133,2009,904,765,139
47133,2010,869,748,121
47135,1990,334,251,83
47135,1991,362,284,78
47135,1992,345,302,43
47135,1993,341,280,61
47135,1994,457,290,167
47135,1995,390,321,69
47135,1996,454,247,207
47135,1997,405,321,84
47135,1998,396,373,23
47135,1999,394,333,61
47135,2000,289,383,-94
47135,2001,372,336,36
47135,2002,394,315,79
47135,2003,333,321,12
47135,2004,336,332,4
47135,2005,367,365,2
47135,2006,398,297,101
47135,2007,395,318,77
47135,2008,331,314,17
47135,2009,355,291,64
47135,2010,312,339,-27
47137,1990,146,151,-5
47137,1991,203,176,27
47137,1992,151,123,28
47137,1993,167,158,9
47137,1994,213,129,84
47137,1995,180,125,55
47137,1996,191,168,23
47137,1997,191,176,15
47137,1998,217,181,36
47137,1999,153,152,1
47137,2000,196,177,19
47137,2001,197,153,44
47137,2002,125,159,-34
47137,2003,147,165,-18
47137,2004,208,185,23
47137,2005,197,189,8
47137,2006,174,179,-5
47137,2007,233,159,74
47137,2008,211,190,21
47137,2009,175,174,1
47137,2010,198,162,36
47139,1990,745,686,59
47139,1991,832,722,110
47139,1992,827,665,162
47139,1993,812,693,119
47139,1994,924,795,129
47139,1995,845,816,29
47139,1996,981,702,279
47139,1997,940,763,177
47139,1998,917,799,118
47139,1999,982,837,145
47139,2000,960,872,88
47139,2001,804,878,-74
47139,2002,829,807,22
47139,2003,781,879,-98
47139,2004,890,791,99
47139,2005,882,918,-36
47139,2006,849,923,-74
47139,2007,992,889,103
47139,2008,942,943,-1
47139,2009,833,797,36
47139,2010,839,834,5
47141,1990,2876,2480,396
47141,1991,3012,2207,805
47141,1992,3252,2341,911
47141,1993,3310,2331,979
47141,1994,3943,2734,1209
47141,1995,3463,2700,763
47141,1996,3646,3136,510
47141,1997,3503,3172,331
47141,1998,3606,3294,312
47141,1999,3244,3222,22
47141,2000,3212,2987,225
47141,2001,3324,3006,318
47141,2002,3347,2979,368
47141,2003,3568,3109,459
47141,2004,3446,3009,437
47141,2005,3913,3134,779
47141,2006,3600,3165,435
47141,2007,3984,3413,571
47141,2008,3738,3468,270
47141,2009,3361,3126,235
47141,2010,3318,3633,-315
47143,1990,1246,1069,177
47143,1991,1393,1040,353
47143,1992,1377,1033,344
47143,1993,1413,1010,403
47143,1994,1507,1024,483
47143,1995,1363,1073,290
47143,1996,1356,1094,262
47143,1997,1273,1222,51
47143,1998,1314,1180,134
47143,1999,1337,1208,129
47143,2000,1222,1281,-59
47143,2001,1251,1072,179
47143,2002,1275,1005,270
47143,2003,1256,1098,158
47143,2004,1288,1138,150
47143,2005,1460,1143,317
47143,2006,1360,1193,167
47143,2007,1424,1116,308
47143,2008,1542,1171,371
47143,2009,1300,1189,111
47143,2010,1389,1242,147
47145,1990,2288,1963,325
47145,1991,2093,1861,232
47145,1992,2200,1917,283
47145,1993,2358,1934,424
47145,1994,2270,2120,150
47145,1995,2111,1566,545
47145,1996,2038,1843,195
47145,1997,2009,1900,109
47145,1998,1920,1829,91
47145,1999,1959,1897,62
47145,2000,1871,1852,19
47145,2001,2021,1766,255
47145,2002,2259,1982,277
47145,2003,2391,2103,288
47145,2004,2381,2284,97
47145,2005,2691,2196,495
47145,2006,2445,2223,222
47145,2007,2607,2400,207
47145,2008,2331,2276,55
47145,2009,2056,2194,-138
47145,2010,2130,2052,78
47147,1990,2703,2030,673
47147,1991,2805,2176,629
47147,1992,3113,2225,888
47147,1993,3369,2300,1069
47147,1994,3721,2261,1460
47147,1995,4028,2710,1318
47147,1996,4214,2770,1444
47147,1997,4082,2954,1128
47147,1998,4240,3094,1146
47147,1999,4286,3264,1022
47147,2000,4030,3275,755
47147,2001,4002,3382,620
47147,2002,3809,3320,489
47147,2003,3793,3294,499
47147,2004,3745,3144,601
47147,2005,4196,3009,1187
47147,2006,4107,3059,1048
47147,2007,4410,3257,1153
47147,2008,3903,3362,541
47147,2009,3782,3454,328
47147,2010,3607,3588,19
47149,1990,9623,6944,2679
47149,1991,9601,6708,2893
47149,1992,10533,6719,3814
47149,1993,10972,7197,3775
47149,1994,12366,7717,4649
47149,1995,12190,7898,4292
47149,1996,12326,8815,3511
47149,1997,13028,9051,3977
47149,1998,12677,9627,3050
47149,1999,13251,10196,3055
47149,2000,13126,9902,3224
47149,2001,13447,10196,3251
47149,2002,14242,10474,3768
47149,2003,15529,10960,4569
47149,2004,16585,11047,5538
47149,2005,18168,11543,6625
47149,2006,18067,11995,6072
47149,2007,17870,13529,4341
47149,2008,16414,13527,2887
47149,2009,15224,13467,1757
47149,2010,16046,14078,1968
47151,1990,618,534,84
47151,1991,607,538,69
47151,1992,551,464,87
47151,1993,542,444,98
47151,1994,569,450,119
47151,1995,548,442,106
47151,1996,535,430,105
47151,1997,504,409,95
47151,1998,527,492,35
47151,1999,578,487,91
47151,2000,655,459,196
47151,2001,525,515,10
47151,2002,486,543,-57
47151,2003,494,485,9
47151,2004,531,493,38
47151,2005,520,516,4
47151,2006,492,444,48
47151,2007,496,535,-39
47151,2008,480,533,-53
47151,2009,423,406,17
47151,2010,433,457,-24
47153,1990,412,375,37
47153,1991,445,360,85
47153,1992,471,415,56
47153,1993,428,422,6
47153,1994,608,418,190
47153,1995,533,316,217
47153,1996,507,410,97
47153,1997,564,391,173
47153,1998,569,365,204
47153,1999,541,412,129
47153,2000,540,442,98
47153,2001,594,444,150
47153,2002,561,445,116
47153,2003,606,443,163
47153,2004,740,503,237
47153,2005,792,557,235
47153,2006,787,551,236
47153,2007,676,546,130
47153,2008,802,595,207
47153,2009,577,586,-9
47153,2010,645,592,53
47155,1990,3649,2401,1248
47155,1991,3675,2604,1071
47155,1992,3949,2510,1439
47155,1993,4085,2803,1282
47155,1994,4324,2814,1510
47155,1995,4146,2928,1218
47155,1996,4021,3304,717
47155,1997,4292,3278,1014
47155,1998,4481,3639,842
47155,1999,4770,3464,1306
47155,2000,4435,3650,785
47155,2001,4370,3663,707
47155,2002,4447,3708,739
47155,2003,4786,3754,1032
47155,2004,5443,3755,1688
47155,2005,5501,4152,1349
47155,2006,5527,4358,1169
47155,2007,5433,4578,855
47155,2008,5146,4576,570
47155,2009,5004,4373,631
47155,2010,5208,4579,629
47157,1990,32512,34010,-1498
47157,1991,33106,33264,-158
47157,1992,33452,35205,-1753
47157,1993,34672,33601,1071
47157,1994,34728,34164,564
47157,1995,32618,34869,-2251
47157,1996,31823,37345,-5522
47157,1997,32078,36132,-4054
47157,1998,33143,35360,-2217
47157,1999,31624,36745,-5121
47157,2000,29583,36370,-6787
47157,2001,30024,34033,-4009
47157,2002,28998,33000,-4002
47157,2003,28774,33680,-4906
47157,2004,29103,33726,-4623
47157,2005,32397,34843,-2446
47157,2006,28837,35699,-6862
47157,2007,28500,36778,-8278
47157,2008,27086,33304,-6218
47157,2009,26909,30479,-3570
47157,2010,28743,31490,-2747
47159,1990,708,581,127
47159,1991,634,593,41
47159,1992,700,599,101
47159,1993,677,516,161
47159,1994,850,540,310
47159,1995,840,565,275
47159,1996,959,658,301
47159,1997,924,683,241
47159,1998,988,656,332
47159,1999,1066,733,333
47159,2000,1021,923,98
47159,2001,1007,822,185
47159,2002,943,858,85
47159,2003,923,878,45
47159,2004,938,740,198
47159,2005,1033,892,141
47159,2006,934,749,185
47159,2007,1120,855,265
47159,2008,967,844,123
47159,2009,774,831,-57
47159,2010,823,785,38
47161,1990,596,490,106
47161,1991,839,394,445
47161,1992,711,626,85
47161,1993,799,612,187
47161,1994,864,601,263
47161,1995,758,483,275
47161,1996,768,559,209
47161,1997,833,582,251
47161,1998,842,638,204
47161,1999,907,629,278
47161,2000,770,659,111
47161,2001,890,713,177
47161,2002,729,677,52
47161,2003,672,701,-29
47161,2004,905,713,192
47161,2005,783,732,51
47161,2006,805,641,164
47161,2007,864,696,168
47161,2008,786,644,142
47161,2009,741,637,104
47161,2010,697,739,-42
47163,1990,6659,5962,697
47163,1991,6742,5722,1020
47163,1992,6517,6005,512
47163,1993,6321,6261,60
47163,1994,6673,6045,628
47163,1995,6657,5903,754
47163,1996,6829,6129,700
47163,1997,6434,6503,-69
47163,1998,6646,6915,-269
47163,1999,6448,7033,-585
47163,2000,6331,6775,-444
47163,2001,6688,6250,438
47163,2002,6279,5952,327
47163,2003,6011,6255,-244
47163,2004,6281,5692,589
47163,2005,6591,5846,745
47163,2006,6657,5668,989
47163,2007,6750,5941,809
47163,2008,6454,5915,539
47163,2009,6170,5866,304
47163,2010,6130,5617,513
47165,1990,6789,5959,830
47165,1991,7391,5992,1399
47165,1992,7833,6338,1495
47165,1993,8099,6403,1696
47165,1994,8460,6280,2180
47165,1995,7946,6101,1845
47165,1996,7880,6544,1336
47165,1997,7721,6693,1028
47165,1998,7986,6935,1051
47165,1999,8302,6908,1394
47165,2000,7967,6644,1323
47165,2001,8348,6950,1398
47165,2002,7819,6555,1264
47165,2003,8463,6787,1676
47165,2004,9357,7385,1972
47165,2005,10579,7443,3136
47165,2006,10101,7446,2655
47165,2007,9801,7940,1861
47165,2008,9405,7605,1800
47165,2009,9105,7329,1776
47165,2010,9225,7710,1515
47167,1990,2299,2109,190
47167,1991,2478,2223,255
47167,1992,2471,2284,187
47167,1993,2385,2243,142
47167,1994,2415,2309,106
47167,1995,3338,2445,893
47167,1996,3198,2600,598
47167,1997,3127,2347,780
47167,1998,3030,2470,560
47167,1999,3259,2549,710
47167,2000,3217,2434,783
47167,2001,2893,2640,253
47167,2002,2915,2493,422
47167,2003,2885,2613,272
47167,2004,3656,2563,1093
47167,2005,3853,2859,994
47167,2006,3623,2633,990
47167,2007,3776,2932,844
47167,2008,3376,2965,411
47167,2009,2939,2827,112
47167,2010,2871,2900,-29
47169,1990,376,338,38
47169,1991,369,320,49
47169,1992,347,303,44
47169,1993,435,337,98
47169,1994,479,377,102
47169,1995,446,329,117
47169,1996,409,298,111
47169,1997,396,334,62
47169,1998,446,377,69
47169,1999,536,339,197
47169,2000,381,342,39
47169,2001,345,324,21
47169,2002,320,273,47
47169,2003,337,321,16
47169,2004,490,371,119
47169,2005,503,385,118
47169,2006,523,373,150
47169,2007,502,423,79
47169,2008,541,486,55
47169,2009,363,365,-2
47169,2010,412,407,5
47171,1990,687,628,59
47171,1991,793,587,206
47171,1992,774,725,49
47171,1993,699,713,-14
47171,1994,768,720,48
47171,1995,918,692,226
47171,1996,852,765,87
47171,1997,808,818,-10
47171,1998,853,760,93
47171,1999,749,785,-36
47171,2000,791,769,22
47171,2001,902,803,99
47171,2002,840,736,104
47171,2003,815,797,18
47171,2004,827,821,6
47171,2005,888,755,133
47171,2006,797,657,140
47171,2007,858,835,23
47171,2008,841,732,109
47171,2009,744,751,-7
47171,2010,774,744,30
47173,1990,663,552,111
47173,1991,620,605,15
47173,1992,653,548,105
47173,1993,846,550,296
47173,1994,858,564,294
47173,1995,894,687,207
47173,1996,1076,804,272
47173,1997,1029,865,164
47173,1998,1100,827,273
47173,1999,1039,890,149
47173,2000,1083,756,327
47173,2001,1073,929,144
47173,2002,988,801,187
47173,2003,992,974,18
47173,2004,1098,983,115
47173,2005,1079,1005,74
47173,2006,978,864,114
47173,2007,1086,919,167
47173,2008,938,866,72
47173,2009,915,948,-33
47173,2010,1006,850,156
47175,1990,247,215,32
47175,1991,194,215,-21
47175,1992,238,169,69
47175,1993,219,215,4
47175,1994,239,240,-1
47175,1995,250,267,-17
47175,1996,245,242,3
47175,1997,221,242,-21
47175,1998,226,249,-23
47175,1999,221,204,17
47175,2000,203,338,-135
47175,2001,268,217,51
47175,2002,251,286,-35
47175,2003,227,237,-10
47175,2004,245,242,3
47175,2005,279,260,19
47175,2006,279,237,42
47175,2007,278,229,49
47175,2008,265,242,23
47175,2009,245,187,58
47175,2010,202,231,-29
47177,1990,1363,1129,234
47177,1991,1229,1289,-60
47177,1992,1456,1121,335
47177,1993,1647,1128,519
47177,1994,1463,1320,143
47177,1995,1311,1206,105
47177,1996,1479,1226,253
47177,1997,1434,1231,203
47177,1998,1345,1225,120
47177,1999,1326,1177,149
47177,2000,1260,1257,3
47177,2001,1085,1255,-170
47177,2002,1216,1045,171
47177,2003,1159,1188,-29
47177,2004,1263,1271,-8
47177,2005,1395,1295,100
47177,2006,1218,1182,36
47177,2007,1329,1310,19
47177,2008,1394,1353,41
47177,2009,1326,1236,90
47177,2010,1325,1300,25
47179,1990,5376,4412,964
47179,1991,5348,4587,761
47179,1992,5880,4928,952
47179,1993,5474,4941,533
47179,1994,5919,4755,1164
47179,1995,5717,4642,1075
47179,1996,6106,5156,950
47179,1997,5692,5332,360
47179,1998,5802,5500,302
47179,1999,5939,5480,459
47179,2000,5540,5399,141
47179,2001,6036,5350,686
47179,2002,5954,5308,646
47179,2003,5807,5220,587
47179,2004,6397,5323,1074
47179,2005,6835,5562,1273
47179,2006,6693,5521,1172
47179,2007,7090,5743,1347
47179,2008,6471,5656,815
47179,2009,6312,5420,892
47179,2010,6034,5663,371
47181,1990,511,494,17
47181,1991,558,503,55
47181,1992,671,502,169
47181,1993,519,522,-3
47181,1994,618,534,84
47181,1995,528,421,107
47181,1996,568,441,127
47181,1997,503,507,-4
47181,1998,479,461,18
47181,1999,484,491,-7
47181,2000,493,440,53
47181,2001,493,469,24
47181,2002,476,540,-64
47181,2003,447,431,16
47181,2004,499,477,22
47181,2005,528,518,10
47181,2006,503,499,4
47181,2007,510,461,49
47181,2008,456,430,26
47181,2009,480,476,4
47181,2010,461,423,38
47183,1990,1133,1275,-142
47183,1991,1156,1164,-8
47183,1992,1348,1157,191
47183,1993,1359,1188,171
47183,1994,1291,1222,69
47183,1995,1439,1182,257
47183,1996,1519,1285,234
47183,1997,1365,1260,105
47183,1998,1387,1350,37
47183,1999,1475,1432,43
47183,2000,1446,1565,-119
47183,2001,1303,1377,-74
47183,2002,1332,1386,-54
47183,2003,1186,1507,-321
47183,2004,1378,1372,6
47183,2005,1355,1553,-198
47183,2006,1314,1392,-78
47183,2007,1488,1325,163
47183,2008,1365,1413,-48
47183,2009,1329,1370,-41
47183,2010,1199,1346,-147
47185,1990,857,726,131
47185,1991,875,761,114
47185,1992,974,791,183
47185,1993,1006,771,235
47185,1994,1080,826,254
47185,1995,1003,633,370
47185,1996,887,693,194
47185,1997,1019,718,301
47185,1998,823,801,22
47185,1999,812,705,107
47185,2000,811,642,169
47185,2001,816,744,72
47185,2002,871,779,92
47185,2003,952,722,230
47185,2004,1249,917,332
47185,2005,1179,932,247
47185,2006,1318,959,359
47185,2007,1273,973,300
47185,2008,1219,997,222
47185,2009,1054,985,69
47185,2010,1185,1005,180
47187,1990,8051,5751,2300
47187,1991,8062,5742,2320
47187,1992,8931,6361,2570
47187,1993,10167,6377,3790
47187,1994,9593,6564,3029
47187,1995,9062,6235,2827
47187,1996,9777,6451,3326
47187,1997,10662,6603,4059
47187,1998,11380,7237,4143
47187,1999,11383,7816,3567
47187,2000,10517,8044,2473
47187,2001,10632,8109,2523
47187,2002,11229,8358,2871
47187,2003,11846,8522,3324
47187,2004,13198,8641,4557
47187,2005,14503,9327,5176
47187,2006,14035,9151,4884
47187,2007,13331,9395,3936
47187,2008,12068,8838,3230
47187,2009,11116,9015,2101
47187,2010,11719,8852,2867
47189,1990,5357,4376,981
47189,1991,5203,4347,856
47189,1992,5597,4367,1230
47189,1993,6288,4668,1620
47189,1994,6483,4884,1599
47189,1995,5957,4327,1630
47189,1996,5932,4570,1362
47189,1997,6068,4315,1753
47189,1998,6375,4560,1815
47189,1999,6264,5099,1165
47189,2000,6248,5135,1113
47189,2001,6366,5082,1284
47189,2002,6074,4803,1271
47189,2003,6308,4900,1408
47189,2004,6957,5094,1863
47189,2005,8030,5519,2511
47189,2006,7402,5322,2080
47189,2007,8005,5346,2659
47189,2008,6830,5523,1307
47189,2009,6732,5209,1523
47189,2010,7093,5483,1610
48001,1990,2392,2583,-191
48001,1991,2244,2287,-43
48001,1992,2336,2293,43
48001,1993,2491,2178,313
48001,1994,2702,2226,476
48001,1995,2423,2461,-38
48001,1996,2470,2325,145
48001,1997,2321,2493,-172
48001,1998,2370,2493,-123
48001,1999,2317,2475,-158
48001,2000,2224,2305,-81
48001,2001,2511,2205,306
48001,2002,2249,2200,49
48001,2003,2219,2341,-122
48001,2004,2284,2076,208
48001,2005,2580,2247,333
48001,2006,2206,2150,56
48001,2007,2288,2329,-41
48001,2008,2189,2110,79
48001,2009,2094,2102,-8
48001,2010,2094,2124,-30
48003,1990,897,885,12
48003,1991,879,1110,-231
48003,1992,725,1136,-411
48003,1993,797,841,-44
48003,1994,701,952,-251
48003,1995,683,854,-171
48003,1996,680,780,-100
48003,1997,759,819,-60
48003,1998,562,942,-380
48003,1999,619,962,-343
48003,2000,601,812,-211
48003,2001,686,676,10
48003,2002,631,774,-143
48003,2003,649,673,-24
48003,2004,640,813,-173
48003,2005,771,692,79
48003,2006,815,634,181
48003,2007,1041,643,398
48003,2008,1020,787,233
48003,2009,950,854,96
48003,2010,1034,695,339
48005,1990,3283,3132,151
48005,1991,3653,3084,569
48005,1992,3696,3423,273
48005,1993,3694,3217,477
48005,1994,3383,3275,108
48005,1995,3605,3444,161
48005,1996,3733,3493,240
48005,1997,3582,3401,181
48005,1998,3400,3731,-331
48005,1999,3451,3579,-128
48005,2000,3385,3792,-407
48005,2001,3296,3644,-348
48005,2002,3259,3372,-113
48005,2003,3202,3428,-226
48005,2004,3085,3389,-304
48005,2005,3400,3185,215
48005,2006,3216,3364,-148
48005,2007,3156,3611,-455
48005,2008,3504,3395,109
48005,2009,3329,3181,148
48005,2010,3292,3268,24
48007,1990,1368,1053,315
48007,1991,1483,1061,422
48007,1992,1764,1321,443
48007,1993,1827,1111,716
48007,1994,1625,1429,196
48007,1995,1814,1259,555
48007,1996,1935,1380,555
48007,1997,1801,1510,291
48007,1998,1733,1438,295
48007,1999,1741,1533,208
48007,2000,1672,1627,45
48007,2001,1835,1433,402
48007,2002,1677,1308,369
48007,2003,1700,1449,251
48007,2004,1847,1421,426
48007,2005,1680,1613,67
48007,2006,1585,1478,107
48007,2007,1847,1551,296
48007,2008,1703,1596,107
48007,2009,1525,1493,32
48007,2010,1611,1406,205
48009,1990,409,579,-170
48009,1991,494,547,-53
48009,1992,501,455,46
48009,1993,618,532,86
48009,1994,576,449,127
48009,1995,814,753,61
48009,1996,817,826,-9
48009,1997,817,757,60
48009,1998,685,728,-43
48009,1999,1192,680,512
48009,2000,808,851,-43
48009,2001,887,761,126
48009,2002,773,641,132
48009,2003,706,591,115
48009,2004,561,653,-92
48009,2005,642,613,29
48009,2006,562,611,-49
48009,2007,634,537,97
48009,2008,564,584,-20
48009,2009,494,496,-2
48009,2010,500,762,-262
48011,1990,0,147,-147
48011,1991,129,118,11
48011,1992,155,126,29
48011,1993,195,150,45
48011,1994,194,146,48
48011,1995,147,129,18
48011,1996,178,183,-5
48011,1997,206,209,-3
48011,1998,164,127,37
48011,1999,163,116,47
48011,2000,165,172,-7
48011,2001,190,178,12
48011,2002,185,150,35
48011,2003,165,122,43
48011,2004,263,172,91
48011,2005,125,177,-52
48011,2006,229,346,-117
48011,2007,250,220,30
48011,2008,139,179,-40
48011,2009,211,124,87
48011,2010,156,133,23
48013,1990,1854,1622,232
48013,1991,1690,1689,1
48013,1992,1905,1623,282
48013,1993,1944,1616,328
48013,1994,2165,1553,612
48013,1995,2337,1819,518
48013,1996,2347,2121,226
48013,1997,2798,2218,580
48013,1998,2840,2263,577
48013,1999,2930,2196,734
48013,2000,3075,2408,667
48013,2001,2949,2371,578
48013,2002,2709,2457,252
48013,2003,2904,2406,498
48013,2004,2463,2329,134
48013,2005,2485,2319,166
48013,2006,2603,2352,251
48013,2007,2656,2611,45
48013,2008,2589,2296,293
48013,2009,2523,2368,155
48013,2010,2548,2289,259
48015,1990,1181,958,223
48015,1991,1474,1030,444
48015,1992,1513,1097,416
48015,1993,1374,1147,227
48015,1994,1490,1091,399
48015,1995,1333,1101,232
48015,1996,1362,1195,167
48015,1997,1434,1193,241
48015,1998,1411,1129,282
48015,1999,1597,1113,484
48015,2000,1590,1293,297
48015,2001,1578,1376,202
48015,2002,1601,1325,276
48015,2003,1634,1346,288
48015,2004,1561,1313,248
48015,2005,1607,1410,197
48015,2006,1685,1375,310
48015,2007,1713,1457,256
48015,2008,1513,1543,-30
48015,2009,1449,1500,-51
48015,2010,1565,1437,128
48017,1990,431,571,-140
48017,1991,428,611,-183
48017,1992,407,563,-156
48017,1993,476,503,-27
48017,1994,509,504,5
48017,1995,411,524,-113
48017,1996,400,515,-115
48017,1997,500,484,16
48017,1998,331,524,-193
48017,1999,393,449,-56
48017,2000,350,453,-103
48017,2001,392,484,-92
48017,2002,450,419,31
48017,2003,419,399,20
48017,2004,365,419,-54
48017,2005,331,433,-102
48017,2006,333,480,-147
48017,2007,389,448,-59
48017,2008,493,524,-31
48017,2009,521,465,56
48017,2010,444,490,-46
48019,1990,875,747,128
48019,1991,960,675,285
48019,1992,1147,651,496
48019,1993,1384,701,683
48019,1994,1480,740,740
48019,1995,1416,823,593
48019,1996,1463,939,524
48019,1997,1468,847,621
48019,1998,1590,991,599
48019,1999,1582,1023,559
48019,2000,1449,1093,356
48019,2001,1576,1029,547
48019,2002,1386,1067,319
48019,2003,1431,1158,273
48019,2004,1441,1197,244
48019,2005,1329,1116,213
48019,2006,1412,985,427
48019,2007,1396,1192,204
48019,2008,1230,1133,97
48019,2009,1279,1004,275
48019,2010,1146,1074,72
48021,1990,2659,2565,94
48021,1991,2957,2367,590
48021,1992,3062,2508,554
48021,1993,3518,2287,1231
48021,1994,3547,2413,1134
48021,1995,4071,2349,1722
48021,1996,4291,3055,1236
48021,1997,4040,3116,924
48021,1998,4670,3267,1403
48021,1999,4743,3323,1420
48021,2000,5470,3326,2144
48021,2001,5547,3908,1639
48021,2002,5589,3928,1661
48021,2003,5073,4080,993
48021,2004,4697,3935,762
48021,2005,4838,3870,968
48021,2006,4944,3801,1143
48021,2007,4880,4097,783
48021,2008,4694,3872,822
48021,2009,4556,3890,666
48021,2010,4532,3985,547
48023,1990,175,237,-62
48023,1991,238,200,38
48023,1992,249,240,9
48023,1993,291,242,49
48023,1994,245,228,17
48023,1995,239,259,-20
48023,1996,246,245,1
48023,1997,214,192,22
48023,1998,171,222,-51
48023,1999,240,254,-14
48023,2000,201,266,-65
48023,2001,235,234,1
48023,2002,232,190,42
48023,2003,206,187,19
48023,2004,187,233,-46
48023,2005,222,217,5
48023,2006,230,225,5
48023,2007,216,260,-44
48023,2008,183,207,-24
48023,2009,188,180,8
48023,2010,194,176,18
48025,1990,1843,1958,-115
48025,1991,1692,2227,-535
48025,1992,1970,2891,-921
48025,1993,1735,1565,170
48025,1994,2078,1560,518
48025,1995,1699,1716,-17
48025,1996,1552,1444,108
48025,1997,1368,1694,-326
48025,1998,1273,1589,-316
48025,1999,1233,1625,-392
48025,2000,1335,1447,-112
48025,2001,1360,1442,-82
48025,2002,1225,1251,-26
48025,2003,1128,1367,-239
48025,2004,1219,1396,-177
48025,2005,1276,1215,61
48025,2006,1269,1301,-32
48025,2007,1222,1398,-176
48025,2008,1418,1273,145
48025,2009,1291,1230,61
48025,2010,1339,1249,90
48027,1990,21995,30632,-8637
48027,1991,27462,21760,5702
48027,1992,39079,32396,6683
48027,1993,39656,29570,10086
48027,1994,30768,33678,-2910
48027,1995,31589,32560,-971
48027,1996,28782,31937,-3155
48027,1997,28800,31451,-2651
48027,1998,28095,32667,-4572
48027,1999,29098,29308,-210
48027,2000,30570,32379,-1809
48027,2001,31247,32269,-1022
48027,2002,29708,30659,-951
48027,2003,25743,28037,-2294
48027,2004,27091,26000,1091
48027,2005,30253,29623,630
48027,2006,32175,25528,6647
48027,2007,34472,31501,2971
48027,2008,31710,35754,-4044
48027,2009,35473,31856,3617
48027,2010,32723,35441,-2718
48029,1990,53037,54146,-1109
48029,1991,58082,48721,9361
48029,1992,62584,57078,5506
48029,1993,60236,55098,5138
48029,1994,58042,55500,2542
48029,1995,56924,55519,1405
48029,1996,56926,58178,-1252
48029,1997,57557,57590,-33
48029,1998,58653,58649,4
48029,1999,59504,58516,988
48029,2000,59443,59043,400
48029,2001,61241,54670,6571
48029,2002,59598,53854,5744
48029,2003,61062,53643,7419
48029,2004,62904,56119,6785
48029,2005,73234,56655,16579
48029,2006,73119,57489,15630
48029,2007,71617,59734,11883
48029,2008,68616,60016,8600
48029,2009,69035,56744,12291
48029,2010,70310,59546,10764
48031,1990,430,387,43
48031,1991,566,386,180
48031,1992,560,434,126
48031,1993,661,460,201
48031,1994,725,354,371
48031,1995,587,381,206
48031,1996,1674,1044,630
48031,1997,1559,1283,276
48031,1998,926,752,174
48031,1999,933,724,209
48031,2000,1045,828,217
48031,2001,1025,771,254
48031,2002,628,524,104
48031,2003,758,525,233
48031,2004,666,538,128
48031,2005,581,513,68
48031,2006,577,504,73
48031,2007,641,523,118
48031,2008,651,548,103
48031,2009,600,508,92
48031,2010,606,498,108
48033,1990,0,0,0
48033,1991,0,0,0
48033,1992,56,57,-1
48033,1993,0,0,0
48033,1994,48,47,1
48033,1995,37,34,3
48033,1996,38,35,3
48033,1997,0,0,0
48033,1998,39,38,1
48033,1999,20,53,-33
48033,2000,54,72,-18
48033,2001,0,0,0
48033,2002,51,52,-1
48033,2003,68,56,12
48033,2004,38,57,-19
48033,2005,31,34,-3
48033,2006,0,0,0
48033,2007,0,0,0
48033,2008,49,44,5
48033,2009,46,33,13
48033,2010,24,41,-17
48035,1990,1086,971,115
48035,1991,1089,949,140
48035,1992,1274,895,379
48035,1993,1287,945,342
48035,1994,1357,983,374
48035,1995,1337,1055,282
48035,1996,1171,1147,24
48035,1997,1111,1180,-69
48035,1998,1237,1081,156
48035,1999,1280,1069,211
48035,2000,1337,1088,249
48035,2001,1285,1158,127
48035,2002,1239,1123,116
48035,2003,1261,1098,163
48035,2004,1156,1064,92
48035,2005,1098,1045,53
48035,2006,1107,1040,67
48035,2007,1125,1139,-14
48035,2008,1131,1081,50
48035,2009,1182,1008,174
48035,2010,1092,1086,6
48037,1990,4812,5129,-317
48037,1991,4742,4660,82
48037,1992,4931,4658,273
48037,1993,5023,4779,244
48037,1994,5098,5091,7
48037,1995,5036,4718,318
48037,1996,4611,5271,-660
48037,1997,4345,4903,-558
48037,1998,4605,4679,-74
48037,1999,4348,4715,-367
48037,2000,4457,4586,-129
48037,2001,4421,4463,-42
48037,2002,4357,4413,-56
48037,2003,4553,4331,222
48037,2004,4491,4338,153
48037,2005,5076,4442,634
48037,2006,4499,4389,110
48037,2007,4934,4459,475
48037,2008,4909,4357,552
48037,2009,4641,4338,303
48037,2010,4349,4425,-76
48039,1990,13058,10004,3054
48039,1991,12295,10651,1644
48039,1992,12245,11253,992
48039,1993,12417,10769,1648
48039,1994,11323,11247,76
48039,1995,12292,10677,1615
48039,1996,12956,10982,1974
48039,1997,13718,11240,2478
48039,1998,14129,11664,2465
48039,1999,14768,12422,2346
48039,2000,14473,12079,2394
48039,2001,16240,12062,4178
48039,2002,15601,12722,2879
48039,2003,16118,12703,3415
48039,2004,16489,12873,3616
48039,2005,18913,13221,5692
48039,2006,19613,13903,5710
48039,2007,19309,14936,4373
48039,2008,18444,14294,4150
48039,2009,16472,14575,1897
48039,2010,16006,14334,1672
48041,1990,7613,8054,-441
48041,1991,8563,8143,420
48041,1992,9452,8210,1242
48041,1993,8399,8542,-143
48041,1994,8065,9086,-1021
48041,1995,8004,8991,-987
48041,1996,8603,8965,-362
48041,1997,8583,9452,-869
48041,1998,8955,9408,-453
48041,1999,8738,9506,-768
48041,2000,8669,9858,-1189
48041,2001,8947,9204,-257
48041,2002,8928,8480,448
48041,2003,8620,9068,-448
48041,2004,8644,9435,-791
48041,2005,9609,9412,197
48041,2006,9194,9574,-380
48041,2007,10366,9792,574
48041,2008,11147,9708,1439
48041,2009,9280,9801,-521
48041,2010,8660,10273,-1613
48043,1990,527,675,-148
48043,1991,621,609,12
48043,1992,623,652,-29
48043,1993,635,577,58
48043,1994,735,565,170
48043,1995,714,679,35
48043,1996,676,753,-77
48043,1997,658,680,-22
48043,1998,668,702,-34
48043,1999,695,700,-5
48043,2000,665,743,-78
48043,2001,712,676,36
48043,2002,779,686,93
48043,2003,670,756,-86
48043,2004,580,750,-170
48043,2005,639,708,-69
48043,2006,734,720,14
48043,2007,699,739,-40
48043,2008,836,665,171
48043,2009,836,710,126
48043,2010,692,656,36
48045,1990,0,0,0
48045,1991,0,0,0
48045,1992,97,146,-49
48045,1993,145,158,-13
48045,1994,166,127,39
48045,1995,109,130,-21
48045,1996,152,126,26
48045,1997,90,135,-45
48045,1998,103,159,-56
48045,1999,104,128,-24
48045,2000,95,136,-41
48045,2001,73,84,-11
48045,2002,85,100,-15
48045,2003,118,113,5
48045,2004,89,119,-30
48045,2005,53,74,-21
48045,2006,68,110,-42
48045,2007,92,85,7
48045,2008,89,111,-22
48045,2009,75,92,-17
48045,2010,101,62,39
48047,1990,314,451,-137
48047,1991,375,358,17
48047,1992,320,357,-37
48047,1993,272,367,-95
48047,1994,351,342,9
48047,1995,352,394,-42
48047,1996,336,424,-88
48047,1997,356,392,-36
48047,1998,301,375,-74
48047,1999,270,403,-133
48047,2000,204,429,-225
48047,2001,297,284,13
48047,2002,298,359,-61
48047,2003,300,348,-48
48047,2004,271,351,-80
48047,2005,304,330,-26
48047,2006,316,385,-69
48047,2007,319,354,-35
48047,2008,282,359,-77
48047,2009,241,379,-138
48047,2010,287,362,-75
48049,1990,1997,1932,65
48049,1991,1872,1977,-105
48049,1992,2178,1991,187
48049,1993,2435,1810,625
48049,1994,2308,1948,360
48049,1995,2044,1978,66
48049,1996,1996,1971,25
48049,1997,1963,1921,42
48049,1998,1919,1960,-41
48049,1999,2059,2002,57
48049,2000,1890,1809,81
48049,2001,1922,1822,100
48049,2002,1874,1738,136
48049,2003,1821,1751,70
48049,2004,1872,1677,195
48049,2005,1857,1683,174
48049,2006,1690,1725,-35
48049,2007,1891,1854,37
48049,2008,1854,1759,95
48049,2009,1631,1575,56
48049,2010,1614,1716,-102
48051,1990,913,899,14
48051,1991,1180,991,189
48051,1992,1362,840,522
48051,1993,1089,978,111
48051,1994,1156,860,296
48051,1995,1105,972,133
48051,1996,1100,982,118
48051,1997,1033,909,124
48051,1998,1010,1009,1
48051,1999,1126,918,208
48051,2000,973,875,98
48051,2001,1019,1023,-4
48051,2002,954,834,120
48051,2003,1002,952,50
48051,2004,981,919,62
48051,2005,863,1091,-228
48051,2006,883,908,-25
48051,2007,915,919,-4
48051,2008,891,888,3
48051,2009,888,822,66
48051,2010,977,859,118
48053,1990,1831,1525,306
48053,1991,2029,1537,492
48053,1992,2297,1507,790
48053,1993,2741,1408,1333
48053,1994,2524,1519,1005
48053,1995,3093,1648,1445
48053,1996,2180,1488,692
48053,1997,2288,1572,716
48053,1998,3435,2061,1374
48053,1999,3469,2224,1245
48053,2000,3170,2204,966
48053,2001,2866,2254,612
48053,2002,2777,2305,472
48053,2003,3116,2300,816
48053,2004,2861,2178,683
48053,2005,3147,2397,750
48053,2006,2911,2214,697
48053,2007,2806,2331,475
48053,2008,2542,2295,247
48053,2009,2455,2230,225
48053,2010,2527,2228,299
48055,1990,1618,1556,62
48055,1991,1715,1650,65
48055,1992,1871,1513,358
48055,1993,2027,1554,473
48055,1994,2315,1619,696
48055,1995,2263,1794,469
48055,1996,2295,1807,488
48055,1997,2256,1857,399
48055,1998,2492,2018,474
48055,1999,2734,2011,723
48055,2000,3122,2203,919
48055,2001,3410,2626,784
48055,2002,2919,2587,332
48055,2003,3346,2830,516
48055,2004,2066,2192,-126
48055,2005,2160,2316,-156
48055,2006,2308,2158,150
48055,2007,2383,2238,145
48055,2008,2284,2214,70
48055,2009,2283,2227,56
48055,2010,2299,2067,232
48057,1990,1266,1165,101
48057,1991,1530,1227,303
48057,1992,1445,1425,20
48057,1993,1291,1405,-114
48057,1994,1146,1366,-220
48057,1995,1012,1088,-76
48057,1996,1103,1302,-199
48057,1997,1033,1292,-259
48057,1998,966,1336,-370
48057,1999,974,1195,-221
48057,2000,1043,1224,-181
48057,2001,904,1341,-437
48057,2002,938,1103,-165
48057,2003,929,1002,-73
48057,2004,972,1084,-112
48057,2005,1035,986,49
48057,2006,838,1035,-197
48057,2007,1095,1071,24
48057,2008,1022,1083,-61
48057,2009,943,1101,-158
48057,2010,969,996,-27
48059,1990,867,838,29
48059,1991,965,853,112
48059,1992,1005,906,99
48059,1993,906,729,177
48059,1994,928,925,3
48059,1995,958,767,191
48059,1996,1001,861,140
48059,1997,926,919,7
48059,1998,930,831,99
48059,1999,946,826,120
48059,2000,836,916,-80
48059,2001,930,832,98
48059,2002,927,793,134
48059,2003,954,750,204
48059,2004,1044,923,121
48059,2005,1083,1010,73
48059,2006,1098,936,162
48059,2007,1099,1000,99
48059,2008,909,831,78
48059,2009,885,856,29
48059,2010,901,862,39
48061,1990,10299,10262,37
48061,1991,10608,10359,249
48061,1992,11952,10055,1897
48061,1993,10921,10654,267
48061,1994,10683,10823,-140
48061,1995,10469,11440,-971
48061,1996,10453,12293,-1840
48061,1997,10747,12151,-1404
48061,1998,10765,12876,-2111
48061,1999,11098,12215,-1117
48061,2000,11294,12063,-769
48061,2001,12032,11308,724
48061,2002,11540,10390,1150
48061,2003,11588,10694,894
48061,2004,10517,10743,-226
48061,2005,11019,11125,-106
48061,2006,11022,10940,82
48061,2007,11608,11486,122
48061,2008,11756,10868,888
48061,2009,11151,10065,1086
48061,2010,10254,10430,-176
48063,1990,759,710,49
48063,1991,760,701,59
48063,1992,911,671,240
48063,1993,769,786,-17
48063,1994,718,764,-46
48063,1995,1063,831,232
48063,1996,1129,954,175
48063,1997,927,1039,-112
48063,1998,825,897,-72
48063,1999,957,877,80
48063,2000,712,1008,-296
48063,2001,922,855,67
48063,2002,782,821,-39
48063,2003,785,738,47
48063,2004,793,675,118
48063,2005,841,806,35
48063,2006,861,707,154
48063,2007,800,760,40
48063,2008,801,768,33
48063,2009,759,771,-12
48063,2010,830,792,38
48065,1990,380,409,-29
48065,1991,442,465,-23
48065,1992,485,448,37
48065,1993,528,464,64
48065,1994,480,447,33
48065,1995,499,530,-31
48065,1996,517,525,-8
48065,1997,481,481,0
48065,1998,487,473,14
48065,1999,506,530,-24
48065,2000,441,555,-114
48065,2001,620,444,176
48065,2002,434,521,-87
48065,2003,359,413,-54
48065,2004,474,421,53
48065,2005,447,450,-3
48065,2006,368,390,-22
48065,2007,439,463,-24
48065,2008,358,375,-17
48065,2009,340,401,-61
48065,2010,377,284,93
48067,1990,1611,1508,103
48067,1991,1495,1570,-75
48067,1992,1640,1404,236
48067,1993,1468,1495,-27
48067,1994,1554,1366,188
48067,1995,1736,1636,100
48067,1996,1691,1660,31
48067,1997,1714,1652,62
48067,1998,1650,1762,-112
48067,1999,1662,1644,18
48067,2000,1557,1710,-153
48067,2001,1605,1562,43
48067,2002,1530,1638,-108
48067,2003,1532,1578,-46
48067,2004,1491,1406,85
48067,2005,1572,1498,74
48067,2006,1438,1419,19
48067,2007,1581,1555,26
48067,2008,1578,1475,103
48067,2009,1550,1423,127
48067,2010,1392,1501,-109
48069,1990,414,689,-275
48069,1991,473,639,-166
48069,1992,464,633,-169
48069,1993,469,599,-130
48069,1994,420,538,-118
48069,1995,377,543,-166
48069,1996,419,617,-198
48069,1997,425,500,-75
48069,1998,406,533,-127
48069,1999,369,666,-297
48069,2000,415,593,-178
48069,2001,433,571,-138
48069,2002,363,527,-164
48069,2003,379,588,-209
48069,2004,345,464,-119
48069,2005,393,599,-206
48069,2006,384,548,-164
48069,2007,440,565,-125
48069,2008,541,532,9
48069,2009,612,464,148
48069,2010,561,562,-1
48071,1990,1342,1267,75
48071,1991,1484,1483,1
48071,1992,1619,1374,245
48071,1993,1610,1403,207
48071,1994,1590,1259,331
48071,1995,2606,1968,638
48071,1996,2697,2008,689
48071,1997,2825,2296,529
48071,1998,2952,2790,162
48071,1999,3224,2740,484
48071,2000,3623,3101,522
48071,2001,3522,3028,494
48071,2002,3516,3110,406
48071,2003,3755,3149,606
48071,2004,1869,1697,172
48071,2005,1959,1871,88
48071,2006,2411,2154,257
48071,2007,2895,2368,527
48071,2008,3259,1630,1629
48071,2009,2838,2200,638
48071,2010,2789,2740,49
48073,1990,1820,2177,-357
48073,1991,1882,2051,-169
48073,1992,1899,1859,40
48073,1993,1922,2096,-174
48073,1994,2117,1875,242
48073,1995,2126,1956,170
48073,1996,2015,2000,15
48073,1997,2122,2009,113
48073,1998,2167,2192,-25
48073,1999,2125,2383,-258
48073,2000,2120,2097,23
48073,2001,2131,2213,-82
48073,2002,2151,1992,159
48073,2003,2001,2005,-4
48073,2004,1864,1944,-80
48073,2005,1997,2083,-86
48073,2006,2105,2200,-95
48073,2007,2300,2334,-34
48073,2008,2179,2199,-20
48073,2009,2038,2045,-7
48073,2010,2120,2205,-85
48075,1990,372,342,30
48075,1991,556,340,216
48075,1992,518,461,57
48075,1993,426,444,-18
48075,1994,488,356,132
48075,1995,373,415,-42
48075,1996,401,469,-68
48075,1997,307,409,-102
48075,1998,338,397,-59
48075,1999,375,386,-11
48075,2000,341,365,-24
48075,2001,322,398,-76
48075,2002,293,359,-66
48075,2003,320,334,-14
48075,2004,359,362,-3
48075,2005,369,317,52
48075,2006,350,366,-16
48075,2007,383,391,-8
48075,2008,326,344,-18
48075,2009,298,244,54
48075,2010,260,286,-26
48077,1990,524,651,-127
48077,1991,565,612,-47
48077,1992,581,560,21
48077,1993,606,555,51
48077,1994,669,614,55
48077,1995,840,583,257
48077,1996,676,654,22
48077,1997,646,572,74
48077,1998,555,566,-11
48077,1999,823,535,288
48077,2000,966,879,87
48077,2001,928,712,216
48077,2002,703,638,65
48077,2003,692,755,-63
48077,2004,842,737,105
48077,2005,707,740,-33
48077,2006,696,767,-71
48077,2007,687,757,-70
48077,2008,637,660,-23
48077,2009,595,629,-34
48077,2010,651,665,-14
48079,1990,148,387,-239
48079,1991,352,346,6
48079,1992,235,395,-160
48079,1993,240,308,-68
48079,1994,256,289,-33
48079,1995,267,400,-133
48079,1996,254,360,-106
48079,1997,246,276,-30
48079,1998,221,355,-134
48079,1999,206,272,-66
48079,2000,197,239,-42
48079,2001,168,301,-133
48079,2002,191,215,-24
48079,2003,152,270,-118
48079,2004,180,204,-24
48079,2005,183,229,-46
48079,2006,190,238,-48
48079,2007,185,251,-66
48079,2008,191,326,-135
48079,2009,192,171,21
48079,2010,184,222,-38
48081,1990,229,212,17
48081,1991,195,190,5
48081,1992,231,236,-5
48081,1993,309,221,88
48081,1994,255,278,-23
48081,1995,298,236,62
48081,1996,292,251,41
48081,1997,253,258,-5
48081,1998,264,254,10
48081,1999,208,232,-24
48081,2000,283,250,33
48081,2001,227,249,-22
48081,2002,219,246,-27
48081,2003,318,272,46
48081,2004,248,264,-16
48081,2005,247,257,-10
48081,2006,245,260,-15
48081,2007,265,246,19
48081,2008,251,252,-1
48081,2009,240,206,34
48081,2010,199,180,19
48083,1990,467,614,-147
48083,1991,595,466,129
48083,1992,615,570,45
48083,1993,638,533,105
48083,1994,529,482,47
48083,1995,602,477,125
48083,1996,585,580,5
48083,1997,520,678,-158
48083,1998,565,644,-79
48083,1999,493,595,-102
48083,2000,514,532,-18
48083,2001,490,591,-101
48083,2002,447,474,-27
48083,2003,496,469,27
48083,2004,488,490,-2
48083,2005,529,433,96
48083,2006,506,440,66
48083,2007,561,396,165
48083,2008,499,492,7
48083,2009,458,432,26
48083,2010,404,452,-48
48085,1990,26336,20592,5744
48085,1991,27018,20600,6418
48085,1992,30134,20683,9451
48085,1993,32058,21151,10907
48085,1994,33583,21912,11671
48085,1995,41891,26283,15608
48085,1996,46414,27921,18493
48085,1997,48888,31007,17881
48085,1998,52196,33675,18521
48085,1999,54465,35663,18802
48085,2000,59776,37142,22634
48085,2001,56772,39847,16925
48085,2002,53809,39420,14389
48085,2003,56715,39254,17461
48085,2004,55272,39857,15415
48085,2005,61123,40734,20389
48085,2006,64638,42488,22150
48085,2007,63428,43911,19517
48085,2008,60768,42837,17931
48085,2009,54795,46758,8037
48085,2010,55337,44496,10841
48087,1990,0,0,0
48087,1991,0,0,0
48087,1992,183,219,-36
48087,1993,183,243,-60
48087,1994,161,190,-29
48087,1995,153,207,-54
48087,1996,184,190,-6
48087,1997,187,236,-49
48087,1998,119,215,-96
48087,1999,153,160,-7
48087,2000,170,226,-56
48087,2001,169,192,-23
48087,2002,164,206,-42
48087,2003,191,194,-3
48087,2004,148,190,-42
48087,2005,161,191,-30
48087,2006,165,151,14
48087,2007,210,171,39
48087,2008,170,191,-21
48087,2009,155,135,20
48087,2010,161,132,29
48089,1990,759,863,-104
48089,1991,958,893,65
48089,1992,937,907,30
48089,1993,991,922,69
48089,1994,867,901,-34
48089,1995,966,978,-12
48089,1996,1172,1011,161
48089,1997,965,999,-34
48089,1998,982,911,71
48089,1999,826,941,-115
48089,2000,867,1033,-166
48089,2001,934,842,92
48089,2002,913,778,135
48089,2003,816,840,-24
48089,2004,940,950,-10
48089,2005,909,916,-7
48089,2006,938,819,119
48089,2007,953,868,85
48089,2008,909,874,35
48089,2009,934,866,68
48089,2010,846,885,-39
48091,1990,4488,3740,748
48091,1991,4814,3428,1386
48091,1992,5595,3584,2011
48091,1993,6092,3452,2640
48091,1994,6078,3614,2464
48091,1995,6641,3797,2844
48091,1996,6328,4292,2036
48091,1997,6432,4367,2065
48091,1998,6746,4510,2236
48091,1999,6649,4575,2074
48091,2000,6937,4841,2096
48091,2001,7159,4959,2200
48091,2002,7149,4991,2158
48091,2003,7717,4669,3048
48091,2004,8069,5106,2963
48091,2005,9190,5210,3980
48091,2006,9376,5593,3783
48091,2007,9453,5989,3464
48091,2008,8439,5576,2863
48091,2009,8560,5986,2574
48091,2010,8419,6690,1729
48093,1990,794,843,-49
48093,1991,810,720,90
48093,1992,982,861,121
48093,1993,817,824,-7
48093,1994,889,720,169
48093,1995,887,794,93
48093,1996,917,872,45
48093,1997,873,868,5
48093,1998,917,820,97
48093,1999,799,878,-79
48093,2000,635,873,-238
48093,2001,678,801,-123
48093,2002,637,637,0
48093,2003,727,661,66
48093,2004,768,715,53
48093,2005,787,735,52
48093,2006,612,676,-64
48093,2007,771,758,13
48093,2008,692,674,18
48093,2009,677,595,82
48093,2010,652,649,3
48095,1990,190,199,-9
48095,1991,206,216,-10
48095,1992,237,163,74
48095,1993,208,241,-33
48095,1994,208,258,-50
48095,1995,367,215,152
48095,1996,200,268,-68
48095,1997,224,212,12
48095,1998,236,254,-18
48095,1999,243,321,-78
48095,2000,206,310,-104
48095,2001,218,281,-63
48095,2002,234,311,-77
48095,2003,252,304,-52
48095,2004,260,191,69
48095,2005,183,199,-16
48095,2006,165,249,-84
48095,2007,194,232,-38
48095,2008,143,230,-87
48095,2009,176,184,-8
48095,2010,192,208,-16
48097,1990,1634,2060,-426
48097,1991,2030,1783,247
48097,1992,1840,2079,-239
48097,1993,1960,1671,289
48097,1994,1869,1695,174
48097,1995,2239,1887,352
48097,1996,2390,1823,567
48097,1997,1985,2061,-76
48097,1998,2202,1908,294
48097,1999,2263,2070,193
48097,2000,2298,1973,325
48097,2001,2313,1963,350
48097,2002,2017,2082,-65
48097,2003,2165,1906,259
48097,2004,2095,1920,175
48097,2005,2022,2121,-99
48097,2006,1961,2034,-73
48097,2007,1982,2161,-179
48097,2008,2134,2068,66
48097,2009,1748,1843,-95
48097,2010,1911,2054,-143
48099,1990,6973,8358,-1385
48099,1991,8316,6480,1836
48099,1992,10690,9203,1487
48099,1993,10763,7863,2900
48099,1994,9935,9557,378
48099,1995,11310,11112,198
48099,1996,9932,10647,-715
48099,1997,10175,10571,-396
48099,1998,9876,10661,-785
48099,1999,10023,9733,290
48099,2000,10243,10871,-628
48099,2001,10026,10829,-803
48099,2002,9071,9364,-293
48099,2003,7470,8043,-573
48099,2004,8943,8499,444
48099,2005,13113,15680,-2567
48099,2006,9095,8377,718
48099,2007,10218,9555,663
48099,2008,9871,10593,-722
48099,2009,9946,10187,-241
48099,2010,10468,10372,96
48101,1990,0,0,0
48101,1991,0,0,0
48101,1992,124,133,-9
48101,1993,107,108,-1
48101,1994,105,127,-22
48101,1995,104,163,-59
48101,1996,123,152,-29
48101,1997,91,113,-22
48101,1998,124,132,-8
48101,1999,80,171,-91
48101,2000,121,148,-27
48101,2001,75,110,-35
48101,2002,70,83,-13
48101,2003,86,102,-16
48101,2004,86,96,-10
48101,2005,61,92,-31
48101,2006,87,104,-17
48101,2007,85,59,26
48101,2008,92,89,3
48101,2009,74,87,-13
48101,2010,80,71,9
48103,1990,370,340,30
48103,1991,251,356,-105
48103,1992,264,411,-147
48103,1993,266,287,-21
48103,1994,225,398,-173
48103,1995,244,317,-73
48103,1996,252,295,-43
48103,1997,235,270,-35
48103,1998,193,346,-153
48103,1999,181,358,-177
48103,2000,244,264,-20
48103,2001,214,268,-54
48103,2002,190,252,-62
48103,2003,311,236,75
48103,2004,231,411,-180
48103,2005,263,271,-8
48103,2006,328,230,98
48103,2007,421,291,130
48103,2008,386,289,97
48103,2009,268,280,-12
48103,2010,303,357,-54
48105,1990,248,236,12
48105,1991,206,297,-91
48105,1992,269,247,22
48105,1993,251,257,-6
48105,1994,299,235,64
48105,1995,273,294,-21
48105,1996,335,256,79
48105,1997,250,283,-33
48105,1998,198,332,-134
48105,1999,225,411,-186
48105,2000,149,282,-133
48105,2001,193,269,-76
48105,2002,224,249,-25
48105,2003,228,220,8
48105,2004,281,244,37
48105,2005,207,263,-56
48105,2006,182,241,-59
48105,2007,194,209,-15
48105,2008,169,232,-63
48105,2009,181,260,-79
48105,2010,198,237,-39
48107,1990,421,510,-89
48107,1991,419,493,-74
48107,1992,444,519,-75
48107,1993,481,465,16
48107,1994,416,444,-28
48107,1995,488,515,-27
48107,1996,510,538,-28
48107,1997,442,579,-137
48107,1998,412,616,-204
48107,1999,474,581,-107
48107,2000,465,594,-129
48107,2001,460,572,-112
48107,2002,422,534,-112
48107,2003,379,526,-147
48107,2004,437,443,-6
48107,2005,375,454,-79
48107,2006,354,513,-159
48107,2007,432,457,-25
48107,2008,345,498,-153
48107,2009,399,406,-7
48107,2010,346,380,-34
48109,1990,0,300,-300
48109,1991,179,249,-70
48109,1992,199,234,-35
48109,1993,205,214,-9
48109,1994,197,244,-47
48109,1995,210,252,-42
48109,1996,171,245,-74
48109,1997,152,238,-86
48109,1998,203,199,4
48109,1999,150,269,-119
48109,2000,161,256,-95
48109,2001,179,220,-41
48109,2002,195,264,-69
48109,2003,136,209,-73
48109,2004,164,207,-43
48109,2005,127,203,-76
48109,2006,155,206,-51
48109,2007,174,188,-14
48109,2008,117,227,-110
48109,2009,159,179,-20
48109,2010,192,202,-10
48111,1990,418,382,36
48111,1991,358,329,29
48111,1992,436,414,22
48111,1993,485,406,79
48111,1994,695,423,272
48111,1995,592,703,-111
48111,1996,548,513,35
48111,1997,643,540,103
48111,1998,502,511,-9
48111,1999,558,612,-54
48111,2000,499,604,-105
48111,2001,501,584,-83
48111,2002,453,547,-94
48111,2003,419,430,-11
48111,2004,437,477,-40
48111,2005,376,468,-92
48111,2006,504,468,36
48111,2007,553,500,53
48111,2008,546,524,22
48111,2009,580,512,68
48111,2010,526,553,-27
48113,1990,105507,108791,-3284
48113,1991,99836,112526,-12690
48113,1992,100841,112415,-11574
48113,1993,103155,112494,-9339
48113,1994,100601,112909,-12308
48113,1995,96374,104727,-8353
48113,1996,100956,108545,-7589
48113,1997,101724,110781,-9057
48113,1998,99094,118553,-19459
48113,1999,99791,123659,-23868
48113,2000,100450,119260,-18810
48113,2001,92465,126955,-34490
48113,2002,86217,123543,-37326
48113,2003,85780,119956,-34176
48113,2004,91037,115710,-24673
48113,2005,101342,116070,-14728
48113,2006,99593,116671,-17078
48113,2007,103829,119635,-15806
48113,2008,104001,110708,-6707
48113,2009,99072,108918,-9846
48113,2010,104555,107382,-2827
48115,1990,658,855,-197
48115,1991,765,893,-128
48115,1992,884,894,-10
48115,1993,705,841,-136
48115,1994,746,853,-107
48115,1995,578,901,-323
48115,1996,534,940,-406
48115,1997,635,752,-117
48115,1998,534,747,-213
48115,1999,607,809,-202
48115,2000,634,821,-187
48115,2001,558,892,-334
48115,2002,600,733,-133
48115,2003,500,716,-216
48115,2004,613,677,-64
48115,2005,559,681,-122
48115,2006,521,657,-136
48115,2007,575,679,-104
48115,2008,636,689,-53
48115,2009,595,590,5
48115,2010,516,626,-110
48117,1990,977,1586,-609
48117,1991,1101,1423,-322
48117,1992,1225,1231,-6
48117,1993,1171,1363,-192
48117,1994,1178,1294,-116
48117,1995,1039,1272,-233
48117,1996,959,1270,-311
48117,1997,843,1200,-357
48117,1998,867,1358,-491
48117,1999,806,1164,-358
48117,2000,831,1222,-391
48117,2001,912,1071,-159
48117,2002,914,1091,-177
48117,2003,965,1035,-70
48117,2004,834,1010,-176
48117,2005,1060,1116,-56
48117,2006,832,947,-115
48117,2007,1025,1072,-47
48117,2008,1091,1198,-107
48117,2009,1169,1280,-111
48117,2010,943,1244,-301
48119,1990,292,291,1
48119,1991,257,288,-31
48119,1992,269,256,13
48119,1993,312,173,139
48119,1994,369,286,83
48119,1995,324,244,80
48119,1996,360,294,66
48119,1997,342,318,24
48119,1998,401,344,57
48119,1999,374,290,84
48119,2000,364,321,43
48119,2001,389,375,14
48119,2002,379,354,25
48119,2003,413,298,115
48119,2004,349,402,-53
48119,2005,409,332,77
48119,2006,302,417,-115
48119,2007,443,405,38
48119,2008,349,358,-9
48119,2009,335,282,53
48119,2010,302,351,-49
48121,1990,24760,21384,3376
48121,1991,25864,21598,4266
48121,1992,26853,21921,4932
48121,1993,29225,22247,6978
48121,1994,28342,21726,6616
48121,1995,32564,25222,7342
48121,1996,34187,25712,8475
48121,1997,37116,26260,10856
48121,1998,41145,29050,12095
48121,1999,42683,31095,11588
48121,2000,45252,31789,13463
48121,2001,46118,33137,12981
48121,2002,44132,33176,10956
48121,2003,43510,34463,9047
48121,2004,48936,36503,12433
48121,2005,54577,38178,16399
48121,2006,52092,39179,12913
48121,2007,52431,41072,11359
48121,2008,49695,39823,9872
48121,2009,47096,39583,7513
48121,2010,48695,39702,8993
48123,1990,772,1093,-321
48123,1991,802,837,-35
48123,1992,947,895,52
48123,1993,840,769,71
48123,1994,939,855,84
48123,1995,943,850,93
48123,1996,878,841,37
48123,1997,892,902,-10
48123,1998,783,983,-200
48123,1999,833,906,-73
48123,2000,892,822,70
48123,2001,945,953,-8
48123,2002,830,724,106
48123,2003,870,729,141
48123,2004,797,661,136
48123,2005,796,943,-147
48123,2006,789,874,-85
48123,2007,813,875,-62
48123,2008,823,741,82
48123,2009,754,714,40
48123,2010,1005,832,173
48125,1990,0,213,-213
48125,1991,193,161,32
48125,1992,203,164,39
48125,1993,157,188,-31
48125,1994,169,162,7
48125,1995,190,202,-12
48125,1996,189,208,-19
48125,1997,161,215,-54
48125,1998,182,208,-26
48125,1999,125,212,-87
48125,2000,137,143,-6
48125,2001,205,177,28
48125,2002,130,156,-26
48125,2003,162,158,4
48125,2004,131,156,-25
48125,2005,74,148,-74
48125,2006,131,130,1
48125,2007,186,196,-10
48125,2008,150,116,34
48125,2009,150,126,24
48125,2010,161,176,-15
48127,1990,670,550,120
48127,1991,471,729,-258
48127,1992,588,658,-70
48127,1993,560,580,-20
48127,1994,405,671,-266
48127,1995,544,689,-145
48127,1996,597,622,-25
48127,1997,542,640,-98
48127,1998,504,649,-145
48127,1999,456,565,-109
48127,2000,483,603,-120
48127,2001,544,472,72
48127,2002,533,507,26
48127,2003,409,552,-143
48127,2004,560,500,60
48127,2005,444,555,-111
48127,2006,399,537,-138
48127,2007,450,522,-72
48127,2008,495,531,-36
48127,2009,493,385,108
48127,2010,471,417,54
48129,1990,210,286,-76
48129,1991,237,227,10
48129,1992,281,178,103
48129,1993,335,252,83
48129,1994,255,226,29
48129,1995,230,217,13
48129,1996,213,218,-5
48129,1997,269,229,40
48129,1998,231,228,3
48129,1999,277,264,13
48129,2000,246,213,33
48129,2001,215,187,28
48129,2002,229,207,22
48129,2003,232,215,17
48129,2004,221,252,-31
48129,2005,198,210,-12
48129,2006,231,196,35
48129,2007,200,229,-29
48129,2008,200,205,-5
48129,2009,212,162,50
48129,2010,174,195,-21
48131,1990,479,622,-143
48131,1991,460,557,-97
48131,1992,437,579,-142
48131,1993,418,476,-58
48131,1994,497,444,53
48131,1995,417,529,-112
48131,1996,512,454,58
48131,1997,482,522,-40
48131,1998,484,549,-65
48131,1999,514,810,-296
48131,2000,493,639,-146
48131,2001,484,623,-139
48131,2002,484,720,-236
48131,2003,546,617,-71
48131,2004,485,594,-109
48131,2005,491,666,-175
48131,2006,443,611,-168
48131,2007,540,639,-99
48131,2008,476,525,-49
48131,2009,449,583,-134
48131,2010,499,566,-67
48133,1990,1108,1132,-24
48133,1991,1007,1096,-89
48133,1992,1048,988,60
48133,1993,1061,1056,5
48133,1994,1093,940,153
48133,1995,1046,1001,45
48133,1996,1014,999,15
48133,1997,994,1101,-107
48133,1998,983,1072,-89
48133,1999,1142,1036,106
48133,2000,958,1102,-144
48133,2001,1109,985,124
48133,2002,1019,911,108
48133,2003,924,887,37
48133,2004,1042,984,58
48133,2005,908,944,-36
48133,2006,985,951,34
48133,2007,982,1031,-49
48133,2008,904,933,-29
48133,2009,822,886,-64
48133,2010,832,835,-3
48135,1990,6463,6681,-218
48135,1991,6171,6626,-455
48135,1992,5585,6665,-1080
48135,1993,5516,6244,-728
48135,1994,5160,6401,-1241
48135,1995,5206,5877,-671
48135,1996,5248,6303,-1055
48135,1997,5757,5345,412
48135,1998,4776,6935,-2159
48135,1999,4495,7134,-2639
48135,2000,4994,5946,-952
48135,2001,5359,5332,27
48135,2002,4690,5547,-857
48135,2003,5036,5126,-90
48135,2004,5097,5347,-250
48135,2005,5698,5055,643
48135,2006,6116,4955,1161
48135,2007,6532,5637,895
48135,2008,7410,5475,1935
48135,2009,5600,6684,-1084
48135,2010,6667,5402,1265
48137,1990,0,0,0
48137,1991,0,0,0
48137,1992,143,105,38
48137,1993,130,153,-23
48137,1994,115,150,-35
48137,1995,152,147,5
48137,1996,134,169,-35
48137,1997,160,160,0
48137,1998,134,162,-28
48137,1999,134,138,-4
48137,2000,150,221,-71
48137,2001,232,198,34
48137,2002,202,219,-17
48137,2003,200,212,-12
48137,2004,136,123,13
48137,2005,89,128,-39
48137,2006,137,100,37
48137,2007,132,94,38
48137,2008,120,161,-41
48137,2009,84,113,-29
48137,2010,98,119,-21
48139,1990,5920,5593,327
48139,1991,6244,5580,664
48139,1992,6358,5536,822
48139,1993,6610,5874,736
48139,1994,7523,5601,1922
48139,1995,6920,5324,1596
48139,1996,7423,5498,1925
48139,1997,7561,5834,1727
48139,1998,8287,6019,2268
48139,1999,8819,6132,2687
48139,2000,8507,6577,1930
48139,2001,8863,6556,2307
48139,2002,9033,6479,2554
48139,2003,8894,6898,1996
48139,2004,9439,6659,2780
48139,2005,10339,6917,3422
48139,2006,10331,7044,3287
48139,2007,10383,7324,3059
48139,2008,9379,7480,1899
48139,2009,9029,7068,1961
48139,2010,8700,7678,1022
48141,1990,30983,31437,-454
48141,1991,33823,30223,3600
48141,1992,32839,35190,-2351
48141,1993,30820,32086,-1266
48141,1994,26951,34188,-7237
48141,1995,23383,36477,-13094
48141,1996,25952,32283,-6331
48141,1997,25218,31573,-6355
48141,1998,23334,31496,-8162
48141,1999,24493,30882,-6389
48141,2000,22993,30729,-7736
48141,2001,23326,30586,-7260
48141,2002,22987,27057,-4070
48141,2003,22574,25303,-2729
48141,2004,23269,27117,-3848
48141,2005,29367,26880,2487
48141,2006,27046,30098,-3052
48141,2007,29308,28145,1163
48141,2008,32691,30548,2143
48141,2009,32245,28822,3423
48141,2010,35539,29649,5890
48143,1990,1912,1847,65
48143,1991,1902,1760,142
48143,1992,2038,1839,199
48143,1993,2203,1802,401
48143,1994,2190,2033,157
48143,1995,2001,1958,43
48143,1996,2183,2078,105
48143,1997,2059,2242,-183
48143,1998,1972,2052,-80
48143,1999,2102,2205,-103
48143,2000,1894,2221,-327
48143,2001,2030,2077,-47
48143,2002,1878,1818,60
48143,2003,1913,1840,73
48143,2004,1911,1929,-18
48143,2005,2063,1815,248
48143,2006,1950,1953,-3
48143,2007,1983,2175,-192
48143,2008,2026,2039,-13
48143,2009,1766,1855,-89
48143,2010,1844,1888,-44
48145,1990,809,955,-146
48145,1991,757,977,-220
48145,1992,994,828,166
48145,1993,1019,925,94
48145,1994,940,911,29
48145,1995,948,973,-25
48145,1996,883,965,-82
48145,1997,898,1040,-142
48145,1998,805,998,-193
48145,1999,832,991,-159
48145,2000,802,956,-154
48145,2001,776,954,-178
48145,2002,783,842,-59
48145,2003,731,856,-125
48145,2004,760,874,-114
48145,2005,772,844,-72
48145,2006,687,904,-217
48145,2007,874,866,8
48145,2008,794,862,-68
48145,2009,747,778,-31
48145,2010,709,634,75
48147,1990,1221,1388,-167
48147,1991,1354,1284,70
48147,1992,1416,1137,279
48147,1993,1516,1174,342
48147,1994,1661,1127,534
48147,1995,1927,1159,768
48147,1996,1607,1412,195
48147,1997,1761,1308,453
48147,1998,1665,1456,209
48147,1999,1809,1330,479
48147,2000,1627,1578,49
48147,2001,1735,1490,245
48147,2002,1862,1472,390
48147,2003,1759,1537,222
48147,2004,1920,1490,430
48147,2005,1719,1595,124
48147,2006,1764,1558,206
48147,2007,1852,1650,202
48147,2008,1632,1706,-74
48147,2009,1587,1553,34
48147,2010,1577,1554,23
48149,1990,943,1015,-72
48149,1991,1228,902,326
48149,1992,1270,882,388
48149,1993,1232,1018,214
48149,1994,1176,954,222
48149,1995,1008,1023,-15
48149,1996,1026,1018,8
48149,1997,1055,887,168
48149,1998,1026,971,55
48149,1999,1022,935,87
48149,2000,1166,893,273
48149,2001,1203,1017,186
48149,2002,1033,888,145
48149,2003,990,964,26
48149,2004,1076,951,125
48149,2005,1012,998,14
48149,2006,1109,934,175
48149,2007,1180,943,237
48149,2008,980,951,29
48149,2009,963,945,18
48149,2010,1015,857,158
48151,1990,199,335,-136
48151,1991,274,318,-44
48151,1992,205,277,-72
48151,1993,223,221,2
48151,1994,263,223,40
48151,1995,224,341,-117
48151,1996,240,295,-55
48151,1997,211,230,-19
48151,1998,212,258,-46
48151,1999,294,208,86
48151,2000,212,279,-67
48151,2001,252,238,14
48151,2002,243,262,-19
48151,2003,208,247,-39
48151,2004,213,215,-2
48151,2005,202,273,-71
48151,2006,225,207,18
48151,2007,234,312,-78
48151,2008,238,315,-77
48151,2009,190,254,-64
48151,2010,201,265,-64
48153,1990,477,524,-47
48153,1991,482,573,-91
48153,1992,415,597,-182
48153,1993,400,546,-146
48153,1994,481,479,2
48153,1995,416,477,-61
48153,1996,431,516,-85
48153,1997,436,496,-60
48153,1998,391,530,-139
48153,1999,414,572,-158
48153,2000,350,541,-191
48153,2001,357,512,-155
48153,2002,427,359,68
48153,2003,294,448,-154
48153,2004,287,400,-113
48153,2005,364,495,-131
48153,2006,328,497,-169
48153,2007,316,415,-99
48153,2008,358,403,-45
48153,2009,317,401,-84
48153,2010,335,333,2
48155,1990,0,109,-109
48155,1991,0,0,0
48155,1992,77,86,-9
48155,1993,95,105,-10
48155,1994,118,80,38
48155,1995,97,95,2
48155,1996,110,151,-41
48155,1997,101,139,-38
48155,1998,78,118,-40
48155,1999,60,104,-44
48155,2000,106,87,19
48155,2001,85,158,-73
48155,2002,91,105,-14
48155,2003,87,80,7
48155,2004,72,116,-44
48155,2005,64,72,-8
48155,2006,70,113,-43
48155,2007,127,179,-52
48155,2008,70,64,6
48155,2009,67,54,13
48155,2010,78,71,7
48157,1990,21433,14527,6906
48157,1991,21957,15005,6952
48157,1992,21822,16669,5153
48157,1993,21795,16895,4900
48157,1994,21788,16690,5098
48157,1995,24323,16718,7605
48157,1996,26461,18746,7715
48157,1997,29339,19402,9937
48157,1998,30788,20544,10244
48157,1999,32274,21983,10291
48157,2000,32771,22187,10584
48157,2001,36384,21750,14634
48157,2002,36254,22568,13686
48157,2003,39467,24462,15005
48157,2004,37140,23991,13149
48157,2005,41946,25192,16754
48157,2006,43112,27560,15552
48157,2007,45633,28835,16798
48157,2008,42754,26805,15949
48157,2009,40362,28199,12163
48157,2010,37803,28949,8854
48159,1990,554,520,34
48159,1991,575,532,43
48159,1992,755,547,208
48159,1993,671,580,91
48159,1994,735,529,206
48159,1995,835,555,280
48159,1996,916,697,219
48159,1997,875,730,145
48159,1998,933,774,159
48159,1999,911,794,117
48159,2000,863,718,145
48159,2001,857,770,87
48159,2002,869,737,132
48159,2003,914,725,189
48159,2004,793,679,114
48159,2005,870,838,32
48159,2006,750,668,82
48159,2007,886,1146,-260
48159,2008,716,745,-29
48159,2009,628,663,-35
48159,2010,607,646,-39
48161,1990,859,835,24
48161,1991,904,921,-17
48161,1992,972,881,91
48161,1993,1082,930,152
48161,1994,1103,808,295
48161,1995,1000,848,152
48161,1996,999,952,47
48161,1997,971,855,116
48161,1998,932,934,-2
48161,1999,965,888,77
48161,2000,1003,936,67
48161,2001,1184,879,305
48161,2002,1129,992,137
48161,2003,1032,956,76
48161,2004,1014,928,86
48161,2005,1130,1029,101
48161,2006,1064,1029,35
48161,2007,1101,979,122
48161,2008,1184,925,259
48161,2009,1041,1101,-60
48161,2010,1056,1154,-98
48163,1990,1237,679,558
48163,1991,830,1098,-268
48163,1992,721,893,-172
48163,1993,763,790,-27
48163,1994,701,914,-213
48163,1995,704,768,-64
48163,1996,649,820,-171
48163,1997,677,849,-172
48163,1998,618,759,-141
48163,1999,538,796,-258
48163,2000,625,700,-75
48163,2001,636,745,-109
48163,2002,602,736,-134
48163,2003,565,640,-75
48163,2004,594,634,-40
48163,2005,627,730,-103
48163,2006,570,609,-39
48163,2007,615,659,-44
48163,2008,660,642,18
48163,2009,530,639,-109
48163,2010,602,563,39
48165,1990,839,975,-136
48165,1991,754,917,-163
48165,1992,746,940,-194
48165,1993,795,804,-9
48165,1994,737,881,-144
48165,1995,671,873,-202
48165,1996,725,904,-179
48165,1997,795,861,-66
48165,1998,570,914,-344
48165,1999,633,846,-213
48165,2000,601,895,-294
48165,2001,614,872,-258
48165,2002,691,692,-1
48165,2003,643,718,-75
48165,2004,726,717,9
48165,2005,725,699,26
48165,2006,729,669,60
48165,2007,864,713,151
48165,2008,896,740,156
48165,2009,767,782,-15
48165,2010,812,675,137
48167,1990,14219,12506,1713
48167,1991,14309,12550,1759
48167,1992,14878,13083,1795
48167,1993,13515,13580,-65
48167,1994,13657,13184,473
48167,1995,13911,13142,769
48167,1996,13998,13576,422
48167,1997,14131,13412,719
48167,1998,15227,13835,1392
48167,1999,14682,14825,-143
48167,2000,15576,13935,1641
48167,2001,16686,13599,3087
48167,2002,16635,13724,2911
48167,2003,16061,13905,2156
48167,2004,15906,13329,2577
48167,2005,16461,14179,2282
48167,2006,16125,14100,2025
48167,2007,17510,14518,2992
48167,2008,15801,18603,-2802
48167,2009,16275,13978,2297
48167,2010,15210,14270,940
48169,1990,281,356,-75
48169,1991,261,336,-75
48169,1992,344,349,-5
48169,1993,197,385,-188
48169,1994,238,286,-48
48169,1995,217,222,-5
48169,1996,257,268,-11
48169,1997,212,305,-93
48169,1998,182,257,-75
48169,1999,282,281,1
48169,2000,278,187,91
48169,2001,261,295,-34
48169,2002,220,232,-12
48169,2003,276,256,20
48169,2004,217,283,-66
48169,2005,226,243,-17
48169,2006,193,324,-131
48169,2007,305,336,-31
48169,2008,280,275,5
48169,2009,212,288,-76
48169,2010,270,207,63
48171,1990,941,707,234
48171,1991,1041,751,290
48171,1992,1234,714,520
48171,1993,1080,786,294
48171,1994,1145,864,281
48171,1995,1189,878,311
48171,1996,1200,902,298
48171,1997,1179,1035,144
48171,1998,1333,953,380
48171,1999,1360,951,409
48171,2000,1197,981,216
48171,2001,1410,941,469
48171,2002,1432,886,546
48171,2003,1283,1038,245
48171,2004,1313,893,420
48171,2005,1421,968,453
48171,2006,1224,975,249
48171,2007,1232,893,339
48171,2008,1152,861,291
48171,2009,1128,923,205
48171,2010,1171,961,210
48173,1990,0,0,0
48173,1991,0,0,0
48173,1992,173,113,60
48173,1993,73,139,-66
48173,1994,91,194,-103
48173,1995,88,196,-108
48173,1996,142,181,-39
48173,1997,98,186,-88
48173,1998,167,87,80
48173,1999,106,159,-53
48173,2000,145,206,-61
48173,2001,85,137,-52
48173,2002,161,150,11
48173,2003,130,217,-87
48173,2004,98,80,18
48173,2005,43,118,-75
48173,2006,42,92,-50
48173,2007,127,59,68
48173,2008,121,109,12
48173,2009,84,61,23
48173,2010,89,90,-1
48175,1990,324,286,38
48175,1991,347,333,14
48175,1992,358,309,49
48175,1993,289,312,-23
48175,1994,369,333,36
48175,1995,441,250,191
48175,1996,597,341,256
48175,1997,509,373,136
48175,1998,611,477,134
48175,1999,738,505,233
48175,2000,587,560,27
48175,2001,724,634,90
48175,2002,703,605,98
48175,2003,603,653,-50
48175,2004,338,459,-121
48175,2005,349,317,32
48175,2006,433,404,29
48175,2007,472,448,24
48175,2008,395,383,12
48175,2009,374,331,43
48175,2010,396,390,6
48177,1990,931,913,18
48177,1991,888,1017,-129
48177,1992,929,1012,-83
48177,1993,856,898,-42
48177,1994,845,896,-51
48177,1995,801,811,-10
48177,1996,835,884,-49
48177,1997,830,936,-106
48177,1998,854,853,1
48177,1999,918,909,9
48177,2000,750,812,-62
48177,2001,836,785,51
48177,2002,815,828,-13
48177,2003,847,807,40
48177,2004,837,782,55
48177,2005,712,855,-143
48177,2006,730,874,-144
48177,2007,736,778,-42
48177,2008,805,829,-24
48177,2009,794,751,43
48177,2010,766,817,-51
48179,1990,1346,1588,-242
48179,1991,1282,1424,-142
48179,1992,1380,1425,-45
48179,1993,1200,1422,-222
48179,1994,1158,1436,-278
48179,1995,1205,1301,-96
48179,1996,1121,1335,-214
48179,1997,1278,1373,-95
48179,1998,1034,1368,-334
48179,1999,915,1503,-588
48179,2000,927,1245,-318
48179,2001,1088,1223,-135
48179,2002,969,1292,-323
48179,2003,1003,1192,-189
48179,2004,1154,1080,74
48179,2005,1349,1032,317
48179,2006,1335,1149,186
48179,2007,1422,1246,176
48179,2008,1219,1346,-127
48179,2009,967,1300,-333
48179,2010,1230,960,270
48181,1990,5130,4866,264
48181,1991,4862,5220,-358
48181,1992,5211,4744,467
48181,1993,5536,4769,767
48181,1994,5464,4624,840
48181,1995,5907,4340,1567
48181,1996,5686,4825,861
48181,1997,5469,4813,656
48181,1998,5914,4935,979
48181,1999,5692,4890,802
48181,2000,5876,4971,905
48181,2001,5313,4974,339
48181,2002,5454,4821,633
48181,2003,5109,4940,169
48181,2004,5323,5073,250
48181,2005,5707,4900,807
48181,2006,5658,4860,798
48181,2007,5565,5531,34
48181,2008,5675,5069,606
48181,2009,5244,4783,461
48181,2010,4986,4997,-11
48183,1990,7554,6714,840
48183,1991,7105,7028,77
48183,1992,7405,7341,64
48183,1993,7152,7119,33
48183,1994,7210,6938,272
48183,1995,7256,6688,568
48183,1996,7098,7060,38
48183,1997,7034,7408,-374
48183,1998,6936,7637,-701
48183,1999,6781,8068,-1287
48183,2000,6941,7145,-204
48183,2001,7276,7082,194
48183,2002,6598,6657,-59
48183,2003,6642,6837,-195
48183,2004,6606,6772,-166
48183,2005,7476,7039,437
48183,2006,7170,7003,167
48183,2007,7607,7620,-13
48183,2008,7804,6885,919
48183,2009,6931,7528,-597
48183,2010,7259,7209,50
48185,1990,1034,867,167
48185,1991,1062,932,130
48185,1992,1134,948,186
48185,1993,1487,908,579
48185,1994,1351,1087,264
48185,1995,1203,905,298
48185,1996,1397,985,412
48185,1997,1280,1063,217
48185,1998,1502,1120,382
48185,1999,1483,1294,189
48185,2000,1695,1215,480
48185,2001,1654,1282,372
48185,2002,1510,1272,238
48185,2003,1529,1414,115
48185,2004,1432,1411,21
48185,2005,1528,1359,169
48185,2006,1617,1388,229
48185,2007,1680,1504,176
48185,2008,1459,1413,46
48185,2009,1481,1335,146
48185,2010,1437,1299,138
48187,1990,4200,3985,215
48187,1991,4519,4063,456
48187,1992,5239,4110,1129
48187,1993,5644,4110,1534
48187,1994,5216,4317,899
48187,1995,5452,4017,1435
48187,1996,6074,4333,1741
48187,1997,6320,4494,1826
48187,1998,6365,4923,1442
48187,1999,7102,4976,2126
48187,2000,6320,5175,1145
48187,2001,6836,5698,1138
48187,2002,7554,5736,1818
48187,2003,7775,5989,1786
48187,2004,8880,6329,2551
48187,2005,10536,6489,4047
48187,2006,10982,6917,4065
48187,2007,11417,7709,3708
48187,2008,10987,7855,3132
48187,2009,10673,8167,2506
48187,2010,10864,8476,2388
48189,1990,2026,2346,-320
48189,1991,2227,2254,-27
48189,1992,2051,2595,-544
48189,1993,2197,2339,-142
48189,1994,2379,2233,146
48189,1995,2103,2519,-416
48189,1996,2136,2545,-409
48189,1997,2120,2378,-258
48189,1998,1991,2606,-615
48189,1999,2026,2492,-466
48189,2000,1744,2565,-821
48189,2001,1787,2356,-569
48189,2002,1771,2056,-285
48189,2003,1989,2037,-48
48189,2004,1804,2239,-435
48189,2005,1926,2113,-187
48189,2006,1788,2146,-358
48189,2007,1660,2289,-629
48189,2008,1993,1949,44
48189,2009,1890,1843,47
48189,2010,1593,1852,-259
48191,1990,0,249,-249
48191,1991,0,229,-229
48191,1992,271,280,-9
48191,1993,276,303,-27
48191,1994,224,304,-80
48191,1995,244,270,-26
48191,1996,204,276,-72
48191,1997,238,256,-18
48191,1998,171,223,-52
48191,1999,229,266,-37
48191,2000,234,202,32
48191,2001,213,266,-53
48191,2002,241,212,29
48191,2003,207,202,5
48191,2004,187,246,-59
48191,2005,216,219,-3
48191,2006,178,264,-86
48191,2007,222,254,-32
48191,2008,177,221,-44
48191,2009,174,178,-4
48191,2010,155,202,-47
48193,1990,434,531,-97
48193,1991,605,567,38
48193,1992,592,508,84
48193,1993,681,516,165
48193,1994,768,519,249
48193,1995,538,435,103
48193,1996,511,435,76
48193,1997,492,466,26
48193,1998,406,435,-29
48193,1999,510,448,62
48193,2000,397,468,-71
48193,2001,419,385,34
48193,2002,446,309,137
48193,2003,482,470,12
48193,2004,563,473,90
48193,2005,523,442,81
48193,2006,509,434,75
48193,2007,575,517,58
48193,2008,519,562,-43
48193,2009,465,478,-13
48193,2010,512,529,-17
48195,1990,344,513,-169
48195,1991,386,504,-118
48195,1992,273,499,-226
48195,1993,376,499,-123
48195,1994,303,476,-173
48195,1995,357,379,-22
48195,1996,336,350,-14
48195,1997,307,381,-74
48195,1998,349,374,-25
48195,1999,265,373,-108
48195,2000,278,382,-104
48195,2001,281,383,-102
48195,2002,272,362,-90
48195,2003,234,331,-97
48195,2004,267,319,-52
48195,2005,249,291,-42
48195,2006,314,291,23
48195,2007,386,296,90
48195,2008,306,329,-23
48195,2009,219,263,-44
48195,2010,243,323,-80
48197,1990,196,386,-190
48197,1991,305,263,42
48197,1992,341,356,-15
48197,1993,318,331,-13
48197,1994,280,271,9
48197,1995,252,341,-89
48197,1996,264,335,-71
48197,1997,228,301,-73
48197,1998,201,329,-128
48197,1999,243,270,-27
48197,2000,229,303,-74
48197,2001,240,289,-49
48197,2002,259,270,-11
48197,2003,224,278,-54
48197,2004,193,241,-48
48197,2005,259,250,9
48197,2006,201,303,-102
48197,2007,208,275,-67
48197,2008,206,278,-72
48197,2009,233,188,45
48197,2010,254,225,29
48199,1990,2919,2293,626
48199,1991,3089,2386,703
48199,1992,3123,2391,732
48199,1993,3264,2614,650
48199,1994,3214,2719,495
48199,1995,3093,2561,532
48199,1996,2921,2440,481
48199,1997,3054,2926,128
48199,1998,2940,2742,198
48199,1999,2977,2815,162
48199,2000,3042,2767,275
48199,2001,3002,2732,270
48199,2002,2795,2646,149
48199,2003,3194,2725,469
48199,2004,3370,2858,512
48199,2005,3363,3181,182
48199,2006,3436,2951,485
48199,2007,3512,3089,423
48199,2008,3663,2886,777
48199,2009,3223,2883,340
48199,2010,3081,2874,207
48201,1990,125948,116771,9177
48201,1991,121044,122307,-1263
48201,1992,111996,127784,-15788
48201,1993,109309,126148,-16839
48201,1994,106154,125187,-19033
48201,1995,104309,120155,-15846
48201,1996,107582,121203,-13621
48201,1997,114511,121100,-6589
48201,1998,118276,127561,-9285
48201,1999,117279,133825,-16546
48201,2000,115885,130647,-14762
48201,2001,118548,128270,-9722
48201,2002,111024,131634,-20610
48201,2003,109957,133254,-23297
48201,2004,113002,133189,-20187
48201,2005,162294,133029,29265
48201,2006,136288,148877,-12589
48201,2007,143606,142669,937
48201,2008,148360,132694,15666
48201,2009,131618,133947,-2329
48201,2010,132081,132229,-148
48203,1990,2642,3132,-490
48203,1991,2788,2933,-145
48203,1992,3018,2787,231
48203,1993,3166,3087,79
48203,1994,3117,3069,48
48203,1995,3013,2711,302
48203,1996,2944,2818,126
48203,1997,3042,2936,106
48203,1998,2775,2908,-133
48203,1999,2735,2946,-211
48203,2000,2731,2939,-208
48203,2001,2773,2860,-87
48203,2002,3133,3159,-26
48203,2003,3454,3244,210
48203,2004,3325,3169,156
48203,2005,3589,3215,374
48203,2006,3451,3547,-96
48203,2007,3653,3383,270
48203,2008,4062,3515,547
48203,2009,3907,3514,393
48203,2010,3866,3382,484
48205,1990,209,216,-7
48205,1991,251,241,10
48205,1992,286,212,74
48205,1993,296,185,111
48205,1994,329,267,62
48205,1995,287,228,59
48205,1996,193,279,-86
48205,1997,225,236,-11
48205,1998,266,192,74
48205,1999,237,228,9
48205,2000,198,223,-25
48205,2001,226,250,-24
48205,2002,218,207,11
48205,2003,179,244,-65
48205,2004,251,327,-76
48205,2005,292,267,25
48205,2006,303,305,-2
48205,2007,316,258,58
48205,2008,305,260,45
48205,2009,263,274,-11
48205,2010,265,351,-86
48207,1990,333,367,-34
48207,1991,354,359,-5
48207,1992,344,386,-42
48207,1993,347,403,-56
48207,1994,294,393,-99
48207,1995,393,408,-15
48207,1996,369,406,-37
48207,1997,378,346,32
48207,1998,271,386,-115
48207,1999,270,415,-145
48207,2000,317,342,-25
48207,2001,316,380,-64
48207,2002,322,371,-49
48207,2003,314,357,-43
48207,2004,333,323,10
48207,2005,280,361,-81
48207,2006,333,373,-40
48207,2007,356,322,34
48207,2008,332,360,-28
48207,2009,280,287,-7
48207,2010,333,244,89
48209,1990,4678,4435,243
48209,1991,5047,4320,727
48209,1992,6114,4327,1787
48209,1993,6737,4500,2237
48209,1994,6863,4896,1967
48209,1995,6987,5179,1808
48209,1996,7371,5400,1971
48209,1997,7946,5823,2123
48209,1998,8066,6219,1847
48209,1999,9339,6164,3175
48209,2000,9922,6623,3299
48209,2001,9947,7001,2946
48209,2002,9298,7003,2295
48209,2003,8890,7260,1630
48209,2004,10815,7695,3120
48209,2005,11592,8069,3523
48209,2006,13353,8555,4798
48209,2007,13475,9100,4375
48209,2008,12678,9574,3104
48209,2009,11741,9346,2395
48209,2010,11698,8863,2835
48211,1990,186,0,186
48211,1991,0,331,-331
48211,1992,214,262,-48
48211,1993,229,202,27
48211,1994,246,210,36
48211,1995,231,179,52
48211,1996,200,219,-19
48211,1997,218,298,-80
48211,1998,156,221,-65
48211,1999,144,261,-117
48211,2000,269,291,-22
48211,2001,236,237,-1
48211,2002,186,196,-10
48211,2003,216,209,7
48211,2004,205,198,7
48211,2005,232,241,-9
48211,2006,213,273,-60
48211,2007,262,164,98
48211,2008,259,220,39
48211,2009,179,260,-81
48211,2010,246,167,79
48213,1990,3975,3662,313
48213,1991,4278,3577,701
48213,1992,4537,3565,972
48213,1993,4472,3358,1114
48213,1994,4917,3318,1599
48213,1995,4907,3631,1276
48213,1996,5371,3788,1583
48213,1997,4949,3847,1102
48213,1998,5251,4079,1172
48213,1999,5290,4267,1023
48213,2000,4961,4223,738
48213,2001,5098,4067,1031
48213,2002,5575,3625,1950
48213,2003,5487,4061,1426
48213,2004,4606,4119,487
48213,2005,4882,4395,487
48213,2006,4447,4412,35
48213,2007,4384,4375,9
48213,2008,4462,4184,278
48213,2009,4405,3806,599
48213,2010,4164,3932,232
48215,1990,16101,15048,1053
48215,1991,18661,14319,4342
48215,1992,19194,14704,4490
48215,1993,17936,15537,2399
48215,1994,17512,16619,893
48215,1995,15983,17630,-1647
48215,1996,16757,18227,-1470
48215,1997,18435,18145,290
48215,1998,18802,18477,325
48215,1999,19186,18335,851
48215,2000,18883,18607,276
48215,2001,19855,16622,3233
48215,2002,19463,15505,3958
48215,2003,18876,15041,3835
48215,2004,18228,15369,2859
48215,2005,18014,15822,2192
48215,2006,18142,15649,2493
48215,2007,19148,15682,3466
48215,2008,18955,15364,3591
48215,2009,18551,13977,4574
48215,2010,16150,14768,1382
48217,1990,1646,1521,125
48217,1991,1726,1615,111
48217,1992,1954,1602,352
48217,1993,2009,1644,365
48217,1994,2139,1548,591
48217,1995,2001,1548,453
48217,1996,2099,1683,416
48217,1997,2103,1774,329
48217,1998,2077,1725,352
48217,1999,2433,1742,691
48217,2000,2072,1972,100
48217,2001,2093,1755,338
48217,2002,2169,1775,394
48217,2003,2093,1802,291
48217,2004,2028,1875,153
48217,2005,2139,1953,186
48217,2006,2073,1901,172
48217,2007,2266,1956,310
48217,2008,2149,2088,61
48217,2009,2044,1968,76
48217,2010,1976,1911,65
48219,1990,1355,1345,10
48219,1991,1430,1500,-70
48219,1992,1374,1553,-179
48219,1993,1260,1552,-292
48219,1994,1167,1623,-456
48219,1995,1250,1461,-211
48219,1996,1314,1501,-187
48219,1997,1304,1538,-234
48219,1998,1251,1633,-382
48219,1999,1197,1540,-343
48219,2000,1249,1424,-175
48219,2001,1372,1397,-25
48219,2002,1324,1309,15
48219,2003,1222,1348,-126
48219,2004,1273,1357,-84
48219,2005,1246,1490,-244
48219,2006,1316,1563,-247
48219,2007,1432,1555,-123
48219,2008,1340,1406,-66
48219,2009,1041,1367,-326
48219,2010,1201,1311,-110
48221,1990,3448,2528,920
48221,1991,3030,2361,669
48221,1992,2868,3156,-288
48221,1993,3156,2549,607
48221,1994,3441,1975,1466
48221,1995,3072,1947,1125
48221,1996,3236,2220,1016
48221,1997,3281,2274,1007
48221,1998,3479,2273,1206
48221,1999,3702,2498,1204
48221,2000,3501,2450,1051
48221,2001,3458,2519,939
48221,2002,3404,2514,890
48221,2003,3300,2474,826
48221,2004,3594,2511,1083
48221,2005,3770,2601,1169
48221,2006,3594,2734,860
48221,2007,4138,2928,1210
48221,2008,3512,2925,587
48221,2009,3326,2903,423
48221,2010,3144,2911,233
48223,1990,1594,1565,29
48223,1991,1532,1567,-35
48223,1992,1568,1608,-40
48223,1993,1670,1537,133
48223,1994,1661,1560,101
48223,1995,1684,1494,190
48223,1996,1744,1771,-27
48223,1997,1679,1634,45
48223,1998,1738,1643,95
48223,1999,1762,1644,118
48223,2000,1698,1697,1
48223,2001,1625,1609,16
48223,2002,1763,1577,186
48223,2003,1781,1507,274
48223,2004,1702,1637,65
48223,2005,1765,1626,139
48223,2006,1839,1586,253
48223,2007,1734,1669,65
48223,2008,1806,1445,361
48223,2009,1635,1490,145
48223,2010,1618,1590,28
48225,1990,930,872,58
48225,1991,1046,1064,-18
48225,1992,1044,1030,14
48225,1993,1099,1003,96
48225,1994,1095,1029,66
48225,1995,898,934,-36
48225,1996,1034,928,106
48225,1997,1040,906,134
48225,1998,1077,925,152
48225,1999,1034,998,36
48225,2000,967,1009,-42
48225,2001,1011,867,144
48225,2002,885,897,-12
48225,2003,1081,948,133
48225,2004,886,1007,-121
48225,2005,967,962,5
48225,2006,818,800,18
48225,2007,988,901,87
48225,2008,926,891,35
48225,2009,814,802,12
48225,2010,853,907,-54
48227,1990,1720,2036,-316
48227,1991,1819,1988,-169
48227,1992,1953,2118,-165
48227,1993,1744,1813,-69
48227,1994,1708,1800,-92
48227,1995,1651,1617,34
48227,1996,1595,1820,-225
48227,1997,1669,1780,-111
48227,1998,1419,1841,-422
48227,1999,1340,2033,-693
48227,2000,1320,1654,-334
48227,2001,1399,1510,-111
48227,2002,1269,1569,-300
48227,2003,1278,1465,-187
48227,2004,1267,1575,-308
48227,2005,1328,1449,-121
48227,2006,1512,1295,217
48227,2007,1642,1458,184
48227,2008,1634,1527,107
48227,2009,1409,1476,-67
48227,2010,1416,1509,-93
48229,1990,225,279,-54
48229,1991,257,298,-41
48229,1992,298,314,-16
48229,1993,229,341,-112
48229,1994,340,226,114
48229,1995,277,298,-21
48229,1996,275,258,17
48229,1997,229,266,-37
48229,1998,305,278,27
48229,1999,274,289,-15
48229,2000,236,269,-33
48229,2001,218,289,-71
48229,2002,163,305,-142
48229,2003,202,249,-47
48229,2004,187,220,-33
48229,2005,189,214,-25
48229,2006,183,233,-50
48229,2007,179,313,-134
48229,2008,231,201,30
48229,2009,230,214,16
48229,2010,166,206,-40
48231,1990,3808,4305,-497
48231,1991,4764,4130,634
48231,1992,4561,4215,346
48231,1993,4242,4193,49
48231,1994,4533,4102,431
48231,1995,5204,4453,751
48231,1996,5340,4758,582
48231,1997,5521,4609,912
48231,1998,5646,4710,936
48231,1999,5828,4758,1070
48231,2000,5453,5230,223
48231,2001,5584,4708,876
48231,2002,5112,4691,421
48231,2003,5302,4561,741
48231,2004,5241,4953,288
48231,2005,5420,4989,431
48231,2006,4881,4745,136
48231,2007,4893,5105,-212
48231,2008,4971,4711,260
48231,2009,5073,4453,620
48231,2010,4677,4592,85
48233,1990,1463,1613,-150
48233,1991,1347,1680,-333
48233,1992,1250,1517,-267
48233,1993,1188,1615,-427
48233,1994,1145,1559,-414
48233,1995,1204,1449,-245
48233,1996,1154,1534,-380
48233,1997,1375,1327,48
48233,1998,1204,1565,-361
48233,1999,1085,1442,-357
48233,2000,1124,1666,-542
48233,2001,1183,1387,-204
48233,2002,1088,1379,-291
48233,2003,1035,1322,-287
48233,2004,1072,1264,-192
48233,2005,1243,1242,1
48233,2006,1154,1309,-155
48233,2007,1169,1381,-212
48233,2008,1332,1111,221
48233,2009,935,1172,-237
48233,2010,930,1061,-131
48235,1990,129,172,-43
48235,1991,155,135,20
48235,1992,169,137,32
48235,1993,161,159,2
48235,1994,119,146,-27
48235,1995,223,158,65
48235,1996,198,228,-30
48235,1997,243,191,52
48235,1998,203,257,-54
48235,1999,246,145,101
48235,2000,208,214,-6
48235,2001,325,289,36
48235,2002,262,247,15
48235,2003,324,360,-36
48235,2004,174,137,37
48235,2005,242,248,-6
48235,2006,195,290,-95
48235,2007,178,205,-27
48235,2008,155,177,-22
48235,2009,190,177,13
48235,2010,125,206,-81
48237,1990,405,523,-118
48237,1991,459,446,13
48237,1992,447,426,21
48237,1993,480,444,36
48237,1994,404,357,47
48237,1995,577,351,226
48237,1996,491,438,53
48237,1997,528,450,78
48237,1998,476,480,-4
48237,1999,426,428,-2
48237,2000,441,484,-43
48237,2001,588,445,143
48237,2002,473,437,36
48237,2003,551,519,32
48237,2004,491,459,32
48237,2005,507,479,28
48237,2006,500,596,-96
48237,2007,514,501,13
48237,2008,529,565,-36
48237,2009,443,507,-64
48237,2010,491,476,15
48239,1990,563,759,-196
48239,1991,728,638,90
48239,1992,953,632,321
48239,1993,855,709,146
48239,1994,717,702,15
48239,1995,720,688,32
48239,1996,754,758,-4
48239,1997,664,746,-82
48239,1998,656,739,-83
48239,1999,781,667,114
48239,2000,588,763,-175
48239,2001,714,751,-37
48239,2002,658,688,-30
48239,2003,722,715,7
48239,2004,652,714,-62
48239,2005,628,738,-110
48239,2006,694,694,0
48239,2007,668,650,18
48239,2008,797,735,62
48239,2009,677,733,-56
48239,2010,682,696,-14
48241,1990,1703,1706,-3
48241,1991,1850,1704,146
48241,1992,1926,1632,294
48241,1993,2010,1711,299
48241,1994,2146,1794,352
48241,1995,2082,1802,280
48241,1996,1925,1762,163
48241,1997,1989,1958,31
48241,1998,1798,1883,-85
48241,1999,1969,1918,51
48241,2000,1880,1877,3
48241,2001,1834,1871,-37
48241,2002,1678,1837,-159
48241,2003,1797,1825,-28
48241,2004,1667,1821,-154
48241,2005,1744,2135,-391
48241,2006,1813,1677,136
48241,2007,1725,1862,-137
48241,2008,1751,1698,53
48241,2009,1829,1555,274
48241,2010,1907,1610,297
48243,1990,0,0,0
48243,1991,0,148,-148
48243,1992,194,124,70
48243,1993,142,125,17
48243,1994,138,153,-15
48243,1995,198,144,54
48243,1996,197,152,45
48243,1997,209,130,79
48243,1998,203,175,28
48243,1999,208,159,49
48243,2000,208,196,12
48243,2001,147,175,-28
48243,2002,162,149,13
48243,2003,171,170,1
48243,2004,152,141,11
48243,2005,157,130,27
48243,2006,164,163,1
48243,2007,171,146,25
48243,2008,148,168,-20
48243,2009,150,134,16
48243,2010,107,148,-41
48245,1990,10543,9903,640
48245,1991,10723,10578,145
48245,1992,9984,11258,-1274
48245,1993,9026,11365,-2339
48245,1994,8426,11118,-2692
48245,1995,8389,10741,-2352
48245,1996,8873,10618,-1745
48245,1997,8881,9850,-969
48245,1998,9127,9811,-684
48245,1999,8218,10553,-2335
48245,2000,8221,10919,-2698
48245,2001,7924,9815,-1891
48245,2002,7973,9270,-1297
48245,2003,7974,9337,-1363
48245,2004,7579,9184,-1605
48245,2005,8529,12518,-3989
48245,2006,9568,9817,-249
48245,2007,10046,10302,-256
48245,2008,10512,10307,205
48245,2009,9255,10061,-806
48245,2010,9375,9814,-439
48247,1990,210,247,-37
48247,1991,0,218,-218
48247,1992,182,207,-25
48247,1993,185,205,-20
48247,1994,168,222,-54
48247,1995,167,299,-132
48247,1996,158,291,-133
48247,1997,367,221,146
48247,1998,210,275,-65
48247,1999,217,240,-23
48247,2000,209,412,-203
48247,2001,217,303,-86
48247,2002,207,294,-87
48247,2003,208,249,-41
48247,2004,246,226,20
48247,2005,196,294,-98
48247,2006,177,248,-71
48247,2007,199,324,-125
48247,2008,182,202,-20
48247,2009,212,307,-95
48247,2010,222,272,-50
48249,1990,1817,1846,-29
48249,1991,1752,2023,-271
48249,1992,1990,1714,276
48249,1993,1927,1816,111
48249,1994,1924,1775,149
48249,1995,1793,1928,-135
48249,1996,1833,2007,-174
48249,1997,1782,1835,-53
48249,1998,1740,1892,-152
48249,1999,1871,1830,41
48249,2000,1941,1804,137
48249,2001,1776,1819,-43
48249,2002,1920,1723,197
48249,2003,1882,1744,138
48249,2004,1928,1964,-36
48249,2005,1873,2039,-166
48249,2006,2011,1887,124
48249,2007,1783,2004,-221
48249,2008,1864,1878,-14
48249,2009,1894,1897,-3
48249,2010,1919,1789,130
48251,1990,7058,6717,341
48251,1991,6964,6174,790
48251,1992,7314,6366,948
48251,1993,7509,5990,1519
48251,1994,7433,6167,1266
48251,1995,7596,5984,1612
48251,1996,8228,6183,2045
48251,1997,8731,5961,2770
48251,1998,9204,6363,2841
48251,1999,10016,6924,3092
48251,2000,9787,7395,2392
48251,2001,10064,7538,2526
48251,2002,9976,7785,2191
48251,2003,10082,7861,2221
48251,2004,9386,7766,1620
48251,2005,9349,8431,918
48251,2006,10146,7824,2322
48251,2007,10864,8250,2614
48251,2008,10189,8508,1681
48251,2009,8832,8452,380
48251,2010,8806,8410,396
48253,1990,903,1087,-184
48253,1991,821,1143,-322
48253,1992,1006,1086,-80
48253,1993,987,912,75
48253,1994,897,956,-59
48253,1995,1199,1036,163
48253,1996,1082,1155,-73
48253,1997,1098,1116,-18
48253,1998,1160,966,194
48253,1999,1115,1125,-10
48253,2000,972,1160,-188
48253,2001,1091,1032,59
48253,2002,946,1060,-114
48253,2003,986,1013,-27
48253,2004,985,1124,-139
48253,2005,1074,1101,-27
48253,2006,970,1031,-61
48253,2007,1068,1054,14
48253,2008,1064,1042,22
48253,2009,1106,973,133
48253,2010,981,1014,-33
48255,1990,371,492,-121
48255,1991,467,584,-117
48255,1992,529,531,-2
48255,1993,638,535,103
48255,1994,606,533,73
48255,1995,612,551,61
48255,1996,551,599,-48
48255,1997,550,645,-95
48255,1998,563,658,-95
48255,1999,533,599,-66
48255,2000,540,570,-30
48255,2001,484,598,-114
48255,2002,504,524,-20
48255,2003,529,506,23
48255,2004,521,576,-55
48255,2005,582,548,34
48255,2006,510,527,-17
48255,2007,635,589,46
48255,2008,540,565,-25
48255,2009,556,476,80
48255,2010,642,543,99
48257,1990,4429,3833,596
48257,1991,4346,4129,217
48257,1992,4473,3612,861
48257,1993,4925,3430,1495
48257,1994,4839,3637,1202
48257,1995,4712,3357,1355
48257,1996,4970,3639,1331
48257,1997,4933,3752,1181
48257,1998,5613,3832,1781
48257,1999,6066,3926,2140
48257,2000,6149,3995,2154
48257,2001,6309,4685,1624
48257,2002,7999,5257,2742
48257,2003,7396,5321,2075
48257,2004,7683,5317,2366
48257,2005,8409,5509,2900
48257,2006,8962,5559,3403
48257,2007,8907,6002,2905
48257,2008,7780,6132,1648
48257,2009,7342,5920,1422
48257,2010,7085,6175,910
48259,1990,1522,1081,441
48259,1991,1744,1269,475
48259,1992,2114,1155,959
48259,1993,2745,1230,1515
48259,1994,2564,1396,1168
48259,1995,1629,1693,-64
48259,1996,1954,1620,334
48259,1997,1758,1255,503
48259,1998,1819,1428,391
48259,1999,1912,1294,618
48259,2000,1813,1376,437
48259,2001,1847,1311,536
48259,2002,2026,1350,676
48259,2003,2113,1510,603
48259,2004,2508,1610,898
48259,2005,2717,1623,1094
48259,2006,2781,1738,1043
48259,2007,3033,1711,1322
48259,2008,2332,1620,712
48259,2009,2307,1599,708
48259,2010,2555,1687,868
48261,1990,0,0,0
48261,1991,0,0,0
48261,1992,0,0,0
48261,1993,0,0,0
48261,1994,0,0,0
48261,1995,30,30,0
48261,1996,0,0,0
48261,1997,0,0,0
48261,1998,0,0,0
48261,1999,0,0,0
48261,2000,0,22,-22
48261,2001,0,0,0
48261,2002,0,0,0
48261,2003,0,0,0
48261,2004,31,27,4
48261,2005,28,0,28
48261,2006,0,0,0
48261,2007,48,84,-36
48261,2008,0,0,0
48261,2009,40,30,10
48261,2010,0,0,0
48263,1990,0,0,0
48263,1991,0,0,0
48263,1992,39,71,-32
48263,1993,51,61,-10
48263,1994,43,79,-36
48263,1995,76,114,-38
48263,1996,73,59,14
48263,1997,60,52,8
48263,1998,51,74,-23
48263,1999,30,55,-25
48263,2000,27,60,-33
48263,2001,54,47,7
48263,2002,52,72,-20
48263,2003,53,70,-17
48263,2004,50,51,-1
48263,2005,41,39,2
48263,2006,68,41,27
48263,2007,29,45,-16
48263,2008,51,59,-8
48263,2009,41,38,3
48263,2010,62,50,12
48265,1990,2524,2236,288
48265,1991,2752,2087,665
48265,1992,2857,2179,678
48265,1993,3044,2055,989
48265,1994,2982,2095,887
48265,1995,2932,2020,912
48265,1996,2734,2212,522
48265,1997,2638,2058,580
48265,1998,2671,2229,442
48265,1999,2770,2199,571
48265,2000,2520,2159,361
48265,2001,2601,2246,355
48265,2002,2571,2245,326
48265,2003,2619,2129,490
48265,2004,2670,2146,524
48265,2005,2910,2288,622
48265,2006,2645,2208,437
48265,2007,2657,2234,423
48265,2008,2605,2305,300
48265,2009,2366,2198,168
48265,2010,2286,2152,134
48267,1990,304,280,24
48267,1991,260,0,260
48267,1992,327,215,112
48267,1993,238,275,-37
48267,1994,236,273,-37
48267,1995,288,232,56
48267,1996,278,286,-8
48267,1997,224,251,-27
48267,1998,304,220,84
48267,1999,335,264,71
48267,2000,220,232,-12
48267,2001,282,262,20
48267,2002,230,226,4
48267,2003,212,187,25
48267,2004,291,247,44
48267,2005,235,258,-23
48267,2006,253,250,3
48267,2007,250,259,-9
48267,2008,298,221,77
48267,2009,220,245,-25
48267,2010,237,212,25
48269,1990,0,0,0
48269,1991,0,0,0
48269,1992,0,0,0
48269,1993,0,0,0
48269,1994,0,0,0
48269,1995,0,0,0
48269,1996,0,0,0
48269,1997,0,0,0
48269,1998,0,0,0
48269,1999,0,0,0
48269,2000,0,0,0
48269,2001,0,0,0
48269,2002,0,0,0
48269,2003,0,0,0
48269,2004,0,0,0
48269,2005,0,0,0
48269,2006,33,29,4
48269,2007,0,0,0
48269,2008,0,0,0
48269,2009,0,0,0
48269,2010,0,0,0
48271,1990,0,176,-176
48271,1991,225,0,225
48271,1992,228,241,-13
48271,1993,255,174,81
48271,1994,266,207,59
48271,1995,235,214,21
48271,1996,246,243,3
48271,1997,308,194,114
48271,1998,226,233,-7
48271,1999,204,196,8
48271,2000,223,172,51
48271,2001,232,231,1
48271,2002,142,215,-73
48271,2003,169,183,-14
48271,2004,198,168,30
48271,2005,197,181,16
48271,2006,245,174,71
48271,2007,128,186,-58
48271,2008,232,177,55
48271,2009,215,213,2
48271,2010,201,164,37
48273,1990,2090,2580,-490
48273,1991,2276,2295,-19
48273,1992,2267,2393,-126
48273,1993,2094,2418,-324
48273,1994,1974,2365,-391
48273,1995,2049,2326,-277
48273,1996,2130,2495,-365
48273,1997,2049,2422,-373
48273,1998,1857,2535,-678
48273,1999,1828,2226,-398
48273,2000,1817,2453,-636
48273,2001,1819,2072,-253
48273,2002,1783,1975,-192
48273,2003,1985,2062,-77
48273,2004,1840,2120,-280
48273,2005,1867,2213,-346
48273,2006,1811,2104,-293
48273,2007,2107,2320,-213
48273,2008,1883,2167,-284
48273,2009,1832,2097,-265
48273,2010,1731,2132,-401
48275,1990,259,304,-45
48275,1991,399,373,26
48275,1992,320,428,-108
48275,1993,296,374,-78
48275,1994,278,338,-60
48275,1995,255,397,-142
48275,1996,250,344,-94
48275,1997,246,299,-53
48275,1998,181,273,-92
48275,1999,215,269,-54
48275,2000,154,334,-180
48275,2001,231,251,-20
48275,2002,203,209,-6
48275,2003,218,257,-39
48275,2004,204,302,-98
48275,2005,202,223,-21
48275,2006,244,282,-38
48275,2007,182,253,-71
48275,2008,198,193,5
48275,2009,216,173,43
48275,2010,262,211,51
48277,1990,1992,2079,-87
48277,1991,2039,1983,56
48277,1992,2381,1827,554
48277,1993,1978,2087,-109
48277,1994,2175,1956,219
48277,1995,2088,1956,132
48277,1996,2185,2037,148
48277,1997,2187,2042,145
48277,1998,2145,2043,102
48277,1999,2386,2103,283
48277,2000,2115,2251,-136
48277,2001,2208,2088,120
48277,2002,2243,2021,222
48277,2003,1994,2023,-29
48277,2004,1970,2089,-119
48277,2005,2006,2035,-29
48277,2006,1997,1991,6
48277,2007,2023,2008,15
48277,2008,1906,1928,-22
48277,2009,1964,1882,82
48277,2010,1973,2030,-57
48279,1990,786,962,-176
48279,1991,777,954,-177
48279,1992,819,938,-119
48279,1993,853,888,-35
48279,1994,938,1032,-94
48279,1995,777,829,-52
48279,1996,738,873,-135
48279,1997,722,898,-176
48279,1998,741,836,-95
48279,1999,774,955,-181
48279,2000,777,885,-108
48279,2001,881,863,18
48279,2002,870,890,-20
48279,2003,714,906,-192
48279,2004,771,839,-68
48279,2005,727,971,-244
48279,2006,753,829,-76
48279,2007,713,944,-231
48279,2008,638,958,-320
48279,2009,878,755,123
48279,2010,786,758,28
48281,1990,1228,1337,-109
48281,1991,1321,1221,100
48281,1992,1769,1113,656
48281,1993,1888,1171,717
48281,1994,2096,1373,723
48281,1995,1476,1133,343
48281,1996,1285,1148,137
48281,1997,1316,1231,85
48281,1998,1091,1222,-131
48281,1999,1355,984,371
48281,2000,1390,1128,262
48281,2001,1489,1106,383
48281,2002,1586,1243,343
48281,2003,2387,1353,1034
48281,2004,1570,2361,-791
48281,2005,1904,1310,594
48281,2006,1659,1283,376
48281,2007,1553,1421,132
48281,2008,1428,1356,72
48281,2009,1463,1260,203
48281,2010,1508,1392,116
48283,1990,323,253,70
48283,1991,312,345,-33
48283,1992,303,324,-21
48283,1993,298,328,-30
48283,1994,297,284,13
48283,1995,326,326,0
48283,1996,276,347,-71
48283,1997,299,277,22
48283,1998,244,304,-60
48283,1999,311,295,16
48283,2000,202,254,-52
48283,2001,247,270,-23
48283,2002,254,299,-45
48283,2003,252,251,1
48283,2004,280,238,42
48283,2005,253,300,-47
48283,2006,246,263,-17
48283,2007,269,327,-58
48283,2008,230,250,-20
48283,2009,230,258,-28
48283,2010,288,232,56
48285,1990,800,643,157
48285,1991,636,658,-22
48285,1992,697,684,13
48285,1993,767,675,92
48285,1994,787,655,132
48285,1995,750,635,115
48285,1996,820,811,9
48285,1997,845,736,109
48285,1998,791,745,46
48285,1999,750,768,-18
48285,2000,676,854,-178
48285,2001,784,681,103
48285,2002,755,682,73
48285,2003,713,718,-5
48285,2004,750,719,31
48285,2005,879,829,50
48285,2006,826,818,8
48285,2007,677,702,-25
48285,2008,717,686,31
48285,2009,689,647,42
48285,2010,786,700,86
48287,1990,726,725,1
48287,1991,861,737,124
48287,1992,933,641,292
48287,1993,917,760,157
48287,1994,914,734,180
48287,1995,961,738,223
48287,1996,878,692,186
48287,1997,806,754,52
48287,1998,798,881,-83
48287,1999,900,771,129
48287,2000,951,676,275
48287,2001,847,823,24
48287,2002,812,792,20
48287,2003,726,741,-15
48287,2004,730,794,-64
48287,2005,798,846,-48
48287,2006,744,790,-46
48287,2007,857,847,10
48287,2008,696,765,-69
48287,2009,685,745,-60
48287,2010,788,760,28
48289,1990,919,784,135
48289,1991,867,719,148
48289,1992,941,846,95
48289,1993,1061,734,327
48289,1994,1021,736,285
48289,1995,1011,793,218
48289,1996,1037,767,270
48289,1997,931,880,51
48289,1998,1043,737,306
48289,1999,1116,777,339
48289,2000,1013,978,35
48289,2001,1149,872,277
48289,2002,964,812,152
48289,2003,968,899,69
48289,2004,1070,897,173
48289,2005,1078,923,155
48289,2006,971,867,104
48289,2007,1168,818,350
48289,2008,1113,1041,72
48289,2009,1028,1020,8
48289,2010,1087,986,101
48291,1990,3913,3531,382
48291,1991,3827,3343,484
48291,1992,3991,3343,648
48291,1993,4323,3256,1067
48291,1994,4370,3764,606
48291,1995,4083,3408,675
48291,1996,4058,3532,526
48291,1997,4016,3859,157
48291,1998,4654,3520,1134
48291,1999,4641,3573,1068
48291,2000,4512,3678,834
48291,2001,4756,3806,950
48291,2002,4666,4685,-19
48291,2003,4519,4415,104
48291,2004,4262,4549,-287
48291,2005,4500,4514,-14
48291,2006,4586,4344,242
48291,2007,4813,4650,163
48291,2008,4798,4498,300
48291,2009,4555,4073,482
48291,2010,4060,4109,-49
48293,1990,1003,986,17
48293,1991,1073,1123,-50
48293,1992,1152,1058,94
48293,1993,1074,1107,-33
48293,1994,1081,1050,31
48293,1995,1083,1089,-6
48293,1996,1148,1059,89
48293,1997,1169,1150,19
48293,1998,1122,1256,-134
48293,1999,1143,1083,60
48293,2000,1159,1087,72
48293,2001,1138,1037,101
48293,2002,1098,989,109
48293,2003,1067,956,111
48293,2004,1035,1092,-57
48293,2005,1116,1084,32
48293,2006,995,1089,-94
48293,2007,1129,1251,-122
48293,2008,1211,1210,1
48293,2009,1122,1065,57
48293,2010,1211,1087,124
48295,1990,0,220,-220
48295,1991,0,234,-234
48295,1992,175,266,-91
48295,1993,180,207,-27
48295,1994,231,182,49
48295,1995,268,221,47
48295,1996,205,266,-61
48295,1997,217,290,-73
48295,1998,225,197,28
48295,1999,138,208,-70
48295,2000,197,250,-53
48295,2001,222,175,47
48295,2002,244,221,23
48295,2003,236,283,-47
48295,2004,267,262,5
48295,2005,286,250,36
48295,2006,283,221,62
48295,2007,239,251,-12
48295,2008,319,235,84
48295,2009,174,239,-65
48295,2010,235,252,-17
48297,1990,707,566,141
48297,1991,600,584,16
48297,1992,667,515,152
48297,1993,660,600,60
48297,1994,689,610,79
48297,1995,710,635,75
48297,1996,661,714,-53
48297,1997,671,659,12
48297,1998,634,679,-45
48297,1999,516,587,-71
48297,2000,533,639,-106
48297,2001,555,661,-106
48297,2002,464,608,-144
48297,2003,477,522,-45
48297,2004,477,494,-17
48297,2005,471,544,-73
48297,2006,522,523,-1
48297,2007,511,479,32
48297,2008,491,538,-47
48297,2009,493,450,43
48297,2010,491,472,19
48299,1990,885,720,165
48299,1991,898,676,222
48299,1992,1018,651,367
48299,1993,1153,634,519
48299,1994,1100,649,451
48299,1995,1198,874,324
48299,1996,1089,888,201
48299,1997,1180,887,293
48299,1998,1199,846,353
48299,1999,1057,797,260
48299,2000,1191,853,338
48299,2001,1216,871,345
48299,2002,995,785,210
48299,2003,1039,972,67
48299,2004,1233,980,253
48299,2005,1239,998,241
48299,2006,1305,881,424
48299,2007,1192,1018,174
48299,2008,1182,1070,112
48299,2009,1151,977,174
48299,2010,1165,1180,-15
48301,1990,0,0,0
48301,1991,0,0,0
48301,1992,0,0,0
48301,1993,0,0,0
48301,1994,0,0,0
48301,1995,0,0,0
48301,1996,0,0,0
48301,1997,0,0,0
48301,1998,0,0,0
48301,1999,0,0,0
48301,2000,0,0,0
48301,2001,0,0,0
48301,2002,0,0,0
48301,2003,0,0,0
48301,2004,0,0,0
48301,2005,0,0,0
48301,2006,0,0,0
48301,2007,0,0,0
48301,2008,0,0,0
48301,2009,0,0,0
48301,2010,0,0,0
48303,1990,11983,13076,-1093
48303,1991,12135,13079,-944
48303,1992,12712,12476,236
48303,1993,12689,12359,330
48303,1994,12027,12906,-879
48303,1995,11619,13684,-2065
48303,1996,11127,13689,-2562
48303,1997,10584,13583,-2999
48303,1998,10709,12748,-2039
48303,1999,11293,12240,-947
48303,2000,11903,12012,-109
48303,2001,11705,11893,-188
48303,2002,11596,11114,482
48303,2003,10937,11699,-762
48303,2004,10884,11524,-640
48303,2005,11814,11440,374
48303,2006,11618,12115,-497
48303,2007,12094,12177,-83
48303,2008,12851,11209,1642
48303,2009,12289,10338,1951
48303,2010,11618,11238,380
48305,1990,413,429,-16
48305,1991,488,491,-3
48305,1992,405,480,-75
48305,1993,384,400,-16
48305,1994,309,438,-129
48305,1995,403,377,26
48305,1996,521,488,33
48305,1997,489,407,82
48305,1998,375,436,-61
48305,1999,301,455,-154
48305,2000,350,458,-108
48305,2001,393,448,-55
48305,2002,328,474,-146
48305,2003,371,453,-82
48305,2004,416,419,-3
48305,2005,463,456,7
48305,2006,307,516,-209
48305,2007,339,421,-82
48305,2008,389,458,-69
48305,2009,349,396,-47
48305,2010,351,367,-16
48307,1990,467,718,-251
48307,1991,463,488,-25
48307,1992,541,490,51
48307,1993,550,503,47
48307,1994,546,502,44
48307,1995,583,471,112
48307,1996,541,529,12
48307,1997,546,584,-38
48307,1998,572,524,48
48307,1999,477,561,-84
48307,2000,372,501,-129
48307,2001,465,536,-71
48307,2002,494,457,37
48307,2003,556,434,122
48307,2004,389,488,-99
48307,2005,489,428,61
48307,2006,415,530,-115
48307,2007,540,485,55
48307,2008,570,477,93
48307,2009,379,514,-135
48307,2010,496,444,52
48309,1990,9165,9129,36
48309,1991,8917,8660,257
48309,1992,9608,8664,944
48309,1993,9629,8412,1217
48309,1994,9126,8341,785
48309,1995,8681,8479,202
48309,1996,8537,8819,-282
48309,1997,8258,8851,-593
48309,1998,8312,8813,-501
48309,1999,8797,8769,28
48309,2000,8574,9085,-511
48309,2001,8397,8528,-131
48309,2002,8638,8099,539
48309,2003,8611,7992,619
48309,2004,8444,8348,96
48309,2005,9171,9168,3
48309,2006,8562,8642,-80
48309,2007,9265,9023,242
48309,2008,9324,8778,546
48309,2009,9595,7868,1727
48309,2010,9406,8852,554
48311,1990,0,0,0
48311,1991,0,0,0
48311,1992,70,74,-4
48311,1993,45,40,5
48311,1994,56,44,12
48311,1995,42,55,-13
48311,1996,49,49,0
48311,1997,45,48,-3
48311,1998,56,56,0
48311,1999,52,37,15
48311,2000,34,40,-6
48311,2001,55,45,10
48311,2002,51,36,15
48311,2003,55,101,-46
48311,2004,79,34,45
48311,2005,50,44,6
48311,2006,55,33,22
48311,2007,40,55,-15
48311,2008,31,51,-20
48311,2009,44,37,7
48311,2010,46,56,-10
48313,1990,608,599,9
48313,1991,649,607,42
48313,1992,687,563,124
48313,1993,702,700,2
48313,1994,723,548,175
48313,1995,658,578,80
48313,1996,722,679,43
48313,1997,687,652,35
48313,1998,713,727,-14
48313,1999,739,659,80
48313,2000,657,731,-74
48313,2001,743,683,60
48313,2002,643,680,-37
48313,2003,714,597,117
48313,2004,652,714,-62
48313,2005,677,634,43
48313,2006,618,574,44
48313,2007,622,660,-38
48313,2008,694,673,21
48313,2009,764,564,200
48313,2010,530,614,-84
48315,1990,558,550,8
48315,1991,623,564,59
48315,1992,558,527,31
48315,1993,570,535,35
48315,1994,597,555,42
48315,1995,496,377,119
48315,1996,557,432,125
48315,1997,595,418,177
48315,1998,480,403,77
48315,1999,545,475,70
48315,2000,578,449,129
48315,2001,560,499,61
48315,2002,623,538,85
48315,2003,635,596,39
48315,2004,620,613,7
48315,2005,672,608,64
48315,2006,704,613,91
48315,2007,705,734,-29
48315,2008,685,657,28
48315,2009,642,626,16
48315,2010,634,524,110
48317,1990,207,363,-156
48317,1991,327,301,26
48317,1992,313,345,-32
48317,1993,266,356,-90
48317,1994,315,326,-11
48317,1995,225,327,-102
48317,1996,409,260,149
48317,1997,290,462,-172
48317,1998,245,310,-65
48317,1999,332,314,18
48317,2000,286,494,-208
48317,2001,325,287,38
48317,2002,221,301,-80
48317,2003,198,295,-97
48317,2004,251,264,-13
48317,2005,281,276,5
48317,2006,262,281,-19
48317,2007,288,411,-123
48317,2008,334,301,33
48317,2009,382,479,-97
48317,2010,342,464,-122
48319,1990,177,197,-20
48319,1991,0,0,0
48319,1992,207,142,65
48319,1993,227,215,12
48319,1994,281,186,95
48319,1995,245,194,51
48319,1996,216,178,38
48319,1997,208,189,19
48319,1998,151,167,-16
48319,1999,180,155,25
48319,2000,192,154,38
48319,2001,207,206,1
48319,2002,171,153,18
48319,2003,229,161,68
48319,2004,216,169,47
48319,2005,207,158,49
48319,2006,190,157,33
48319,2007,205,194,11
48319,2008,193,174,19
48319,2009,158,147,11
48319,2010,191,160,31
48321,1990,2907,2519,388
48321,1991,2436,2665,-229
48321,1992,2436,2255,181
48321,1993,2204,2378,-174
48321,1994,1636,2432,-796
48321,1995,1902,2454,-552
48321,1996,2087,2370,-283
48321,1997,2035,2271,-236
48321,1998,1796,2276,-480
48321,1999,1810,2129,-319
48321,2000,2063,2273,-210
48321,2001,1596,1861,-265
48321,2002,1585,1677,-92
48321,2003,1445,1852,-407
48321,2004,1481,1857,-376
48321,2005,1420,1875,-455
48321,2006,1440,1714,-274
48321,2007,1809,1665,144
48321,2008,1555,1774,-219
48321,2009,1620,1622,-2
48321,2010,1492,1668,-176
48323,1990,2615,2221,394
48323,1991,2600,2408,192
48323,1992,2491,2371,120
48323,1993,2270,2413,-143
48323,1994,2354,2593,-239
48323,1995,2217,2618,-401
48323,1996,2417,2889,-472
48323,1997,2465,2887,-422
48323,1998,2302,2665,-363
48323,1999,2108,2684,-576
48323,2000,2005,2598,-593
48323,2001,2143,2459,-316
48323,2002,2227,2148,79
48323,2003,2020,2358,-338
48323,2004,1941,2270,-329
48323,2005,1909,2006,-97
48323,2006,1833,2048,-215
48323,2007,2311,2232,79
48323,2008,2683,2003,680
48323,2009,2324,1869,455
48323,2010,2020,1727,293
48325,1990,1769,1421,348
48325,1991,1812,1545,267
48325,1992,2083,1674,409
48325,1993,2281,1506,775
48325,1994,2381,1493,888
48325,1995,2318,1656,662
48325,1996,2530,1693,837
48325,1997,2397,1848,549
48325,1998,2491,2076,415
48325,1999,2407,2146,261
48325,2000,2386,2081,305
48325,2001,2374,1987,387
48325,2002,2350,1925,425
48325,2003,2333,1953,380
48325,2004,2503,2127,376
48325,2005,2658,2064,594
48325,2006,2585,2197,388
48325,2007,2644,2296,348
48325,2008,2487,2263,224
48325,2009,2200,1957,243
48325,2010,2352,2207,145
48327,1990,0,0,0
48327,1991,0,0,0
48327,1992,157,117,40
48327,1993,143,113,30
48327,1994,170,118,52
48327,1995,142,201,-59
48327,1996,188,156,32
48327,1997,158,168,-10
48327,1998,156,204,-48
48327,1999,173,169,4
48327,2000,153,144,9
48327,2001,168,209,-41
48327,2002,159,170,-11
48327,2003,94,126,-32
48327,2004,100,171,-71
48327,2005,137,135,2
48327,2006,137,142,-5
48327,2007,165,135,30
48327,2008,133,126,7
48327,2009,127,109,18
48327,2010,136,158,-22
48329,1990,7942,7607,335
48329,1991,7555,7257,298
48329,1992,6928,7377,-449
48329,1993,7016,6937,79
48329,1994,6610,6881,-271
48329,1995,6434,6696,-262
48329,1996,7403,6427,976
48329,1997,7047,6744,303
48329,1998,6135,7580,-1445
48329,1999,5472,8137,-2665
48329,2000,6129,6583,-454
48329,2001,6383,6099,284
48329,2002,5982,5750,232
48329,2003,6126,5825,301
48329,2004,6395,5961,434
48329,2005,7138,5645,1493
48329,2006,7420,6037,1383
48329,2007,7874,6257,1617
48329,2008,8371,6798,1573
48329,2009,6744,7322,-578
48329,2010,8316,6618,1698
48331,1990,1040,1119,-79
48331,1991,1104,982,122
48331,1992,1155,1083,72
48331,1993,1252,1085,167
48331,1994,1151,1160,-9
48331,1995,1212,1061,151
48331,1996,1248,1140,108
48331,1997,1154,1158,-4
48331,1998,1138,1130,8
48331,1999,1291,1216,75
48331,2000,1277,1085,192
48331,2001,1475,1155,320
48331,2002,1191,1228,-37
48331,2003,1315,1176,139
48331,2004,1134,1224,-90
48331,2005,1210,1205,5
48331,2006,1205,1229,-24
48331,2007,1421,1271,150
48331,2008,1154,1367,-213
48331,2009,1181,1277,-96
48331,2010,1087,1128,-41
48333,1990,252,218,34
48333,1991,215,213,2
48333,1992,312,227,85
48333,1993,293,220,73
48333,1994,302,267,35
48333,1995,257,217,40
48333,1996,252,232,20
48333,1997,297,277,20
48333,1998,223,240,-17
48333,1999,292,258,34
48333,2000,215,243,-28
48333,2001,280,202,78
48333,2002,193,223,-30
48333,2003,243,188,55
48333,2004,296,233,63
48333,2005,225,259,-34
48333,2006,251,215,36
48333,2007,234,202,32
48333,2008,270,275,-5
48333,2009,286,215,71
48333,2010,235,265,-30
48335,1990,360,507,-147
48335,1991,416,429,-13
48335,1992,466,458,8
48335,1993,474,477,-3
48335,1994,556,514,42
48335,1995,417,455,-38
48335,1996,373,544,-171
48335,1997,470,361,109
48335,1998,417,442,-25
48335,1999,353,503,-150
48335,2000,411,474,-63
48335,2001,341,411,-70
48335,2002,363,419,-56
48335,2003,427,417,10
48335,2004,464,396,68
48335,2005,369,402,-33
48335,2006,415,363,52
48335,2007,372,453,-81
48335,2008,494,369,125
48335,2009,452,402,50
48335,2010,401,396,5
48337,1990,923,928,-5
48337,1991,1015,970,45
48337,1992,1029,974,55
48337,1993,1114,776,338
48337,1994,1084,932,152
48337,1995,1092,908,184
48337,1996,1162,869,293
48337,1997,1073,908,165
48337,1998,1071,931,140
48337,1999,982,918,64
48337,2000,1022,971,51
48337,2001,1105,1011,94
48337,2002,1114,917,197
48337,2003,1012,969,43
48337,2004,1155,945,210
48337,2005,1129,937,192
48337,2006,1093,1008,85
48337,2007,1112,1015,97
48337,2008,1077,1083,-6
48337,2009,1012,1046,-34
48337,2010,941,862,79
48339,1990,17112,11685,5427
48339,1991,18111,12016,6095
48339,1992,18544,12742,5802
48339,1993,18450,12868,5582
48339,1994,19312,13397,5915
48339,1995,19678,12492,7186
48339,1996,20873,13125,7748
48339,1997,22415,14040,8375
48339,1998,24596,14557,10039
48339,1999,23888,15581,8307
48339,2000,24744,16117,8627
48339,2001,25307,16374,8933
48339,2002,25902,16675,9227
48339,2003,27484,17357,10127
48339,2004,28595,19372,9223
48339,2005,31819,20192,11627
48339,2006,32317,20768,11549
48339,2007,33429,22013,11416
48339,2008,31383,21463,9920
48339,2009,29311,21855,7456
48339,2010,29475,22785,6690
48341,1990,1363,1449,-86
48341,1991,1350,1666,-316
48341,1992,1725,1367,358
48341,1993,1499,1713,-214
48341,1994,1455,1627,-172
48341,1995,1204,1665,-461
48341,1996,1328,1574,-246
48341,1997,1344,1396,-52
48341,1998,1298,1550,-252
48341,1999,1098,1569,-471
48341,2000,1125,1374,-249
48341,2001,1114,1521,-407
48341,2002,1024,1287,-263
48341,2003,1142,1317,-175
48341,2004,1006,1428,-422
48341,2005,1138,1276,-138
48341,2006,1122,1531,-409
48341,2007,1447,1547,-100
48341,2008,1598,1437,161
48341,2009,1678,1614,64
48341,2010,1390,1592,-202
48343,1990,819,859,-40
48343,1991,740,874,-134
48343,1992,919,880,39
48343,1993,814,803,11
48343,1994,943,857,86
48343,1995,908,796,112
48343,1996,901,938,-37
48343,1997,963,909,54
48343,1998,782,1017,-235
48343,1999,905,884,21
48343,2000,959,756,203
48343,2001,825,790,35
48343,2002,884,859,25
48343,2003,784,878,-94
48343,2004,821,797,24
48343,2005,947,865,82
48343,2006,849,730,119
48343,2007,782,898,-116
48343,2008,876,900,-24
48343,2009,842,761,81
48343,2010,773,793,-20
48345,1990,0,114,-114
48345,1991,0,0,0
48345,1992,90,101,-11
48345,1993,98,88,10
48345,1994,73,117,-44
48345,1995,88,89,-1
48345,1996,79,66,13
48345,1997,76,59,17
48345,1998,84,96,-12
48345,1999,106,74,32
48345,2000,64,131,-67
48345,2001,67,108,-41
48345,2002,74,79,-5
48345,2003,52,69,-17
48345,2004,71,76,-5
48345,2005,51,59,-8
48345,2006,71,69,2
48345,2007,53,79,-26
48345,2008,69,67,2
48345,2009,69,65,4
48345,2010,79,67,12
48347,1990,2648,2844,-196
48347,1991,2756,2893,-137
48347,1992,2869,2761,108
48347,1993,3160,2827,333
48347,1994,2986,3063,-77
48347,1995,2940,2937,3
48347,1996,2990,2798,192
48347,1997,2630,3255,-625
48347,1998,2750,3189,-439
48347,1999,2801,3091,-290
48347,2000,2709,3188,-479
48347,2001,2633,2965,-332
48347,2002,2643,2755,-112
48347,2003,2737,2714,23
48347,2004,2732,2742,-10
48347,2005,2856,3038,-182
48347,2006,2673,2946,-273
48347,2007,2915,3080,-165
48347,2008,3000,3170,-170
48347,2009,2970,2935,35
48347,2010,2983,2816,167
48349,1990,1914,2142,-228
48349,1991,1974,1967,7
48349,1992,2130,1988,142
48349,1993,1971,1879,92
48349,1994,2177,1833,344
48349,1995,1943,1876,67
48349,1996,1918,2071,-153
48349,1997,2153,1842,311
48349,1998,2170,2050,120
48349,1999,2278,2008,270
48349,2000,2305,2152,153
48349,2001,2252,2078,174
48349,2002,1995,1980,15
48349,2003,2290,2030,260
48349,2004,2287,2226,61
48349,2005,2461,2265,196
48349,2006,2233,2434,-201
48349,2007,2359,2499,-140
48349,2008,2359,2366,-7
48349,2009,2277,2220,57
48349,2010,2315,2153,162
48351,1990,776,844,-68
48351,1991,758,760,-2
48351,1992,1161,1011,150
48351,1993,872,752,120
48351,1994,943,722,221
48351,1995,672,784,-112
48351,1996,729,665,64
48351,1997,625,740,-115
48351,1998,668,652,16
48351,1999,738,788,-50
48351,2000,653,610,43
48351,2001,585,671,-86
48351,2002,616,618,-2
48351,2003,466,756,-290
48351,2004,732,694,38
48351,2005,647,770,-123
48351,2006,618,652,-34
48351,2007,749,693,56
48351,2008,706,654,52
48351,2009,643,625,18
48351,2010,741,663,78
48353,1990,1041,1263,-222
48353,1991,902,1099,-197
48353,1992,1014,1018,-4
48353,1993,1074,952,122
48353,1994,1017,1069,-52
48353,1995,915,916,-1
48353,1996,1013,1044,-31
48353,1997,912,946,-34
48353,1998,807,1027,-220
48353,1999,863,1010,-147
48353,2000,738,1115,-377
48353,2001,723,971,-248
48353,2002,828,889,-61
48353,2003,751,802,-51
48353,2004,780,942,-162
48353,2005,861,883,-22
48353,2006,904,888,16
48353,2007,972,780,192
48353,2008,929,990,-61
48353,2009,804,779,25
48353,2010,772,777,-5
48355,1990,15647,14995,652
48355,1991,15313,14927,386
48355,1992,16154,14930,1224
48355,1993,16178,14905,1273
48355,1994,14886,16525,-1639
48355,1995,14983,15683,-700
48355,1996,15805,16708,-903
48355,1997,14590,17310,-2720
48355,1998,14152,17117,-2965
48355,1999,14043,17665,-3622
48355,2000,14016,17318,-3302
48355,2001,14417,15571,-1154
48355,2002,14018,15640,-1622
48355,2003,14176,14329,-153
48355,2004,14552,14870,-318
48355,2005,14715,15285,-570
48355,2006,13806,15628,-1822
48355,2007,14246,15030,-784
48355,2008,14722,14757,-35
48355,2009,13546,14995,-1449
48355,2010,14398,14134,264
48357,1990,546,864,-318
48357,1991,525,698,-173
48357,1992,428,691,-263
48357,1993,542,621,-79
48357,1994,495,595,-100
48357,1995,597,493,104
48357,1996,546,556,-10
48357,1997,516,632,-116
48357,1998,407,610,-203
48357,1999,425,587,-162
48357,2000,477,505,-28
48357,2001,422,577,-155
48357,2002,317,527,-210
48357,2003,454,461,-7
48357,2004,521,429,92
48357,2005,448,477,-29
48357,2006,547,449,98
48357,2007,551,567,-16
48357,2008,643,509,134
48357,2009,432,603,-171
48357,2010,616,450,166
48359,1990,172,240,-68
48359,1991,204,204,0
48359,1992,193,230,-37
48359,1993,173,206,-33
48359,1994,219,198,21
48359,1995,213,194,19
48359,1996,182,208,-26
48359,1997,196,293,-97
48359,1998,225,201,24
48359,1999,217,199,18
48359,2000,191,219,-28
48359,2001,149,167,-18
48359,2002,189,177,12
48359,2003,202,243,-41
48359,2004,159,184,-25
48359,2005,203,202,1
48359,2006,196,210,-14
48359,2007,178,189,-11
48359,2008,196,176,20
48359,2009,181,169,12
48359,2010,198,177,21
48361,1990,4153,3684,469
48361,1991,4288,3889,399
48361,1992,4368,4231,137
48361,1993,4065,3984,81
48361,1994,3767,4029,-262
48361,1995,3783,4049,-266
48361,1996,3907,3893,14
48361,1997,3704,3854,-150
48361,1998,3672,3638,34
48361,1999,3686,3832,-146
48361,2000,3434,4051,-617
48361,2001,3596,3877,-281
48361,2002,3424,3551,-127
48361,2003,3675,3655,20
48361,2004,3605,3602,3
48361,2005,3530,4546,-1016
48361,2006,3846,3471,375
48361,2007,4219,3709,510
48361,2008,3816,4853,-1037
48361,2009,4006,3658,348
48361,2010,3628,3382,246
48363,1990,1501,1538,-37
48363,1991,1440,1779,-339
48363,1992,1581,1459,122
48363,1993,1687,1565,122
48363,1994,1509,1547,-38
48363,1995,1632,1413,219
48363,1996,1538,1417,121
48363,1997,1605,1452,153
48363,1998,1596,1480,116
48363,1999,1546,1394,152
48363,2000,1525,1488,37
48363,2001,1509,1492,17
48363,2002,1517,1404,113
48363,2003,1477,1517,-40
48363,2004,1521,1324,197
48363,2005,1606,1435,171
48363,2006,1499,1548,-49
48363,2007,1631,1512,119
48363,2008,1506,1499,7
48363,2009,1482,1467,15
48363,2010,1421,1465,-44
48365,1990,1190,1158,32
48365,1991,1117,1071,46
48365,1992,1111,1132,-21
48365,1993,1234,1135,99
48365,1994,1284,1069,215
48365,1995,1169,1129,40
48365,1996,1239,1026,213
48365,1997,1140,1154,-14
48365,1998,1074,1165,-91
48365,1999,1043,1106,-63
48365,2000,1065,1144,-79
48365,2001,1095,1062,33
48365,2002,954,1116,-162
48365,2003,1047,1126,-79
48365,2004,1220,1027,193
48365,2005,1190,996,194
48365,2006,1017,1086,-69
48365,2007,1229,1221,8
48365,2008,1210,1180,30
48365,2009,1173,1189,-16
48365,2010,1151,1061,90
48367,1990,4705,4134,571
48367,1991,4873,4225,648
48367,1992,5209,4430,779
48367,1993,5287,4246,1041
48367,1994,5575,4108,1467
48367,1995,6604,4631,1973
48367,1996,7041,4996,2045
48367,1997,7398,4770,2628
48367,1998,7684,5316,2368
48367,1999,7829,5425,2404
48367,2000,7815,5793,2022
48367,2001,8039,6000,2039
48367,2002,7919,5743,2176
48367,2003,7893,6188,1705
48367,2004,7788,6005,1783
48367,2005,8361,5904,2457
48367,2006,8874,6128,2746
48367,2007,8922,6376,2546
48367,2008,8675,6541,2134
48367,2009,7661,6640,1021
48367,2010,7070,6555,515
48369,1990,825,945,-120
48369,1991,774,885,-111
48369,1992,753,885,-132
48369,1993,819,858,-39
48369,1994,724,929,-205
48369,1995,640,783,-143
48369,1996,655,793,-138
48369,1997,562,778,-216
48369,1998,660,817,-157
48369,1999,604,764,-160
48369,2000,542,911,-369
48369,2001,756,770,-14
48369,2002,663,741,-78
48369,2003,689,768,-79
48369,2004,600,839,-239
48369,2005,587,807,-220
48369,2006,656,636,20
48369,2007,659,806,-147
48369,2008,866,801,65
48369,2009,854,750,104
48369,2010,776,743,33
48371,1990,684,1074,-390
48371,1991,678,1036,-358
48371,1992,838,969,-131
48371,1993,829,882,-53
48371,1994,1058,910,148
48371,1995,820,1089,-269
48371,1996,846,974,-128
48371,1997,725,990,-265
48371,1998,727,893,-166
48371,1999,607,1058,-451
48371,2000,645,1030,-385
48371,2001,673,804,-131
48371,2002,546,849,-303
48371,2003,650,743,-93
48371,2004,649,851,-202
48371,2005,783,712,71
48371,2006,694,701,-7
48371,2007,931,700,231
48371,2008,999,852,147
48371,2009,797,781,16
48371,2010,747,720,27
48373,1990,2575,1786,789
48373,1991,3043,1892,1151
48373,1992,3441,1854,1587
48373,1993,3702,2158,1544
48373,1994,4183,2180,2003
48373,1995,4256,2366,1890
48373,1996,4559,2514,2045
48373,1997,5028,2845,2183
48373,1998,5161,3326,1835
48373,1999,5052,3441,1611
48373,2000,4655,3367,1288
48373,2001,4685,3508,1177
48373,2002,4228,3790,438
48373,2003,4176,3792,384
48373,2004,3793,3818,-25
48373,2005,3763,3741,22
48373,2006,3662,3453,209
48373,2007,3772,3708,64
48373,2008,3284,3515,-231
48373,2009,3204,3275,-71
48373,2010,3226,3123,103
48375,1990,8684,9106,-422
48375,1991,8364,8873,-509
48375,1992,9033,8985,48
48375,1993,9438,8825,613
48375,1994,9116,8633,483
48375,1995,8221,9107,-886
48375,1996,8095,9569,-1474
48375,1997,8109,9620,-1511
48375,1998,8382,9084,-702
48375,1999,8293,9131,-838
48375,2000,7962,9263,-1301
48375,2001,8516,8866,-350
48375,2002,8601,8516,85
48375,2003,8363,9027,-664
48375,2004,8234,8376,-142
48375,2005,8480,8785,-305
48375,2006,7446,8816,-1370
48375,2007,8131,8729,-598
48375,2008,8096,8882,-786
48375,2009,8242,8285,-43
48375,2010,8182,8573,-391
48377,1990,529,925,-396
48377,1991,729,774,-45
48377,1992,775,725,50
48377,1993,794,749,45
48377,1994,695,712,-17
48377,1995,595,761,-166
48377,1996,649,727,-78
48377,1997,850,811,39
48377,1998,786,637,149
48377,1999,639,745,-106
48377,2000,556,786,-230
48377,2001,694,763,-69
48377,2002,578,737,-159
48377,2003,590,808,-218
48377,2004,570,702,-132
48377,2005,530,801,-271
48377,2006,671,727,-56
48377,2007,621,871,-250
48377,2008,673,812,-139
48377,2009,830,652,178
48377,2010,498,803,-305
48379,1990,490,414,76
48379,1991,540,447,93
48379,1992,543,353,190
48379,1993,570,440,130
48379,1994,614,414,200
48379,1995,678,503,175
48379,1996,748,464,284
48379,1997,833,505,328
48379,1998,882,566,316
48379,1999,875,650,225
48379,2000,1178,599,579
48379,2001,1016,667,349
48379,2002,816,519,297
48379,2003,723,604,119
48379,2004,785,624,161
48379,2005,719,567,152
48379,2006,775,585,190
48379,2007,776,677,99
48379,2008,659,638,21
48379,2009,691,614,77
48379,2010,648,599,49
48381,1990,8383,8231,152
48381,1991,8330,7571,759
48381,1992,9019,8050,969
48381,1993,8963,8176,787
48381,1994,8949,7995,954
48381,1995,7554,6997,557
48381,1996,8039,7089,950
48381,1997,7918,7357,561
48381,1998,7885,7489,396
48381,1999,7894,7503,391
48381,2000,7939,7421,518
48381,2001,7731,7346,385
48381,2002,7728,7335,393
48381,2003,8072,7076,996
48381,2004,8979,7936,1043
48381,2005,9205,8144,1061
48381,2006,9043,7777,1266
48381,2007,8976,8184,792
48381,2008,9333,7913,1420
48381,2009,9130,8044,1086
48381,2010,9093,8055,1038
48383,1990,279,419,-140
48383,1991,366,345,21
48383,1992,296,360,-64
48383,1993,231,324,-93
48383,1994,262,412,-150
48383,1995,278,342,-64
48383,1996,221,256,-35
48383,1997,213,328,-115
48383,1998,120,458,-338
48383,1999,167,315,-148
48383,2000,127,233,-106
48383,2001,177,194,-17
48383,2002,139,265,-126
48383,2003,168,248,-80
48383,2004,143,207,-64
48383,2005,192,206,-14
48383,2006,201,189,12
48383,2007,249,211,38
48383,2008,227,332,-105
48383,2009,167,354,-187
48383,2010,285,241,44
48385,1990,0,0,0
48385,1991,203,172,31
48385,1992,233,214,19
48385,1993,225,262,-37
48385,1994,299,171,128
48385,1995,266,164,102
48385,1996,195,227,-32
48385,1997,232,203,29
48385,1998,260,245,15
48385,1999,263,202,61
48385,2000,241,209,32
48385,2001,258,253,5
48385,2002,251,192,59
48385,2003,212,218,-6
48385,2004,236,239,-3
48385,2005,253,198,55
48385,2006,243,190,53
48385,2007,199,245,-46
48385,2008,210,179,31
48385,2009,228,172,56
48385,2010,247,151,96
48387,1990,671,733,-62
48387,1991,620,719,-99
48387,1992,704,648,56
48387,1993,687,669,18
48387,1994,721,613,108
48387,1995,724,667,57
48387,1996,641,721,-80
48387,1997,650,685,-35
48387,1998,671,707,-36
48387,1999,673,748,-75
48387,2000,620,688,-68
48387,2001,615,718,-103
48387,2002,559,651,-92
48387,2003,658,677,-19
48387,2004,624,652,-28
48387,2005,602,638,-36
48387,2006,589,611,-22
48387,2007,636,645,-9
48387,2008,613,676,-63
48387,2009,594,628,-34
48387,2010,629,685,-56
48389,1990,581,849,-268
48389,1991,645,954,-309
48389,1992,670,878,-208
48389,1993,539,928,-389
48389,1994,547,819,-272
48389,1995,502,762,-260
48389,1996,520,905,-385
48389,1997,507,858,-351
48389,1998,538,907,-369
48389,1999,525,872,-347
48389,2000,505,882,-377
48389,2001,473,763,-290
48389,2002,428,792,-364
48389,2003,414,813,-399
48389,2004,423,641,-218
48389,2005,500,635,-135
48389,2006,575,544,31
48389,2007,479,630,-151
48389,2008,611,511,100
48389,2009,568,525,43
48389,2010,497,579,-82
48391,1990,328,452,-124
48391,1991,446,459,-13
48391,1992,414,508,-94
48391,1993,414,396,18
48391,1994,430,472,-42
48391,1995,543,431,112
48391,1996,401,429,-28
48391,1997,486,482,4
48391,1998,322,503,-181
48391,1999,358,400,-42
48391,2000,350,450,-100
48391,2001,347,423,-76
48391,2002,327,424,-97
48391,2003,369,307,62
48391,2004,326,358,-32
48391,2005,350,389,-39
48391,2006,291,386,-95
48391,2007,443,424,19
48391,2008,350,407,-57
48391,2009,345,427,-82
48391,2010,345,382,-37
48393,1990,0,0,0
48393,1991,0,0,0
48393,1992,58,70,-12
48393,1993,66,77,-11
48393,1994,41,66,-25
48393,1995,64,54,10
48393,1996,104,118,-14
48393,1997,70,130,-60
48393,1998,50,49,1
48393,1999,61,80,-19
48393,2000,51,63,-12
48393,2001,59,64,-5
48393,2002,56,90,-34
48393,2003,98,65,33
48393,2004,86,72,14
48393,2005,94,109,-15
48393,2006,100,95,5
48393,2007,66,70,-4
48393,2008,90,92,-2
48393,2009,49,66,-17
48393,2010,116,214,-98
48395,1990,804,925,-121
48395,1991,874,995,-121
48395,1992,848,903,-55
48395,1993,1054,948,106
48395,1994,895,926,-31
48395,1995,814,909,-95
48395,1996,876,910,-34
48395,1997,897,854,43
48395,1998,965,932,33
48395,1999,1030,1019,11
48395,2000,916,981,-65
48395,2001,967,1062,-95
48395,2002,911,1005,-94
48395,2003,970,916,54
48395,2004,1002,861,141
48395,2005,997,961,36
48395,2006,879,983,-104
48395,2007,959,1005,-46
48395,2008,1064,1099,-35
48395,2009,969,982,-13
48395,2010,1054,938,116
48397,1990,3320,2513,807
48397,1991,4003,2783,1220
48397,1992,3922,2963,959
48397,1993,3759,2660,1099
48397,1994,3651,2812,839
48397,1995,2830,2252,578
48397,1996,3007,2277,730
48397,1997,3545,2492,1053
48397,1998,3982,2536,1446
48397,1999,4073,2455,1618
48397,2000,4824,2888,1936
48397,2001,5255,2952,2303
48397,2002,5476,3143,2333
48397,2003,5484,3376,2108
48397,2004,6745,3726,3019
48397,2005,8082,3762,4320
48397,2006,8046,4317,3729
48397,2007,7124,4739,2385
48397,2008,6616,4497,2119
48397,2009,6210,4632,1578
48397,2010,5999,4518,1481
48399,1990,468,624,-156
48399,1991,620,706,-86
48399,1992,715,664,51
48399,1993,722,644,78
48399,1994,681,612,69
48399,1995,659,618,41
48399,1996,732,668,64
48399,1997,688,646,42
48399,1998,587,813,-226
48399,1999,674,735,-61
48399,2000,476,811,-335
48399,2001,665,696,-31
48399,2002,533,698,-165
48399,2003,609,618,-9
48399,2004,676,595,81
48399,2005,538,754,-216
48399,2006,605,646,-41
48399,2007,526,557,-31
48399,2008,558,625,-67
48399,2009,542,465,77
48399,2010,577,578,-1
48401,1990,2343,2329,14
48401,1991,2508,2535,-27
48401,1992,2452,2338,114
48401,1993,2386,2302,84
48401,1994,2505,2206,299
48401,1995,1975,1818,157
48401,1996,2011,1947,64
48401,1997,1992,1835,157
48401,1998,2062,2062,0
48401,1999,2081,2202,-121
48401,2000,2079,2281,-202
48401,2001,2195,2142,53
48401,2002,2204,2160,44
48401,2003,2132,2058,74
48401,2004,2294,2285,9
48401,2005,2596,2367,229
48401,2006,2719,2374,345
48401,2007,2865,2589,276
48401,2008,2478,2425,53
48401,2009,2466,2341,125
48401,2010,2867,2564,303
48403,1990,618,517,101
48403,1991,608,578,30
48403,1992,741,498,243
48403,1993,751,538,213
48403,1994,710,504,206
48403,1995,730,567,163
48403,1996,672,538,134
48403,1997,637,640,-3
48403,1998,688,611,77
48403,1999,635,624,11
48403,2000,674,571,103
48403,2001,603,564,39
48403,2002,630,537,93
48403,2003,652,603,49
48403,2004,652,566,86
48403,2005,619,478,141
48403,2006,607,603,4
48403,2007,697,630,67
48403,2008,650,466,184
48403,2009,703,503,200
48403,2010,499,562,-63
48405,1990,378,457,-79
48405,1991,505,403,102
48405,1992,443,452,-9
48405,1993,459,493,-34
48405,1994,530,420,110
48405,1995,473,418,55
48405,1996,549,377,172
48405,1997,472,496,-24
48405,1998,461,465,-4
48405,1999,468,452,16
48405,2000,417,496,-79
48405,2001,452,399,53
48405,2002,385,380,5
48405,2003,428,349,79
48405,2004,398,388,10
48405,2005,462,385,77
48405,2006,327,401,-74
48405,2007,383,406,-23
48405,2008,401,389,12
48405,2009,355,394,-39
48405,2010,413,331,82
48407,1990,1088,875,213
48407,1991,1221,863,358
48407,1992,1269,791,478
48407,1993,1295,909,386
48407,1994,1372,941,431
48407,1995,1284,866,418
48407,1996,1469,916,553
48407,1997,1677,1060,617
48407,1998,1453,995,458
48407,1999,1601,1019,582
48407,2000,1450,1209,241
48407,2001,1583,1252,331
48407,2002,1692,1254,438
48407,2003,1647,1203,444
48407,2004,1636,1407,229
48407,2005,1652,1682,-30
48407,2006,1830,1560,270
48407,2007,1771,1637,134
48407,2008,1783,1625,158
48407,2009,1824,1488,336
48407,2010,1765,1438,327
48409,1990,3823,3828,-5
48409,1991,3899,3727,172
48409,1992,5059,3845,1214
48409,1993,4628,4384,244
48409,1994,4971,4494,477
48409,1995,4333,4137,196
48409,1996,5091,4406,685
48409,1997,5165,4693,472
48409,1998,5037,4891,146
48409,1999,5116,5234,-118
48409,2000,4978,5672,-694
48409,2001,5131,4758,373
48409,2002,5273,5363,-90
48409,2003,5336,5040,296
48409,2004,5384,5267,117
48409,2005,5402,5659,-257
48409,2006,5091,5446,-355
48409,2007,5061,5468,-407
48409,2008,4802,5704,-902
48409,2009,4468,5975,-1507
48409,2010,4314,4746,-432
48411,1990,279,382,-103
48411,1991,282,307,-25
48411,1992,385,340,45
48411,1993,404,297,107
48411,1994,339,297,42
48411,1995,355,396,-41
48411,1996,433,336,97
48411,1997,308,409,-101
48411,1998,328,333,-5
48411,1999,350,328,22
48411,2000,302,316,-14
48411,2001,239,319,-80
48411,2002,332,309,23
48411,2003,349,291,58
48411,2004,269,292,-23
48411,2005,267,307,-40
48411,2006,258,246,12
48411,2007,263,300,-37
48411,2008,256,289,-33
48411,2009,291,228,63
48411,2010,281,304,-23
48413,1990,198,199,-1
48413,1991,244,242,2
48413,1992,202,257,-55
48413,1993,214,209,5
48413,1994,240,209,31
48413,1995,281,199,82
48413,1996,221,272,-51
48413,1997,250,217,33
48413,1998,224,195,29
48413,1999,165,220,-55
48413,2000,243,174,69
48413,2001,197,175,22
48413,2002,156,283,-127
48413,2003,250,171,79
48413,2004,242,236,6
48413,2005,217,217,0
48413,2006,270,246,24
48413,2007,231,214,17
48413,2008,194,301,-107
48413,2009,226,252,-26
48413,2010,132,304,-172
48415,1990,1100,1300,-200
48415,1991,1119,1124,-5
48415,1992,1019,1345,-326
48415,1993,941,1127,-186
48415,1994,1002,1229,-227
48415,1995,902,984,-82
48415,1996,792,964,-172
48415,1997,828,973,-145
48415,1998,683,1057,-374
48415,1999,626,1069,-443
48415,2000,758,1048,-290
48415,2001,821,831,-10
48415,2002,846,821,25
48415,2003,874,826,48
48415,2004,837,881,-44
48415,2005,826,849,-23
48415,2006,848,729,119
48415,2007,829,907,-78
48415,2008,982,870,112
48415,2009,748,767,-19
48415,2010,747,769,-22
48417,1990,0,180,-180
48417,1991,209,232,-23
48417,1992,259,194,65
48417,1993,186,204,-18
48417,1994,186,247,-61
48417,1995,225,196,29
48417,1996,255,213,42
48417,1997,208,211,-3
48417,1998,177,219,-42
48417,1999,204,224,-20
48417,2000,208,203,5
48417,2001,225,237,-12
48417,2002,178,210,-32
48417,2003,200,238,-38
48417,2004,178,197,-19
48417,2005,195,182,13
48417,2006,205,276,-71
48417,2007,208,251,-43
48417,2008,253,208,45
48417,2009,201,191,10
48417,2010,208,274,-66
48419,1990,1145,1065,80
48419,1991,1055,1202,-147
48419,1992,1169,957,212
48419,1993,1172,943,229
48419,1994,1084,959,125
48419,1995,1078,894,184
48419,1996,908,976,-68
48419,1997,1029,842,187
48419,1998,823,1049,-226
48419,1999,978,929,49
48419,2000,883,942,-59
48419,2001,891,935,-44
48419,2002,988,844,144
48419,2003,909,917,-8
48419,2004,988,859,129
48419,2005,1028,988,40
48419,2006,992,844,148
48419,2007,1098,1065,33
48419,2008,1137,1007,130
48419,2009,1016,1080,-64
48419,2010,1132,933,199
48421,1990,0,183,-183
48421,1991,163,233,-70
48421,1992,122,194,-72
48421,1993,216,157,59
48421,1994,186,192,-6
48421,1995,115,154,-39
48421,1996,220,172,48
48421,1997,162,222,-60
48421,1998,209,214,-5
48421,1999,137,166,-29
48421,2000,145,193,-48
48421,2001,178,172,6
48421,2002,145,173,-28
48421,2003,123,192,-69
48421,2004,106,190,-84
48421,2005,145,158,-13
48421,2006,176,147,29
48421,2007,226,174,52
48421,2008,161,204,-43
48421,2009,178,200,-22
48421,2010,177,171,6
48423,1990,8495,7901,594
48423,1991,8322,8006,316
48423,1992,9097,7931,1166
48423,1993,8777,8084,693
48423,1994,8769,7753,1016
48423,1995,8437,7548,889
48423,1996,8834,8312,522
48423,1997,9165,8340,825
48423,1998,8967,8742,225
48423,1999,9257,8348,909
48423,2000,9036,8494,542
48423,2001,9428,8184,1244
48423,2002,9252,8000,1252
48423,2003,9032,8244,788
48423,2004,9816,8162,1654
48423,2005,10721,9000,1721
48423,2006,10222,8701,1521
48423,2007,10697,9594,1103
48423,2008,10531,9027,1504
48423,2009,9969,8766,1203
48423,2010,10124,9333,791
48425,1990,487,521,-34
48425,1991,592,411,181
48425,1992,509,466,43
48425,1993,440,435,5
48425,1994,438,336,102
48425,1995,451,417,34
48425,1996,526,409,117
48425,1997,518,388,130
48425,1998,555,402,153
48425,1999,565,507,58
48425,2000,529,471,58
48425,2001,584,468,116
48425,2002,550,444,106
48425,2003,507,434,73
48425,2004,529,468,61
48425,2005,584,474,110
48425,2006,616,539,77
48425,2007,674,520,154
48425,2008,622,565,57
48425,2009,590,490,100
48425,2010,504,539,-35
48427,1990,1938,1733,205
48427,1991,2088,2003,85
48427,1992,2074,1782,292
48427,1993,2044,1928,116
48427,1994,1796,1957,-161
48427,1995,1903,2059,-156
48427,1996,1803,2359,-556
48427,1997,1836,2498,-662
48427,1998,2061,2689,-628
48427,1999,1908,2624,-716
48427,2000,1767,2463,-696
48427,2001,1945,2119,-174
48427,2002,1901,2073,-172
48427,2003,1735,1967,-232
48427,2004,1543,2119,-576
48427,2005,1721,2100,-379
48427,2006,1555,1962,-407
48427,2007,1628,2050,-422
48427,2008,1882,1912,-30
48427,2009,1675,1784,-109
48427,2010,1371,1962,-591
48429,1990,440,724,-284
48429,1991,574,617,-43
48429,1992,638,563,75
48429,1993,640,520,120
48429,1994,791,575,216
48429,1995,634,515,119
48429,1996,625,537,88
48429,1997,468,689,-221
48429,1998,655,668,-13
48429,1999,575,706,-131
48429,2000,480,641,-161
48429,2001,509,558,-49
48429,2002,501,591,-90
48429,2003,513,524,-11
48429,2004,433,413,20
48429,2005,500,446,54
48429,2006,436,428,8
48429,2007,525,479,46
48429,2008,566,523,43
48429,2009,420,479,-59
48429,2010,434,429,5
48431,1990,0,110,-110
48431,1991,0,0,0
48431,1992,155,142,13
48431,1993,115,115,0
48431,1994,95,142,-47
48431,1995,94,176,-82
48431,1996,90,142,-52
48431,1997,136,127,9
48431,1998,70,157,-87
48431,1999,45,142,-97
48431,2000,67,108,-41
48431,2001,93,118,-25
48431,2002,68,115,-47
48431,2003,83,114,-31
48431,2004,72,142,-70
48431,2005,57,120,-63
48431,2006,71,79,-8
48431,2007,93,104,-11
48431,2008,81,83,-2
48431,2009,98,122,-24
48431,2010,99,112,-13
48433,1990,0,0,0
48433,1991,0,0,0
48433,1992,110,113,-3
48433,1993,74,99,-25
48433,1994,124,157,-33
48433,1995,75,146,-71
48433,1996,117,87,30
48433,1997,90,99,-9
48433,1998,58,128,-70
48433,1999,107,129,-22
48433,2000,80,157,-77
48433,2001,66,121,-55
48433,2002,80,108,-28
48433,2003,46,84,-38
48433,2004,49,86,-37
48433,2005,127,85,42
48433,2006,78,49,29
48433,2007,78,60,18
48433,2008,71,76,-5
48433,2009,83,43,40
48433,2010,42,71,-29
48435,1990,416,301,115
48435,1991,311,447,-136
48435,1992,334,345,-11
48435,1993,355,345,10
48435,1994,414,302,112
48435,1995,362,402,-40
48435,1996,319,352,-33
48435,1997,373,379,-6
48435,1998,288,488,-200
48435,1999,212,408,-196
48435,2000,267,288,-21
48435,2001,291,280,11
48435,2002,200,252,-52
48435,2003,283,247,36
48435,2004,352,307,45
48435,2005,325,260,65
48435,2006,332,344,-12
48435,2007,292,339,-47
48435,2008,340,409,-69
48435,2009,237,388,-151
48435,2010,238,286,-48
48437,1990,452,589,-137
48437,1991,491,510,-19
48437,1992,518,609,-91
48437,1993,565,534,31
48437,1994,581,582,-1
48437,1995,453,595,-142
48437,1996,463,613,-150
48437,1997,482,588,-106
48437,1998,547,616,-69
48437,1999,426,496,-70
48437,2000,356,544,-188
48437,2001,398,577,-179
48437,2002,521,570,-49
48437,2003,398,530,-132
48437,2004,408,471,-63
48437,2005,433,468,-35
48437,2006,366,448,-82
48437,2007,406,477,-71
48437,2008,407,534,-127
48437,2009,495,367,128
48437,2010,408,495,-87
48439,1990,74021,68223,5798
48439,1991,70577,71727,-1150
48439,1992,70541,73105,-2564
48439,1993,70886,71404,-518
48439,1994,71000,68649,2351
48439,1995,71583,66983,4600
48439,1996,74068,68131,5937
48439,1997,75756,68521,7235
48439,1998,79061,71356,7705
48439,1999,80327,74418,5909
48439,2000,80684,73780,6904
48439,2001,80516,73063,7453
48439,2002,76928,73061,3867
48439,2003,75438,72195,3243
48439,2004,79182,73103,6079
48439,2005,92444,73081,19363
48439,2006,92225,74664,17561
48439,2007,91775,78397,13378
48439,2008,88141,75813,12328
48439,2009,80636,74155,6481
48439,2010,82679,74671,8008
48441,1990,8912,10980,-2068
48441,1991,10940,9215,1725
48441,1992,10753,11182,-429
48441,1993,9813,10529,-716
48441,1994,10496,10758,-262
48441,1995,8605,10417,-1812
48441,1996,7996,9229,-1233
48441,1997,8136,8859,-723
48441,1998,8536,9272,-736
48441,1999,8035,9370,-1335
48441,2000,7737,9740,-2003
48441,2001,7872,8802,-930
48441,2002,7905,8428,-523
48441,2003,7663,8314,-651
48441,2004,8147,8800,-653
48441,2005,7991,8825,-834
48441,2006,7866,8357,-491
48441,2007,7545,8586,-1041
48441,2008,8080,8325,-245
48441,2009,7848,7914,-66
48441,2010,7768,7993,-225
48443,1990,0,0,0
48443,1991,0,0,0
48443,1992,122,122,0
48443,1993,56,125,-69
48443,1994,75,92,-17
48443,1995,50,141,-91
48443,1996,69,110,-41
48443,1997,53,70,-17
48443,1998,79,64,15
48443,1999,44,103,-59
48443,2000,57,80,-23
48443,2001,72,83,-11
48443,2002,53,55,-2
48443,2003,53,88,-35
48443,2004,106,79,27
48443,2005,75,88,-13
48443,2006,46,72,-26
48443,2007,71,64,7
48443,2008,105,71,34
48443,2009,122,46,76
48443,2010,60,103,-43
48445,1990,618,808,-190
48445,1991,710,889,-179
48445,1992,682,826,-144
48445,1993,757,894,-137
48445,1994,660,865,-205
48445,1995,721,832,-111
48445,1996,746,849,-103
48445,1997,656,823,-167
48445,1998,670,851,-181
48445,1999,578,905,-327
48445,2000,572,838,-266
48445,2001,678,686,-8
48445,2002,550,772,-222
48445,2003,624,707,-83
48445,2004,631,789,-158
48445,2005,627,704,-77
48445,2006,564,685,-121
48445,2007,596,679,-83
48445,2008,757,731,26
48445,2009,603,557,46
48445,2010,663,705,-42
48447,1990,0,0,0
48447,1991,0,0,0
48447,1992,95,116,-21
48447,1993,105,85,20
48447,1994,110,113,-3
48447,1995,111,145,-34
48447,1996,134,195,-61
48447,1997,137,137,0
48447,1998,117,119,-2
48447,1999,95,187,-92
48447,2000,94,158,-64
48447,2001,101,166,-65
48447,2002,94,117,-23
48447,2003,61,84,-23
48447,2004,80,72,8
48447,2005,83,67,16
48447,2006,104,130,-26
48447,2007,107,88,19
48447,2008,104,87,17
48447,2009,78,97,-19
48447,2010,83,79,4
48449,1990,1697,1667,30
48449,1991,1714,1612,102
48449,1992,1728,1896,-168
48449,1993,1730,1698,32
48449,1994,1815,1850,-35
48449,1995,1460,1660,-200
48449,1996,1478,1505,-27
48449,1997,1409,1551,-142
48449,1998,1190,1681,-491
48449,1999,1177,1574,-397
48449,2000,1068,1447,-379
48449,2001,1234,1379,-145
48449,2002,1228,1250,-22
48449,2003,1266,1276,-10
48449,2004,1366,1502,-136
48449,2005,1471,1354,117
48449,2006,1457,1455,2
48449,2007,1601,1541,60
48449,2008,1704,1499,205
48449,2009,1557,1486,71
48449,2010,1467,1672,-205
48451,1990,6498,7208,-710
48451,1991,6965,6195,770
48451,1992,7503,7235,268
48451,1993,7307,7119,188
48451,1994,6929,7200,-271
48451,1995,6681,6834,-153
48451,1996,6773,6950,-177
48451,1997,6602,7100,-498
48451,1998,6502,7489,-987
48451,1999,6830,7574,-744
48451,2000,6619,7629,-1010
48451,2001,6317,7084,-767
48451,2002,6311,6632,-321
48451,2003,6102,6904,-802
48451,2004,6175,7037,-862
48451,2005,6680,6926,-246
48451,2006,6256,6643,-387
48451,2007,6492,6407,85
48451,2008,6667,6720,-53
48451,2009,6638,6239,399
48451,2010,6603,6727,-124
48453,1990,42069,37114,4955
48453,1991,44031,36328,7703
48453,1992,47581,38957,8624
48453,1993,47712,42973,4739
48453,1994,47393,40635,6758
48453,1995,47738,44357,3381
48453,1996,47066,46793,273
48453,1997,50275,45618,4657
48453,1998,52618,47436,5182
48453,1999,57718,49143,8575
48453,2000,58487,53620,4867
48453,2001,48152,59554,-11402
48453,2002,46242,53394,-7152
48453,2003,48321,50108,-1787
48453,2004,50546,48944,1602
48453,2005,57821,48416,9405
48453,2006,58188,50184,8004
48453,2007,59128,53794,5334
48453,2008,57982,52718,5264
48453,2009,55197,51891,3306
48453,2010,58876,51529,7347
48455,1990,787,763,24
48455,1991,839,832,7
48455,1992,1002,701,301
48455,1993,1037,726,311
48455,1994,919,814,105
48455,1995,915,745,170
48455,1996,908,782,126
48455,1997,888,734,154
48455,1998,966,822,144
48455,1999,934,797,137
48455,2000,895,809,86
48455,2001,927,754,173
48455,2002,893,793,100
48455,2003,853,767,86
48455,2004,913,767,146
48455,2005,861,874,-13
48455,2006,981,937,44
48455,2007,972,992,-20
48455,2008,895,813,82
48455,2009,923,786,137
48455,2010,876,816,60
48457,1990,1118,913,205
48457,1991,961,859,102
48457,1992,1257,972,285
48457,1993,1173,905,268
48457,1994,1202,925,277
48457,1995,1177,980,197
48457,1996,1072,947,125
48457,1997,1070,894,176
48457,1998,1077,940,137
48457,1999,1010,995,15
48457,2000,883,1069,-186
48457,2001,1116,957,159
48457,2002,922,883,39
48457,2003,1072,861,211
48457,2004,984,1017,-33
48457,2005,1186,1159,27
48457,2006,1124,936,188
48457,2007,1161,896,265
48457,2008,1076,971,105
48457,2009,999,981,18
48457,2010,906,911,-5
48459,1990,2281,1825,456
48459,1991,2279,2060,219
48459,1992,2402,1973,429
48459,1993,2376,1961,415
48459,1994,2522,2024,498
48459,1995,2308,1917,391
48459,1996,2444,2026,418
48459,1997,2335,2161,174
48459,1998,2318,1896,422
48459,1999,2204,2057,147
48459,2000,2106,1993,113
48459,2001,2367,1816,551
48459,2002,2199,1956,243
48459,2003,2183,2149,34
48459,2004,2513,2105,408
48459,2005,2353,2257,96
48459,2006,2381,2139,242
48459,2007,2553,2212,341
48459,2008,2542,2356,186
48459,2009,2509,2246,263
48459,2010,2609,2246,363
48461,1990,327,504,-177
48461,1991,269,413,-144
48461,1992,234,376,-142
48461,1993,263,319,-56
48461,1994,222,292,-70
48461,1995,213,385,-172
48461,1996,314,337,-23
48461,1997,261,318,-57
48461,1998,181,422,-241
48461,1999,283,318,-35
48461,2000,192,335,-143
48461,2001,252,245,7
48461,2002,160,267,-107
48461,2003,172,231,-59
48461,2004,179,262,-83
48461,2005,225,197,28
48461,2006,171,223,-52
48461,2007,242,243,-1
48461,2008,286,234,52
48461,2009,210,224,-14
48461,2010,190,205,-15
48463,1990,1235,1348,-113
48463,1991,1395,1264,131
48463,1992,1229,1552,-323
48463,1993,1524,1219,305
48463,1994,1351,1371,-20
48463,1995,1374,1366,8
48463,1996,1467,1453,14
48463,1997,1297,1535,-238
48463,1998,1508,1288,220
48463,1999,1214,1420,-206
48463,2000,1243,1388,-145
48463,2001,1447,1304,143
48463,2002,1277,1445,-168
48463,2003,1184,1298,-114
48463,2004,1320,1279,41
48463,2005,1178,1284,-106
48463,2006,1138,1384,-246
48463,2007,1179,1348,-169
48463,2008,1222,1290,-68
48463,2009,1231,1146,85
48463,2010,1220,1307,-87
48465,1990,3176,3172,4
48465,1991,3019,3083,-64
48465,1992,2788,3037,-249
48465,1993,2969,2916,53
48465,1994,2827,2961,-134
48465,1995,2808,3027,-219
48465,1996,2988,3446,-458
48465,1997,2995,3106,-111
48465,1998,2940,3194,-254
48465,1999,2877,3231,-354
48465,2000,2814,3376,-562
48465,2001,2837,3169,-332
48465,2002,2837,2922,-85
48465,2003,2561,2777,-216
48465,2004,2383,3061,-678
48465,2005,2548,3016,-468
48465,2006,2666,2910,-244
48465,2007,2756,3196,-440
48465,2008,2924,3158,-234
48465,2009,3009,3057,-48
48465,2010,2446,2921,-475
48467,1990,2452,1970,482
48467,1991,2684,2371,313
48467,1992,2801,2234,567
48467,1993,2846,2065,781
48467,1994,2879,2094,785
48467,1995,2534,1778,756
48467,1996,2309,2025,284
48467,1997,2546,1938,608
48467,1998,2805,2152,653
48467,1999,2903,2261,642
48467,2000,2716,2200,516
48467,2001,2930,2183,747
48467,2002,2832,2884,-52
48467,2003,2969,2285,684
48467,2004,2821,2566,255
48467,2005,2950,2569,381
48467,2006,2603,2517,86
48467,2007,2921,2504,417
48467,2008,2636,2667,-31
48467,2009,2654,2310,344
48467,2010,2690,2483,207
48469,1990,4000,3747,253
48469,1991,4095,3648,447
48469,1992,4055,3883,172
48469,1993,4166,3820,346
48469,1994,3854,3962,-108
48469,1995,3718,3726,-8
48469,1996,3672,4093,-421
48469,1997,4114,4026,88
48469,1998,3829,4172,-343
48469,1999,3582,4349,-767
48469,2000,3868,3929,-61
48469,2001,3812,4141,-329
48469,2002,3564,3942,-378
48469,2003,3460,3831,-371
48469,2004,3369,3931,-562
48469,2005,3779,4142,-363
48469,2006,3897,3595,302
48469,2007,3909,4052,-143
48469,2008,4007,3788,219
48469,2009,3341,3730,-389
48469,2010,3800,3749,51
48471,1990,2918,2772,146
48471,1991,3017,2726,291
48471,1992,3119,3082,37
48471,1993,2989,2929,60
48471,1994,3289,2764,525
48471,1995,2723,2807,-84
48471,1996,2788,2850,-62
48471,1997,2812,2704,108
48471,1998,3014,3051,-37
48471,1999,2745,3245,-500
48471,2000,2693,3059,-366
48471,2001,2881,2963,-82
48471,2002,2888,2841,47
48471,2003,2728,3079,-351
48471,2004,2749,3010,-261
48471,2005,2837,3051,-214
48471,2006,2705,3035,-330
48471,2007,2955,3126,-171
48471,2008,3209,3128,81
48471,2009,3365,2912,453
48471,2010,3001,3317,-316
48473,1990,1631,1556,75
48473,1991,1908,1765,143
48473,1992,2032,1734,298
48473,1993,2161,1818,343
48473,1994,2158,1654,504
48473,1995,1436,1344,92
48473,1996,1455,1409,46
48473,1997,1560,1422,138
48473,1998,1706,1354,352
48473,1999,1674,1398,276
48473,2000,1642,1527,115
48473,2001,1768,1523,245
48473,2002,1708,1615,93
48473,2003,1698,1837,-139
48473,2004,2237,2359,-122
48473,2005,2283,2246,37
48473,2006,2447,2158,289
48473,2007,2350,2467,-117
48473,2008,2525,2319,206
48473,2009,2523,2201,322
48473,2010,2620,2487,133
48475,1990,840,1140,-300
48475,1991,745,1089,-344
48475,1992,729,1091,-362
48475,1993,741,895,-154
48475,1994,665,838,-173
48475,1995,689,891,-202
48475,1996,642,841,-199
48475,1997,755,828,-73
48475,1998,574,906,-332
48475,1999,508,894,-386
48475,2000,513,824,-311
48475,2001,644,707,-63
48475,2002,511,685,-174
48475,2003,617,675,-58
48475,2004,611,614,-3
48475,2005,651,591,60
48475,2006,623,648,-25
48475,2007,768,539,229
48475,2008,744,672,72
48475,2009,561,784,-223
48475,2010,644,571,73
48477,1990,1119,1158,-39
48477,1991,1411,1050,361
48477,1992,1524,1147,377
48477,1993,1515,1176,339
48477,1994,1374,1083,291
48477,1995,1421,1156,265
48477,1996,1512,1217,295
48477,1997,1506,1241,265
48477,1998,1388,1462,-74
48477,1999,1402,1277,125
48477,2000,1261,1359,-98
48477,2001,1384,1397,-13
48477,2002,1394,1232,162
48477,2003,1402,1266,136
48477,2004,1482,1269,213
48477,2005,1505,1284,221
48477,2006,1350,1310,40
48477,2007,1425,1342,83
48477,2008,1500,1243,257
48477,2009,1389,1314,75
48477,2010,1374,1422,-48
48479,1990,5175,4200,975
48479,1991,5832,4154,1678
48479,1992,6000,4156,1844
48479,1993,5438,4445,993
48479,1994,5596,4737,859
48479,1995,4435,5924,-1489
48479,1996,4718,5500,-782
48479,1997,5400,5423,-23
48479,1998,5545,5480,65
48479,1999,5583,5696,-113
48479,2000,5330,5592,-262
48479,2001,5354,5820,-466
48479,2002,5059,5479,-420
48479,2003,5131,5281,-150
48479,2004,4806,5286,-480
48479,2005,4989,5147,-158
48479,2006,4693,5246,-553
48479,2007,5412,5627,-215
48479,2008,6206,5494,712
48479,2009,5347,4998,349
48479,2010,4827,4985,-158
48481,1990,1660,1957,-297
48481,1991,1819,1792,27
48481,1992,1733,2005,-272
48481,1993,1650,1945,-295
48481,1994,1694,1778,-84
48481,1995,1487,1685,-198
48481,1996,1577,1771,-194
48481,1997,1618,1760,-142
48481,1998,1475,1637,-162
48481,1999,1527,1741,-214
48481,2000,1508,1829,-321
48481,2001,1480,1709,-229
48481,2002,1420,1610,-190
48481,2003,1446,1600,-154
48481,2004,1642,1806,-164
48481,2005,1517,1764,-247
48481,2006,1375,1769,-394
48481,2007,1510,1721,-211
48481,2008,1576,1665,-89
48481,2009,1552,1413,139
48481,2010,1446,1694,-248
48483,1990,278,378,-100
48483,1991,306,396,-90
48483,1992,272,372,-100
48483,1993,312,363,-51
48483,1994,299,301,-2
48483,1995,266,354,-88
48483,1996,292,274,18
48483,1997,270,332,-62
48483,1998,317,300,17
48483,1999,235,340,-105
48483,2000,278,345,-67
48483,2001,297,365,-68
48483,2002,213,317,-104
48483,2003,301,295,6
48483,2004,296,263,33
48483,2005,350,267,83
48483,2006,343,283,60
48483,2007,330,298,32
48483,2008,393,296,97
48483,2009,300,302,-2
48483,2010,331,275,56
48485,1990,6643,8025,-1382
48485,1991,6971,7556,-585
48485,1992,8547,7817,730
48485,1993,9142,8121,1021
48485,1994,8393,7995,398
48485,1995,8168,8437,-269
48485,1996,7235,8417,-1182
48485,1997,7491,8411,-920
48485,1998,8015,9083,-1068
48485,1999,7892,9742,-1850
48485,2000,7786,10305,-2519
48485,2001,7964,9237,-1273
48485,2002,8327,9400,-1073
48485,2003,8165,9701,-1536
48485,2004,7516,9516,-2000
48485,2005,8049,9121,-1072
48485,2006,6972,8696,-1724
48485,2007,6693,8119,-1426
48485,2008,6720,7812,-1092
48485,2009,6979,7856,-877
48485,2010,6497,8354,-1857
48487,1990,684,873,-189
48487,1991,693,824,-131
48487,1992,688,719,-31
48487,1993,790,862,-72
48487,1994,723,825,-102
48487,1995,695,774,-79
48487,1996,756,825,-69
48487,1997,708,834,-126
48487,1998,719,772,-53
48487,1999,659,810,-151
48487,2000,626,799,-173
48487,2001,698,762,-64
48487,2002,669,810,-141
48487,2003,720,723,-3
48487,2004,776,854,-78
48487,2005,745,746,-1
48487,2006,689,719,-30
48487,2007,597,801,-204
48487,2008,710,742,-32
48487,2009,612,696,-84
48487,2010,590,650,-60
48489,1990,832,941,-109
48489,1991,843,908,-65
48489,1992,866,843,23
48489,1993,717,904,-187
48489,1994,825,911,-86
48489,1995,746,930,-184
48489,1996,863,1021,-158
48489,1997,814,1044,-230
48489,1998,852,1122,-270
48489,1999,767,1007,-240
48489,2000,654,1084,-430
48489,2001,812,925,-113
48489,2002,717,911,-194
48489,2003,803,947,-144
48489,2004,814,940,-126
48489,2005,792,952,-160
48489,2006,615,903,-288
48489,2007,798,947,-149
48489,2008,678,788,-110
48489,2009,726,739,-13
48489,2010,691,823,-132
48491,1990,12547,9511,3036
48491,1991,13104,9562,3542
48491,1992,14946,9822,5124
48491,1993,17381,10613,6768
48491,1994,17153,10603,6550
48491,1995,20788,12164,8624
48491,1996,20961,13793,7168
48491,1997,21586,13971,7615
48491,1998,24763,14471,10292
48491,1999,27094,15727,11367
48491,2000,30256,17339,12917
48491,2001,26744,19910,6834
48491,2002,25757,19014,6743
48491,2003,27032,19719,7313
48491,2004,30230,21166,9064
48491,2005,33736,22278,11458
48491,2006,37206,23423,13783
48491,2007,37837,23795,14042
48491,2008,33903,25373,8530
48491,2009,33897,24948,8949
48491,2010,33752,24876,8876
48493,1990,1380,1128,252
48493,1991,1409,1128,281
48493,1992,1716,1155,561
48493,1993,1873,1072,801
48493,1994,2047,1067,980
48493,1995,1942,1135,807
48493,1996,2188,1365,823
48493,1997,1971,1294,677
48493,1998,2173,1433,740
48493,1999,2204,1483,721
48493,2000,2098,1700,398
48493,2001,2005,1368,637
48493,2002,2197,1644,553
48493,2003,2415,1519,896
48493,2004,2411,1846,565
48493,2005,2577,1756,821
48493,2006,2821,1934,887
48493,2007,2829,1936,893
48493,2008,2341,2131,210
48493,2009,2417,1907,510
48493,2010,2437,1949,488
48495,1990,611,717,-106
48495,1991,469,696,-227
48495,1992,389,734,-345
48495,1993,468,635,-167
48495,1994,399,630,-231
48495,1995,498,584,-86
48495,1996,500,565,-65
48495,1997,472,485,-13
48495,1998,371,629,-258
48495,1999,361,674,-313
48495,2000,416,488,-72
48495,2001,349,463,-114
48495,2002,278,457,-179
48495,2003,412,486,-74
48495,2004,331,460,-129
48495,2005,449,435,14
48495,2006,493,406,87
48495,2007,508,355,153
48495,2008,388,393,-5
48495,2009,340,453,-113
48495,2010,455,381,74
48497,1990,2434,2108,326
48497,1991,2227,2054,173
48497,1992,2419,2061,358
48497,1993,2592,1899,693
48497,1994,2757,1842,915
48497,1995,2935,2060,875
48497,1996,3315,1953,1362
48497,1997,3292,2159,1133
48497,1998,3757,2249,1508
48497,1999,4129,2450,1679
48497,2000,3927,2720,1207
48497,2001,3829,2966,863
48497,2002,3813,2919,894
48497,2003,3621,3090,531
48497,2004,3906,3156,750
48497,2005,3826,3263,563
48497,2006,3699,3258,441
48497,2007,3879,3339,540
48497,2008,3893,3375,518
48497,2009,3235,3405,-170
48497,2010,3717,3175,542
48499,1990,1964,1736,228
48499,1991,1961,1724,237
48499,1992,2352,1657,695
48499,1993,2363,1552,811
48499,1994,2263,1695,568
48499,1995,1806,1366,440
48499,1996,1774,1404,370
48499,1997,1725,1547,178
48499,1998,1674,1635,39
48499,1999,1718,1417,301
48499,2000,1949,1513,436
48499,2001,1926,1552,374
48499,2002,2535,1601,934
48499,2003,2682,1791,891
48499,2004,2506,2041,465
48499,2005,2718,1891,827
48499,2006,2477,2114,363
48499,2007,2542,2159,383
48499,2008,2391,2069,322
48499,2009,2229,1980,249
48499,2010,2190,1890,300
48501,1990,634,822,-188
48501,1991,627,666,-39
48501,1992,561,955,-394
48501,1993,528,857,-329
48501,1994,439,797,-358
48501,1995,458,619,-161
48501,1996,438,788,-350
48501,1997,445,605,-160
48501,1998,383,654,-271
48501,1999,413,670,-257
48501,2000,459,537,-78
48501,2001,363,496,-133
48501,2002,378,424,-46
48501,2003,457,441,16
48501,2004,412,461,-49
48501,2005,395,462,-67
48501,2006,476,466,10
48501,2007,515,411,104
48501,2008,492,475,17
48501,2009,422,513,-91
48501,2010,454,408,46
48503,1990,919,1080,-161
48503,1991,916,1075,-159
48503,1992,994,970,24
48503,1993,1150,1189,-39
48503,1994,1107,986,121
48503,1995,911,1065,-154
48503,1996,931,872,59
48503,1997,968,955,13
48503,1998,1002,986,16
48503,1999,944,1006,-62
48503,2000,830,959,-129
48503,2001,928,950,-22
48503,2002,977,780,197
48503,2003,864,902,-38
48503,2004,912,911,1
48503,2005,1124,841,283
48503,2006,893,960,-67
48503,2007,891,943,-52
48503,2008,1009,820,189
48503,2009,814,834,-20
48503,2010,734,839,-105
48505,1990,371,345,26
48505,1991,379,317,62
48505,1992,557,386,171
48505,1993,571,417,154
48505,1994,480,438,42
48505,1995,462,437,25
48505,1996,418,465,-47
48505,1997,502,427,75
48505,1998,372,525,-153
48505,1999,373,434,-61
48505,2000,457,398,59
48505,2001,426,374,52
48505,2002,379,398,-19
48505,2003,425,404,21
48505,2004,439,385,54
48505,2005,348,442,-94
48505,2006,416,329,87
48505,2007,438,395,43
48505,2008,372,354,18
48505,2009,388,373,15
48505,2010,437,426,11
48507,1990,523,607,-84
48507,1991,592,781,-189
48507,1992,519,721,-202
48507,1993,475,635,-160
48507,1994,614,692,-78
48507,1995,524,746,-222
48507,1996,501,843,-342
48507,1997,598,632,-34
48507,1998,471,558,-87
48507,1999,547,625,-78
48507,2000,465,614,-149
48507,2001,483,545,-62
48507,2002,465,582,-117
48507,2003,487,561,-74
48507,2004,484,504,-20
48507,2005,505,490,15
48507,2006,439,547,-108
48507,2007,425,517,-92
48507,2008,430,638,-208
48507,2009,532,514,18
48507,2010,499,465,34
49001,1990,0,229,-229
49001,1991,254,0,254
49001,1992,241,195,46
49001,1993,285,201,84
49001,1994,351,194,157
49001,1995,412,226,186
49001,1996,370,279,91
49001,1997,338,379,-41
49001,1998,371,347,24
49001,1999,316,339,-23
49001,2000,304,380,-76
49001,2001,366,368,-2
49001,2002,267,354,-87
49001,2003,350,394,-44
49001,2004,355,316,39
49001,2005,379,369,10
49001,2006,356,417,-61
49001,2007,339,321,18
49001,2008,316,306,10
49001,2009,294,366,-72
49001,2010,263,402,-139
49003,1990,1609,1751,-142
49003,1991,1809,1737,72
49003,1992,1921,1857,64
49003,1993,2009,1780,229
49003,1994,1956,1829,127
49003,1995,2051,1847,204
49003,1996,2199,1797,402
49003,1997,2163,1926,237
49003,1998,2272,2057,215
49003,1999,2057,2092,-35
49003,2000,2187,2264,-77
49003,2001,2318,2208,110
49003,2002,2207,2241,-34
49003,2003,2006,2342,-336
49003,2004,2303,2375,-72
49003,2005,2687,2448,239
49003,2006,3008,2379,629
49003,2007,3127,2424,703
49003,2008,2782,2522,260
49003,2009,2462,2239,223
49003,2010,2308,2927,-619
49005,1990,4283,4400,-117
49005,1991,4529,4497,32
49005,1992,4502,4584,-82
49005,1993,4497,4834,-337
49005,1994,4964,5088,-124
49005,1995,4901,5261,-360
49005,1996,4996,5559,-563
49005,1997,5225,5883,-658
49005,1998,4729,6443,-1714
49005,1999,5035,5895,-860
49005,2000,5140,6564,-1424
49005,2001,5392,5899,-507
49005,2002,5099,5856,-757
49005,2003,5179,6056,-877
49005,2004,5206,6452,-1246
49005,2005,5472,7126,-1654
49005,2006,6304,6647,-343
49005,2007,7022,6424,598
49005,2008,6099,6195,-96
49005,2009,5739,5756,-17
49005,2010,5223,6405,-1182
49007,1990,909,1022,-113
49007,1991,959,1081,-122
49007,1992,996,1334,-338
49007,1993,1148,1007,141
49007,1994,1045,995,50
49007,1995,1117,966,151
49007,1996,1054,992,62
49007,1997,1049,1132,-83
49007,1998,1010,1234,-224
49007,1999,963,1261,-298
49007,2000,813,1436,-623
49007,2001,1108,1125,-17
49007,2002,1006,1138,-132
49007,2003,872,1133,-261
49007,2004,854,1143,-289
49007,2005,1043,993,50
49007,2006,1184,1055,129
49007,2007,1134,1229,-95
49007,2008,1146,1000,146
49007,2009,1058,1066,-8
49007,2010,939,1098,-159
49009,1990,0,0,0
49009,1991,0,0,0
49009,1992,0,0,0
49009,1993,65,45,20
49009,1994,103,98,5
49009,1995,19,0,19
49009,1996,51,64,-13
49009,1997,58,78,-20
49009,1998,66,57,9
49009,1999,106,85,21
49009,2000,54,80,-26
49009,2001,69,93,-24
49009,2002,65,71,-6
49009,2003,84,67,17
49009,2004,91,79,12
49009,2005,93,77,16
49009,2006,82,99,-17
49009,2007,73,76,-3
49009,2008,74,41,33
49009,2009,86,65,21
49009,2010,107,42,65
49011,1990,13673,12255,1418
49011,1991,14619,12252,2367
49011,1992,16160,13687,2473
49011,1993,15826,13826,2000
49011,1994,15180,14253,927
49011,1995,15937,14421,1516
49011,1996,16308,14871,1437
49011,1997,17201,15151,2050
49011,1998,17477,15879,1598
49011,1999,17664,16883,781
49011,2000,17154,16890,264
49011,2001,17910,17263,647
49011,2002,18063,16180,1883
49011,2003,19067,17641,1426
49011,2004,19473,17297,2176
49011,2005,22024,18134,3890
49011,2006,22746,18783,3963
49011,2007,21313,18951,2362
49011,2008,19594,18972,622
49011,2009,18524,18044,480
49011,2010,17736,18113,-377
49013,1990,649,701,-52
49013,1991,671,599,72
49013,1992,707,618,89
49013,1993,792,623,169
49013,1994,744,624,120
49013,1995,732,686,46
49013,1996,826,749,77
49013,1997,754,725,29
49013,1998,768,736,32
49013,1999,708,858,-150
49013,2000,815,820,-5
49013,2001,969,840,129
49013,2002,808,914,-106
49013,2003,791,837,-46
49013,2004,882,720,162
49013,2005,972,816,156
49013,2006,1199,684,515
49013,2007,1295,818,477
49013,2008,1581,773,808
49013,2009,1027,1196,-169
49013,2010,1041,1060,-19
49015,1990,472,581,-109
49015,1991,364,595,-231
49015,1992,477,473,4
49015,1993,449,427,22
49015,1994,443,494,-51
49015,1995,531,534,-3
49015,1996,553,476,77
49015,1997,531,562,-31
49015,1998,499,608,-109
49015,1999,403,580,-177
49015,2000,335,625,-290
49015,2001,436,592,-156
49015,2002,517,572,-55
49015,2003,482,607,-125
49015,2004,477,583,-106
49015,2005,478,615,-137
49015,2006,515,563,-48
49015,2007,565,540,25
49015,2008,584,517,67
49015,2009,441,509,-68
49015,2010,564,601,-37
49017,1990,0,281,-281
49017,1991,281,252,29
49017,1992,249,274,-25
49017,1993,304,290,14
49017,1994,313,282,31
49017,1995,304,295,9
49017,1996,262,244,18
49017,1997,309,274,35
49017,1998,219,276,-57
49017,1999,288,259,29
49017,2000,290,348,-58
49017,2001,248,330,-82
49017,2002,240,304,-64
49017,2003,223,343,-120
49017,2004,289,317,-28
49017,2005,353,331,22
49017,2006,338,245,93
49017,2007,346,244,102
49017,2008,295,287,8
49017,2009,322,275,47
49017,2010,247,290,-43
49019,1990,438,409,29
49019,1991,598,329,269
49019,1992,552,364,188
49019,1993,600,404,196
49019,1994,544,474,70
49019,1995,540,424,116
49019,1996,556,558,-2
49019,1997,554,636,-82
49019,1998,515,472,43
49019,1999,570,524,46
49019,2000,512,492,20
49019,2001,529,460,69
49019,2002,505,507,-2
49019,2003,555,550,5
49019,2004,574,524,50
49019,2005,615,495,120
49019,2006,612,586,26
49019,2007,661,570,91
49019,2008,523,543,-20
49019,2009,638,495,143
49019,2010,491,545,-54
49021,1990,1625,1499,126
49021,1991,1625,1495,130
49021,1992,2132,1384,748
49021,1993,2206,1525,681
49021,1994,2606,1719,887
49021,1995,2211,1858,353
49021,1996,2194,1999,195
49021,1997,2443,2103,340
49021,1998,2343,2345,-2
49021,1999,2359,2269,90
49021,2000,2439,2484,-45
49021,2001,2597,2530,67
49021,2002,2412,2649,-237
49021,2003,2783,2670,113
49021,2004,3423,2595,828
49021,2005,3790,2638,1152
49021,2006,3369,2921,448
49021,2007,3139,3210,-71
49021,2008,2972,2776,196
49021,2009,2766,2992,-226
49021,2010,2620,3011,-391
49023,1990,332,296,36
49023,1991,333,340,-7
49023,1992,357,269,88
49023,1993,502,261,241
49023,1994,510,277,233
49023,1995,608,357,251
49023,1996,450,346,104
49023,1997,582,366,216
49023,1998,495,418,77
49023,1999,530,469,61
49023,2000,563,491,72
49023,2001,464,469,-5
49023,2002,490,471,19
49023,2003,547,443,104
49023,2004,581,532,49
49023,2005,667,521,146
49023,2006,745,442,303
49023,2007,782,509,273
49023,2008,583,532,51
49023,2009,555,583,-28
49023,2010,492,513,-21
49025,1990,318,399,-81
49025,1991,367,360,7
49025,1992,393,346,47
49025,1993,460,294,166
49025,1994,528,321,207
49025,1995,497,622,-125
49025,1996,454,530,-76
49025,1997,507,423,84
49025,1998,386,465,-79
49025,1999,433,387,46
49025,2000,314,420,-106
49025,2001,457,408,49
49025,2002,372,393,-21
49025,2003,435,396,39
49025,2004,480,414,66
49025,2005,583,366,217
49025,2006,497,423,74
49025,2007,450,417,33
49025,2008,485,478,7
49025,2009,446,417,29
49025,2010,463,386,77
49027,1990,521,505,16
49027,1991,495,528,-33
49027,1992,553,486,67
49027,1993,531,502,29
49027,1994,597,506,91
49027,1995,560,618,-58
49027,1996,527,559,-32
49027,1997,685,576,109
49027,1998,525,523,2
49027,1999,558,682,-124
49027,2000,508,646,-138
49027,2001,516,658,-142
49027,2002,546,598,-52
49027,2003,492,671,-179
49027,2004,502,695,-193
49027,2005,556,652,-96
49027,2006,546,630,-84
49027,2007,667,589,78
49027,2008,602,631,-29
49027,2009,630,609,21
49027,2010,494,533,-39
49029,1990,377,354,23
49029,1991,408,297,111
49029,1992,532,339,193
49029,1993,499,298,201
49029,1994,475,324,151
49029,1995,490,378,112
49029,1996,479,458,21
49029,1997,414,399,15
49029,1998,448,390,58
49029,1999,507,413,94
49029,2000,510,446,64
49029,2001,486,427,59
49029,2002,447,425,22
49029,2003,502,440,62
49029,2004,601,388,213
49029,2005,824,571,253
49029,2006,759,504,255
49029,2007,758,542,216
49029,2008,603,551,52
49029,2009,529,500,29
49029,2010,534,530,4
49031,1990,0,0,0
49031,1991,0,0,0
49031,1992,80,43,37
49031,1993,80,72,8
49031,1994,84,60,24
49031,1995,0,0,0
49031,1996,41,78,-37
49031,1997,68,67,1
49031,1998,91,36,55
49031,1999,119,79,40
49031,2000,73,114,-41
49031,2001,69,79,-10
49031,2002,75,82,-7
49031,2003,63,53,10
49031,2004,54,66,-12
49031,2005,69,113,-44
49031,2006,68,53,15
49031,2007,124,76,48
49031,2008,66,82,-16
49031,2009,81,92,-11
49031,2010,54,70,-16
49033,1990,0,150,-150
49033,1991,111,108,3
49033,1992,132,100,32
49033,1993,113,74,39
49033,1994,90,84,6
49033,1995,98,94,4
49033,1996,96,144,-48
49033,1997,114,104,10
49033,1998,123,104,19
49033,1999,97,87,10
49033,2000,110,124,-14
49033,2001,110,111,-1
49033,2002,152,101,51
49033,2003,155,153,2
49033,2004,115,148,-33
49033,2005,128,150,-22
49033,2006,169,126,43
49033,2007,211,119,92
49033,2008,159,159,0
49033,2009,155,202,-47
49033,2010,169,134,35
49035,1990,30891,27441,3450
49035,1991,32333,27441,4892
49035,1992,33108,28454,4654
49035,1993,32974,30668,2306
49035,1994,33189,33637,-448
49035,1995,33771,34622,-851
49035,1996,34452,35428,-976
49035,1997,33537,39024,-5487
49035,1998,32618,40384,-7766
49035,1999,32533,41942,-9409
49035,2000,33434,41285,-7851
49035,2001,32045,41704,-9659
49035,2002,30912,40780,-9868
49035,2003,31989,38891,-6902
49035,2004,35193,38912,-3719
49035,2005,39660,39973,-313
49035,2006,40396,41255,-859
49035,2007,41448,41958,-510
49035,2008,39490,41003,-1513
49035,2009,37566,39469,-1903
49035,2010,38366,39275,-909
49037,1990,677,1220,-543
49037,1991,1152,944,208
49037,1992,1077,967,110
49037,1993,1184,1026,158
49037,1994,1080,1049,31
49037,1995,850,1129,-279
49037,1996,869,965,-96
49037,1997,930,965,-35
49037,1998,826,956,-130
49037,1999,774,933,-159
49037,2000,694,1222,-528
49037,2001,877,856,21
49037,2002,827,916,-89
49037,2003,853,850,3
49037,2004,761,851,-90
49037,2005,813,841,-28
49037,2006,852,772,80
49037,2007,944,777,167
49037,2008,846,877,-31
49037,2009,808,724,84
49037,2010,772,880,-108
49039,1990,973,798,175
49039,1991,1036,778,258
49039,1992,1148,844,304
49039,1993,1098,780,318
49039,1994,1057,798,259
49039,1995,1391,873,518
49039,1996,1197,823,374
49039,1997,1160,889,271
49039,1998,1150,990,160
49039,1999,1064,1134,-70
49039,2000,1201,1142,59
49039,2001,1155,1225,-70
49039,2002,1185,1154,31
49039,2003,1136,1406,-270
49039,2004,1184,1256,-72
49039,2005,1240,1318,-78
49039,2006,1479,1160,319
49039,2007,1482,1163,319
49039,2008,1356,1291,65
49039,2009,1230,1276,-46
49039,2010,1311,1437,-126
49041,1990,757,730,27
49041,1991,750,645,105
49041,1992,937,764,173
49041,1993,893,637,256
49041,1994,958,697,261
49041,1995,981,753,228
49041,1996,913,690,223
49041,1997,950,723,227
49041,1998,959,938,21
49041,1999,984,951,33
49041,2000,951,963,-12
49041,2001,857,893,-36
49041,2002,860,976,-116
49041,2003,1031,908,123
49041,2004,938,1128,-190
49041,2005,1094,925,169
49041,2006,1082,886,196
49041,2007,1057,874,183
49041,2008,982,999,-17
49041,2009,872,935,-63
49041,2010,876,930,-54
49043,1990,1847,1033,814
49043,1991,2005,1196,809
49043,1992,2476,1279,1197
49043,1993,2665,1486,1179
49043,1994,2718,1513,1205
49043,1995,2368,1618,750
49043,1996,2460,1814,646
49043,1997,2550,1936,614
49043,1998,2532,2113,419
49043,1999,2550,2171,379
49043,2000,2534,2185,349
49043,2001,2546,2266,280
49043,2002,2703,2248,455
49043,2003,2683,2215,468
49043,2004,2895,2333,562
49043,2005,2447,2715,-268
49043,2006,2300,2374,-74
49043,2007,2538,2486,52
49043,2008,2596,2426,170
49043,2009,2716,2406,310
49043,2010,2893,2564,329
49045,1990,1763,1720,43
49045,1991,1871,1758,113
49045,1992,2005,1823,182
49045,1993,2402,1933,469
49045,1994,2340,2122,218
49045,1995,2629,2273,356
49045,1996,2940,2186,754
49045,1997,3490,2206,1284
49045,1998,3890,2234,1656
49045,1999,4642,2261,2381
49045,2000,4202,2890,1312
49045,2001,3880,2877,1003
49045,2002,3967,3003,964
49045,2003,3647,3056,591
49045,2004,3977,3397,580
49045,2005,4704,3543,1161
49045,2006,4967,3504,1463
49045,2007,4570,3409,1161
49045,2008,3730,3265,465
49045,2009,3645,3051,594
49045,2010,3291,3205,86
49047,1990,1434,1134,300
49047,1991,1217,1108,109
49047,1992,1379,1176,203
49047,1993,1145,1041,104
49047,1994,1192,1120,72
49047,1995,1077,1222,-145
49047,1996,1147,976,171
49047,1997,1155,1206,-51
49047,1998,1164,1115,49
49047,1999,1148,1261,-113
49047,2000,1276,1123,153
49047,2001,1296,1189,107
49047,2002,1134,1332,-198
49047,2003,1295,1298,-3
49047,2004,1424,1223,201
49047,2005,1746,1334,412
49047,2006,1915,1330,585
49047,2007,2039,1570,469
49047,2008,2683,1542,1141
49047,2009,1669,2450,-781
49047,2010,2021,1751,270
49049,1990,12930,14111,-1181
49049,1991,13435,13390,45
49049,1992,15183,13974,1209
49049,1993,15156,14029,1127
49049,1994,15761,15161,600
49049,1995,15702,16086,-384
49049,1996,16493,16488,5
49049,1997,15974,17719,-1745
49049,1998,17538,18867,-1329
49049,1999,18228,19056,-828
49049,2000,19836,20020,-184
49049,2001,18934,21268,-2334
49049,2002,18686,21208,-2522
49049,2003,19982,21920,-1938
49049,2004,21542,21988,-446
49049,2005,25832,23192,2640
49049,2006,27834,22694,5140
49049,2007,26901,23738,3163
49049,2008,25867,24308,1559
49049,2009,23801,24255,-454
49049,2010,22679,25037,-2358
49051,1990,685,547,138
49051,1991,725,606,119
49051,1992,780,594,186
49051,1993,868,597,271
49051,1994,786,617,169
49051,1995,960,658,302
49051,1996,1027,730,297
49051,1997,1078,800,278
49051,1998,1160,886,274
49051,1999,1244,823,421
49051,2000,1251,861,390
49051,2001,1411,1011,400
49051,2002,1269,990,279
49051,2003,1302,1179,123
49051,2004,1692,1354,338
49051,2005,2205,1485,720
49051,2006,1706,1458,248
49051,2007,1792,1561,231
49051,2008,1695,1601,94
49051,2009,1773,1702,71
49051,2010,1848,1436,412
49053,1990,4576,2581,1995
49053,1991,4700,2736,1964
49053,1992,5712,2829,2883
49053,1993,7135,2652,4483
49053,1994,6746,3201,3545
49053,1995,6556,3557,2999
49053,1996,6138,4138,2000
49053,1997,6031,4843,1188
49053,1998,6114,4658,1456
49053,1999,6251,4748,1503
49053,2000,6675,5008,1667
49053,2001,7555,4872,2683
49053,2002,7962,5153,2809
49053,2003,8584,5210,3374
49053,2004,11093,5617,5476
49053,2005,10697,6582,4115
49053,2006,9378,6878,2500
49053,2007,8346,7420,926
49053,2008,7085,7759,-674
49053,2009,6971,7225,-254
49053,2010,7887,6713,1174
49055,1990,108,0,108
49055,1991,0,156,-156
49055,1992,185,104,81
49055,1993,151,117,34
49055,1994,169,150,19
49055,1995,200,162,38
49055,1996,136,148,-12
49055,1997,133,179,-46
49055,1998,187,184,3
49055,1999,212,152,60
49055,2000,173,196,-23
49055,2001,142,159,-17
49055,2002,132,217,-85
49055,2003,148,158,-10
49055,2004,136,178,-42
49055,2005,189,142,47
49055,2006,188,174,14
49055,2007,186,127,59
49055,2008,171,198,-27
49055,2009,117,130,-13
49055,2010,118,151,-33
49057,1990,8666,8391,275
49057,1991,9688,8498,1190
49057,1992,10500,9160,1340
49057,1993,10897,9521,1376
49057,1994,10570,9558,1012
49057,1995,10395,9915,480
49057,1996,10271,10096,175
49057,1997,9962,10994,-1032
49057,1998,10439,11385,-946
49057,1999,10755,10957,-202
49057,2000,10661,11041,-380
49057,2001,11272,11233,39
49057,2002,10664,11395,-731
49057,2003,10989,11580,-591
49057,2004,11218,11921,-703
49057,2005,11887,12339,-452
49057,2006,13260,11610,1650
49057,2007,13880,11336,2544
49057,2008,12588,11506,1082
49057,2009,11707,11193,514
49057,2010,11011,11507,-496
50001,1990,1444,1457,-13
50001,1991,1410,1302,108
50001,1992,1445,1361,84
50001,1993,1419,1359,60
50001,1994,1521,1525,-4
50001,1995,1380,1381,-1
50001,1996,1469,1483,-14
50001,1997,1467,1389,78
50001,1998,1630,1584,46
50001,1999,1653,1488,165
50001,2000,837,1643,-806
50001,2001,1612,1469,143
50001,2002,1569,1486,83
50001,2003,1548,1403,145
50001,2004,1467,1387,80
50001,2005,1522,1449,73
50001,2006,1507,1397,110
50001,2007,1352,1388,-36
50001,2008,1446,1463,-17
50001,2009,1213,1310,-97
50001,2010,1338,1371,-33
50003,1990,1422,1636,-214
50003,1991,1329,1383,-54
50003,1992,1505,1397,108
50003,1993,1523,1327,196
50003,1994,1591,1397,194
50003,1995,1476,1424,52
50003,1996,1344,1460,-116
50003,1997,1416,1508,-92
50003,1998,1568,1542,26
50003,1999,1455,1479,-24
50003,2000,707,1743,-1036
50003,2001,1519,1400,119
50003,2002,1545,1517,28
50003,2003,1476,1619,-143
50003,2004,1416,1534,-118
50003,2005,1488,1412,76
50003,2006,1336,1407,-71
50003,2007,1347,1368,-21
50003,2008,1196,1245,-49
50003,2009,1113,1167,-54
50003,2010,1136,1237,-101
50005,1990,1124,1072,52
50005,1991,1078,1090,-12
50005,1992,1128,995,133
50005,1993,1047,1149,-102
50005,1994,1185,1152,33
50005,1995,1224,1129,95
50005,1996,1092,1256,-164
50005,1997,1121,1224,-103
50005,1998,1246,1082,164
50005,1999,1299,1249,50
50005,2000,701,1346,-645
50005,2001,1344,1171,173
50005,2002,1182,1117,65
50005,2003,1358,1076,282
50005,2004,1256,1210,46
50005,2005,1337,1131,206
50005,2006,1092,1161,-69
50005,2007,1145,1303,-158
50005,2008,1233,1200,33
50005,2009,1057,1089,-32
50005,2010,1019,1104,-85
50007,1990,5971,6387,-416
50007,1991,5613,5949,-336
50007,1992,6472,6098,374
50007,1993,7015,6638,377
50007,1994,6824,6725,99
50007,1995,6629,6426,203
50007,1996,6807,6803,4
50007,1997,6396,6783,-387
50007,1998,6878,6766,112
50007,1999,7120,6931,189
50007,2000,5295,8404,-3109
50007,2001,6906,7315,-409
50007,2002,6615,7243,-628
50007,2003,6733,7291,-558
50007,2004,6394,7176,-782
50007,2005,6508,7070,-562
50007,2006,6358,6824,-466
50007,2007,6488,6929,-441
50007,2008,6321,6426,-105
50007,2009,5857,6052,-195
50007,2010,6006,6328,-322
50009,1990,358,382,-24
50009,1991,403,315,88
50009,1992,382,334,48
50009,1993,307,364,-57
50009,1994,401,341,60
50009,1995,362,362,0
50009,1996,369,344,25
50009,1997,372,284,88
50009,1998,387,337,50
50009,1999,417,416,1
50009,2000,215,410,-195
50009,2001,415,371,44
50009,2002,360,344,16
50009,2003,428,339,89
50009,2004,355,343,12
50009,2005,368,425,-57
50009,2006,412,317,95
50009,2007,389,356,33
50009,2008,353,395,-42
50009,2009,314,305,9
50009,2010,358,327,31
50011,1990,1534,1370,164
50011,1991,1363,1241,122
50011,1992,1453,1313,140
50011,1993,1568,1338,230
50011,1994,1578,1513,65
50011,1995,1352,1271,81
50011,1996,1385,1400,-15
50011,1997,1433,1319,114
50011,1998,1478,1349,129
50011,1999,1630,1347,283
50011,2000,995,1726,-731
50011,2001,1676,1511,165
50011,2002,1550,1389,161
50011,2003,1560,1445,115
50011,2004,1813,1734,79
50011,2005,1673,1696,-23
50011,2006,1652,1717,-65
50011,2007,1658,1782,-124
50011,2008,1579,1609,-30
50011,2009,1452,1527,-75
50011,2010,1586,1356,230
50013,1990,412,309,103
50013,1991,423,392,31
50013,1992,364,298,66
50013,1993,417,393,24
50013,1994,467,383,84
50013,1995,438,357,81
50013,1996,450,331,119
50013,1997,424,369,55
50013,1998,556,460,96
50013,1999,498,401,97
50013,2000,393,618,-225
50013,2001,641,499,142
50013,2002,596,447,149
50013,2003,596,485,111
50013,2004,575,514,61
50013,2005,472,484,-12
50013,2006,484,498,-14
50013,2007,525,417,108
50013,2008,393,503,-110
50013,2009,383,400,-17
50013,2010,440,443,-3
50015,1990,1200,940,260
50015,1991,1001,968,33
50015,1992,978,836,142
50015,1993,1049,942,107
50015,1994,1064,992,72
50015,1995,1017,838,179
50015,1996,1010,1094,-84
50015,1997,1084,1014,70
50015,1998,1147,1021,126
50015,1999,1273,978,295
50015,2000,683,1306,-623
50015,2001,1349,1183,166
50015,2002,1268,1171,97
50015,2003,1165,1164,1
50015,2004,1308,1295,13
50015,2005,1203,1253,-50
50015,2006,1124,1228,-104
50015,2007,1218,1220,-2
50015,2008,1047,1114,-67
50015,2009,1104,1043,61
50015,2010,1171,1118,53
50017,1990,1468,1411,57
50017,1991,1333,1313,20
50017,1992,1433,1328,105
50017,1993,1386,1318,68
50017,1994,1571,1409,162
50017,1995,1489,1369,120
50017,1996,1594,1462,132
50017,1997,1446,1367,79
50017,1998,1466,1535,-69
50017,1999,1682,1442,240
50017,2000,1130,1760,-630
50017,2001,1563,1465,98
50017,2002,1658,1455,203
50017,2003,1544,1428,116
50017,2004,1548,1471,77
50017,2005,1609,1500,109
50017,2006,1405,1500,-95
50017,2007,1477,1495,-18
50017,2008,1445,1480,-35
50017,2009,1308,1259,49
50017,2010,1335,1264,71
50019,1990,847,764,83
50019,1991,763,745,18
50019,1992,819,796,23
50019,1993,792,722,70
50019,1994,850,811,39
50019,1995,886,775,111
50019,1996,921,796,125
50019,1997,844,844,0
50019,1998,892,814,78
50019,1999,989,800,189
50019,2000,474,1019,-545
50019,2001,983,904,79
50019,2002,1094,727,367
50019,2003,1055,858,197
50019,2004,1042,845,197
50019,2005,988,902,86
50019,2006,858,828,30
50019,2007,886,1006,-120
50019,2008,888,904,-16
50019,2009,831,832,-1
50019,2010,787,843,-56
50021,1990,2182,2250,-68
50021,1991,1888,2046,-158
50021,1992,1907,2083,-176
50021,1993,1907,1985,-78
50021,1994,2083,2024,59
50021,1995,2047,1971,76
50021,1996,2024,2190,-166
50021,1997,2038,2086,-48
50021,1998,2197,2359,-162
50021,1999,2254,2210,44
50021,2000,1052,2346,-1294
50021,2001,2078,2054,24
50021,2002,2145,1967,178
50021,2003,2003,2050,-47
50021,2004,2142,2037,105
50021,2005,2069,2133,-64
50021,2006,1958,2004,-46
50021,2007,1861,2130,-269
50021,2008,1779,2037,-258
50021,2009,1637,1846,-209
50021,2010,1734,1986,-252
50023,1990,2244,2598,-354
50023,1991,2046,2110,-64
50023,1992,2186,2323,-137
50023,1993,2269,2256,13
50023,1994,2456,2369,87
50023,1995,2247,2416,-169
50023,1996,2241,2356,-115
50023,1997,2249,2435,-186
50023,1998,2444,2466,-22
50023,1999,2458,2473,-15
50023,2000,1641,2856,-1215
50023,2001,2630,2421,209
50023,2002,2493,2589,-96
50023,2003,2452,2480,-28
50023,2004,2600,2407,193
50023,2005,2488,2578,-90
50023,2006,2324,2554,-230
50023,2007,2342,2476,-134
50023,2008,2265,2375,-110
50023,2009,2301,2232,69
50023,2010,2264,2316,-52
50025,1990,1963,2400,-437
50025,1991,2013,2041,-28
50025,1992,1941,1921,20
50025,1993,2044,1766,278
50025,1994,2103,2159,-56
50025,1995,2002,1866,136
50025,1996,2029,2025,4
50025,1997,2018,2365,-347
50025,1998,2180,2338,-158
50025,1999,2013,2208,-195
50025,2000,1099,2284,-1185
50025,2001,2097,1964,133
50025,2002,2170,1968,202
50025,2003,1939,2106,-167
50025,2004,1904,1955,-51
50025,2005,1979,1979,0
50025,2006,1772,1856,-84
50025,2007,1850,2007,-157
50025,2008,1874,1857,17
50025,2009,1699,1738,-39
50025,2010,1626,1793,-167
50027,1990,2925,2937,-12
50027,1991,2628,2671,-43
50027,1992,2643,2758,-115
50027,1993,2823,2785,38
50027,1994,3050,2765,285
50027,1995,2813,2642,171
50027,1996,2762,2768,-6
50027,1997,2959,2763,196
50027,1998,3080,3010,70
50027,1999,3225,2900,325
50027,2000,1982,3521,-1539
50027,2001,3057,2781,276
50027,2002,3022,2841,181
50027,2003,2832,2847,-15
50027,2004,2825,2902,-77
50027,2005,2934,3000,-66
50027,2006,2802,2923,-121
50027,2007,2727,2877,-150
50027,2008,2701,2823,-122
50027,2009,2506,2606,-100
50027,2010,2608,2567,41
51001,1990,1297,1135,162
51001,1991,1261,1217,44
51001,1992,1295,1116,179
51001,1993,1394,1222,172
51001,1994,1266,1274,-8
51001,1995,1260,1219,41
51001,1996,1245,1272,-27
51001,1997,1399,1202,197
51001,1998,1146,1237,-91
51001,1999,1408,1201,207
51001,2000,1359,1312,47
51001,2001,1335,1177,158
51001,2002,1266,1125,141
51001,2003,1337,1204,133
51001,2004,1329,1244,85
51001,2005,1299,1298,1
51001,2006,1141,1240,-99
51001,2007,1308,1430,-122
51001,2008,1232,1198,34
51001,2009,1252,1156,96
51001,2010,1263,1330,-67
51003,1990,5057,5285,-228
51003,1991,4909,6371,-1462
51003,1992,5198,5603,-405
51003,1993,5412,5168,244
51003,1994,5443,5297,146
51003,1995,6798,6059,739
51003,1996,7104,6423,681
51003,1997,7525,6419,1106
51003,1998,7569,6609,960
51003,1999,7812,6851,961
51003,2000,7464,7048,416
51003,2001,7516,7156,360
51003,2002,7367,6972,395
51003,2003,7694,7017,677
51003,2004,7492,6471,1021
51003,2005,7623,6768,855
51003,2006,6814,6677,137
51003,2007,7344,6677,667
51003,2008,6554,6588,-34
51003,2009,6337,6245,92
51003,2010,7048,6403,645
51005,1990,614,724,-110
51005,1991,537,562,-25
51005,1992,647,598,49
51005,1993,429,758,-329
51005,1994,454,651,-197
51005,1995,439,476,-37
51005,1996,522,516,6
51005,1997,512,507,5
51005,1998,439,501,-62
51005,1999,490,469,21
51005,2000,443,491,-48
51005,2001,553,551,2
51005,2002,502,611,-109
51005,2003,524,513,11
51005,2004,538,517,21
51005,2005,469,488,-19
51005,2006,564,597,-33
51005,2007,465,532,-67
51005,2008,456,471,-15
51005,2009,420,433,-13
51005,2010,497,458,39
51007,1990,524,432,92
51007,1991,566,370,196
51007,1992,628,438,190
51007,1993,566,496,70
51007,1994,607,508,99
51007,1995,731,534,197
51007,1996,795,483,312
51007,1997,705,585,120
51007,1998,769,596,173
51007,1999,833,571,262
51007,2000,700,631,69
51007,2001,720,658,62
51007,2002,721,710,11
51007,2003,859,684,175
51007,2004,883,635,248
51007,2005,912,637,275
51007,2006,803,588,215
51007,2007,816,672,144
51007,2008,627,578,49
51007,2009,703,604,99
51007,2010,645,617,28
51009,1990,1269,1180,89
51009,1991,1358,1215,143
51009,1992,1369,1200,169
51009,1993,1458,1253,205
51009,1994,1509,1289,220
51009,1995,1459,1232,227
51009,1996,1421,1351,70
51009,1997,1421,1380,41
51009,1998,1520,1269,251
51009,1999,1407,1395,12
51009,2000,1475,1317,158
51009,2001,1335,1385,-50
51009,2002,1367,1235,132
51009,2003,1340,1343,-3
51009,2004,1463,1301,162
51009,2005,1426,1229,197
51009,2006,1376,1242,134
51009,2007,1466,1215,251
51009,2008,1371,1353,18
51009,2009,1387,1341,46
51009,2010,1230,1385,-155
51011,1990,638,476,162
51011,1991,532,527,5
51011,1992,528,507,21
51011,1993,512,493,19
51011,1994,701,504,197
51011,1995,579,506,73
51011,1996,565,466,99
51011,1997,622,507,115
51011,1998,691,566,125
51011,1999,621,617,4
51011,2000,657,537,120
51011,2001,531,614,-83
51011,2002,601,598,3
51011,2003,718,566,152
51011,2004,643,644,-1
51011,2005,804,549,255
51011,2006,777,558,219
51011,2007,803,500,303
51011,2008,710,642,68
51011,2009,711,553,158
51011,2010,652,569,83
51013,1990,20150,22866,-2716
51013,1991,21510,22903,-1393
51013,1992,21933,23933,-2000
51013,1993,22106,23706,-1600
51013,1994,20370,24187,-3817
51013,1995,19086,22817,-3731
51013,1996,19423,22930,-3507
51013,1997,19742,22500,-2758
51013,1998,20418,23812,-3394
51013,1999,19783,24425,-4642
51013,2000,19694,23661,-3967
51013,2001,20346,24980,-4634
51013,2002,21174,26605,-5431
51013,2003,21470,26795,-5325
51013,2004,21501,27177,-5676
51013,2005,21461,26474,-5013
51013,2006,21326,24142,-2816
51013,2007,22809,22932,-123
51013,2008,23407,22849,558
51013,2009,24040,23531,509
51013,2010,23948,23606,342
51015,1990,3143,2613,530
51015,1991,3202,2706,496
51015,1992,3191,2718,473
51015,1993,3294,2644,650
51015,1994,3483,2857,626
51015,1995,3343,2528,815
51015,1996,3302,2717,585
51015,1997,3289,2814,475
51015,1998,3743,2937,806
51015,1999,3435,2857,578
51015,2000,3424,2852,572
51015,2001,3715,2937,778
51015,2002,3563,2818,745
51015,2003,4040,2941,1099
51015,2004,3729,2859,870
51015,2005,3789,2698,1091
51015,2006,3356,2821,535
51015,2007,3209,2872,337
51015,2008,2967,2664,303
51015,2009,2723,2848,-125
51015,2010,2817,2682,135
51017,1990,218,254,-36
51017,1991,209,230,-21
51017,1992,256,229,27
51017,1993,231,208,23
51017,1994,215,231,-16
51017,1995,246,239,7
51017,1996,210,240,-30
51017,1997,235,231,4
51017,1998,239,253,-14
51017,1999,187,243,-56
51017,2000,252,232,20
51017,2001,222,206,16
51017,2002,206,225,-19
51017,2003,200,271,-71
51017,2004,205,247,-42
51017,2005,187,240,-53
51017,2006,196,226,-30
51017,2007,178,213,-35
51017,2008,200,234,-34
51017,2009,196,202,-6
51017,2010,206,236,-30
51019,1990,3105,2368,737
51019,1991,3161,2145,1016
51019,1992,3189,2443,746
51019,1993,3503,2414,1089
51019,1994,3660,2568,1092
51019,1995,4103,3185,918
51019,1996,4524,3321,1203
51019,1997,4662,3773,889
51019,1998,5144,3802,1342
51019,1999,4896,3825,1071
51019,2000,4650,3998,652
51019,2001,4823,3972,851
51019,2002,4646,3652,994
51019,2003,4778,3718,1060
51019,2004,4209,3105,1104
51019,2005,4439,3135,1304
51019,2006,4167,3303,864
51019,2007,3900,3547,353
51019,2008,3709,3026,683
51019,2009,3444,3035,409
51019,2010,3649,3004,645
51021,1990,229,254,-25
51021,1991,265,0,265
51021,1992,307,248,59
51021,1993,321,224,97
51021,1994,263,250,13
51021,1995,318,266,52
51021,1996,342,272,70
51021,1997,275,300,-25
51021,1998,232,247,-15
51021,1999,278,320,-42
51021,2000,307,245,62
51021,2001,240,282,-42
51021,2002,278,207,71
51021,2003,246,184,62
51021,2004,247,272,-25
51021,2005,250,268,-18
51021,2006,342,240,102
51021,2007,265,243,22
51021,2008,241,267,-26
51021,2009,210,223,-13
51021,2010,264,209,55
51023,1990,1504,1179,325
51023,1991,1530,1348,182
51023,1992,1598,1363,235
51023,1993,1750,1515,235
51023,1994,1638,1276,362
51023,1995,2060,1628,432
51023,1996,2323,1814,509
51023,1997,2252,1871,381
51023,1998,2626,2120,506
51023,1999,2367,2049,318
51023,2000,2169,2108,61
51023,2001,2683,2076,607
51023,2002,2080,1712,368
51023,2003,2078,1760,318
51023,2004,1874,1570,304
51023,2005,2179,1666,513
51023,2006,1966,1676,290
51023,2007,1997,1582,415
51023,2008,1726,1626,100
51023,2009,1633,1461,172
51023,2010,1475,1645,-170
51025,1990,571,543,28
51025,1991,628,512,116
51025,1992,607,528,79
51025,1993,572,622,-50
51025,1994,613,562,51
51025,1995,728,642,86
51025,1996,695,581,114
51025,1997,703,614,89
51025,1998,797,690,107
51025,1999,865,743,122
51025,2000,762,829,-67
51025,2001,780,838,-58
51025,2002,665,715,-50
51025,2003,766,695,71
51025,2004,640,673,-33
51025,2005,763,639,124
51025,2006,679,731,-52
51025,2007,690,758,-68
51025,2008,588,767,-179
51025,2009,612,686,-74
51025,2010,561,639,-78
51027,1990,626,958,-332
51027,1991,585,814,-229
51027,1992,525,799,-274
51027,1993,490,837,-347
51027,1994,546,900,-354
51027,1995,508,906,-398
51027,1996,535,916,-381
51027,1997,582,889,-307
51027,1998,522,918,-396
51027,1999,528,952,-424
51027,2000,524,843,-319
51027,2001,673,903,-230
51027,2002,533,798,-265
51027,2003,567,788,-221
51027,2004,515,762,-247
51027,2005,491,661,-170
51027,2006,566,692,-126
51027,2007,648,909,-261
51027,2008,615,684,-69
51027,2009,509,617,-108
51027,2010,514,654,-140
51029,1990,505,436,69
51029,1991,485,496,-11
51029,1992,469,442,27
51029,1993,435,492,-57
51029,1994,546,401,145
51029,1995,529,416,113
51029,1996,565,408,157
51029,1997,443,408,35
51029,1998,528,444,84
51029,1999,566,477,89
51029,2000,649,446,203
51029,2001,500,508,-8
51029,2002,578,527,51
51029,2003,579,516,63
51029,2004,592,431,161
51029,2005,604,523,81
51029,2006,613,586,27
51029,2007,623,557,66
51029,2008,676,516,160
51029,2009,488,572,-84
51029,2010,537,435,102
51031,1990,3224,2987,237
51031,1991,3224,2933,291
51031,1992,3303,2835,468
51031,1993,3303,3061,242
51031,1994,3316,3115,201
51031,1995,3372,3618,-246
51031,1996,3433,3756,-323
51031,1997,3566,3633,-67
51031,1998,3507,3608,-101
51031,1999,3797,3706,91
51031,2000,3566,3711,-145
51031,2001,3659,3472,187
51031,2002,3147,3208,-61
51031,2003,3302,3115,187
51031,2004,2916,2396,520
51031,2005,2936,2606,330
51031,2006,2962,2625,337
51031,2007,2847,2565,282
51031,2008,2814,2724,90
51031,2009,2980,2688,292
51031,2010,2591,2491,100
51033,1990,1555,1277,278
51033,1991,1446,1334,112
51033,1992,1473,1194,279
51033,1993,1439,1256,183
51033,1994,1529,1341,188
51033,1995,1437,1193,244
51033,1996,1456,1305,151
51033,1997,1556,1303,253
51033,1998,1439,1401,38
51033,1999,1460,1487,-27
51033,2000,1397,1303,94
51033,2001,1718,1382,336
51033,2002,1873,1388,485
51033,2003,2198,1446,752
51033,2004,2715,1446,1269
51033,2005,2954,1907,1047
51033,2006,2484,1820,664
51033,2007,2355,2032,323
51033,2008,1971,1976,-5
51033,2009,2127,1945,182
51033,2010,1813,1851,-38
51035,1990,988,871,117
51035,1991,1141,836,305
51035,1992,1060,920,140
51035,1993,1018,919,99
51035,1994,1166,890,276
51035,1995,1114,969,145
51035,1996,1084,944,140
51035,1997,1025,1066,-41
51035,1998,1363,1081,282
51035,1999,1257,951,306
51035,2000,1229,1024,205
51035,2001,1016,1101,-85
51035,2002,1096,971,125
51035,2003,1170,918,252
51035,2004,920,859,61
51035,2005,1029,852,177
51035,2006,1003,891,112
51035,2007,1046,976,70
51035,2008,962,869,93
51035,2009,913,744,169
51035,2010,929,856,73
51036,1990,333,380,-47
51036,1991,388,352,36
51036,1992,334,343,-9
51036,1993,308,365,-57
51036,1994,360,324,36
51036,1995,405,324,81
51036,1996,539,431,108
51036,1997,569,406,163
51036,1998,550,491,59
51036,1999,451,426,25
51036,2000,502,470,32
51036,2001,582,467,115
51036,2002,489,420,69
51036,2003,499,515,-16
51036,2004,347,347,0
51036,2005,521,397,124
51036,2006,303,302,1
51036,2007,418,360,58
51036,2008,333,342,-9
51036,2009,359,305,54
51036,2010,344,359,-15
51037,1990,558,522,36
51037,1991,549,508,41
51037,1992,617,532,85
51037,1993,587,534,53
51037,1994,574,551,23
51037,1995,460,454,6
51037,1996,566,538,28
51037,1997,516,434,82
51037,1998,544,508,36
51037,1999,527,575,-48
51037,2000,498,525,-27
51037,2001,507,416,91
51037,2002,439,473,-34
51037,2003,579,525,54
51037,2004,543,449,94
51037,2005,568,478,90
51037,2006,487,531,-44
51037,2007,558,515,43
51037,2008,418,472,-54
51037,2009,510,468,42
51037,2010,436,498,-62
51041,1990,16985,13200,3785
51041,1991,16700,13006,3694
51041,1992,17184,13880,3304
51041,1993,17195,14688,2507
51041,1994,17396,14845,2551
51041,1995,16700,14535,2165
51041,1996,16731,15099,1632
51041,1997,16815,15640,1175
51041,1998,17617,16329,1288
51041,1999,18061,15934,2127
51041,2000,18179,15209,2970
51041,2001,18857,15722,3135
51041,2002,19268,15349,3919
51041,2003,19970,15671,4299
51041,2004,19961,16014,3947
51041,2005,22484,16977,5507
51041,2006,20080,16832,3248
51041,2007,19494,17244,2250
51041,2008,17986,17300,686
51041,2009,17959,16388,1571
51041,2010,17923,16774,1149
51043,1990,817,895,-78
51043,1991,729,766,-37
51043,1992,801,776,25
51043,1993,744,720,24
51043,1994,850,743,107
51043,1995,726,691,35
51043,1996,938,663,275
51043,1997,768,758,10
51043,1998,1050,815,235
51043,1999,979,807,172
51043,2000,1006,785,221
51043,2001,1004,804,200
51043,2002,982,813,169
51043,2003,1072,750,322
51043,2004,1198,903,295
51043,2005,1135,812,323
51043,2006,820,763,57
51043,2007,860,795,65
51043,2008,813,806,7
51043,2009,835,793,42
51043,2010,857,692,165
51045,1990,245,140,105
51045,1991,206,238,-32
51045,1992,253,191,62
51045,1993,219,165,54
51045,1994,292,194,98
51045,1995,207,168,39
51045,1996,216,180,36
51045,1997,212,202,10
51045,1998,230,175,55
51045,1999,218,210,8
51045,2000,181,204,-23
51045,2001,188,172,16
51045,2002,229,169,60
51045,2003,234,201,33
51045,2004,187,210,-23
51045,2005,224,193,31
51045,2006,192,151,41
51045,2007,180,224,-44
51045,2008,181,228,-47
51045,2009,232,167,65
51045,2010,187,193,-6
51047,1990,2020,1675,345
51047,1991,1818,1589,229
51047,1992,1733,1610,123
51047,1993,2076,1839,237
51047,1994,2259,1727,532
51047,1995,2015,1716,299
51047,1996,2181,1823,358
51047,1997,2164,1725,439
51047,1998,2108,1880,228
51047,1999,2401,1749,652
51047,2000,2512,1812,700
51047,2001,2774,1745,1029
51047,2002,3141,1837,1304
51047,2003,3190,2048,1142
51047,2004,4023,2280,1743
51047,2005,4044,2466,1578
51047,2006,3542,2512,1030
51047,2007,2895,2706,189
51047,2008,2757,2931,-174
51047,2009,2661,2422,239
51047,2010,2579,2397,182
51049,1990,393,384,9
51049,1991,447,408,39
51049,1992,383,384,-1
51049,1993,396,403,-7
51049,1994,421,447,-26
51049,1995,439,379,60
51049,1996,426,520,-94
51049,1997,488,439,49
51049,1998,507,480,27
51049,1999,514,535,-21
51049,2000,519,539,-20
51049,2001,474,471,3
51049,2002,577,483,94
51049,2003,526,509,17
51049,2004,561,391,170
51049,2005,556,456,100
51049,2006,596,469,127
51049,2007,554,492,62
51049,2008,526,437,89
51049,2009,440,457,-17
51049,2010,487,499,-12
51051,1990,570,453,117
51051,1991,478,527,-49
51051,1992,409,488,-79
51051,1993,438,468,-30
51051,1994,455,515,-60
51051,1995,363,545,-182
51051,1996,410,491,-81
51051,1997,316,514,-198
51051,1998,396,483,-87
51051,1999,361,468,-107
51051,2000,362,397,-35
51051,2001,428,395,33
51051,2002,406,384,22
51051,2003,376,355,21
51051,2004,451,413,38
51051,2005,385,438,-53
51051,2006,378,432,-54
51051,2007,457,379,78
51051,2008,371,401,-30
51051,2009,339,311,28
51051,2010,318,382,-64
51053,1990,914,1369,-455
51053,1991,943,1169,-226
51053,1992,946,1102,-156
51053,1993,942,1020,-78
51053,1994,1028,1044,-16
51053,1995,1195,1031,164
51053,1996,1257,1026,231
51053,1997,1344,1099,245
51053,1998,1323,1221,102
51053,1999,1549,1249,300
51053,2000,1337,1354,-17
51053,2001,1487,1200,287
51053,2002,1497,1237,260
51053,2003,1484,1232,252
51053,2004,1674,1364,310
51053,2005,1929,1577,352
51053,2006,1691,1397,294
51053,2007,1734,1364,370
51053,2008,1493,1447,46
51053,2009,1441,1458,-17
51053,2010,1409,1419,-10
51057,1990,437,362,75
51057,1991,417,336,81
51057,1992,542,358,184
51057,1993,478,446,32
51057,1994,487,438,49
51057,1995,492,409,83
51057,1996,474,535,-61
51057,1997,471,518,-47
51057,1998,546,462,84
51057,1999,550,476,74
51057,2000,494,442,52
51057,2001,505,433,72
51057,2002,608,456,152
51057,2003,548,531,17
51057,2004,615,485,130
51057,2005,635,520,115
51057,2006,603,472,131
51057,2007,702,466,236
51057,2008,640,506,134
51057,2009,535,503,32
51057,2010,459,486,-27
51059,1990,68116,68807,-691
51059,1991,69523,65910,3613
51059,1992,68392,70418,-2026
51059,1993,67854,68819,-965
51059,1994,66816,71387,-4571
51059,1995,65180,66296,-1116
51059,1996,66559,68186,-1627
51059,1997,66238,69943,-3705
51059,1998,71263,71431,-168
51059,1999,72527,72390,137
51059,2000,70251,75302,-5051
51059,2001,67826,80347,-12521
51059,2002,69237,82537,-13300
51059,2003,70860,82607,-11747
51059,2004,72438,85161,-12723
51059,2005,69018,87219,-18201
51059,2006,65852,75672,-9820
51059,2007,69372,71740,-2368
51059,2008,71852,69841,2011
51059,2009,70178,68782,1396
51059,2010,69805,69811,-6
51061,1990,3887,3664,223
51061,1991,3970,3253,717
51061,1992,3808,3903,-95
51061,1993,3720,3736,-16
51061,1994,3389,3949,-560
51061,1995,3460,3339,121
51061,1996,4206,3390,816
51061,1997,4046,3385,661
51061,1998,4103,3299,804
51061,1999,4348,3165,1183
51061,2000,4616,3336,1280
51061,2001,4998,3601,1397
51061,2002,4712,3578,1134
51061,2003,5085,3729,1356
51061,2004,5292,4003,1289
51061,2005,5107,4342,765
51061,2006,4153,3692,461
51061,2007,4202,3797,405
51061,2008,3794,3493,301
51061,2009,3991,3510,481
51061,2010,3876,3538,338
51063,1990,544,410,134
51063,1991,518,344,174
51063,1992,506,438,68
51063,1993,546,447,99
51063,1994,584,447,137
51063,1995,651,519,132
51063,1996,713,527,186
51063,1997,681,586,95
51063,1998,1177,556,621
51063,1999,897,603,294
51063,2000,692,561,131
51063,2001,720,585,135
51063,2002,713,605,108
51063,2003,678,605,73
51063,2004,636,474,162
51063,2005,665,559,106
51063,2006,537,530,7
51063,2007,695,549,146
51063,2008,595,601,-6
51063,2009,594,485,109
51063,2010,546,540,6
51065,1990,1392,812,580
51065,1991,1185,736,449
51065,1992,1250,798,452
51065,1993,1368,910,458
51065,1994,1553,900,653
51065,1995,1361,783,578
51065,1996,1498,900,598
51065,1997,1406,870,536
51065,1998,1451,976,475
51065,1999,1543,1018,525
51065,2000,1558,1028,530
51065,2001,1770,1043,727
51065,2002,1765,1136,629
51065,2003,1697,1278,419
51065,2004,2046,1417,629
51065,2005,1742,1524,218
51065,2006,1783,1402,381
51065,2007,1512,1273,239
51065,2008,1461,1343,118
51065,2009,1302,1209,93
51065,2010,1467,1321,146
51067,1990,1979,1402,577
51067,1991,1723,1423,300
51067,1992,1824,1387,437
51067,1993,1906,1481,425
51067,1994,2009,1595,414
51067,1995,1889,1409,480
51067,1996,2230,1586,644
51067,1997,2244,1746,498
51067,1998,2408,1877,531
51067,1999,2318,1735,583
51067,2000,2365,1946,419
51067,2001,2283,1949,334
51067,2002,2250,1769,481
51067,2003,2318,1706,612
51067,2004,2377,1843,534
51067,2005,2316,1782,534
51067,2006,2442,1727,715
51067,2007,2218,1948,270
51067,2008,2064,1893,171
51067,2009,1868,1590,278
51067,2010,1937,1860,77
51069,1990,3402,2830,572
51069,1991,3061,2776,285
51069,1992,5169,9693,-4524
51069,1993,3754,3417,337
51069,1994,3543,3184,359
51069,1995,4148,3087,1061
51069,1996,4061,3205,856
51069,1997,4068,3336,732
51069,1998,4239,3460,779
51069,1999,4610,3513,1097
51069,2000,4803,3547,1256
51069,2001,5294,3788,1506
51069,2002,5542,3932,1610
51069,2003,5698,4141,1557
51069,2004,6242,4401,1841
51069,2005,6426,4701,1725
51069,2006,5652,4336,1316
51069,2007,5286,4578,708
51069,2008,5278,4421,857
51069,2009,4817,4351,466
51069,2010,4963,4360,603
51071,1990,536,530,6
51071,1991,526,491,35
51071,1992,586,578,8
51071,1993,508,548,-40
51071,1994,648,565,83
51071,1995,527,557,-30
51071,1996,544,590,-46
51071,1997,588,504,84
51071,1998,630,562,68
51071,1999,693,586,107
51071,2000,653,543,110
51071,2001,617,535,82
51071,2002,604,575,29
51071,2003,641,600,41
51071,2004,735,537,198
51071,2005,724,511,213
51071,2006,651,663,-12
51071,2007,656,591,65
51071,2008,706,602,104
51071,2009,638,578,60
51071,2010,602,660,-58
51073,1990,2123,1941,182
51073,1991,2060,1723,337
51073,1992,2397,1778,619
51073,1993,2091,1912,179
51073,1994,2425,1961,464
51073,1995,2055,1825,230
51073,1996,2239,1666,573
51073,1997,2161,1745,416
51073,1998,2127,1758,369
51073,1999,2097,1844,253
51073,2000,2040,1729,311
51073,2001,2058,1790,268
51073,2002,2169,1648,521
51073,2003,2130,1823,307
51073,2004,2263,1866,397
51073,2005,2224,1864,360
51073,2006,2118,1771,347
51073,2007,2185,1914,271
51073,2008,2164,1823,341
51073,2009,1967,1750,217
51073,2010,1791,1850,-59
51075,1990,975,748,227
51075,1991,1035,778,257
51075,1992,1037,819,218
51075,1993,1132,901,231
51075,1994,1074,888,186
51075,1995,1571,1305,266
51075,1996,1651,1328,323
51075,1997,1610,1295,315
51075,1998,1703,1513,190
51075,1999,1717,1376,341
51075,2000,1666,1343,323
51075,2001,1732,1415,317
51075,2002,1426,999,427
51075,2003,1613,1125,488
51075,2004,1493,960,533
51075,2005,1597,909,688
51075,2006,1473,960,513
51075,2007,1445,1028,417
51075,2008,1097,866,231
51075,2009,1047,901,146
51075,2010,1030,916,114
51077,1990,509,670,-161
51077,1991,564,517,47
51077,1992,644,552,92
51077,1993,616,544,72
51077,1994,652,531,121
51077,1995,486,408,78
51077,1996,514,453,61
51077,1997,656,613,43
51077,1998,694,610,84
51077,1999,647,597,50
51077,2000,557,698,-141
51077,2001,596,581,15
51077,2002,539,616,-77
51077,2003,596,620,-24
51077,2004,515,560,-45
51077,2005,501,535,-34
51077,2006,513,467,46
51077,2007,501,534,-33
51077,2008,452,504,-52
51077,2009,445,551,-106
51077,2010,476,482,-6
51079,1990,901,557,344
51079,1991,946,578,368
51079,1992,1017,635,382
51079,1993,905,674,231
51079,1994,1052,713,339
51079,1995,607,456,151
51079,1996,700,519,181
51079,1997,936,481,455
51079,1998,1009,639,370
51079,1999,994,745,249
51079,2000,974,780,194
51079,2001,1008,745,263
51079,2002,1063,859,204
51079,2003,989,914,75
51079,2004,1293,1080,213
51079,2005,1267,1065,202
51079,2006,1174,1029,145
51079,2007,1099,1037,62
51079,2008,1062,942,120
51079,2009,1100,997,103
51079,2010,1184,1008,176
51081,1990,347,370,-23
51081,1991,348,403,-55
51081,1992,299,342,-43
51081,1993,324,406,-82
51081,1994,307,388,-81
51081,1995,410,487,-77
51081,1996,476,498,-22
51081,1997,444,520,-76
51081,1998,454,452,2
51081,1999,471,473,-2
51081,2000,561,539,22
51081,2001,519,534,-15
51081,2002,522,522,0
51081,2003,506,555,-49
51081,2004,432,380,52
51081,2005,382,415,-33
51081,2006,377,381,-4
51081,2007,346,366,-20
51081,2008,371,314,57
51081,2009,337,363,-26
51081,2010,347,368,-21
51083,1990,1147,1056,91
51083,1991,1253,1104,149
51083,1992,1439,1027,412
51083,1993,1434,1135,299
51083,1994,1455,1216,239
51083,1995,1131,1303,-172
51083,1996,1081,1379,-298
51083,1997,1036,1035,1
51083,1998,1170,961,209
51083,1999,971,1082,-111
51083,2000,952,1157,-205
51083,2001,934,1046,-112
51083,2002,901,980,-79
51083,2003,952,1078,-126
51083,2004,949,987,-38
51083,2005,1050,904,146
51083,2006,1032,976,56
51083,2007,1120,1033,87
51083,2008,964,948,16
51083,2009,930,890,40
51083,2010,963,879,84
51085,1990,4620,3417,1203
51085,1991,4717,3480,1237
51085,1992,5040,3655,1385
51085,1993,5496,3665,1831
51085,1994,5682,4478,1204
51085,1995,4982,3523,1459
51085,1996,5094,3682,1412
51085,1997,5831,3978,1853
51085,1998,6070,4078,1992
51085,1999,5944,4128,1816
51085,2000,5441,4162,1279
51085,2001,6477,4462,2015
51085,2002,6109,4606,1503
51085,2003,5868,4454,1414
51085,2004,5809,5049,760
51085,2005,6032,4982,1050
51085,2006,5231,4793,438
51085,2007,5205,4626,579
51085,2008,4652,4622,30
51085,2009,4795,4563,232
51085,2010,4648,4377,271
51087,1990,15173,14946,227
51087,1991,15494,14706,788
51087,1992,16376,14901,1475
51087,1993,16685,15584,1101
51087,1994,17515,15771,1744
51087,1995,17299,16186,1113
51087,1996,18708,17221,1487
51087,1997,18562,17855,707
51087,1998,19933,18172,1761
51087,1999,19778,18379,1399
51087,2000,19037,18823,214
51087,2001,18779,19097,-318
51087,2002,19696,18693,1003
51087,2003,21037,18757,2280
51087,2004,20352,18374,1978
51087,2005,21071,20158,913
51087,2006,19928,18869,1059
51087,2007,19382,19375,7
51087,2008,19161,18518,643
51087,2009,17763,18320,-557
51087,2010,18195,17761,434
51089,1990,2030,2396,-366
51089,1991,2062,2169,-107
51089,1992,2201,2112,89
51089,1993,2022,2290,-268
51089,1994,2178,2123,55
51089,1995,1823,2122,-299
51089,1996,2140,2250,-110
51089,1997,2063,2271,-208
51089,1998,2013,2151,-138
51089,1999,2010,2216,-206
51089,2000,1784,2195,-411
51089,2001,1868,2174,-306
51089,2002,1734,2032,-298
51089,2003,1757,2012,-255
51089,2004,1666,2009,-343
51089,2005,1724,1861,-137
51089,2006,1832,1891,-59
51089,2007,1808,1986,-178
51089,2008,1671,1896,-225
51089,2009,1563,1704,-141
51089,2010,1518,1747,-229
51091,1990,0,0,0
51091,1991,0,0,0
51091,1992,77,70,7
51091,1993,96,67,29
51091,1994,98,72,26
51091,1995,91,66,25
51091,1996,87,67,20
51091,1997,82,109,-27
51091,1998,114,92,22
51091,1999,98,72,26
51091,2000,85,68,17
51091,2001,63,107,-44
51091,2002,125,78,47
51091,2003,82,107,-25
51091,2004,112,78,34
51091,2005,125,81,44
51091,2006,99,81,18
51091,2007,100,103,-3
51091,2008,72,93,-21
51091,2009,55,70,-15
51091,2010,63,82,-19
51093,1990,1869,1513,356
51093,1991,1785,1531,254
51093,1992,1968,1620,348
51093,1993,1960,1622,338
51093,1994,2011,1504,507
51093,1995,1863,1497,366
51093,1996,1861,1685,176
51093,1997,2238,1764,474
51093,1998,1893,1589,304
51093,1999,2058,1606,452
51093,2000,1977,1603,374
51093,2001,2192,1697,495
51093,2002,2408,1616,792
51093,2003,2426,1716,710
51093,2004,2609,1853,756
51093,2005,3076,1892,1184
51093,2006,2989,2013,976
51093,2007,2708,2220,488
51093,2008,2414,2083,331
51093,2009,2244,2050,194
51093,2010,2157,2094,63
51095,1990,3128,2696,432
51095,1991,3155,2621,534
51095,1992,3225,2927,298
51095,1993,3352,2667,685
51095,1994,3406,2813,593
51095,1995,4133,2959,1174
51095,1996,4300,3319,981
51095,1997,4456,3303,1153
51095,1998,4758,3385,1373
51095,1999,4869,3421,1448
51095,2000,4388,3413,975
51095,2001,5301,3482,1819
51095,2002,5616,3710,1906
51095,2003,6095,3663,2432
51095,2004,5566,3714,1852
51095,2005,5837,3683,2154
51095,2006,5410,4016,1394
51095,2007,5309,4058,1251
51095,2008,4940,3699,1241
51095,2009,4639,3774,865
51095,2010,4834,4373,461
51097,1990,334,359,-25
51097,1991,357,349,8
51097,1992,389,382,7
51097,1993,360,354,6
51097,1994,427,328,99
51097,1995,311,341,-30
51097,1996,398,306,92
51097,1997,312,306,6
51097,1998,310,271,39
51097,1999,352,352,0
51097,2000,332,324,8
51097,2001,322,322,0
51097,2002,372,357,15
51097,2003,513,335,178
51097,2004,413,359,54
51097,2005,437,335,102
51097,2006,446,383,63
51097,2007,387,402,-15
51097,2008,377,369,8
51097,2009,435,417,18
51097,2010,464,371,93
51099,1990,1209,1005,204
51099,1991,1259,1040,219
51099,1992,1292,1102,190
51099,1993,2533,1090,1443
51099,1994,1767,1542,225
51099,1995,1277,1393,-116
51099,1996,1704,1340,364
51099,1997,1547,1413,134
51099,1998,1670,1363,307
51099,1999,1620,1426,194
51099,2000,1713,1624,89
51099,2001,1908,1512,396
51099,2002,2020,1577,443
51099,2003,2102,1590,512
51099,2004,2564,1594,970
51099,2005,2540,1756,784
51099,2006,2440,1875,565
51099,2007,2231,1892,339
51099,2008,1900,1810,90
51099,2009,1793,1661,132
51099,2010,1992,1668,324
51101,1990,769,643,126
51101,1991,831,551,280
51101,1992,807,640,167
51101,1993,847,687,160
51101,1994,926,841,85
51101,1995,809,682,127
51101,1996,832,782,50
51101,1997,838,606,232
51101,1998,896,767,129
51101,1999,864,724,140
51101,2000,841,653,188
51101,2001,840,612,228
51101,2002,905,657,248
51101,2003,856,741,115
51101,2004,1071,784,287
51101,2005,1316,791,525
51101,2006,1080,699,381
51101,2007,1101,877,224
51101,2008,1001,892,109
51101,2009,1044,839,205
51101,2010,792,847,-55
51103,1990,480,423,57
51103,1991,504,414,90
51103,1992,488,378,110
51103,1993,468,373,95
51103,1994,567,369,198
51103,1995,533,329,204
51103,1996,512,474,38
51103,1997,497,413,84
51103,1998,550,496,54
51103,1999,593,410,183
51103,2000,504,453,51
51103,2001,529,460,69
51103,2002,573,427,146
51103,2003,581,486,95
51103,2004,505,441,64
51103,2005,596,471,125
51103,2006,548,381,167
51103,2007,559,451,108
51103,2008,425,444,-19
51103,2009,473,398,75
51103,2010,414,408,6
51105,1990,650,662,-12
51105,1991,684,628,56
51105,1992,658,674,-16
51105,1993,664,577,87
51105,1994,659,636,23
51105,1995,589,682,-93
51105,1996,665,703,-38
51105,1997,527,611,-84
51105,1998,650,636,14
51105,1999,584,602,-18
51105,2000,585,661,-76
51105,2001,732,520,212
51105,2002,663,513,150
51105,2003,581,461,120
51105,2004,591,554,37
51105,2005,688,611,77
51105,2006,626,580,46
51105,2007,719,669,50
51105,2008,667,548,119
51105,2009,576,562,14
51105,2010,555,535,20
51107,1990,8519,7324,1195
51107,1991,9214,6876,2338
51107,1992,11162,6587,4575
51107,1993,12304,7366,4938
51107,1994,12781,7358,5423
51107,1995,12560,7700,4860
51107,1996,14891,8314,6577
51107,1997,15491,8788,6703
51107,1998,17403,9190,8213
51107,1999,20920,9905,11015
51107,2000,22196,11368,10828
51107,2001,22553,13738,8815
51107,2002,27035,14632,12403
51107,2003,29506,16834,12672
51107,2004,30358,19839,10519
51107,2005,28011,21661,6350
51107,2006,26006,19521,6485
51107,2007,26035,18983,7052
51107,2008,24777,19212,5565
51107,2009,24252,18047,6205
51107,2010,23499,18614,4885
51109,1990,1258,961,297
51109,1991,1305,929,376
51109,1992,1458,998,460
51109,1993,1391,1128,263
51109,1994,1594,1103,491
51109,1995,1252,895,357
51109,1996,1349,1031,318
51109,1997,1620,1045,575
51109,1998,1531,1155,376
51109,1999,1463,1146,317
51109,2000,1460,1092,368
51109,2001,1622,1115,507
51109,2002,1808,1130,678
51109,2003,1795,1222,573
51109,2004,2302,1329,973
51109,2005,2503,1651,852
51109,2006,2119,1388,731
51109,2007,2143,1579,564
51109,2008,1899,1607,292
51109,2009,1789,1467,322
51109,2010,1710,1591,119
51111,1990,484,389,95
51111,1991,417,442,-25
51111,1992,484,513,-29
51111,1993,481,585,-104
51111,1994,506,419,87
51111,1995,465,500,-35
51111,1996,493,510,-17
51111,1997,439,451,-12
51111,1998,400,465,-65
51111,1999,434,545,-111
51111,2000,487,456,31
51111,2001,478,402,76
51111,2002,409,397,12
51111,2003,495,476,19
51111,2004,520,424,96
51111,2005,549,477,72
51111,2006,467,483,-16
51111,2007,516,514,2
51111,2008,467,447,20
51111,2009,466,395,71
51111,2010,428,404,24
51113,1990,606,571,35
51113,1991,531,631,-100
51113,1992,567,446,121
51113,1993,604,563,41
51113,1994,592,582,10
51113,1995,456,428,28
51113,1996,627,510,117
51113,1997,592,472,120
51113,1998,555,573,-18
51113,1999,645,506,139
51113,2000,685,592,93
51113,2001,690,522,168
51113,2002,640,597,43
51113,2003,613,599,14
51113,2004,742,586,156
51113,2005,750,587,163
51113,2006,679,514,165
51113,2007,601,670,-69
51113,2008,642,658,-16
51113,2009,563,595,-32
51113,2010,529,636,-107
51115,1990,454,397,57
51115,1991,429,351,78
51115,1992,492,391,101
51115,1993,492,304,188
51115,1994,540,394,146
51115,1995,507,334,173
51115,1996,503,372,131
51115,1997,470,422,48
51115,1998,533,352,181
51115,1999,436,417,19
51115,2000,467,375,92
51115,2001,463,409,54
51115,2002,427,355,72
51115,2003,397,383,14
51115,2004,445,370,75
51115,2005,513,396,117
51115,2006,471,352,119
51115,2007,483,403,80
51115,2008,329,360,-31
51115,2009,418,390,28
51115,2010,392,350,42
51117,1990,1225,1085,140
51117,1991,1162,990,172
51117,1992,1388,1019,369
51117,1993,1410,975,435
51117,1994,1342,1113,229
51117,1995,1342,1106,236
51117,1996,1365,1167,198
51117,1997,1244,1108,136
51117,1998,1294,1238,56
51117,1999,1228,1185,43
51117,2000,1253,1236,17
51117,2001,1291,1219,72
51117,2002,1203,1118,85
51117,2003,1244,1200,44
51117,2004,1296,1203,93
51117,2005,1341,1269,72
51117,2006,1344,1119,225
51117,2007,1304,1154,150
51117,2008,1180,1107,73
51117,2009,1084,1042,42
51117,2010,1088,1101,-13
51119,1990,523,364,159
51119,1991,475,362,113
51119,1992,510,382,128
51119,1993,459,373,86
51119,1994,692,434,258
51119,1995,529,425,104
51119,1996,584,389,195
51119,1997,465,396,69
51119,1998,566,397,169
51119,1999,570,422,148
51119,2000,502,423,79
51119,2001,578,410,168
51119,2002,648,436,212
51119,2003,666,506,160
51119,2004,623,510,113
51119,2005,684,495,189
51119,2006,645,510,135
51119,2007,571,464,107
51119,2008,557,475,82
51119,2009,546,415,131
51119,2010,549,539,10
51121,1990,3995,4543,-548
51121,1991,4179,4252,-73
51121,1992,4252,4202,50
51121,1993,4524,4222,302
51121,1994,4479,4692,-213
51121,1995,4269,4510,-241
51121,1996,4463,4535,-72
51121,1997,4486,4501,-15
51121,1998,4585,4734,-149
51121,1999,4705,5029,-324
51121,2000,4744,4784,-40
51121,2001,4808,4807,1
51121,2002,4545,4645,-100
51121,2003,4565,4634,-69
51121,2004,5035,4889,146
51121,2005,5013,4984,29
51121,2006,5013,4706,307
51121,2007,5105,5029,76
51121,2008,5065,4830,235
51121,2009,4218,4491,-273
51121,2010,4077,4984,-907
51125,1990,700,535,165
51125,1991,738,698,40
51125,1992,701,561,140
51125,1993,727,634,93
51125,1994,747,657,90
51125,1995,732,526,206
51125,1996,729,583,146
51125,1997,766,648,118
51125,1998,874,615,259
51125,1999,825,695,130
51125,2000,737,664,73
51125,2001,779,614,165
51125,2002,803,606,197
51125,2003,769,739,30
51125,2004,793,697,96
51125,2005,779,747,32
51125,2006,819,681,138
51125,2007,790,652,138
51125,2008,769,600,169
51125,2009,638,642,-4
51125,2010,755,636,119
51127,1990,946,711,235
51127,1991,908,871,37
51127,1992,1015,744,271
51127,1993,1011,816,195
51127,1994,1134,775,359
51127,1995,852,566,286
51127,1996,862,697,165
51127,1997,941,759,182
51127,1998,1014,752,262
51127,1999,1003,801,202
51127,2000,976,711,265
51127,2001,1112,804,308
51127,2002,1237,739,498
51127,2003,1257,772,485
51127,2004,1309,793,516
51127,2005,1397,816,581
51127,2006,1357,856,501
51127,2007,1348,868,480
51127,2008,1232,878,354
51127,2009,1225,823,402
51127,2010,1112,980,132
51131,1990,611,648,-37
51131,1991,570,601,-31
51131,1992,560,617,-57
51131,1993,531,593,-62
51131,1994,572,567,5
51131,1995,463,490,-27
51131,1996,414,486,-72
51131,1997,415,477,-62
51131,1998,509,459,50
51131,1999,478,527,-49
51131,2000,456,469,-13
51131,2001,467,463,4
51131,2002,591,477,114
51131,2003,566,440,126
51131,2004,668,540,128
51131,2005,601,473,128
51131,2006,481,490,-9
51131,2007,544,477,67
51131,2008,510,507,3
51131,2009,506,489,17
51131,2010,541,492,49
51133,1990,585,361,224
51133,1991,568,397,171
51133,1992,526,357,169
51133,1993,562,387,175
51133,1994,532,449,83
51133,1995,463,335,128
51133,1996,538,385,153
51133,1997,497,369,128
51133,1998,615,408,207
51133,1999,600,475,125
51133,2000,577,487,90
51133,2001,656,421,235
51133,2002,613,470,143
51133,2003,642,471,171
51133,2004,649,531,118
51133,2005,638,569,69
51133,2006,587,501,86
51133,2007,609,464,145
51133,2008,486,439,47
51133,2009,568,457,111
51133,2010,481,385,96
51135,1990,668,607,61
51135,1991,664,690,-26
51135,1992,723,635,88
51135,1993,633,589,44
51135,1994,589,671,-82
51135,1995,595,586,9
51135,1996,606,662,-56
51135,1997,597,631,-34
51135,1998,664,551,113
51135,1999,661,684,-23
51135,2000,654,646,8
51135,2001,656,672,-16
51135,2002,632,648,-16
51135,2003,648,720,-72
51135,2004,645,620,25
51135,2005,675,717,-42
51135,2006,629,620,9
51135,2007,782,640,142
51135,2008,739,684,55
51135,2009,622,705,-83
51135,2010,716,669,47
51137,1990,1824,1450,374
51137,1991,1615,1394,221
51137,1992,1651,1363,288
51137,1993,1776,1447,329
51137,1994,1840,1480,360
51137,1995,1769,1276,493
51137,1996,1655,1424,231
51137,1997,1701,1325,376
51137,1998,1733,1388,345
51137,1999,1867,1444,423
51137,2000,1947,1534,413
51137,2001,2135,1574,561
51137,2002,2220,1577,643
51137,2003,2420,1694,726
51137,2004,2977,1778,1199
51137,2005,3171,1870,1301
51137,2006,2536,1819,717
51137,2007,2571,1952,619
51137,2008,2257,2003,254
51137,2009,2177,1921,256
51137,2010,2255,1951,304
51139,1990,784,631,153
51139,1991,726,566,160
51139,1992,652,634,18
51139,1993,656,588,68
51139,1994,691,601,90
51139,1995,784,570,214
51139,1996,789,790,-1
51139,1997,793,619,174
51139,1998,800,747,53
51139,1999,717,678,39
51139,2000,752,739,13
51139,2001,790,719,71
51139,2002,850,630,220
51139,2003,810,758,52
51139,2004,989,837,152
51139,2005,1000,769,231
51139,2006,825,746,79
51139,2007,815,749,66
51139,2008,746,810,-64
51139,2009,737,707,30
51139,2010,647,656,-9
51141,1990,621,587,34
51141,1991,627,598,29
51141,1992,639,557,82
51141,1993,641,615,26
51141,1994,703,617,86
51141,1995,739,544,195
51141,1996,685,593,92
51141,1997,681,606,75
51141,1998,626,1234,-608
51141,1999,620,613,7
51141,2000,577,547,30
51141,2001,535,543,-8
51141,2002,527,546,-19
51141,2003,605,545,60
51141,2004,675,601,74
51141,2005,575,570,5
51141,2006,677,579,98
51141,2007,603,532,71
51141,2008,612,552,60
51141,2009,587,524,63
51141,2010,553,544,9
51143,1990,2807,2743,64
51143,1991,2642,2628,14
51143,1992,2621,2628,-7
51143,1993,2970,2674,296
51143,1994,2854,2622,232
51143,1995,2927,2493,434
51143,1996,2812,2687,125
51143,1997,2893,2677,216
51143,1998,3066,2763,303
51143,1999,2939,2803,136
51143,2000,2886,2718,168
51143,2001,2602,2782,-180
51143,2002,2648,2592,56
51143,2003,2547,2533,14
51143,2004,2260,2226,34
51143,2005,2397,2376,21
51143,2006,2276,2396,-120
51143,2007,2552,2347,205
51143,2008,2177,2181,-4
51143,2009,2254,2055,199
51143,2010,2038,2281,-243
51145,1990,1092,662,430
51145,1991,1037,746,291
51145,1992,1160,707,453
51145,1993,1284,735,549
51145,1994,1315,712,603
51145,1995,1210,746,464
51145,1996,1322,801,521
51145,1997,1331,717,614
51145,1998,1423,798,625
51145,1999,1524,893,631
51145,2000,1332,911,421
51145,2001,1580,926,654
51145,2002,1540,981,559
51145,2003,1545,928,617
51145,2004,1764,1145,619
51145,2005,1989,1160,829
51145,2006,1547,1189,358
51145,2007,1430,1155,275
51145,2008,1308,1065,243
51145,2009,1263,1084,179
51145,2010,1202,1190,12
51147,1990,798,720,78
51147,1991,845,667,178
51147,1992,909,693,216
51147,1993,965,794,171
51147,1994,1011,801,210
51147,1995,742,640,102
51147,1996,744,667,77
51147,1997,779,711,68
51147,1998,752,775,-23
51147,1999,772,824,-52
51147,2000,701,797,-96
51147,2001,912,726,186
51147,2002,902,807,95
51147,2003,927,798,129
51147,2004,963,798,165
51147,2005,946,937,9
51147,2006,1069,846,223
51147,2007,1049,895,154
51147,2008,1034,905,129
51147,2009,869,895,-26
51147,2010,911,958,-47
51149,1990,2855,3315,-460
51149,1991,3470,2593,877
51149,1992,3692,4074,-382
51149,1993,3477,3846,-369
51149,1994,3479,3618,-139
51149,1995,3706,3709,-3
51149,1996,3504,3686,-182
51149,1997,3760,3708,52
51149,1998,3952,3670,282
51149,1999,3766,3598,168
51149,2000,4077,3635,442
51149,2001,4073,4119,-46
51149,2002,3859,3724,135
51149,2003,3714,3773,-59
51149,2004,3511,3459,52
51149,2005,3302,3623,-321
51149,2006,3322,3461,-139
51149,2007,3631,3336,295
51149,2008,4017,3501,516
51149,2009,3329,3678,-349
51149,2010,4179,3471,708
51153,1990,25934,25303,631
51153,1991,26348,23651,2697
51153,1992,26325,25224,1101
51153,1993,25161,24691,470
51153,1994,25565,24095,1470
51153,1995,26619,24635,1984
51153,1996,24822,29442,-4620
51153,1997,27067,24360,2707
51153,1998,29230,25429,3801
51153,1999,31668,25698,5970
51153,2000,34218,26044,8174
51153,2001,37088,29580,7508
51153,2002,38718,31311,7407
51153,2003,39163,32122,7041
51153,2004,40671,34917,5754
51153,2005,39217,37194,2023
51153,2006,35035,32988,2047
51153,2007,33414,34349,-935
51153,2008,38631,32056,6575
51153,2009,38382,28627,9755
51153,2010,34931,28886,6045
51155,1990,1250,1449,-199
51155,1991,1312,1238,74
51155,1992,1168,1366,-198
51155,1993,1294,1376,-82
51155,1994,1287,1338,-51
51155,1995,1286,1107,179
51155,1996,1298,1289,9
51155,1997,1377,1162,215
51155,1998,1348,1266,82
51155,1999,1447,1407,40
51155,2000,1370,1448,-78
51155,2001,1357,1445,-88
51155,2002,1369,1248,121
51155,2003,1337,1261,76
51155,2004,1394,1403,-9
51155,2005,1410,1291,119
51155,2006,1502,1245,257
51155,2007,1404,1385,19
51155,2008,1330,1259,71
51155,2009,1195,1236,-41
51155,2010,1334,1267,67
51157,1990,559,567,-8
51157,1991,553,527,26
51157,1992,536,474,62
51157,1993,456,1175,-719
51157,1994,512,812,-300
51157,1995,509,478,31
51157,1996,401,569,-168
51157,1997,452,370,82
51157,1998,489,461,28
51157,1999,455,485,-30
51157,2000,523,379,144
51157,2001,449,441,8
51157,2002,403,422,-19
51157,2003,457,398,59
51157,2004,509,393,116
51157,2005,429,480,-51
51157,2006,389,363,26
51157,2007,384,402,-18
51157,2008,379,440,-61
51157,2009,442,413,29
51157,2010,411,439,-28
51159,1990,264,265,-1
51159,1991,365,289,76
51159,1992,298,252,46
51159,1993,320,265,55
51159,1994,316,326,-10
51159,1995,315,274,41
51159,1996,406,338,68
51159,1997,390,339,51
51159,1998,420,341,79
51159,1999,401,405,-4
51159,2000,376,333,43
51159,2001,367,355,12
51159,2002,376,354,22
51159,2003,380,382,-2
51159,2004,338,354,-16
51159,2005,481,393,88
51159,2006,464,364,100
51159,2007,384,389,-5
51159,2008,354,419,-65
51159,2009,387,404,-17
51159,2010,340,410,-70
51161,1990,7094,6534,560
51161,1991,6617,6655,-38
51161,1992,7140,6634,506
51161,1993,7461,6762,699
51161,1994,6972,6737,235
51161,1995,7405,6714,691
51161,1996,7427,7048,379
51161,1997,7412,7072,340
51161,1998,7405,7348,57
51161,1999,7298,6996,302
51161,2000,7428,6933,495
51161,2001,7241,6944,297
51161,2002,6813,6065,748
51161,2003,6724,6224,500
51161,2004,6218,5550,668
51161,2005,6378,5542,836
51161,2006,5994,5466,528
51161,2007,6105,5818,287
51161,2008,5809,5456,353
51161,2009,5236,5369,-133
51161,2010,5439,5079,360
51163,1990,957,814,143
51163,1991,1000,844,156
51163,1992,980,864,116
51163,1993,928,926,2
51163,1994,1040,954,86
51163,1995,999,878,121
51163,1996,969,804,165
51163,1997,1000,857,143
51163,1998,1144,896,248
51163,1999,1244,1036,208
51163,2000,1055,984,71
51163,2001,1070,1037,33
51163,2002,1053,884,169
51163,2003,1185,1012,173
51163,2004,933,774,159
51163,2005,959,894,65
51163,2006,1027,850,177
51163,2007,963,884,79
51163,2008,895,920,-25
51163,2009,795,802,-7
51163,2010,901,784,117
51165,1990,3074,2791,283
51165,1991,3232,2848,384
51165,1992,3146,2703,443
51165,1993,3232,2721,511
51165,1994,3444,2915,529
51165,1995,3220,2743,477
51165,1996,3153,2793,360
51165,1997,5066,2680,2386
51165,1998,3963,3556,407
51165,1999,3846,3557,289
51165,2000,3616,3253,363
51165,2001,3781,3647,134
51165,2002,3824,3584,240
51165,2003,3901,3562,339
51165,2004,3720,2902,818
51165,2005,3648,3053,595
51165,2006,3555,2947,608
51165,2007,3318,2922,396
51165,2008,3368,2997,371
51165,2009,3138,2995,143
51165,2010,2947,2831,116
51167,1990,894,771,123
51167,1991,777,781,-4
51167,1992,795,733,62
51167,1993,796,774,22
51167,1994,858,751,107
51167,1995,800,860,-60
51167,1996,946,941,5
51167,1997,836,863,-27
51167,1998,921,989,-68
51167,1999,967,909,58
51167,2000,862,1032,-170
51167,2001,965,971,-6
51167,2002,878,879,-1
51167,2003,808,849,-41
51167,2004,852,753,99
51167,2005,789,755,34
51167,2006,877,667,210
51167,2007,881,797,84
51167,2008,907,659,248
51167,2009,799,758,41
51167,2010,829,797,32
51169,1990,648,699,-51
51169,1991,791,654,137
51169,1992,788,667,121
51169,1993,636,684,-48
51169,1994,698,675,23
51169,1995,700,766,-66
51169,1996,705,719,-14
51169,1997,681,693,-12
51169,1998,606,671,-65
51169,1999,663,689,-26
51169,2000,702,748,-46
51169,2001,705,726,-21
51169,2002,698,661,37
51169,2003,691,646,45
51169,2004,639,620,19
51169,2005,712,644,68
51169,2006,679,669,10
51169,2007,741,692,49
51169,2008,673,681,-8
51169,2009,662,691,-29
51169,2010,572,637,-65
51171,1990,1590,1381,209
51171,1991,1449,1324,125
51171,1992,1552,1226,326
51171,1993,1402,1325,77
51171,1994,1674,1153,521
51171,1995,1252,1221,31
51171,1996,1638,1103,535
51171,1997,1637,1235,402
51171,1998,1649,1318,331
51171,1999,1748,1264,484
51171,2000,1781,1440,341
51171,2001,1953,1460,493
51171,2002,2014,1454,560
51171,2003,2017,1355,662
51171,2004,2493,1670,823
51171,2005,2493,1705,788
51171,2006,2107,1784,323
51171,2007,2133,1848,285
51171,2008,1792,1921,-129
51171,2009,1940,1751,189
51171,2010,1863,1749,114
51173,1990,905,891,14
51173,1991,1110,820,290
51173,1992,1054,971,83
51173,1993,1019,1011,8
51173,1994,1096,992,104
51173,1995,801,885,-84
51173,1996,928,985,-57
51173,1997,986,1021,-35
51173,1998,928,995,-67
51173,1999,952,883,69
51173,2000,932,1056,-124
51173,2001,1122,1029,93
51173,2002,982,1003,-21
51173,2003,979,1071,-92
51173,2004,987,861,126
51173,2005,1057,831,226
51173,2006,896,952,-56
51173,2007,924,915,9
51173,2008,936,880,56
51173,2009,859,798,61
51173,2010,763,862,-99
51175,1990,770,818,-48
51175,1991,792,854,-62
51175,1992,758,866,-108
51175,1993,727,838,-111
51175,1994,745,755,-10
51175,1995,679,693,-14
51175,1996,784,744,40
51175,1997,716,778,-62
51175,1998,736,787,-51
51175,1999,775,730,45
51175,2000,738,765,-27
51175,2001,772,802,-30
51175,2002,900,779,121
51175,2003,1029,738,291
51175,2004,901,651,250
51175,2005,1030,704,326
51175,2006,1025,778,247
51175,2007,912,786,126
51175,2008,775,807,-32
51175,2009,845,769,76
51175,2010,796,854,-58
51177,1990,5369,4881,488
51177,1991,5671,4978,693
51177,1992,5592,4230,1362
51177,1993,5330,4487,843
51177,1994,5585,4176,1409
51177,1995,6625,4766,1859
51177,1996,7078,4764,2314
51177,1997,6956,5284,1672
51177,1998,7815,5420,2395
51177,1999,8770,5461,3309
51177,2000,9555,5546,4009
51177,2001,10729,6265,4464
51177,2002,10534,6712,3822
51177,2003,10782,7919,2863
51177,2004,11877,8672,3205
51177,2005,11347,9527,1820
51177,2006,9513,8974,539
51177,2007,8905,8758,147
51177,2008,8724,8764,-40
51177,2009,9024,7912,1112
51177,2010,8663,8190,473
51179,1990,8847,5791,3056
51179,1991,9268,5921,3347
51179,1992,8929,6557,2372
51179,1993,9357,7241,2116
51179,1994,9788,6821,2967
51179,1995,8117,6119,1998
51179,1996,8571,6423,2148
51179,1997,8794,6702,2092
51179,1998,9817,7258,2559
51179,1999,10730,7665,3065
51179,2000,11293,7875,3418
51179,2001,12983,8443,4540
51179,2002,14200,9516,4684
51179,2003,13805,10512,3293
51179,2004,13855,11690,2165
51179,2005,13817,12490,1327
51179,2006,12588,11402,1186
51179,2007,12141,11750,391
51179,2008,12384,11415,969
51179,2009,12540,10540,2000
51179,2010,12149,10678,1471
51181,1990,374,365,9
51181,1991,406,308,98
51181,1992,352,353,-1
51181,1993,341,384,-43
51181,1994,367,320,47
51181,1995,298,315,-17
51181,1996,334,271,63
51181,1997,302,259,43
51181,1998,281,320,-39
51181,1999,375,333,42
51181,2000,348,343,5
51181,2001,376,291,85
51181,2002,391,362,29
51181,2003,376,375,1
51181,2004,340,325,15
51181,2005,410,313,97
51181,2006,407,345,62
51181,2007,361,349,12
51181,2008,369,353,16
51181,2009,381,342,39
51181,2010,332,396,-64
51183,1990,491,551,-60
51183,1991,499,562,-63
51183,1992,437,515,-78
51183,1993,506,533,-27
51183,1994,543,532,11
51183,1995,485,463,22
51183,1996,534,518,16
51183,1997,467,589,-122
51183,1998,526,530,-4
51183,1999,456,515,-59
51183,2000,469,540,-71
51183,2001,434,486,-52
51183,2002,433,555,-122
51183,2003,470,478,-8
51183,2004,561,641,-80
51183,2005,722,495,227
51183,2006,689,563,126
51183,2007,690,635,55
51183,2008,655,688,-33
51183,2009,594,629,-35
51183,2010,578,536,42
51185,1990,1826,1426,400
51185,1991,1660,1556,104
51185,1992,1548,1508,40
51185,1993,1534,1637,-103
51185,1994,1459,1447,12
51185,1995,1412,1541,-129
51185,1996,1540,1634,-94
51185,1997,1385,1539,-154
51185,1998,1452,1691,-239
51185,1999,1329,1642,-313
51185,2000,1457,1629,-172
51185,2001,1593,1477,116
51185,2002,1518,1364,154
51185,2003,1513,1359,154
51185,2004,1497,1396,101
51185,2005,1543,1400,143
51185,2006,1504,1437,67
51185,2007,1688,1480,208
51185,2008,1553,1410,143
51185,2009,1509,1410,99
51185,2010,1297,1427,-130
51187,1990,1997,1512,485
51187,1991,1887,1491,396
51187,1992,1705,1555,150
51187,1993,1694,1382,312
51187,1994,1645,1523,122
51187,1995,2107,1657,450
51187,1996,1716,1814,-98
51187,1997,1693,1676,17
51187,1998,1927,1568,359
51187,1999,1968,1553,415
51187,2000,1964,1657,307
51187,2001,2346,1794,552
51187,2002,2311,1791,520
51187,2003,2247,1895,352
51187,2004,2778,2032,746
51187,2005,2798,2290,508
51187,2006,2290,2080,210
51187,2007,2254,2085,169
51187,2008,1930,2006,-76
51187,2009,2090,1759,331
51187,2010,2016,1898,118
51191,1990,2023,1614,409
51191,1991,1991,1655,336
51191,1992,2197,1627,570
51191,1993,2948,2526,422
51191,1994,2888,2232,656
51191,1995,3051,1829,1222
51191,1996,2695,2173,522
51191,1997,2551,2055,496
51191,1998,2418,2106,312
51191,1999,2473,2205,268
51191,2000,2433,2275,158
51191,2001,2473,2290,183
51191,2002,2334,2123,211
51191,2003,2456,2039,417
51191,2004,2416,2068,348
51191,2005,2367,2109,258
51191,2006,2476,1854,622
51191,2007,2490,2137,353
51191,2008,2206,1968,238
51191,2009,2221,1999,222
51191,2010,1978,2086,-108
51193,1990,1011,765,246
51193,1991,1039,821,218
51193,1992,867,914,-47
51193,1993,1001,882,119
51193,1994,1025,824,201
51193,1995,886,858,28
51193,1996,857,950,-93
51193,1997,864,840,24
51193,1998,865,892,-27
51193,1999,826,852,-26
51193,2000,818,783,35
51193,2001,878,771,107
51193,2002,988,795,193
51193,2003,875,844,31
51193,2004,1093,865,228
51193,2005,1084,1037,47
51193,2006,1094,862,232
51193,2007,1089,880,209
51193,2008,1043,910,133
51193,2009,927,921,6
51193,2010,1030,944,86
51195,1990,1353,1243,110
51195,1991,1316,1408,-92
51195,1992,1102,1208,-106
51195,1993,1027,1169,-142
51195,1994,1175,1109,66
51195,1995,1195,1411,-216
51195,1996,1169,1390,-221
51195,1997,1014,1303,-289
51195,1998,1207,1383,-176
51195,1999,1188,1265,-77
51195,2000,1085,1265,-180
51195,2001,1103,1188,-85
51195,2002,1085,1148,-63
51195,2003,1131,1146,-15
51195,2004,1323,1207,116
51195,2005,1139,1172,-33
51195,2006,1148,1136,12
51195,2007,1238,1236,2
51195,2008,1209,1176,33
51195,2009,1126,1085,41
51195,2010,1217,1185,32
51197,1990,878,771,107
51197,1991,902,856,46
51197,1992,898,901,-3
51197,1993,1077,811,266
51197,1994,1043,914,129
51197,1995,1007,911,96
51197,1996,952,894,58
51197,1997,910,951,-41
51197,1998,1090,886,204
51197,1999,1051,939,112
51197,2000,945,908,37
51197,2001,1142,1006,136
51197,2002,1034,927,107
51197,2003,982,956,26
51197,2004,1142,937,205
51197,2005,1218,1075,143
51197,2006,1125,1037,88
51197,2007,1164,1005,159
51197,2008,1100,1026,74
51197,2009,944,954,-10
51197,2010,924,933,-9
51199,1990,7202,5522,1680
51199,1991,8102,5749,2353
51199,1992,9153,6521,2632
51199,1993,8314,7052,1262
51199,1994,8500,7298,1202
51199,1995,5891,5091,800
51199,1996,5627,4975,652
51199,1997,6627,6141,486
51199,1998,6549,6076,473
51199,1999,7138,6307,831
51199,2000,7108,6155,953
51199,2001,7251,6266,985
51199,2002,7003,6300,703
51199,2003,6900,6231,669
51199,2004,7692,6844,848
51199,2005,7413,7161,252
51199,2006,7299,6920,379
51199,2007,6927,6841,86
51199,2008,6463,6857,-394
51199,2009,6467,6518,-51
51199,2010,6556,6055,501
51510,1990,16915,18010,-1095
51510,1991,17666,18987,-1321
51510,1992,17856,19629,-1773
51510,1993,16920,19594,-2674
51510,1994,19233,18711,522
51510,1995,14062,16781,-2719
51510,1996,14619,16667,-2048
51510,1997,15019,16305,-1286
51510,1998,16584,16981,-397
51510,1999,16972,17366,-394
51510,2000,16606,18728,-2122
51510,2001,16668,20210,-3542
51510,2002,16791,20961,-4170
51510,2003,16907,20627,-3720
51510,2004,17259,21509,-4250
51510,2005,16947,20841,-3894
51510,2006,16428,18826,-2398
51510,2007,17681,17811,-130
51510,2008,18778,17658,1120
51510,2009,18407,18873,-466
51510,2010,17902,18330,-428
51515,1990,337,225,112
51515,1991,263,241,22
51515,1992,276,245,31
51515,1993,262,233,29
51515,1994,250,221,29
51515,1995,403,346,57
51515,1996,457,345,112
51515,1997,286,265,21
51515,1998,189,248,-59
51515,1999,187,184,3
51515,2000,206,226,-20
51515,2001,190,204,-14
51515,2002,214,230,-16
51515,2003,194,202,-8
51515,2004,423,405,18
51515,2005,412,408,4
51515,2006,397,361,36
51515,2007,419,413,6
51515,2008,430,420,10
51515,2009,410,305,105
51515,2010,314,387,-73
51520,1990,1034,1176,-142
51520,1991,1040,1108,-68
51520,1992,1059,1145,-86
51520,1993,2161,1862,299
51520,1994,1856,1724,132
51520,1995,943,1840,-897
51520,1996,977,1396,-419
51520,1997,944,1090,-146
51520,1998,926,1068,-142
51520,1999,886,1071,-185
51520,2000,1017,1000,17
51520,2001,969,1086,-117
51520,2002,1232,1100,132
51520,2003,1266,1226,40
51520,2004,1310,1296,14
51520,2005,1324,1225,99
51520,2006,1230,1216,14
51520,2007,1233,1196,37
51520,2008,1305,1224,81
51520,2009,1275,1261,14
51520,2010,1235,1191,44
51530,1990,194,160,34
51530,1991,190,185,5
51530,1992,223,214,9
51530,1993,208,191,17
51530,1994,177,201,-24
51530,1995,265,289,-24
51530,1996,249,273,-24
51530,1997,241,225,16
51530,1998,239,337,-98
51530,1999,287,275,12
51530,2000,247,282,-35
51530,2001,280,293,-13
51530,2002,264,243,21
51530,2003,315,351,-36
51530,2004,346,388,-42
51530,2005,424,391,33
51530,2006,446,439,7
51530,2007,393,470,-77
51530,2008,450,427,23
51530,2009,341,395,-54
51530,2010,426,419,7
51540,1990,3771,3792,-21
51540,1991,4940,4098,842
51540,1992,4670,4110,560
51540,1993,4565,4313,252
51540,1994,4503,4376,127
51540,1995,2878,3009,-131
51540,1996,2742,3118,-376
51540,1997,2688,3053,-365
51540,1998,2755,3260,-505
51540,1999,2843,3078,-235
51540,2000,2818,3132,-314
51540,2001,2735,3085,-350
51540,2002,2698,3171,-473
51540,2003,2521,3208,-687
51540,2004,3309,3812,-503
51540,2005,3473,3704,-231
51540,2006,3472,3791,-319
51540,2007,3566,3880,-314
51540,2008,3887,3790,97
51540,2009,3383,3745,-362
51540,2010,3315,4099,-784
51550,1990,14549,11377,3172
51550,1991,15861,11612,4249
51550,1992,17667,12440,5227
51550,1993,17729,13289,4440
51550,1994,17561,13666,3895
51550,1995,16503,14305,2198
51550,1996,16642,14902,1740
51550,1997,16759,15368,1391
51550,1998,17008,15603,1405
51550,1999,18057,15201,2856
51550,2000,17198,16140,1058
51550,2001,17583,16340,1243
51550,2002,18457,15541,2916
51550,2003,18847,15711,3136
51550,2004,19721,17250,2471
51550,2005,19368,18283,1085
51550,2006,17684,18131,-447
51550,2007,18011,17756,255
51550,2008,17858,17002,856
51550,2009,17919,15968,1951
51550,2010,17626,16858,768
51560,1990,151,127,24
51560,1991,95,155,-60
51560,1992,144,117,27
51560,1993,123,147,-24
51560,1994,126,135,-9
51560,1995,234,214,20
51560,1996,247,277,-30
51560,1997,277,342,-65
51560,1998,259,281,-22
51560,1999,209,323,-114
51560,2000,226,257,-31
51560,2001,0,0,0
51560,2002,0,0,0
51560,2003,0,0,0
51560,2004,0,0,0
51560,2005,0,0,0
51560,2006,0,0,0
51560,2007,0,0,0
51560,2008,0,0,0
51560,2009,0,0,0
51560,2010,0,0,0
51570,1990,1543,1496,47
51570,1991,1715,1464,251
51570,1992,1761,1679,82
51570,1993,1595,1627,-32
51570,1994,1845,1718,127
51570,1995,1110,1102,8
51570,1996,1084,1097,-13
51570,1997,1229,1130,99
51570,1998,1150,1270,-120
51570,1999,1211,1162,49
51570,2000,1091,1072,19
51570,2001,1308,1253,55
51570,2002,1401,1377,24
51570,2003,1592,1375,217
51570,2004,1715,1659,56
51570,2005,1833,1688,145
51570,2006,1625,1699,-74
51570,2007,1738,1845,-107
51570,2008,1690,1612,78
51570,2009,1553,1718,-165
51570,2010,1606,1631,-25
51580,1990,204,195,9
51580,1991,170,201,-31
51580,1992,234,134,100
51580,1993,290,190,100
51580,1994,312,191,121
51580,1995,166,225,-59
51580,1996,159,207,-48
51580,1997,136,197,-61
51580,1998,219,260,-41
51580,1999,212,222,-10
51580,2000,241,222,19
51580,2001,220,251,-31
51580,2002,206,238,-32
51580,2003,207,236,-29
51580,2004,231,311,-80
51580,2005,247,282,-35
51580,2006,329,232,97
51580,2007,272,295,-23
51580,2008,292,328,-36
51580,2009,311,272,39
51580,2010,247,272,-25
51590,1990,2081,2016,65
51590,1991,1917,1923,-6
51590,1992,1950,1857,93
51590,1993,2061,1916,145
51590,1994,1978,2059,-81
51590,1995,1532,1772,-240
51590,1996,1679,1800,-121
51590,1997,1571,1915,-344
51590,1998,1453,1857,-404
51590,1999,1451,1802,-351
51590,2000,1420,1726,-306
51590,2001,1473,1622,-149
51590,2002,1644,1827,-183
51590,2003,1575,1980,-405
51590,2004,1844,2242,-398
51590,2005,1958,2251,-293
51590,2006,1900,2173,-273
51590,2007,2028,2269,-241
51590,2008,1871,2019,-148
51590,2009,1648,1975,-327
51590,2010,1808,1871,-63
51595,1990,301,0,301
51595,1991,331,218,113
51595,1992,344,271,73
51595,1993,339,255,84
51595,1994,404,283,121
51595,1995,170,184,-14
51595,1996,165,182,-17
51595,1997,149,189,-40
51595,1998,161,191,-30
51595,1999,190,223,-33
51595,2000,181,229,-48
51595,2001,196,179,17
51595,2002,161,188,-27
51595,2003,164,185,-21
51595,2004,335,347,-12
51595,2005,353,325,28
51595,2006,315,332,-17
51595,2007,405,344,61
51595,2008,385,348,37
51595,2009,322,326,-4
51595,2010,325,397,-72
51600,1990,3320,3455,-135
51600,1991,3489,3434,55
51600,1992,3335,3617,-282
51600,1993,3372,3607,-235
51600,1994,3138,3650,-512
51600,1995,1679,1719,-40
51600,1996,1721,1867,-146
51600,1997,1761,1644,117
51600,1998,1785,1913,-128
51600,1999,1821,1908,-87
51600,2000,1839,1995,-156
51600,2001,1718,1968,-250
51600,2002,1762,1939,-177
51600,2003,1691,1989,-298
51600,2004,2673,3063,-390
51600,2005,3165,2848,317
51600,2006,2675,2782,-107
51600,2007,2866,2645,221
51600,2008,2411,2389,22
51600,2009,2501,2580,-79
51600,2010,2257,2683,-426
51610,1990,2303,2474,-171
51610,1991,2349,2674,-325
51610,1992,2516,2733,-217
51610,1993,2320,2573,-253
51610,1994,2247,2725,-478
51610,1995,1068,1114,-46
51610,1996,1076,1227,-151
51610,1997,1166,1065,101
51610,1998,1206,1116,90
51610,1999,1224,1200,24
51610,2000,1106,1156,-50
51610,2001,1121,1185,-64
51610,2002,1067,1257,-190
51610,2003,1062,1175,-113
51610,2004,1309,1204,105
51610,2005,1121,1213,-92
51610,2006,1067,1151,-84
51610,2007,1240,1179,61
51610,2008,1602,1298,304
51610,2009,1806,1400,406
51610,2010,1340,1357,-17
51620,1990,470,339,131
51620,1991,581,350,231
51620,1992,503,445,58
51620,1993,472,374,98
51620,1994,483,435,48
51620,1995,459,379,80
51620,1996,480,410,70
51620,1997,370,503,-133
51620,1998,382,451,-69
51620,1999,394,580,-186
51620,2000,430,468,-38
51620,2001,415,489,-74
51620,2002,491,414,77
51620,2003,494,428,66
51620,2004,667,593,74
51620,2005,679,546,133
51620,2006,671,548,123
51620,2007,605,657,-52
51620,2008,577,641,-64
51620,2009,607,518,89
51620,2010,571,663,-92
51630,1990,3377,3093,284
51630,1991,3860,3406,454
51630,1992,3572,2882,690
51630,1993,3508,3013,495
51630,1994,3635,2902,733
51630,1995,1861,2144,-283
51630,1996,1918,2072,-154
51630,1997,1975,2023,-48
51630,1998,1952,2349,-397
51630,1999,2106,2256,-150
51630,2000,2229,2128,101
51630,2001,2108,2201,-93
51630,2002,2242,2346,-104
51630,2003,2343,2440,-97
51630,2004,2863,3185,-322
51630,2005,3317,3105,212
51630,2006,2959,3135,-176
51630,2007,3168,3336,-168
51630,2008,3404,3378,26
51630,2009,3257,3205,52
51630,2010,3860,3065,795
51640,1990,244,221,23
51640,1991,231,315,-84
51640,1992,307,282,25
51640,1993,259,255,4
51640,1994,283,290,-7
51640,1995,335,338,-3
51640,1996,296,307,-11
51640,1997,115,99,16
51640,1998,83,124,-41
51640,1999,97,103,-6
51640,2000,75,137,-62
51640,2001,87,85,2
51640,2002,94,97,-3
51640,2003,86,105,-19
51640,2004,363,379,-16
51640,2005,350,352,-2
51640,2006,358,373,-15
51640,2007,397,414,-17
51640,2008,389,414,-25
51640,2009,520,381,139
51640,2010,412,474,-62
51650,1990,12366,12411,-45
51650,1991,12669,12062,607
51650,1992,13431,13273,158
51650,1993,12929,13470,-541
51650,1994,12401,13755,-1354
51650,1995,12558,13835,-1277
51650,1996,13573,13749,-176
51650,1997,11780,14426,-2646
51650,1998,12266,12820,-554
51650,1999,12204,12932,-728
51650,2000,11965,13361,-1396
51650,2001,12194,13090,-896
51650,2002,12585,12416,169
51650,2003,12317,12387,-70
51650,2004,13543,13476,67
51650,2005,13558,14085,-527
51650,2006,13034,14044,-1010
51650,2007,12827,14622,-1795
51650,2008,12467,14020,-1553
51650,2009,11702,13130,-1428
51650,2010,11647,13131,-1484
51660,1990,1275,1077,198
51660,1991,1353,1117,236
51660,1992,1362,1324,38
51660,1993,1408,1293,115
51660,1994,1499,1402,97
51660,1995,1548,1632,-84
51660,1996,1510,1677,-167
51660,1997,793,3186,-2393
51660,1998,1287,1641,-354
51660,1999,1463,1739,-276
51660,2000,1924,2041,-117
51660,2001,1936,2057,-121
51660,2002,1843,2066,-223
51660,2003,1826,2004,-178
51660,2004,2601,3128,-527
51660,2005,2622,2761,-139
51660,2006,2594,2845,-251
51660,2007,2426,2935,-509
51660,2008,2805,2885,-80
51660,2009,2635,2847,-212
51660,2010,2628,2699,-71
51670,1990,1894,2020,-126
51670,1991,2014,1861,153
51670,1992,1910,2222,-312
51670,1993,1819,2054,-235
51670,1994,1850,2033,-183
51670,1995,1602,1827,-225
51670,1996,1477,1803,-326
51670,1997,1625,1735,-110
51670,1998,1649,2004,-355
51670,1999,1771,1793,-22
51670,2000,1636,1792,-156
51670,2001,1794,1764,30
51670,2002,1725,1871,-146
51670,2003,1723,1806,-83
51670,2004,2030,1905,125
51670,2005,2067,1922,145
51670,2006,1972,1884,88
51670,2007,2072,2168,-96
51670,2008,1897,2113,-216
51670,2009,2064,2030,34
51670,2010,1939,2128,-189
51678,1990,239,213,26
51678,1991,253,226,27
51678,1992,226,241,-15
51678,1993,248,198,50
51678,1994,275,263,12
51678,1995,204,254,-50
51678,1996,252,204,48
51678,1997,311,276,35
51678,1998,199,183,16
51678,1999,171,215,-44
51678,2000,171,173,-2
51678,2001,177,186,-9
51678,2002,202,172,30
51678,2003,207,179,28
51678,2004,461,442,19
51678,2005,399,387,12
51678,2006,423,418,5
51678,2007,394,395,-1
51678,2008,419,384,35
51678,2009,412,401,11
51678,2010,321,434,-113
51680,1990,3851,4112,-261
51680,1991,4041,3876,165
51680,1992,3835,4058,-223
51680,1993,4113,4235,-122
51680,1994,4007,4432,-425
51680,1995,3243,3528,-285
51680,1996,3441,3501,-60
51680,1997,3339,3806,-467
51680,1998,3253,3970,-717
51680,1999,3126,3496,-370
51680,2000,3020,3570,-550
51680,2001,3076,3541,-465
51680,2002,3301,3463,-162
51680,2003,3165,3582,-417
51680,2004,4155,3875,280
51680,2005,4660,3950,710
51680,2006,4485,3993,492
51680,2007,4378,4333,45
51680,2008,4264,4241,23
51680,2009,4134,4557,-423
51680,2010,4280,4369,-89
51683,1990,2319,2257,62
51683,1991,2383,2136,247
51683,1992,2410,2096,314
51683,1993,2204,2306,-102
51683,1994,2011,2225,-214
51683,1995,78,0,78
51683,1996,2588,0,2588
51683,1997,1856,1939,-83
51683,1998,2400,2319,81
51683,1999,2506,2520,-14
51683,2000,2315,2545,-230
51683,2001,2689,2646,43
51683,2002,2693,2842,-149
51683,2003,2744,2877,-133
51683,2004,4701,5423,-722
51683,2005,4371,5848,-1477
51683,2006,3770,5111,-1341
51683,2007,4202,5281,-1079
51683,2008,5793,4734,1059
51683,2009,5197,4397,800
51683,2010,4510,4281,229
51685,1990,562,565,-3
51685,1991,599,595,4
51685,1992,598,568,30
51685,1993,635,622,13
51685,1994,709,547,162
51685,1995,0,0,0
51685,1996,1053,0,1053
51685,1997,800,807,-7
51685,1998,711,819,-108
51685,1999,805,825,-20
51685,2000,949,872,77
51685,2001,900,956,-56
51685,2002,1146,1285,-139
51685,2003,1522,1314,208
51685,2004,1958,2050,-92
51685,2005,2118,2379,-261
51685,2006,1696,2043,-347
51685,2007,1715,2123,-408
51685,2008,2243,1946,297
51685,2009,2108,1862,246
51685,2010,2211,1646,565
51690,1990,741,815,-74
51690,1991,720,882,-162
51690,1992,788,764,24
51690,1993,804,778,26
51690,1994,704,840,-136
51690,1995,721,806,-85
51690,1996,767,870,-103
51690,1997,750,903,-153
51690,1998,563,731,-168
51690,1999,523,674,-151
51690,2000,601,688,-87
51690,2001,516,649,-133
51690,2002,521,566,-45
51690,2003,483,581,-98
51690,2004,806,815,-9
51690,2005,796,787,9
51690,2006,820,923,-103
51690,2007,875,919,-44
51690,2008,756,821,-65
51690,2009,678,798,-120
51690,2010,630,747,-117
51700,1990,17341,17032,309
51700,1991,18099,15839,2260
51700,1992,17955,18852,-897
51700,1993,18672,18642,30
51700,1994,17348,19387,-2039
51700,1995,16917,19234,-2317
51700,1996,16678,18877,-2199
51700,1997,16832,17861,-1029
51700,1998,16952,17522,-570
51700,1999,16775,18583,-1808
51700,2000,16954,17656,-702
51700,2001,17749,18605,-856
51700,2002,17577,17919,-342
51700,2003,17596,18304,-708
51700,2004,17305,20569,-3264
51700,2005,18033,19833,-1800
51700,2006,17424,19838,-2414
51700,2007,17042,19894,-2852
51700,2008,17128,19117,-1989
51700,2009,16299,18819,-2520
51700,2010,15879,18623,-2744
51710,1990,23545,30728,-7183
51710,1991,26036,24950,1086
51710,1992,24627,30054,-5427
51710,1993,22843,28837,-5994
51710,1994,22269,27537,-5268
51710,1995,21840,24466,-2626
51710,1996,21072,25471,-4399
51710,1997,20250,23987,-3737
51710,1998,19695,22849,-3154
51710,1999,20646,22413,-1767
51710,2000,21012,22709,-1697
51710,2001,21744,22365,-621
51710,2002,20945,22908,-1963
51710,2003,22012,22500,-488
51710,2004,22163,24376,-2213
51710,2005,22276,24811,-2535
51710,2006,21596,24355,-2759
51710,2007,21848,25650,-3802
51710,2008,21185,24820,-3635
51710,2009,21084,23148,-2064
51710,2010,20857,23000,-2143
51720,1990,111,178,-67
51720,1991,137,176,-39
51720,1992,97,150,-53
51720,1993,146,110,36
51720,1994,180,148,32
51720,1995,287,325,-38
51720,1996,259,285,-26
51720,1997,261,270,-9
51720,1998,230,266,-36
51720,1999,211,302,-91
51720,2000,225,231,-6
51720,2001,268,224,44
51720,2002,249,258,-9
51720,2003,204,292,-88
51720,2004,252,360,-108
51720,2005,276,273,3
51720,2006,291,275,16
51720,2007,308,321,-13
51720,2008,295,303,-8
51720,2009,314,306,8
51720,2010,295,261,34
51730,1990,3259,2629,630
51730,1991,3397,2996,401
51730,1992,3072,3268,-196
51730,1993,2909,3045,-136
51730,1994,3166,2948,218
51730,1995,2149,2473,-324
51730,1996,2150,2471,-321
51730,1997,2412,2550,-138
51730,1998,2218,2646,-428
51730,1999,2153,2763,-610
51730,2000,2016,2399,-383
51730,2001,2134,2426,-292
51730,2002,2220,2387,-167
51730,2003,1993,2357,-364
51730,2004,2350,2702,-352
51730,2005,2809,2694,115
51730,2006,2674,2772,-98
51730,2007,2756,3122,-366
51730,2008,2900,3223,-323
51730,2009,3176,3083,93
51730,2010,2743,3337,-594
51735,1990,908,781,127
51735,1991,839,808,31
51735,1992,884,821,63
51735,1993,831,767,64
51735,1994,745,792,-47
51735,1995,903,896,7
51735,1996,871,906,-35
51735,1997,881,796,85
51735,1998,942,802,140
51735,1999,779,725,54
51735,2000,792,861,-69
51735,2001,919,786,133
51735,2002,956,797,159
51735,2003,784,853,-69
51735,2004,882,745,137
51735,2005,904,775,129
51735,2006,873,756,117
51735,2007,824,784,40
51735,2008,821,708,113
51735,2009,783,772,11
51735,2010,621,754,-133
51740,1990,7089,8152,-1063
51740,1991,7744,7672,72
51740,1992,7744,8123,-379
51740,1993,7376,8421,-1045
51740,1994,7212,8715,-1503
51740,1995,7194,8196,-1002
51740,1996,6920,8491,-1571
51740,1997,6949,7809,-860
51740,1998,7003,7921,-918
51740,1999,7101,7929,-828
51740,2000,7203,8110,-907
51740,2001,7678,8145,-467
51740,2002,7537,8005,-468
51740,2003,7949,8162,-213
51740,2004,8490,8278,212
51740,2005,9332,8759,573
51740,2006,8081,9273,-1192
51740,2007,7775,9507,-1732
51740,2008,8018,8569,-551
51740,2009,7813,8249,-436
51740,2010,7941,8405,-464
51750,1990,805,814,-9
51750,1991,810,769,41
51750,1992,877,823,54
51750,1993,959,885,74
51750,1994,923,964,-41
51750,1995,852,976,-124
51750,1996,903,1008,-105
51750,1997,991,1063,-72
51750,1998,937,1061,-124
51750,1999,934,1108,-174
51750,2000,818,990,-172
51750,2001,857,1001,-144
51750,2002,842,1127,-285
51750,2003,865,1023,-158
51750,2004,929,1038,-109
51750,2005,929,974,-45
51750,2006,952,1021,-69
51750,2007,925,1075,-150
51750,2008,986,1095,-109
51750,2009,907,1014,-107
51750,2010,927,1117,-190
51760,1990,17258,18722,-1464
51760,1991,16739,18907,-2168
51760,1992,17604,19133,-1529
51760,1993,17606,19421,-1815
51760,1994,17696,19783,-2087
51760,1995,11221,12944,-1723
51760,1996,11917,13540,-1623
51760,1997,11781,13571,-1790
51760,1998,12037,13885,-1848
51760,1999,11868,13876,-2008
51760,2000,12100,13762,-1662
51760,2001,12134,13838,-1704
51760,2002,11965,14464,-2499
51760,2003,11996,14498,-2502
51760,2004,13249,14705,-1456
51760,2005,13464,15258,-1794
51760,2006,13370,14617,-1247
51760,2007,14367,14920,-553
51760,2008,14074,15054,-980
51760,2009,13548,15175,-1627
51760,2010,14173,15001,-828
51770,1990,6564,6724,-160
51770,1991,6077,6917,-840
51770,1992,6685,6737,-52
51770,1993,6598,7192,-594
51770,1994,6378,6681,-303
51770,1995,4903,5548,-645
51770,1996,4998,5675,-677
51770,1997,4840,5886,-1046
51770,1998,5275,5850,-575
51770,1999,4912,5821,-909
51770,2000,5170,5770,-600
51770,2001,4999,5994,-995
51770,2002,5340,5965,-625
51770,2003,5490,6019,-529
51770,2004,6110,6567,-457
51770,2005,6082,6583,-501
51770,2006,6189,6450,-261
51770,2007,6277,6647,-370
51770,2008,6318,6280,38
51770,2009,5705,6498,-793
51770,2010,5814,6469,-655
51775,1990,1468,1347,121
51775,1991,1516,1421,95
51775,1992,1515,1389,126
51775,1993,1540,1414,126
51775,1994,1489,1319,170
51775,1995,1158,1015,143
51775,1996,1133,1095,38
51775,1997,1117,1023,94
51775,1998,1345,1438,-93
51775,1999,1348,1233,115
51775,2000,1309,1408,-99
51775,2001,1534,1392,142
51775,2002,1429,1562,-133
51775,2003,1538,1615,-77
51775,2004,1827,1698,129
51775,2005,1887,1681,206
51775,2006,1824,1733,91
51775,2007,1938,1685,253
51775,2008,1772,1748,24
51775,2009,1897,1726,171
51775,2010,1660,1632,28
51780,1990,330,393,-63
51780,1991,429,357,72
51780,1992,392,416,-24
51780,1993,512,477,35
51780,1994,377,482,-105
51780,1995,0,0,0
51780,1996,0,0,0
51780,1997,0,0,0
51780,1998,0,0,0
51780,1999,0,0,0
51780,2000,0,0,0
51780,2001,0,0,0
51780,2002,0,0,0
51780,2003,0,0,0
51780,2004,0,0,0
51780,2005,0,0,0
51780,2006,0,0,0
51780,2007,0,0,0
51780,2008,0,0,0
51780,2009,0,0,0
51780,2010,0,0,0
51790,1990,998,1022,-24
51790,1991,935,942,-7
51790,1992,1065,962,103
51790,1993,1003,966,37
51790,1994,1077,1081,-4
51790,1995,904,949,-45
51790,1996,1007,1047,-40
51790,1997,879,879,0
51790,1998,923,998,-75
51790,1999,954,1002,-48
51790,2000,921,966,-45
51790,2001,974,951,23
51790,2002,896,881,15
51790,2003,909,947,-38
51790,2004,1558,1383,175
51790,2005,1578,1476,102
51790,2006,1653,1350,303
51790,2007,1620,1568,52
51790,2008,1435,1550,-115
51790,2009,1465,1427,38
51790,2010,1437,1526,-89
51800,1990,2831,2723,108
51800,1991,2701,2583,118
51800,1992,3084,2547,537
51800,1993,3252,2775,477
51800,1994,4187,2891,1296
51800,1995,4510,2771,1739
51800,1996,4688,2962,1726
51800,1997,4231,3145,1086
51800,1998,4742,3211,1531
51800,1999,5222,3648,1574
51800,2000,5509,3764,1745
51800,2001,6490,4068,2422
51800,2002,6996,4211,2785
51800,2003,7096,4761,2335
51800,2004,7402,5695,1707
51800,2005,7493,5958,1535
51800,2006,6691,6101,590
51800,2007,6730,6064,666
51800,2008,6536,5855,681
51800,2009,6694,5845,849
51800,2010,5811,5982,-171
51810,1990,40414,40091,323
51810,1991,44260,37030,7230
51810,1992,44336,41310,3026
51810,1993,42237,43438,-1201
51810,1994,40527,42399,-1872
51810,1995,37164,41310,-4146
51810,1996,37957,39410,-1453
51810,1997,35057,38485,-3428
51810,1998,35544,37227,-1683
51810,1999,37713,36870,843
51810,2000,34790,36764,-1974
51810,2001,36813,36884,-71
51810,2002,36825,35612,1213
51810,2003,37521,35739,1782
51810,2004,35616,39634,-4018
51810,2005,36869,40684,-3815
51810,2006,33960,39398,-5438
51810,2007,34268,38833,-4565
51810,2008,33923,36094,-2171
51810,2009,33557,34215,-658
51810,2010,33707,33679,28
51820,1990,899,877,22
51820,1991,757,814,-57
51820,1992,795,811,-16
51820,1993,804,837,-33
51820,1994,924,835,89
51820,1995,1149,968,181
51820,1996,1133,1069,64
51820,1997,1008,1143,-135
51820,1998,1271,1138,133
51820,1999,1245,1098,147
51820,2000,1134,1099,35
51820,2001,1271,1088,183
51820,2002,1200,1108,92
51820,2003,1288,1172,116
51820,2004,1707,1505,202
51820,2005,1698,1575,123
51820,2006,1523,1486,37
51820,2007,1678,1464,214
51820,2008,1527,1532,-5
51820,2009,1571,1544,27
51820,2010,1422,1351,71
51830,1990,1346,1156,190
51830,1991,1501,1367,134
51830,1992,1521,1213,308
51830,1993,1550,1220,330
51830,1994,1482,1166,316
51830,1995,493,643,-150
51830,1996,515,609,-94
51830,1997,526,512,14
51830,1998,557,536,21
51830,1999,531,551,-20
51830,2000,517,564,-47
51830,2001,462,615,-153
51830,2002,471,537,-66
51830,2003,516,535,-19
51830,2004,1090,963,127
51830,2005,1128,1134,-6
51830,2006,1055,1005,50
51830,2007,1011,1157,-146
51830,2008,1113,1020,93
51830,2009,1390,1271,119
51830,2010,1280,1136,144
51840,1990,1540,1456,84
51840,1991,1607,1490,117
51840,1992,8798,3501,5297
51840,1993,2741,2072,669
51840,1994,2406,2011,395
51840,1995,1533,1652,-119
51840,1996,1599,1683,-84
51840,1997,1606,1650,-44
51840,1998,1633,1736,-103
51840,1999,1661,1652,9
51840,2000,1765,1656,109
51840,2001,1760,1796,-36
51840,2002,1742,1947,-205
51840,2003,1916,1846,70
51840,2004,2741,2859,-118
51840,2005,2670,2829,-159
51840,2006,2388,2816,-428
51840,2007,2521,2725,-204
51840,2008,2603,2807,-204
51840,2009,2749,2780,-31
51840,2010,2600,2514,86
53001,1990,1237,997,240
53001,1991,1101,1003,98
53001,1992,1088,1055,33
53001,1993,1211,1066,145
53001,1994,963,1021,-58
53001,1995,952,1185,-233
53001,1996,863,1074,-211
53001,1997,785,1069,-284
53001,1998,783,1160,-377
53001,1999,807,1014,-207
53001,2000,715,1185,-470
53001,2001,794,1005,-211
53001,2002,779,949,-170
53001,2003,739,1109,-370
53001,2004,722,913,-191
53001,2005,770,1063,-293
53001,2006,876,851,25
53001,2007,923,881,42
53001,2008,1065,921,144
53001,2009,927,969,-42
53001,2010,996,1149,-153
53003,1990,1322,1078,244
53003,1991,1414,1091,323
53003,1992,1484,1111,373
53003,1993,1554,1085,469
53003,1994,1485,1134,351
53003,1995,1518,1185,333
53003,1996,1403,1247,156
53003,1997,1533,1317,216
53003,1998,1434,1544,-110
53003,1999,1498,1492,6
53003,2000,1446,1519,-73
53003,2001,1481,1454,27
53003,2002,1526,1496,30
53003,2003,1526,1341,185
53003,2004,1501,1369,132
53003,2005,1548,1403,145
53003,2006,1487,1357,130
53003,2007,1500,1207,293
53003,2008,1384,1373,11
53003,2009,1452,1156,296
53003,2010,1395,1179,216
53005,1990,8587,7203,1384
53005,1991,8825,6678,2147
53005,1992,9068,6623,2445
53005,1993,9666,6581,3085
53005,1994,9352,7162,2190
53005,1995,7405,8244,-839
53005,1996,7563,8248,-685
53005,1997,7531,8197,-666
53005,1998,7992,7934,58
53005,1999,8152,7633,519
53005,2000,8395,7441,954
53005,2001,9563,7186,2377
53005,2002,9009,7625,1384
53005,2003,8597,8259,338
53005,2004,8780,8558,222
53005,2005,9434,9455,-21
53005,2006,9090,8642,448
53005,2007,10860,8337,2523
53005,2008,10645,8191,2454
53005,2009,11401,8078,3323
53005,2010,11036,8777,2259
53007,1990,4273,3792,481
53007,1991,4524,3872,652
53007,1992,4513,3758,755
53007,1993,4267,3870,397
53007,1994,4400,3609,791
53007,1995,4108,3669,439
53007,1996,3716,3926,-210
53007,1997,3949,4059,-110
53007,1998,3814,3982,-168
53007,1999,3697,4002,-305
53007,2000,3835,4299,-464
53007,2001,3609,4042,-433
53007,2002,3666,3666,0
53007,2003,3920,3717,203
53007,2004,3896,3674,222
53007,2005,3992,3842,150
53007,2006,4182,3955,227
53007,2007,3882,3801,81
53007,2008,3854,3535,319
53007,2009,3903,3362,541
53007,2010,3848,3647,201
53009,1990,3773,2691,1082
53009,1991,3643,2555,1088
53009,1992,3479,2463,1016
53009,1993,3272,2513,759
53009,1994,3178,2622,556
53009,1995,3243,2359,884
53009,1996,3091,2596,495
53009,1997,3191,2653,538
53009,1998,3153,2766,387
53009,1999,3199,2661,538
53009,2000,3327,2748,579
53009,2001,3398,2386,1012
53009,2002,3324,2583,741
53009,2003,3421,2489,932
53009,2004,3844,2508,1336
53009,2005,3386,2594,792
53009,2006,3111,2451,660
53009,2007,3164,2598,566
53009,2008,2903,2517,386
53009,2009,2710,2275,435
53009,2010,2862,2486,376
53011,1990,17532,10280,7252
53011,1991,16218,11182,5036
53011,1992,17532,10581,6951
53011,1993,17802,11264,6538
53011,1994,17960,11521,6439
53011,1995,19489,11937,7552
53011,1996,20076,13111,6965
53011,1997,19608,14406,5202
53011,1998,19760,15805,3955
53011,1999,19219,15855,3364
53011,2000,20790,14948,5842
53011,2001,20344,15274,5070
53011,2002,19616,15389,4227
53011,2003,21652,15327,6325
53011,2004,21440,15981,5459
53011,2005,20787,17807,2980
53011,2006,19430,16474,2956
53011,2007,19529,16748,2781
53011,2008,18963,16407,2556
53011,2009,17996,15347,2649
53011,2010,18843,16033,2810
53013,1990,236,341,-105
53013,1991,292,250,42
53013,1992,341,277,64
53013,1993,333,256,77
53013,1994,292,203,89
53013,1995,393,332,61
53013,1996,297,331,-34
53013,1997,289,326,-37
53013,1998,325,328,-3
53013,1999,355,313,42
53013,2000,338,334,4
53013,2001,356,334,22
53013,2002,311,313,-2
53013,2003,357,327,30
53013,2004,225,254,-29
53013,2005,261,308,-47
53013,2006,226,221,5
53013,2007,261,244,17
53013,2008,256,202,54
53013,2009,290,194,96
53013,2010,204,242,-38
53015,1990,4189,3293,896
53015,1991,3718,3376,342
53015,1992,3951,3263,688
53015,1993,4038,3186,852
53015,1994,4113,3204,909
53015,1995,3656,3130,526
53015,1996,3654,3301,353
53015,1997,3835,3529,306
53015,1998,3844,3742,102
53015,1999,3658,3843,-185
53015,2000,3915,3745,170
53015,2001,3868,3646,222
53015,2002,3830,3747,83
53015,2003,4263,3631,632
53015,2004,4657,4149,508
53015,2005,5758,3867,1891
53015,2006,4586,3645,941
53015,2007,4482,4011,471
53015,2008,4086,4040,46
53015,2009,3615,3642,-27
53015,2010,3748,3873,-125
53017,1990,2856,2242,614
53017,1991,2790,2436,354
53017,1992,2813,2471,342
53017,1993,2666,2335,331
53017,1994,2556,2334,222
53017,1995,2331,2527,-196
53017,1996,2383,2333,50
53017,1997,2514,2410,104
53017,1998,2540,2532,8
53017,1999,2353,2438,-85
53017,2000,2378,2483,-105
53017,2001,2301,2241,60
53017,2002,2499,2348,151
53017,2003,2588,2282,306
53017,2004,2439,2222,217
53017,2005,2740,2274,466
53017,2006,2876,2453,423
53017,2007,2620,2394,226
53017,2008,2640,2320,320
53017,2009,2562,2205,357
53017,2010,2511,2582,-71
53019,1990,505,383,122
53019,1991,513,412,101
53019,1992,440,420,20
53019,1993,425,359,66
53019,1994,525,484,41
53019,1995,459,479,-20
53019,1996,466,426,40
53019,1997,347,432,-85
53019,1998,432,437,-5
53019,1999,535,437,98
53019,2000,518,535,-17
53019,2001,488,507,-19
53019,2002,519,445,74
53019,2003,601,527,74
53019,2004,442,417,25
53019,2005,426,383,43
53019,2006,338,429,-91
53019,2007,450,402,48
53019,2008,410,344,66
53019,2009,382,320,62
53019,2010,387,279,108
53021,1990,3703,3251,452
53021,1991,3527,3135,392
53021,1992,3633,3294,339
53021,1993,3380,3446,-66
53021,1994,3416,3339,77
53021,1995,2693,3797,-1104
53021,1996,3097,3244,-147
53021,1997,2711,3226,-515
53021,1998,2864,4255,-1391
53021,1999,3081,3510,-429
53021,2000,3172,3323,-151
53021,2001,3591,3121,470
53021,2002,4302,2998,1304
53021,2003,4478,3315,1163
53021,2004,4831,3518,1313
53021,2005,5373,4021,1352
53021,2006,5411,4047,1364
53021,2007,5959,4322,1637
53021,2008,6317,4444,1873
53021,2009,6629,4339,2290
53021,2010,6355,4760,1595
53023,1990,0,0,0
53023,1991,0,0,0
53023,1992,138,97,41
53023,1993,127,87,40
53023,1994,124,102,22
53023,1995,110,94,16
53023,1996,101,106,-5
53023,1997,70,63,7
53023,1998,76,65,11
53023,1999,73,84,-11
53023,2000,52,68,-16
53023,2001,33,49,-16
53023,2002,68,50,18
53023,2003,26,51,-25
53023,2004,113,97,16
53023,2005,88,120,-32
53023,2006,104,137,-33
53023,2007,153,120,33
53023,2008,93,92,1
53023,2009,127,98,29
53023,2010,102,104,-2
53025,1990,4027,3006,1021
53025,1991,3939,3111,828
53025,1992,3807,2975,832
53025,1993,3938,2862,1076
53025,1994,3672,2894,778
53025,1995,3371,2857,514
53025,1996,3721,3254,467
53025,1997,3513,3236,277
53025,1998,3286,3297,-11
53025,1999,3204,3565,-361
53025,2000,3268,3508,-240
53025,2001,3165,3413,-248
53025,2002,2956,3178,-222
53025,2003,3056,3312,-256
53025,2004,3100,3394,-294
53025,2005,3549,3551,-2
53025,2006,3657,3411,246
53025,2007,4312,3411,901
53025,2008,4292,3545,747
53025,2009,4134,3283,851
53025,2010,3978,3565,413
53027,1990,3068,2971,97
53027,1991,3218,2779,439
53027,1992,3230,2650,580
53027,1993,2991,2526,465
53027,1994,2975,2563,412
53027,1995,2833,2549,284
53027,1996,2663,2578,85
53027,1997,2505,2910,-405
53027,1998,2554,2876,-322
53027,1999,2807,3025,-218
53027,2000,2742,2879,-137
53027,2001,2890,2785,105
53027,2002,2867,2780,87
53027,2003,2952,2434,518
53027,2004,3129,2698,431
53027,2005,3162,2715,447
53027,2006,2919,2651,268
53027,2007,2942,2870,72
53027,2008,2655,2645,10
53027,2009,2743,2513,230
53027,2010,2396,2747,-351
53029,1990,7770,6519,1251
53029,1991,7803,5821,1982
53029,1992,7533,7212,321
53029,1993,7784,7113,671
53029,1994,7895,7214,681
53029,1995,7829,7402,427
53029,1996,8396,6724,1672
53029,1997,7859,7706,153
53029,1998,8450,7299,1151
53029,1999,8512,7919,593
53029,2000,9706,6394,3312
53029,2001,8107,7013,1094
53029,2002,7655,6803,852
53029,2003,7761,6640,1121
53029,2004,7700,7491,209
53029,2005,7867,7366,501
53029,2006,6771,6914,-143
53029,2007,6774,7172,-398
53029,2008,6242,6622,-380
53029,2009,6274,6317,-43
53029,2010,6344,6479,-135
53031,1990,1755,992,763
53031,1991,1759,963,796
53031,1992,1831,1092,739
53031,1993,1753,1158,595
53031,1994,1796,1030,766
53031,1995,1612,1198,414
53031,1996,1536,1167,369
53031,1997,1717,1241,476
53031,1998,1783,1323,460
53031,1999,1794,1328,466
53031,2000,1734,1329,405
53031,2001,1673,1314,359
53031,2002,1676,1310,366
53031,2003,1792,1353,439
53031,2004,1890,1405,485
53031,2005,1907,1351,556
53031,2006,1511,1346,165
53031,2007,1658,1357,301
53031,2008,1281,1268,13
53031,2009,1323,1050,273
53031,2010,1388,1227,161
53033,1990,79998,78406,1592
53033,1991,81337,76425,4912
53033,1992,78478,77335,1143
53033,1993,72388,78844,-6456
53033,1994,73461,76280,-2819
53033,1995,72771,73241,-470
53033,1996,77886,74621,3265
53033,1997,79924,79707,217
53033,1998,78212,86194,-7982
53033,1999,76502,90839,-14337
53033,2000,78284,86672,-8388
53033,2001,70286,84979,-14693
53033,2002,68526,82770,-14244
53033,2003,71331,78973,-7642
53033,2004,74283,78490,-4207
53033,2005,81519,79098,2421
53033,2006,78565,80229,-1664
53033,2007,80520,78735,1785
53033,2008,80095,74617,5478
53033,2009,71377,73782,-2405
53033,2010,77574,72148,5426
53035,1990,19674,13881,5793
53035,1991,18999,13061,5938
53035,1992,17479,16002,1477
53035,1993,17374,14936,2438
53035,1994,18315,14797,3518
53035,1995,18793,16076,2717
53035,1996,18450,17538,912
53035,1997,16093,17739,-1646
53035,1998,17219,16024,1195
53035,1999,16181,15642,539
53035,2000,15731,15904,-173
53035,2001,16255,14524,1731
53035,2002,16145,15413,732
53035,2003,16081,14548,1533
53035,2004,15860,17681,-1821
53035,2005,16348,15315,1033
53035,2006,13524,15895,-2371
53035,2007,14965,14170,795
53035,2008,13742,14007,-265
53035,2009,13805,12987,818
53035,2010,14882,13817,1065
53037,1990,2097,1586,511
53037,1991,1902,1628,274
53037,1992,2136,1520,616
53037,1993,2031,1509,522
53037,1994,2102,1675,427
53037,1995,2035,1721,314
53037,1996,2192,1879,313
53037,1997,1998,2050,-52
53037,1998,2226,1915,311
53037,1999,2086,1887,199
53037,2000,2049,2067,-18
53037,2001,2205,1892,313
53037,2002,2102,1904,198
53037,2003,2122,1815,307
53037,2004,2187,1830,357
53037,2005,2382,2215,167
53037,2006,2134,1999,135
53037,2007,2375,2182,193
53037,2008,2096,2134,-38
53037,2009,2031,1936,95
53037,2010,2047,1997,50
53039,1990,1083,1103,-20
53039,1991,1218,967,251
53039,1992,1100,906,194
53039,1993,1157,985,172
53039,1994,1206,917,289
53039,1995,1148,1064,84
53039,1996,1261,985,276
53039,1997,1298,1139,159
53039,1998,1178,1162,16
53039,1999,1203,1018,185
53039,2000,1107,1114,-7
53039,2001,1123,1119,4
53039,2002,1180,1067,113
53039,2003,1106,1064,42
53039,2004,1143,1099,44
53039,2005,1290,963,327
53039,2006,1203,995,208
53039,2007,1195,1018,177
53039,2008,1098,958,140
53039,2009,1148,903,245
53039,2010,1245,1020,225
53041,1990,3607,2865,742
53041,1991,3504,3065,439
53041,1992,3702,2406,1296
53041,1993,3679,2874,805
53041,1994,3648,2774,874
53041,1995,3457,2906,551
53041,1996,3307,2970,337
53041,1997,3242,3160,82
53041,1998,3305,3157,148
53041,1999,3243,3271,-28
53041,2000,3296,3208,88
53041,2001,3467,3043,424
53041,2002,3589,3044,545
53041,2003,3553,3158,395
53041,2004,3852,3082,770
53041,2005,3908,3126,782
53041,2006,3620,3131,489
53041,2007,3692,3400,292
53041,2008,3379,3257,122
53041,2009,3091,3207,-116
53041,2010,3089,2992,97
53043,1990,578,499,79
53043,1991,632,550,82
53043,1992,727,518,209
53043,1993,755,572,183
53043,1994,734,582,152
53043,1995,548,467,81
53043,1996,544,448,96
53043,1997,557,524,33
53043,1998,544,581,-37
53043,1999,549,559,-10
53043,2000,521,525,-4
53043,2001,524,553,-29
53043,2002,631,517,114
53043,2003,650,501,149
53043,2004,554,586,-32
53043,2005,706,616,90
53043,2006,750,597,153
53043,2007,652,519,133
53043,2008,555,514,41
53043,2009,543,508,35
53043,2010,536,560,-24
53045,1990,3502,2129,1373
53045,1991,3428,2126,1302
53045,1992,3609,2216,1393
53045,1993,3469,2199,1270
53045,1994,3327,2249,1078
53045,1995,3470,2521,949
53045,1996,3196,2371,825
53045,1997,3102,2709,393
53045,1998,3074,2665,409
53045,1999,3210,2694,516
53045,2000,3415,2825,590
53045,2001,3389,2698,691
53045,2002,3507,2718,789
53045,2003,3682,2699,983
53045,2004,3652,2763,889
53045,2005,4148,2792,1356
53045,2006,3905,2725,1180
53045,2007,3734,3073,661
53045,2008,3094,2786,308
53045,2009,2848,2578,270
53045,2010,2933,2811,122
53047,1990,1977,2124,-147
53047,1991,2243,1916,327
53047,1992,2283,1763,520
53047,1993,2163,1736,427
53047,1994,2224,1843,381
53047,1995,2035,1707,328
53047,1996,1749,1725,24
53047,1997,1626,1960,-334
53047,1998,1588,1897,-309
53047,1999,1738,1939,-201
53047,2000,1615,2016,-401
53047,2001,1694,1934,-240
53047,2002,1520,1773,-253
53047,2003,1623,1429,194
53047,2004,1706,1635,71
53047,2005,1709,1686,23
53047,2006,1684,1522,162
53047,2007,1807,1462,345
53047,2008,1775,1533,242
53047,2009,1805,1449,356
53047,2010,1535,1469,66
53049,1990,1267,1103,164
53049,1991,1345,970,375
53049,1992,1200,876,324
53049,1993,1247,898,349
53049,1994,1347,940,407
53049,1995,1228,1025,203
53049,1996,1226,1069,157
53049,1997,1037,1067,-30
53049,1998,1094,1103,-9
53049,1999,1039,1078,-39
53049,2000,1031,1096,-65
53049,2001,1089,966,123
53049,2002,1261,897,364
53049,2003,1083,905,178
53049,2004,1253,867,386
53049,2005,1148,982,166
53049,2006,1079,968,111
53049,2007,1058,1106,-48
53049,2008,1042,1082,-40
53049,2009,985,924,61
53049,2010,994,859,135
53051,1990,860,744,116
53051,1991,943,606,337
53051,1992,923,608,315
53051,1993,895,625,270
53051,1994,916,631,285
53051,1995,1325,942,383
53051,1996,1199,1002,197
53051,1997,1103,864,239
53051,1998,1119,1089,30
53051,1999,1023,948,75
53051,2000,1147,1000,147
53051,2001,1091,913,178
53051,2002,1069,935,134
53051,2003,1276,998,278
53051,2004,908,746,162
53051,2005,965,704,261
53051,2006,776,678,98
53051,2007,827,714,113
53051,2008,858,764,94
53051,2009,637,699,-62
53051,2010,665,645,20
53053,1990,44314,37914,6400
53053,1991,43674,34177,9497
53053,1992,44770,39710,5060
53053,1993,40330,40210,120
53053,1994,41587,37941,3646
53053,1995,39036,36949,2087
53053,1996,39791,36537,3254
53053,1997,42536,37017,5519
53053,1998,44126,37818,6308
53053,1999,43698,39479,4219
53053,2000,45504,39066,6438
53053,2001,43845,38471,5374
53053,2002,41618,39248,2370
53053,2003,38896,39047,-151
53053,2004,41369,39747,1622
53053,2005,48591,41340,7251
53053,2006,43863,44346,-483
53053,2007,48401,42243,6158
53053,2008,47927,43507,4420
53053,2009,40507,45675,-5168
53053,2010,45527,43530,1997
53055,1990,1044,658,386
53055,1991,888,675,213
53055,1992,923,658,265
53055,1993,833,630,203
53055,1994,990,681,309
53055,1995,797,677,120
53055,1996,836,680,156
53055,1997,990,682,308
53055,1998,968,674,294
53055,1999,928,684,244
53055,2000,823,666,157
53055,2001,900,684,216
53055,2002,823,679,144
53055,2003,869,640,229
53055,2004,857,738,119
53055,2005,805,710,95
53055,2006,743,622,121
53055,2007,760,631,129
53055,2008,674,658,16
53055,2009,636,600,36
53055,2010,639,549,90
53057,1990,6020,3679,2341
53057,1991,5664,3906,1758
53057,1992,6054,3911,2143
53057,1993,5584,4087,1497
53057,1994,5813,4472,1341
53057,1995,5529,4673,856
53057,1996,5468,4449,1019
53057,1997,5999,4700,1299
53057,1998,6234,5196,1038
53057,1999,6197,5344,853
53057,2000,5972,5298,674
53057,2001,5844,5149,695
53057,2002,6309,4736,1573
53057,2003,6247,5258,989
53057,2004,5747,4831,916
53057,2005,6186,4900,1286
53057,2006,5642,4991,651
53057,2007,6185,5202,983
53057,2008,5234,5013,221
53057,2009,4908,4872,36
53057,2010,4870,4693,177
53059,1990,661,557,104
53059,1991,498,484,14
53059,1992,584,459,125
53059,1993,561,479,82
53059,1994,551,502,49
53059,1995,586,446,140
53059,1996,684,423,261
53059,1997,638,580,58
53059,1998,544,514,30
53059,1999,553,491,62
53059,2000,547,508,39
53059,2001,494,460,34
53059,2002,527,396,131
53059,2003,620,467,153
53059,2004,570,516,54
53059,2005,658,488,170
53059,2006,612,450,162
53059,2007,597,509,88
53059,2008,548,532,16
53059,2009,576,455,121
53059,2010,543,506,37
53061,1990,31280,25675,5605
53061,1991,33031,25448,7583
53061,1992,31987,25830,6157
53061,1993,30654,27272,3382
53061,1994,29642,25988,3654
53061,1995,30323,25576,4747
53061,1996,37471,25504,11967
53061,1997,38457,28455,10002
53061,1998,36160,32219,3941
53061,1999,37104,33099,4005
53061,2000,37551,33457,4094
53061,2001,35114,32887,2227
53061,2002,32062,33336,-1274
53061,2003,32950,32036,914
53061,2004,35733,30625,5108
53061,2005,38879,31742,7137
53061,2006,38066,31370,6696
53061,2007,36176,32867,3309
53061,2008,33608,30447,3161
53061,2009,31347,29936,1411
53061,2010,31589,30326,1263
53063,1990,20680,14859,5821
53063,1991,20562,14544,6018
53063,1992,20626,15254,5372
53063,1993,18399,16406,1993
53063,1994,19318,17714,1604
53063,1995,16529,16325,204
53063,1996,16008,17302,-1294
53063,1997,16355,16854,-499
53063,1998,16652,17620,-968
53063,1999,17214,17504,-290
53063,2000,17809,16934,875
53063,2001,17620,16349,1271
53063,2002,17016,16108,908
53063,2003,17514,16017,1497
53063,2004,18356,16107,2249
53063,2005,19664,16953,2711
53063,2006,19911,16055,3856
53063,2007,19222,16768,2454
53063,2008,18161,16193,1968
53063,2009,15740,15877,-137
53063,2010,16164,16926,-762
53065,1990,2120,1691,429
53065,1991,2529,1521,1008
53065,1992,2480,1542,938
53065,1993,2529,1487,1042
53065,1994,2564,1584,980
53065,1995,2002,1497,505
53065,1996,1855,1523,332
53065,1997,1988,1992,-4
53065,1998,2051,1864,187
53065,1999,2227,1815,412
53065,2000,1924,1839,85
53065,2001,2026,2004,22
53065,2002,2036,1880,156
53065,2003,2021,1757,264
53065,2004,2690,2214,476
53065,2005,2776,2181,595
53065,2006,2541,2002,539
53065,2007,2467,2202,265
53065,2008,2190,2012,178
53065,2009,1925,1902,23
53065,2010,1928,1873,55
53067,1990,14017,9722,4295
53067,1991,14239,9171,5068
53067,1992,14920,10402,4518
53067,1993,12840,10840,2000
53067,1994,13653,10692,2961
53067,1995,13881,11406,2475
53067,1996,13518,11676,1842
53067,1997,13118,12258,860
53067,1998,13828,12251,1577
53067,1999,14022,12055,1967
53067,2000,14671,11915,2756
53067,2001,14592,11675,2917
53067,2002,13912,11631,2281
53067,2003,13739,11616,2123
53067,2004,14389,11939,2450
53067,2005,16526,12684,3842
53067,2006,15984,12781,3203
53067,2007,18189,13311,4878
53067,2008,17745,14247,3498
53067,2009,15472,14061,1411
53067,2010,16608,14578,2030
53069,1990,228,194,34
53069,1991,261,196,65
53069,1992,222,189,33
53069,1993,257,183,74
53069,1994,242,194,48
53069,1995,229,161,68
53069,1996,271,195,76
53069,1997,219,233,-14
53069,1998,203,223,-20
53069,1999,246,209,37
53069,2000,189,236,-47
53069,2001,233,169,64
53069,2002,208,241,-33
53069,2003,334,177,157
53069,2004,259,179,80
53069,2005,267,151,116
53069,2006,245,169,76
53069,2007,273,195,78
53069,2008,242,235,7
53069,2009,212,173,39
53069,2010,211,165,46
53071,1990,3110,2642,468
53071,1991,3085,2742,343
53071,1992,3065,2481,584
53071,1993,2992,2442,550
53071,1994,2681,2676,5
53071,1995,2344,2626,-282
53071,1996,2261,2755,-494
53071,1997,2287,2644,-357
53071,1998,3216,2786,430
53071,1999,2754,2774,-20
53071,2000,2560,2758,-198
53071,2001,2736,2439,297
53071,2002,2579,2408,171
53071,2003,2680,2480,200
53071,2004,2440,2561,-121
53071,2005,2714,2749,-35
53071,2006,2445,2689,-244
53071,2007,2657,2522,135
53071,2008,2639,2333,306
53071,2009,2555,2262,293
53071,2010,2607,2373,234
53073,1990,7615,4937,2678
53073,1991,7922,5130,2792
53073,1992,7770,5468,2302
53073,1993,7606,5934,1672
53073,1994,7589,5873,1716
53073,1995,7509,10156,-2647
53073,1996,7232,6739,493
53073,1997,7453,6668,785
53073,1998,8031,6734,1297
53073,1999,8070,6916,1154
53073,2000,8033,7007,1026
53073,2001,8601,6869,1732
53073,2002,7998,7244,754
53073,2003,8482,6743,1739
53073,2004,8340,6738,1602
53073,2005,8177,7392,785
53073,2006,8405,7043,1362
53073,2007,8974,7625,1349
53073,2008,8134,7371,763
53073,2009,7010,6969,41
53073,2010,7095,6937,158
53075,1990,2499,2611,-112
53075,1991,2639,2659,-20
53075,1992,2651,2673,-22
53075,1993,2558,2587,-29
53075,1994,2798,2771,27
53075,1995,2577,2690,-113
53075,1996,2380,2772,-392
53075,1997,2394,2786,-392
53075,1998,2567,2977,-410
53075,1999,2504,2878,-374
53075,2000,2477,2913,-436
53075,2001,2716,2770,-54
53075,2002,2747,2810,-63
53075,2003,2617,2750,-133
53075,2004,2813,2972,-159
53075,2005,2714,3087,-373
53075,2006,2500,2983,-483
53075,2007,2941,3050,-109
53075,2008,2733,2952,-219
53075,2009,2261,2744,-483
53075,2010,2512,2795,-283
53077,1990,8903,7737,1166
53077,1991,8700,7350,1350
53077,1992,8739,7237,1502
53077,1993,7962,7481,481
53077,1994,7446,7592,-146
53077,1995,6409,7754,-1345
53077,1996,5888,8083,-2195
53077,1997,6057,7890,-1833
53077,1998,5671,7933,-2262
53077,1999,5611,8265,-2654
53077,2000,5542,8080,-2538
53077,2001,5717,7601,-1884
53077,2002,6111,6969,-858
53077,2003,5960,6747,-787
53077,2004,5767,7187,-1420
53077,2005,6075,7078,-1003
53077,2006,6216,7067,-851
53077,2007,6910,7147,-237
53077,2008,7852,6369,1483
53077,2009,7684,6048,1636
53077,2010,6893,6825,68
54001,1990,469,504,-35
54001,1991,631,469,162
54001,1992,573,485,88
54001,1993,628,494,134
54001,1994,645,527,118
54001,1995,654,554,100
54001,1996,498,543,-45
54001,1997,604,505,99
54001,1998,554,593,-39
54001,1999,514,517,-3
54001,2000,499,529,-30
54001,2001,590,469,121
54001,2002,616,526,90
54001,2003,474,548,-74
54001,2004,613,462,151
54001,2005,620,503,117
54001,2006,586,515,71
54001,2007,646,525,121
54001,2008,573,449,124
54001,2009,551,445,106
54001,2010,535,497,38
54003,1990,3674,2516,1158
54003,1991,3340,2430,910
54003,1992,3194,2359,835
54003,1993,3379,2481,898
54003,1994,3363,2542,821
54003,1995,3396,2389,1007
54003,1996,3663,2796,867
54003,1997,3999,2519,1480
54003,1998,4091,2713,1378
54003,1999,4352,3003,1349
54003,2000,4682,3027,1655
54003,2001,5213,3211,2002
54003,2002,6001,3062,2939
54003,2003,6291,3295,2996
54003,2004,6747,3745,3002
54003,2005,7504,4401,3103
54003,2006,6228,4308,1920
54003,2007,6298,4635,1663
54003,2008,5449,4591,858
54003,2009,5232,3987,1245
54003,2010,5014,4369,645
54005,1990,961,840,121
54005,1991,1055,819,236
54005,1992,843,915,-72
54005,1993,842,858,-16
54005,1994,779,981,-202
54005,1995,1039,947,92
54005,1996,1081,1158,-77
54005,1997,931,1148,-217
54005,1998,1059,985,74
54005,1999,976,1057,-81
54005,2000,959,1007,-48
54005,2001,1081,943,138
54005,2002,1012,965,47
54005,2003,878,938,-60
54005,2004,776,783,-7
54005,2005,797,874,-77
54005,2006,774,707,67
54005,2007,699,813,-114
54005,2008,760,645,115
54005,2009,631,667,-36
54005,2010,630,712,-82
54007,1990,495,451,44
54007,1991,474,469,5
54007,1992,530,392,138
54007,1993,428,443,-15
54007,1994,520,344,176
54007,1995,545,481,64
54007,1996,454,517,-63
54007,1997,448,421,27
54007,1998,473,425,48
54007,1999,481,425,56
54007,2000,485,403,82
54007,2001,491,412,79
54007,2002,515,494,21
54007,2003,474,385,89
54007,2004,401,403,-2
54007,2005,459,488,-29
54007,2006,462,383,79
54007,2007,423,392,31
54007,2008,442,444,-2
54007,2009,445,385,60
54007,2010,405,415,-10
54009,1990,732,757,-25
54009,1991,737,837,-100
54009,1992,807,778,29
54009,1993,712,757,-45
54009,1994,880,775,105
54009,1995,962,1095,-133
54009,1996,985,1113,-128
54009,1997,964,987,-23
54009,1998,1051,1029,22
54009,1999,903,1247,-344
54009,2000,973,1107,-134
54009,2001,1015,994,21
54009,2002,1022,999,23
54009,2003,903,1043,-140
54009,2004,822,912,-90
54009,2005,693,913,-220
54009,2006,675,829,-154
54009,2007,787,791,-4
54009,2008,812,707,105
54009,2009,692,728,-36
54009,2010,754,716,38
54011,1990,4316,4301,15
54011,1991,4078,4188,-110
54011,1992,4513,4269,244
54011,1993,3955,4018,-63
54011,1994,4074,4222,-148
54011,1995,3980,4371,-391
54011,1996,3853,4674,-821
54011,1997,3916,4675,-759
54011,1998,4077,4488,-411
54011,1999,3988,4428,-440
54011,2000,3809,4480,-671
54011,2001,4111,4463,-352
54011,2002,3784,4199,-415
54011,2003,3890,4149,-259
54011,2004,3823,4196,-373
54011,2005,3903,3983,-80
54011,2006,3847,3844,3
54011,2007,3994,4006,-12
54011,2008,4137,3693,444
54011,2009,3822,3898,-76
54011,2010,3814,3875,-61
54013,1990,251,256,-5
54013,1991,284,221,63
54013,1992,300,261,39
54013,1993,217,238,-21
54013,1994,277,279,-2
54013,1995,323,238,85
54013,1996,277,287,-10
54013,1997,280,259,21
54013,1998,282,247,35
54013,1999,270,296,-26
54013,2000,238,341,-103
54013,2001,289,273,16
54013,2002,224,230,-6
54013,2003,251,214,37
54013,2004,268,215,53
54013,2005,260,217,43
54013,2006,225,231,-6
54013,2007,261,222,39
54013,2008,206,248,-42
54013,2009,271,186,85
54013,2010,235,240,-5
54015,1990,361,366,-5
54015,1991,335,294,41
54015,1992,350,261,89
54015,1993,327,298,29
54015,1994,378,323,55
54015,1995,390,366,24
54015,1996,389,302,87
54015,1997,385,388,-3
54015,1998,352,303,49
54015,1999,420,412,8
54015,2000,319,346,-27
54015,2001,342,287,55
54015,2002,287,345,-58
54015,2003,362,311,51
54015,2004,334,421,-87
54015,2005,301,361,-60
54015,2006,346,325,21
54015,2007,273,286,-13
54015,2008,341,343,-2
54015,2009,358,358,0
54015,2010,366,377,-11
54017,1990,293,232,61
54017,1991,281,264,17
54017,1992,322,256,66
54017,1993,294,255,39
54017,1994,366,263,103
54017,1995,335,391,-56
54017,1996,494,354,140
54017,1997,480,357,123
54017,1998,414,427,-13
54017,1999,426,338,88
54017,2000,766,402,364
54017,2001,487,452,35
54017,2002,285,255,30
54017,2003,230,261,-31
54017,2004,242,190,52
54017,2005,243,256,-13
54017,2006,212,171,41
54017,2007,206,222,-16
54017,2008,235,226,9
54017,2009,213,208,5
54017,2010,290,234,56
54019,1990,1818,1712,106
54019,1991,1813,1568,245
54019,1992,1865,1562,303
54019,1993,1692,1578,114
54019,1994,1803,1700,103
54019,1995,1895,1787,108
54019,1996,1875,2227,-352
54019,1997,1755,2201,-446
54019,1998,1637,1853,-216
54019,1999,1703,1863,-160
54019,2000,1633,1912,-279
54019,2001,1674,1663,11
54019,2002,1798,1623,175
54019,2003,1462,1688,-226
54019,2004,1334,1498,-164
54019,2005,1591,1490,101
54019,2006,1477,1478,-1
54019,2007,1553,1504,49
54019,2008,1475,1488,-13
54019,2009,1496,1368,128
54019,2010,1400,1483,-83
54021,1990,273,330,-57
54021,1991,273,295,-22
54021,1992,254,268,-14
54021,1993,280,268,12
54021,1994,244,284,-40
54021,1995,257,310,-53
54021,1996,296,280,16
54021,1997,288,261,27
54021,1998,227,270,-43
54021,1999,298,277,21
54021,2000,254,264,-10
54021,2001,256,336,-80
54021,2002,299,276,23
54021,2003,231,260,-29
54021,2004,280,283,-3
54021,2005,318,294,24
54021,2006,316,269,47
54021,2007,311,333,-22
54021,2008,252,287,-35
54021,2009,308,251,57
54021,2010,280,310,-30
54023,1990,432,366,66
54023,1991,421,370,51
54023,1992,436,325,111
54023,1993,411,319,92
54023,1994,446,379,67
54023,1995,423,399,24
54023,1996,412,422,-10
54023,1997,341,364,-23
54023,1998,407,414,-7
54023,1999,426,500,-74
54023,2000,478,392,86
54023,2001,451,440,11
54023,2002,479,411,68
54023,2003,483,433,50
54023,2004,450,425,25
54023,2005,518,414,104
54023,2006,455,402,53
54023,2007,460,439,21
54023,2008,389,431,-42
54023,2009,384,446,-62
54023,2010,418,404,14
54025,1990,1395,1117,278
54025,1991,1482,1224,258
54025,1992,1411,1068,343
54025,1993,1229,1173,56
54025,1994,1290,1130,160
54025,1995,1209,1205,4
54025,1996,1133,1218,-85
54025,1997,1108,1120,-12
54025,1998,1145,1109,36
54025,1999,1147,1162,-15
54025,2000,1061,1032,29
54025,2001,1196,1027,169
54025,2002,1168,999,169
54025,2003,1125,1004,121
54025,2004,1206,959,247
54025,2005,1237,1109,128
54025,2006,1160,1013,147
54025,2007,1175,1001,174
54025,2008,1189,1169,20
54025,2009,1234,971,263
54025,2010,1287,984,303
54027,1990,917,602,315
54027,1991,793,594,199
54027,1992,876,495,381
54027,1993,806,579,227
54027,1994,771,608,163
54027,1995,877,551,326
54027,1996,912,723,189
54027,1997,906,717,189
54027,1998,913,712,201
54027,1999,945,631,314
54027,2000,1027,736,291
54027,2001,1086,784,302
54027,2002,1100,808,292
54027,2003,1088,859,229
54027,2004,1251,815,436
54027,2005,1227,832,395
54027,2006,1079,756,323
54027,2007,938,922,16
54027,2008,856,839,17
54027,2009,890,776,114
54027,2010,849,819,30
54029,1990,1204,1205,-1
54029,1991,1149,1194,-45
54029,1992,1131,1105,26
54029,1993,1164,1099,65
54029,1994,1153,1207,-54
54029,1995,1008,957,51
54029,1996,957,1157,-200
54029,1997,1013,1215,-202
54029,1998,868,1032,-164
54029,1999,999,1090,-91
54029,2000,960,1124,-164
54029,2001,1016,1098,-82
54029,2002,910,1019,-109
54029,2003,895,1080,-185
54029,2004,1296,1244,52
54029,2005,1116,1217,-101
54029,2006,1110,1241,-131
54029,2007,1326,1168,158
54029,2008,1168,1105,63
54029,2009,1101,1085,16
54029,2010,1156,1144,12
54031,1990,457,355,102
54031,1991,405,349,56
54031,1992,522,386,136
54031,1993,472,387,85
54031,1994,529,417,112
54031,1995,511,368,143
54031,1996,505,482,23
54031,1997,525,388,137
54031,1998,543,426,117
54031,1999,531,449,82
54031,2000,495,414,81
54031,2001,542,498,44
54031,2002,624,446,178
54031,2003,611,511,100
54031,2004,664,593,71
54031,2005,635,567,68
54031,2006,631,501,130
54031,2007,556,611,-55
54031,2008,534,514,20
54031,2009,640,532,108
54031,2010,482,629,-147
54033,1990,2351,2109,242
54033,1991,2518,1945,573
54033,1992,2452,2085,367
54033,1993,2403,2125,278
54033,1994,2284,2210,74
54033,1995,2552,2269,283
54033,1996,2404,2422,-18
54033,1997,2301,2451,-150
54033,1998,2316,2605,-289
54033,1999,2252,2492,-240
54033,2000,2249,2898,-649
54033,2001,2355,2309,46
54033,2002,2410,2298,112
54033,2003,2429,2210,219
54033,2004,2224,2259,-35
54033,2005,2469,2368,101
54033,2006,2162,2208,-46
54033,2007,2573,2141,432
54033,2008,2385,2244,141
54033,2009,2397,1961,436
54033,2010,2292,2095,197
54035,1990,938,976,-38
54035,1991,915,919,-4
54035,1992,1032,788,244
54035,1993,881,806,75
54035,1994,1219,872,347
54035,1995,963,840,123
54035,1996,1058,896,162
54035,1997,1061,811,250
54035,1998,1082,879,203
54035,1999,1074,957,117
54035,2000,952,978,-26
54035,2001,1052,876,176
54035,2002,974,963,11
54035,2003,1071,862,209
54035,2004,902,915,-13
54035,2005,1149,965,184
54035,2006,991,833,158
54035,2007,1027,911,116
54035,2008,950,858,92
54035,2009,910,817,93
54035,2010,949,867,82
54037,1990,2409,2033,376
54037,1991,2434,1890,544
54037,1992,2425,1853,572
54037,1993,2412,1965,447
54037,1994,2470,2128,342
54037,1995,2190,1809,381
54037,1996,2277,2051,226
54037,1997,2383,1972,411
54037,1998,2621,2020,601
54037,1999,2704,2062,642
54037,2000,2736,2110,626
54037,2001,3192,2073,1119
54037,2002,3254,2322,932
54037,2003,3196,2450,746
54037,2004,3975,2779,1196
54037,2005,3806,2962,844
54037,2006,3515,2672,843
54037,2007,3404,2835,569
54037,2008,3058,2524,534
54037,2009,2831,2445,386
54037,2010,2881,2397,484
54039,1990,7086,7513,-427
54039,1991,7035,6959,76
54039,1992,6815,7203,-388
54039,1993,6442,7231,-789
54039,1994,6650,7635,-985
54039,1995,6359,7097,-738
54039,1996,6143,7364,-1221
54039,1997,6077,7302,-1225
54039,1998,5996,7659,-1663
54039,1999,5886,7329,-1443
54039,2000,5838,7439,-1601
54039,2001,6088,7491,-1403
54039,2002,6141,6440,-299
54039,2003,5847,6390,-543
54039,2004,5828,6930,-1102
54039,2005,5960,6866,-906
54039,2006,5734,6128,-394
54039,2007,5989,6085,-96
54039,2008,6447,5828,619
54039,2009,5599,5851,-252
54039,2010,5508,6052,-544
54041,1990,564,545,19
54041,1991,679,510,169
54041,1992,607,600,7
54041,1993,636,587,49
54041,1994,630,490,140
54041,1995,587,585,2
54041,1996,595,596,-1
54041,1997,633,548,85
54041,1998,621,721,-100
54041,1999,557,593,-36
54041,2000,630,607,23
54041,2001,572,581,-9
54041,2002,715,504,211
54041,2003,672,555,117
54041,2004,661,573,88
54041,2005,628,588,40
54041,2006,612,571,41
54041,2007,615,448,167
54041,2008,651,528,123
54041,2009,610,544,66
54041,2010,692,602,90
54043,1990,730,716,14
54043,1991,756,677,79
54043,1992,714,660,54
54043,1993,560,683,-123
54043,1994,857,577,280
54043,1995,663,698,-35
54043,1996,685,663,22
54043,1997,687,692,-5
54043,1998,769,656,113
54043,1999,728,659,69
54043,2000,779,729,50
54043,2001,795,719,76
54043,2002,739,749,-10
54043,2003,742,712,30
54043,2004,723,733,-10
54043,2005,755,859,-104
54043,2006,745,801,-56
54043,2007,759,722,37
54043,2008,727,679,48
54043,2009,747,718,29
54043,2010,655,684,-29
54045,1990,1204,1173,31
54045,1991,1040,1235,-195
54045,1992,1190,1017,173
54045,1993,889,1064,-175
54045,1994,987,1162,-175
54045,1995,811,1153,-342
54045,1996,802,1156,-354
54045,1997,931,1090,-159
54045,1998,798,1376,-578
54045,1999,810,1195,-385
54045,2000,823,1289,-466
54045,2001,1080,933,147
54045,2002,823,957,-134
54045,2003,752,967,-215
54045,2004,887,892,-5
54045,2005,942,904,38
54045,2006,893,851,42
54045,2007,930,856,74
54045,2008,957,876,81
54045,2009,981,816,165
54045,2010,896,1088,-192
54047,1990,874,1204,-330
54047,1991,788,994,-206
54047,1992,688,966,-278
54047,1993,645,893,-248
54047,1994,599,892,-293
54047,1995,563,993,-430
54047,1996,657,989,-332
54047,1997,650,902,-252
54047,1998,659,973,-314
54047,1999,524,846,-322
54047,2000,584,812,-228
54047,2001,680,878,-198
54047,2002,495,833,-338
54047,2003,466,776,-310
54047,2004,509,673,-164
54047,2005,545,693,-148
54047,2006,499,650,-151
54047,2007,591,665,-74
54047,2008,555,567,-12
54047,2009,507,582,-75
54047,2010,475,578,-103
54049,1990,1838,1569,269
54049,1991,1859,1572,287
54049,1992,1996,1591,405
54049,1993,1740,1748,-8
54049,1994,1798,1860,-62
54049,1995,1715,1792,-77
54049,1996,1764,1964,-200
54049,1997,1688,1912,-224
54049,1998,1708,2006,-298
54049,1999,1808,2037,-229
54049,2000,1806,1807,-1
54049,2001,2003,1801,202
54049,2002,1963,1778,185
54049,2003,1847,1863,-16
54049,2004,1825,1683,142
54049,2005,1941,1896,45
54049,2006,1871,1684,187
54049,2007,1811,1960,-149
54049,2008,1936,1777,159
54049,2009,1936,1752,184
54049,2010,1821,1795,26
54051,1990,1081,1341,-260
54051,1991,1200,1149,51
54051,1992,1133,1069,64
54051,1993,998,1148,-150
54051,1994,1013,1181,-168
54051,1995,886,1102,-216
54051,1996,941,1117,-176
54051,1997,995,1076,-81
54051,1998,932,1052,-120
54051,1999,842,1192,-350
54051,2000,969,1052,-83
54051,2001,986,1168,-182
54051,2002,1001,1009,-8
54051,2003,922,1015,-93
54051,2004,936,1092,-156
54051,2005,922,1118,-196
54051,2006,871,954,-83
54051,2007,978,1095,-117
54051,2008,940,1061,-121
54051,2009,958,917,41
54051,2010,936,954,-18
54053,1990,635,702,-67
54053,1991,726,889,-163
54053,1992,955,694,261
54053,1993,756,713,43
54053,1994,847,689,158
54053,1995,750,662,88
54053,1996,856,743,113
54053,1997,671,732,-61
54053,1998,797,797,0
54053,1999,785,749,36
54053,2000,875,754,121
54053,2001,814,825,-11
54053,2002,845,777,68
54053,2003,814,910,-96
54053,2004,700,728,-28
54053,2005,780,727,53
54053,2006,802,702,100
54053,2007,925,687,238
54053,2008,815,796,19
54053,2009,749,718,31
54053,2010,789,709,80
54055,1990,2193,2243,-50
54055,1991,2212,1991,221
54055,1992,2203,2061,142
54055,1993,1987,2033,-46
54055,1994,1931,2132,-201
54055,1995,1963,2045,-82
54055,1996,2010,2126,-116
54055,1997,1919,2162,-243
54055,1998,2071,2234,-163
54055,1999,1998,2122,-124
54055,2000,1797,2299,-502
54055,2001,2087,1909,178
54055,2002,1938,1915,23
54055,2003,1884,1902,-18
54055,2004,1884,2114,-230
54055,2005,2048,1993,55
54055,2006,2025,1775,250
54055,2007,2140,1880,260
54055,2008,2038,1697,341
54055,2009,1902,1709,193
54055,2010,2012,1763,249
54057,1990,940,895,45
54057,1991,894,827,67
54057,1992,962,829,133
54057,1993,921,831,90
54057,1994,1075,892,183
54057,1995,1059,905,154
54057,1996,973,1029,-56
54057,1997,966,971,-5
54057,1998,998,1002,-4
54057,1999,941,1035,-94
54057,2000,1032,1041,-9
54057,2001,1025,904,121
54057,2002,974,945,29
54057,2003,922,932,-10
54057,2004,998,928,70
54057,2005,1086,1017,69
54057,2006,1096,852,244
54057,2007,1135,876,259
54057,2008,1017,887,130
54057,2009,945,828,117
54057,2010,839,936,-97
54059,1990,907,875,32
54059,1991,832,1175,-343
54059,1992,962,816,146
54059,1993,782,841,-59
54059,1994,683,1031,-348
54059,1995,615,1030,-415
54059,1996,728,980,-252
54059,1997,603,998,-395
54059,1998,707,1009,-302
54059,1999,552,1237,-685
54059,2000,726,1064,-338
54059,2001,970,883,87
54059,2002,751,879,-128
54059,2003,694,922,-228
54059,2004,731,785,-54
54059,2005,733,790,-57
54059,2006,728,657,71
54059,2007,713,870,-157
54059,2008,863,763,100
54059,2009,658,784,-126
54059,2010,643,805,-162
54061,1990,3487,3311,176
54061,1991,3452,3038,414
54061,1992,3401,3265,136
54061,1993,3125,3216,-91
54061,1994,3299,3532,-233
54061,1995,3141,3336,-195
54061,1996,3157,3721,-564
54061,1997,3231,3576,-345
54061,1998,3258,3748,-490
54061,1999,3433,3567,-134
54061,2000,3430,3557,-127
54061,2001,3517,3542,-25
54061,2002,3619,3265,354
54061,2003,3542,3567,-25
54061,2004,3602,3627,-25
54061,2005,3985,4010,-25
54061,2006,3628,3835,-207
54061,2007,3948,3952,-4
54061,2008,4221,3915,306
54061,2009,4465,3509,956
54061,2010,4486,4110,376
54063,1990,525,422,103
54063,1991,497,398,99
54063,1992,486,375,111
54063,1993,543,359,184
54063,1994,474,465,9
54063,1995,456,441,15
54063,1996,519,399,120
54063,1997,474,418,56
54063,1998,502,414,88
54063,1999,486,373,113
54063,2000,455,423,32
54063,2001,493,435,58
54063,2002,470,342,128
54063,2003,483,389,94
54063,2004,476,422,54
54063,2005,444,452,-8
54063,2006,446,320,126
54063,2007,574,363,211
54063,2008,452,454,-2
54063,2009,410,388,22
54063,2010,504,402,102
54065,1990,734,534,200
54065,1991,713,434,279
54065,1992,602,546,56
54065,1993,636,539,97
54065,1994,636,522,114
54065,1995,679,476,203
54065,1996,638,514,124
54065,1997,653,519,134
54065,1998,766,607,159
54065,1999,794,540,254
54065,2000,748,567,181
54065,2001,791,665,126
54065,2002,760,547,213
54065,2003,735,561,174
54065,2004,926,644,282
54065,2005,1114,721,393
54065,2006,878,628,250
54065,2007,780,689,91
54065,2008,675,633,42
54065,2009,629,671,-42
54065,2010,747,694,53
54067,1990,938,987,-49
54067,1991,930,767,163
54067,1992,978,710,268
54067,1993,834,792,42
54067,1994,874,782,92
54067,1995,893,859,34
54067,1996,911,878,33
54067,1997,874,851,23
54067,1998,860,844,16
54067,1999,766,803,-37
54067,2000,803,940,-137
54067,2001,871,796,75
54067,2002,780,798,-18
54067,2003,766,734,32
54067,2004,867,774,93
54067,2005,826,734,92
54067,2006,785,773,12
54067,2007,796,756,40
54067,2008,833,683,150
54067,2009,762,728,34
54067,2010,786,720,66
54069,1990,1689,1930,-241
54069,1991,1677,1675,2
54069,1992,1749,1598,151
54069,1993,1439,1606,-167
54069,1994,1604,1714,-110
54069,1995,1584,1709,-125
54069,1996,1618,1799,-181
54069,1997,1578,1815,-237
54069,1998,1731,1973,-242
54069,1999,1654,1879,-225
54069,2000,1544,1957,-413
54069,2001,1661,1912,-251
54069,2002,1505,1869,-364
54069,2003,1543,1692,-149
54069,2004,1568,1682,-114
54069,2005,1593,1780,-187
54069,2006,1568,1677,-109
54069,2007,1535,1742,-207
54069,2008,1597,1579,18
54069,2009,1600,1451,149
54069,2010,1436,1595,-159
54071,1990,336,346,-10
54071,1991,388,371,17
54071,1992,380,428,-48
54071,1993,378,320,58
54071,1994,364,303,61
54071,1995,309,338,-29
54071,1996,372,371,1
54071,1997,380,357,23
54071,1998,373,397,-24
54071,1999,354,419,-65
54071,2000,369,436,-67
54071,2001,362,467,-105
54071,2002,341,386,-45
54071,2003,339,387,-48
54071,2004,307,346,-39
54071,2005,356,377,-21
54071,2006,288,388,-100
54071,2007,328,322,6
54071,2008,334,353,-19
54071,2009,281,290,-9
54071,2010,298,342,-44
54073,1990,306,255,51
54073,1991,294,312,-18
54073,1992,271,236,35
54073,1993,279,255,24
54073,1994,261,278,-17
54073,1995,262,284,-22
54073,1996,283,250,33
54073,1997,270,261,9
54073,1998,273,251,22
54073,1999,274,318,-44
54073,2000,312,278,34
54073,2001,222,215,7
54073,2002,220,338,-118
54073,2003,297,253,44
54073,2004,262,336,-74
54073,2005,262,301,-39
54073,2006,284,279,5
54073,2007,257,282,-25
54073,2008,245,318,-73
54073,2009,210,252,-42
54073,2010,276,231,45
54075,1990,324,340,-16
54075,1991,389,262,127
54075,1992,316,283,33
54075,1993,321,246,75
54075,1994,265,284,-19
54075,1995,295,318,-23
54075,1996,283,282,1
54075,1997,295,240,55
54075,1998,286,310,-24
54075,1999,275,316,-41
54075,2000,235,339,-104
54075,2001,326,257,69
54075,2002,299,247,52
54075,2003,295,266,29
54075,2004,259,298,-39
54075,2005,297,296,1
54075,2006,272,291,-19
54075,2007,253,310,-57
54075,2008,241,297,-56
54075,2009,223,294,-71
54075,2010,324,240,84
54077,1990,878,784,94
54077,1991,866,766,100
54077,1992,988,780,208
54077,1993,967,752,215
54077,1994,798,840,-42
54077,1995,799,848,-49
54077,1996,835,859,-24
54077,1997,828,786,42
54077,1998,805,796,9
54077,1999,808,852,-44
54077,2000,921,825,96
54077,2001,979,701,278
54077,2002,906,762,144
54077,2003,924,820,104
54077,2004,1034,791,243
54077,2005,1203,888,315
54077,2006,1060,869,191
54077,2007,1038,927,111
54077,2008,1054,1012,42
54077,2009,964,931,33
54077,2010,954,865,89
54079,1990,2972,2169,803
54079,1991,2935,2209,726
54079,1992,3194,2304,890
54079,1993,3151,2237,914
54079,1994,2994,2417,577
54079,1995,2899,2475,424
54079,1996,2845,2407,438
54079,1997,3004,2525,479
54079,1998,3134,2738,396
54079,1999,3026,2715,311
54079,2000,2714,2837,-123
54079,2001,3063,2773,290
54079,2002,2951,2535,416
54079,2003,2881,2477,404
54079,2004,3218,2760,458
54079,2005,3212,2888,324
54079,2006,3012,2602,410
54079,2007,3090,2709,381
54079,2008,2830,2636,194
54079,2009,2858,2470,388
54079,2010,2845,2560,285
54081,1990,2854,2686,168
54081,1991,2718,2534,184
54081,1992,2753,2242,511
54081,1993,2699,2476,223
54081,1994,3078,2561,517
54081,1995,3189,2604,585
54081,1996,3085,2803,282
54081,1997,3017,2769,248
54081,1998,2591,2795,-204
54081,1999,2503,2861,-358
54081,2000,2504,2814,-310
54081,2001,3047,2471,576
54081,2002,2550,2459,91
54081,2003,2328,2285,43
54081,2004,2529,2553,-24
54081,2005,2596,2597,-1
54081,2006,2548,2206,342
54081,2007,2563,2389,174
54081,2008,2583,2203,380
54081,2009,2379,2235,144
54081,2010,2556,2214,342
54083,1990,1007,816,191
54083,1991,907,891,16
54083,1992,947,812,135
54083,1993,879,902,-23
54083,1994,928,780,148
54083,1995,1032,902,130
54083,1996,856,992,-136
54083,1997,823,823,0
54083,1998,905,860,45
54083,1999,892,1031,-139
54083,2000,899,864,35
54083,2001,943,831,112
54083,2002,839,894,-55
54083,2003,969,739,230
54083,2004,864,776,88
54083,2005,866,886,-20
54083,2006,837,860,-23
54083,2007,964,979,-15
54083,2008,905,828,77
54083,2009,710,762,-52
54083,2010,833,800,33
54085,1990,357,395,-38
54085,1991,348,339,9
54085,1992,363,316,47
54085,1993,367,291,76
54085,1994,386,400,-14
54085,1995,434,393,41
54085,1996,460,407,53
54085,1997,536,367,169
54085,1998,500,382,118
54085,1999,483,449,34
54085,2000,406,379,27
54085,2001,444,412,32
54085,2002,428,346,82
54085,2003,406,434,-28
54085,2004,495,428,67
54085,2005,480,414,66
54085,2006,394,397,-3
54085,2007,383,384,-1
54085,2008,399,418,-19
54085,2009,367,356,11
54085,2010,318,391,-73
54087,1990,602,568,34
54087,1991,569,521,48
54087,1992,547,587,-40
54087,1993,516,444,72
54087,1994,614,488,126
54087,1995,516,472,44
54087,1996,549,541,8
54087,1997,580,579,1
54087,1998,575,484,91
54087,1999,657,548,109
54087,2000,608,570,38
54087,2001,555,622,-67
54087,2002,571,471,100
54087,2003,443,448,-5
54087,2004,563,453,110
54087,2005,572,463,109
54087,2006,471,587,-116
54087,2007,440,530,-90
54087,2008,550,492,58
54087,2009,535,508,27
54087,2010,489,533,-44
54089,1990,614,579,35
54089,1991,642,565,77
54089,1992,571,673,-102
54089,1993,526,567,-41
54089,1994,609,535,74
54089,1995,484,535,-51
54089,1996,490,489,1
54089,1997,563,451,112
54089,1998,496,479,17
54089,1999,431,547,-116
54089,2000,437,453,-16
54089,2001,407,487,-80
54089,2002,372,343,29
54089,2003,383,427,-44
54089,2004,408,409,-1
54089,2005,434,400,34
54089,2006,372,394,-22
54089,2007,400,481,-81
54089,2008,478,302,176
54089,2009,398,341,57
54089,2010,367,383,-16
54091,1990,497,464,33
54091,1991,473,458,15
54091,1992,518,472,46
54091,1993,522,508,14
54091,1994,572,484,88
54091,1995,442,444,-2
54091,1996,424,403,21
54091,1997,417,381,36
54091,1998,479,445,34
54091,1999,459,398,61
54091,2000,467,437,30
54091,2001,478,482,-4
54091,2002,483,462,21
54091,2003,491,466,25
54091,2004,640,576,64
54091,2005,690,531,159
54091,2006,614,615,-1
54091,2007,709,613,96
54091,2008,649,615,34
54091,2009,634,571,63
54091,2010,588,572,16
54093,1990,269,266,3
54093,1991,278,215,63
54093,1992,266,296,-30
54093,1993,280,254,26
54093,1994,217,262,-45
54093,1995,243,276,-33
54093,1996,234,261,-27
54093,1997,226,318,-92
54093,1998,227,274,-47
54093,1999,208,238,-30
54093,2000,230,285,-55
54093,2001,312,250,62
54093,2002,233,260,-27
54093,2003,191,256,-65
54093,2004,228,270,-42
54093,2005,258,285,-27
54093,2006,239,230,9
54093,2007,259,228,31
54093,2008,249,248,1
54093,2009,208,229,-21
54093,2010,233,241,-8
54095,1990,342,313,29
54095,1991,396,372,24
54095,1992,348,375,-27
54095,1993,381,339,42
54095,1994,406,367,39
54095,1995,398,414,-16
54095,1996,386,418,-32
54095,1997,386,514,-128
54095,1998,410,434,-24
54095,1999,372,364,8
54095,2000,332,358,-26
54095,2001,366,425,-59
54095,2002,358,309,49
54095,2003,305,320,-15
54095,2004,365,375,-10
54095,2005,366,364,2
54095,2006,353,401,-48
54095,2007,389,402,-13
54095,2008,307,372,-65
54095,2009,334,349,-15
54095,2010,303,297,6
54097,1990,759,733,26
54097,1991,701,748,-47
54097,1992,906,626,280
54097,1993,769,704,65
54097,1994,838,789,49
54097,1995,781,806,-25
54097,1996,782,654,128
54097,1997,667,801,-134
54097,1998,763,760,3
54097,1999,745,732,13
54097,2000,686,698,-12
54097,2001,699,702,-3
54097,2002,882,696,186
54097,2003,767,645,122
54097,2004,685,775,-90
54097,2005,898,811,87
54097,2006,777,755,22
54097,2007,789,710,79
54097,2008,884,744,140
54097,2009,702,706,-4
54097,2010,750,716,34
54099,1990,1822,1728,94
54099,1991,1742,1753,-11
54099,1992,1891,1681,210
54099,1993,1607,1698,-91
54099,1994,1746,1699,47
54099,1995,1410,1506,-96
54099,1996,1309,1430,-121
54099,1997,1262,1350,-88
54099,1998,1350,1450,-100
54099,1999,1387,1368,19
54099,2000,1360,1458,-98
54099,2001,1316,1504,-188
54099,2002,1504,1432,72
54099,2003,1477,1387,90
54099,2004,1425,1545,-120
54099,2005,1375,1495,-120
54099,2006,1386,1377,9
54099,2007,1462,1375,87
54099,2008,1337,1397,-60
54099,2009,1273,1296,-23
54099,2010,1216,1351,-135
54101,1990,243,352,-109
54101,1991,0,305,-305
54101,1992,298,220,78
54101,1993,216,303,-87
54101,1994,279,249,30
54101,1995,263,258,5
54101,1996,248,275,-27
54101,1997,290,325,-35
54101,1998,204,332,-128
54101,1999,222,246,-24
54101,2000,260,255,5
54101,2001,341,266,75
54101,2002,284,229,55
54101,2003,292,214,78
54101,2004,226,246,-20
54101,2005,264,252,12
54101,2006,212,236,-24
54101,2007,272,274,-2
54101,2008,282,244,38
54101,2009,279,240,39
54101,2010,233,240,-7
54103,1990,747,835,-88
54103,1991,673,763,-90
54103,1992,638,641,-3
54103,1993,651,715,-64
54103,1994,637,672,-35
54103,1995,593,711,-118
54103,1996,539,637,-98
54103,1997,544,721,-177
54103,1998,586,674,-88
54103,1999,533,616,-83
54103,2000,432,687,-255
54103,2001,565,589,-24
54103,2002,561,639,-78
54103,2003,526,564,-38
54103,2004,582,588,-6
54103,2005,539,735,-196
54103,2006,522,629,-107
54103,2007,642,644,-2
54103,2008,569,547,22
54103,2009,576,530,46
54103,2010,488,588,-100
54105,1990,282,239,43
54105,1991,278,225,53
54105,1992,274,179,95
54105,1993,317,235,82
54105,1994,261,221,40
54105,1995,368,311,57
54105,1996,424,362,62
54105,1997,435,389,46
54105,1998,404,355,49
54105,1999,364,373,-9
54105,2000,396,350,46
54105,2001,391,434,-43
54105,2002,365,386,-21
54105,2003,391,329,62
54105,2004,293,256,37
54105,2005,265,202,63
54105,2006,254,235,19
54105,2007,205,229,-24
54105,2008,241,261,-20
54105,2009,219,184,35
54105,2010,240,198,42
54107,1990,3107,3204,-97
54107,1991,3026,2857,169
54107,1992,3242,3135,107
54107,1993,3074,3017,57
54107,1994,3079,3000,79
54107,1995,2804,3127,-323
54107,1996,3030,3459,-429
54107,1997,2990,3292,-302
54107,1998,2941,3265,-324
54107,1999,3083,3357,-274
54107,2000,2894,3056,-162
54107,2001,2826,2982,-156
54107,2002,2718,3027,-309
54107,2003,2622,2932,-310
54107,2004,2771,2879,-108
54107,2005,2698,3006,-308
54107,2006,2584,2652,-68
54107,2007,2752,2619,133
54107,2008,2818,2640,178
54107,2009,2478,2284,194
54107,2010,2424,2418,6
54109,1990,795,864,-69
54109,1991,742,683,59
54109,1992,553,807,-254
54109,1993,611,769,-158
54109,1994,591,782,-191
54109,1995,566,674,-108
54109,1996,567,735,-168
54109,1997,560,748,-188
54109,1998,529,745,-216
54109,1999,563,806,-243
54109,2000,517,748,-231
54109,2001,634,812,-178
54109,2002,571,623,-52
54109,2003,486,655,-169
54109,2004,580,574,6
54109,2005,587,679,-92
54109,2006,525,606,-81
54109,2007,589,624,-35
54109,2008,636,611,25
54109,2009,517,516,1
54109,2010,445,531,-86
55001,1990,851,577,274
55001,1991,816,594,222
55001,1992,889,720,169
55001,1993,879,672,207
55001,1994,1004,629,375
55001,1995,1198,853,345
55001,1996,1322,908,414
55001,1997,1256,914,342
55001,1998,1551,1153,398
55001,1999,1612,1152,460
55001,2000,1680,1293,387
55001,2001,1637,1205,432
55001,2002,1525,1231,294
55001,2003,1449,1232,217
55001,2004,1167,920,247
55001,2005,1095,972,123
55001,2006,1248,1011,237
55001,2007,940,1007,-67
55001,2008,942,976,-34
55001,2009,928,769,159
55001,2010,866,835,31
55003,1990,662,688,-26
55003,1991,735,607,128
55003,1992,816,649,167
55003,1993,642,720,-78
55003,1994,764,750,14
55003,1995,742,728,14
55003,1996,707,787,-80
55003,1997,649,765,-116
55003,1998,719,824,-105
55003,1999,737,875,-138
55003,2000,781,845,-64
55003,2001,812,760,52
55003,2002,654,728,-74
55003,2003,646,701,-55
55003,2004,687,782,-95
55003,2005,671,727,-56
55003,2006,546,666,-120
55003,2007,602,662,-60
55003,2008,689,678,11
55003,2009,631,552,79
55003,2010,567,634,-67
55005,1990,1687,1531,156
55005,1991,1754,1407,347
55005,1992,2006,1586,420
55005,1993,1840,1689,151
55005,1994,1946,1611,335
55005,1995,1947,1723,224
55005,1996,2069,1797,272
55005,1997,1971,1820,151
55005,1998,2106,1897,209
55005,1999,2013,1765,248
55005,2000,2034,1888,146
55005,2001,2154,1964,190
55005,2002,1854,1832,22
55005,2003,1960,1992,-32
55005,2004,1785,1796,-11
55005,2005,1880,1845,35
55005,2006,1714,1994,-280
55005,2007,1799,1818,-19
55005,2008,1609,1831,-222
55005,2009,1508,1597,-89
55005,2010,1736,1718,18
55007,1990,750,630,120
55007,1991,738,661,77
55007,1992,865,595,270
55007,1993,871,648,223
55007,1994,825,666,159
55007,1995,656,567,89
55007,1996,651,548,103
55007,1997,638,619,19
55007,1998,683,547,136
55007,1999,691,577,114
55007,2000,772,646,126
55007,2001,735,667,68
55007,2002,642,594,48
55007,2003,683,605,78
55007,2004,667,614,53
55007,2005,642,605,37
55007,2006,710,580,130
55007,2007,594,582,12
55007,2008,574,612,-38
55007,2009,610,561,49
55007,2010,627,494,133
55009,1990,7726,6631,1095
55009,1991,7490,6551,939
55009,1992,8113,6845,1268
55009,1993,8026,7167,859
55009,1994,8143,7184,959
55009,1995,7880,7467,413
55009,1996,8253,8117,136
55009,1997,7912,8431,-519
55009,1998,8797,8671,126
55009,1999,8551,8382,169
55009,2000,8395,8419,-24
55009,2001,8729,8238,491
55009,2002,8248,8285,-37
55009,2003,8488,8069,419
55009,2004,8332,8538,-206
55009,2005,8458,9036,-578
55009,2006,8378,8424,-46
55009,2007,8289,8749,-460
55009,2008,8426,8101,325
55009,2009,7584,7671,-87
55009,2010,8133,7934,199
55011,1990,582,617,-35
55011,1991,677,549,128
55011,1992,674,607,67
55011,1993,645,549,96
55011,1994,656,586,70
55011,1995,785,641,144
55011,1996,699,673,26
55011,1997,703,715,-12
55011,1998,757,758,-1
55011,1999,844,723,121
55011,2000,672,695,-23
55011,2001,676,730,-54
55011,2002,716,673,43
55011,2003,654,711,-57
55011,2004,669,547,122
55011,2005,571,638,-67
55011,2006,585,587,-2
55011,2007,538,635,-97
55011,2008,476,587,-111
55011,2009,477,505,-28
55011,2010,480,492,-12
55013,1990,605,531,74
55013,1991,680,543,137
55013,1992,721,440,281
55013,1993,661,475,186
55013,1994,768,519,249
55013,1995,870,590,280
55013,1996,840,690,150
55013,1997,873,709,164
55013,1998,921,608,313
55013,1999,1013,706,307
55013,2000,1019,717,302
55013,2001,929,712,217
55013,2002,952,667,285
55013,2003,939,666,273
55013,2004,817,714,103
55013,2005,745,727,18
55013,2006,732,605,127
55013,2007,628,628,0
55013,2008,649,605,44
55013,2009,625,603,22
55013,2010,588,533,55
55015,1990,1797,1569,228
55015,1991,1892,1676,216
55015,1992,1913,1780,133
55015,1993,2219,2023,196
55015,1994,1858,1805,53
55015,1995,2612,2190,422
55015,1996,2494,2198,296
55015,1997,2518,2236,282
55015,1998,3191,2633,558
55015,1999,2831,2723,108
55015,2000,3472,2933,539
55015,2001,3717,2891,826
55015,2002,4196,3476,720
55015,2003,3699,3489,210
55015,2004,2560,2525,35
55015,2005,2475,2549,-74
55015,2006,2377,2512,-135
55015,2007,2620,2386,234
55015,2008,2354,2489,-135
55015,2009,2520,2522,-2
55015,2010,2444,2099,345
55017,1990,2069,1835,234
55017,1991,2180,2052,128
55017,1992,2139,1949,190
55017,1993,2256,2129,127
55017,1994,2206,2169,37
55017,1995,2245,2143,102
55017,1996,2415,2282,133
55017,1997,2496,2311,185
55017,1998,2418,2346,72
55017,1999,2680,2258,422
55017,2000,2666,2328,338
55017,2001,2581,2338,243
55017,2002,2831,2406,425
55017,2003,2901,2528,373
55017,2004,2747,2375,372
55017,2005,2763,2460,303
55017,2006,2636,2482,154
55017,2007,2769,2637,132
55017,2008,2607,2439,168
55017,2009,2503,2308,195
55017,2010,2527,2436,91
55019,1990,1376,1186,190
55019,1991,1392,1289,103
55019,1992,1317,1218,99
55019,1993,1453,1363,90
55019,1994,1447,1374,73
55019,1995,1336,1211,125
55019,1996,1366,1347,19
55019,1997,1357,1402,-45
55019,1998,1367,1262,105
55019,1999,1440,1407,33
55019,2000,1455,1478,-23
55019,2001,1386,1565,-179
55019,2002,1257,1309,-52
55019,2003,1256,1364,-108
55019,2004,1181,1373,-192
55019,2005,1156,1407,-251
55019,2006,1142,1325,-183
55019,2007,1262,1342,-80
55019,2008,1236,1408,-172
55019,2009,1090,1200,-110
55019,2010,1171,1316,-145
55021,1990,2998,2386,612
55021,1991,3126,2499,627
55021,1992,3355,2472,883
55021,1993,3413,2488,925
55021,1994,3260,2802,458
55021,1995,3124,2652,472
55021,1996,3167,2883,284
55021,1997,3217,2719,498
55021,1998,3292,2834,458
55021,1999,3171,2689,482
55021,2000,3195,2760,435
55021,2001,3124,2956,168
55021,2002,3252,2777,475
55021,2003,3435,2900,535
55021,2004,3240,2964,276
55021,2005,3410,3167,243
55021,2006,3214,2943,271
55021,2007,3011,3041,-30
55021,2008,2765,2913,-148
55021,2009,2953,2836,117
55021,2010,2677,2765,-88
55023,1990,697,651,46
55023,1991,684,693,-9
55023,1992,804,668,136
55023,1993,727,744,-17
55023,1994,928,676,252
55023,1995,766,814,-48
55023,1996,810,808,2
55023,1997,911,858,53
55023,1998,849,966,-117
55023,1999,877,863,14
55023,2000,855,1027,-172
55023,2001,865,916,-51
55023,2002,781,830,-49
55023,2003,717,737,-20
55023,2004,640,712,-72
55023,2005,736,671,65
55023,2006,640,719,-79
55023,2007,717,734,-17
55023,2008,645,660,-15
55023,2009,536,620,-84
55023,2010,664,579,85
55025,1990,17270,15148,2122
55025,1991,17082,15304,1778
55025,1992,18257,15730,2527
55025,1993,16846,16406,440
55025,1994,16970,17395,-425
55025,1995,16535,17254,-719
55025,1996,17772,17896,-124
55025,1997,17722,18315,-593
55025,1998,18947,18337,610
55025,1999,19342,17393,1949
55025,2000,20088,18226,1862
55025,2001,20603,17864,2739
55025,2002,19312,17839,1473
55025,2003,19424,18184,1240
55025,2004,19748,19070,678
55025,2005,20244,19696,548
55025,2006,20139,19107,1032
55025,2007,20569,20137,432
55025,2008,20003,18779,1224
55025,2009,17210,18438,-1228
55025,2010,18934,18137,797
55027,1990,3407,2922,485
55027,1991,3395,2948,447
55027,1992,3633,3277,356
55027,1993,3874,3519,355
55027,1994,3845,3505,340
55027,1995,4505,3204,1301
55027,1996,4630,3663,967
55027,1997,4375,3758,617
55027,1998,4544,4040,504
55027,1999,4257,3982,275
55027,2000,4300,4085,215
55027,2001,4342,4057,285
55027,2002,4199,4078,121
55027,2003,4433,3982,451
55027,2004,4022,4102,-80
55027,2005,4528,3824,704
55027,2006,4050,4221,-171
55027,2007,4006,3983,23
55027,2008,3531,3986,-455
55027,2009,3374,3418,-44
55027,2010,3513,3463,50
55029,1990,971,1008,-37
55029,1991,1098,940,158
55029,1992,1104,900,204
55029,1993,1091,954,137
55029,1994,1309,939,370
55029,1995,1125,842,283
55029,1996,1085,954,131
55029,1997,1149,976,173
55029,1998,1106,1023,83
55029,1999,1311,933,378
55029,2000,1223,968,255
55029,2001,1213,1111,102
55029,2002,1201,1008,193
55029,2003,1123,1074,49
55029,2004,1114,1036,78
55029,2005,1110,1033,77
55029,2006,1025,1101,-76
55029,2007,1029,885,144
55029,2008,964,976,-12
55029,2009,920,942,-22
55029,2010,955,813,142
55031,1990,1627,1388,239
55031,1991,1563,1288,275
55031,1992,1713,1398,315
55031,1993,1384,1554,-170
55031,1994,1498,1570,-72
55031,1995,1442,1353,89
55031,1996,1577,1436,141
55031,1997,1590,1618,-28
55031,1998,1451,1635,-184
55031,1999,1813,1499,314
55031,2000,1678,1559,119
55031,2001,1710,1673,37
55031,2002,1766,1556,210
55031,2003,1617,1575,42
55031,2004,1643,1591,52
55031,2005,1572,1707,-135
55031,2006,1494,1601,-107
55031,2007,1599,1622,-23
55031,2008,1532,1478,54
55031,2009,1406,1369,37
55031,2010,1331,1483,-152
55033,1990,1729,1681,48
55033,1991,1800,1580,220
55033,1992,2090,1506,584
55033,1993,1931,1730,201
55033,1994,1963,1692,271
55033,1995,2036,1834,202
55033,1996,1988,1968,20
55033,1997,2083,2039,44
55033,1998,1999,2085,-86
55033,1999,2233,2063,170
55033,2000,2314,2091,223
55033,2001,2176,2085,91
55033,2002,2114,1987,127
55033,2003,2125,1979,146
55033,2004,2012,1979,33
55033,2005,2134,2012,122
55033,2006,1898,1968,-70
55033,2007,2014,2056,-42
55033,2008,1764,1932,-168
55033,2009,1763,1745,18
55033,2010,1695,1902,-207
55035,1990,4122,3909,213
55035,1991,4309,4244,65
55035,1992,4268,4330,-62
55035,1993,4295,4390,-95
55035,1994,4186,4245,-59
55035,1995,4239,4035,204
55035,1996,4420,4416,4
55035,1997,4292,4512,-220
55035,1998,4610,4500,110
55035,1999,4503,4505,-2
55035,2000,4617,4619,-2
55035,2001,4601,4621,-20
55035,2002,4239,4552,-313
55035,2003,4264,4536,-272
55035,2004,4357,4748,-391
55035,2005,4759,4678,81
55035,2006,4673,4450,223
55035,2007,4662,4742,-80
55035,2008,4633,4570,63
55035,2009,4190,4404,-214
55035,2010,4341,4335,6
55037,1990,320,220,100
55037,1991,313,189,124
55037,1992,352,223,129
55037,1993,254,220,34
55037,1994,282,206,76
55037,1995,243,243,0
55037,1996,231,227,4
55037,1997,244,250,-6
55037,1998,262,276,-14
55037,1999,296,223,73
55037,2000,233,235,-2
55037,2001,272,246,26
55037,2002,218,260,-42
55037,2003,246,246,0
55037,2004,240,246,-6
55037,2005,249,226,23
55037,2006,238,266,-28
55037,2007,215,284,-69
55037,2008,186,197,-11
55037,2009,152,196,-44
55037,2010,240,198,42
55039,1990,3337,3165,172
55039,1991,3395,3047,348
55039,1992,3534,3075,459
55039,1993,3501,3208,293
55039,1994,3724,3504,220
55039,1995,3820,3419,401
55039,1996,3478,3715,-237
55039,1997,3686,3860,-174
55039,1998,3563,3617,-54
55039,1999,3560,3679,-119
55039,2000,3557,3677,-120
55039,2001,3381,3630,-249
55039,2002,3499,3583,-84
55039,2003,3463,3484,-21
55039,2004,3448,3328,120
55039,2005,3690,3626,64
55039,2006,3505,3432,73
55039,2007,3500,3602,-102
55039,2008,3258,3568,-310
55039,2009,3010,3260,-250
55039,2010,3155,3294,-139
55041,1990,400,306,94
55041,1991,395,326,69
55041,1992,470,265,205
55041,1993,420,322,98
55041,1994,422,386,36
55041,1995,462,307,155
55041,1996,385,398,-13
55041,1997,421,343,78
55041,1998,390,416,-26
55041,1999,414,369,45
55041,2000,371,384,-13
55041,2001,340,300,40
55041,2002,384,322,62
55041,2003,371,318,53
55041,2004,334,381,-47
55041,2005,382,356,26
55041,2006,317,332,-15
55041,2007,350,311,39
55041,2008,304,373,-69
55041,2009,290,264,26
55041,2010,286,303,-17
55043,1990,1779,2056,-277
55043,1991,1936,1908,28
55043,1992,1906,1885,21
55043,1993,1998,2043,-45
55043,1994,1796,2076,-280
55043,1995,1861,1855,6
55043,1996,1711,1961,-250
55043,1997,1859,2001,-142
55043,1998,1930,1983,-53
55043,1999,1910,2260,-350
55043,2000,1849,2127,-278
55043,2001,1741,1981,-240
55043,2002,1699,1877,-178
55043,2003,1764,1821,-57
55043,2004,1704,1908,-204
55043,2005,1755,1917,-162
55043,2006,1620,1761,-141
55043,2007,1759,1835,-76
55043,2008,1668,1914,-246
55043,2009,1591,1598,-7
55043,2010,1595,1687,-92
55045,1990,1506,1312,194
55045,1991,1639,1410,229
55045,1992,1526,1378,148
55045,1993,1593,1464,129
55045,1994,1715,1410,305
55045,1995,1486,1324,162
55045,1996,1707,1380,327
55045,1997,1600,1421,179
55045,1998,1597,1384,213
55045,1999,1553,1376,177
55045,2000,1540,1464,76
55045,2001,1652,1540,112
55045,2002,1599,1497,102
55045,2003,1519,1280,239
55045,2004,1729,1471,258
55045,2005,1949,1509,440
55045,2006,1737,1541,196
55045,2007,1556,1392,164
55045,2008,1524,1526,-2
55045,2009,1425,1383,42
55045,2010,1277,1651,-374
55047,1990,938,805,133
55047,1991,912,847,65
55047,1992,1008,863,145
55047,1993,1027,844,183
55047,1994,999,882,117
55047,1995,1013,973,40
55047,1996,988,959,29
55047,1997,1109,991,118
55047,1998,1012,947,65
55047,1999,1046,1024,22
55047,2000,1051,945,106
55047,2001,1054,1024,30
55047,2002,945,1032,-87
55047,2003,933,947,-14
55047,2004,957,937,20
55047,2005,910,903,7
55047,2006,865,953,-88
55047,2007,874,971,-97
55047,2008,844,898,-54
55047,2009,879,868,11
55047,2010,880,791,89
55049,1990,982,933,49
55049,1991,1027,947,80
55049,1992,1129,792,337
55049,1993,1036,887,149
55049,1994,1118,855,263
55049,1995,1024,892,132
55049,1996,1059,946,113
55049,1997,1139,1007,132
55049,1998,1186,931,255
55049,1999,1110,1067,43
55049,2000,1120,1031,89
55049,2001,1091,1032,59
55049,2002,1070,1017,53
55049,2003,1179,1169,10
55049,2004,1306,1200,106
55049,2005,1279,1199,80
55049,2006,1149,1155,-6
55049,2007,1165,1094,71
55049,2008,945,1139,-194
55049,2009,984,941,43
55049,2010,935,1120,-185
55051,1990,336,258,78
55051,1991,383,226,157
55051,1992,351,256,95
55051,1993,346,230,116
55051,1994,387,336,51
55051,1995,363,309,54
55051,1996,369,319,50
55051,1997,339,377,-38
55051,1998,351,338,13
55051,1999,328,277,51
55051,2000,283,272,11
55051,2001,357,291,66
55051,2002,270,263,7
55051,2003,256,275,-19
55051,2004,294,260,34
55051,2005,306,306,0
55051,2006,231,219,12
55051,2007,306,277,29
55051,2008,231,252,-21
55051,2009,261,201,60
55051,2010,261,196,65
55053,1990,745,663,82
55053,1991,709,664,45
55053,1992,815,740,75
55053,1993,684,650,34
55053,1994,894,636,258
55053,1995,836,770,66
55053,1996,1083,784,299
55053,1997,864,781,83
55053,1998,865,800,65
55053,1999,957,829,128
55053,2000,900,763,137
55053,2001,882,816,66
55053,2002,932,729,203
55053,2003,814,801,13
55053,2004,949,784,165
55053,2005,871,792,79
55053,2006,863,756,107
55053,2007,870,828,42
55053,2008,881,938,-57
55053,2009,798,736,62
55053,2010,837,825,12
55055,1990,3210,3057,153
55055,1991,3319,2973,346
55055,1992,3708,2964,744
55055,1993,4050,3261,789
55055,1994,3891,3322,569
55055,1995,3880,4089,-209
55055,1996,4111,4235,-124
55055,1997,3814,3922,-108
55055,1998,4266,4214,52
55055,1999,4274,4055,219
55055,2000,4269,4286,-17
55055,2001,4453,4167,286
55055,2002,4318,4058,260
55055,2003,4568,4124,444
55055,2004,4542,4127,415
55055,2005,4391,4201,190
55055,2006,4130,3940,190
55055,2007,4177,3937,240
55055,2008,3901,3950,-49
55055,2009,3700,3974,-274
55055,2010,3658,3702,-44
55057,1990,1307,1005,302
55057,1991,1176,1103,73
55057,1992,1348,1054,294
55057,1993,1372,1030,342
55057,1994,1427,1136,291
55057,1995,1509,1180,329
55057,1996,1397,1288,109
55057,1997,1242,1383,-141
55057,1998,1386,1130,256
55057,1999,1395,1219,176
55057,2000,1473,1259,214
55057,2001,1401,1221,180
55057,2002,1432,1238,194
55057,2003,1472,1265,207
55057,2004,1406,1301,105
55057,2005,1482,1310,172
55057,2006,1272,1259,13
55057,2007,1309,1259,50
55057,2008,1208,1309,-101
55057,2009,1179,1154,25
55057,2010,1207,1149,58
55059,1990,6743,5091,1652
55059,1991,6482,5408,1074
55059,1992,6629,5728,901
55059,1993,6363,5919,444
55059,1994,6808,6075,733
55059,1995,6944,5947,997
55059,1996,7039,6508,531
55059,1997,7185,6600,585
55059,1998,7587,6717,870
55059,1999,7498,6887,611
55059,2000,7693,6823,870
55059,2001,7825,7029,796
55059,2002,8031,7033,998
55059,2003,8026,7103,923
55059,2004,8093,7171,922
55059,2005,7845,7377,468
55059,2006,7856,7375,481
55059,2007,7627,7415,212
55059,2008,6661,6831,-170
55059,2009,6395,6436,-41
55059,2010,6085,6417,-332
55061,1990,600,591,9
55061,1991,689,648,41
55061,1992,748,645,103
55061,1993,734,676,58
55061,1994,753,681,72
55061,1995,795,592,203
55061,1996,723,701,22
55061,1997,801,665,136
55061,1998,725,693,32
55061,1999,693,657,36
55061,2000,685,643,42
55061,2001,739,609,130
55061,2002,638,709,-71
55061,2003,691,612,79
55061,2004,805,794,11
55061,2005,784,749,35
55061,2006,668,802,-134
55061,2007,673,777,-104
55061,2008,594,696,-102
55061,2009,650,629,21
55061,2010,695,647,48
55063,1990,3773,3927,-154
55063,1991,3877,3709,168
55063,1992,4004,3861,143
55063,1993,3982,3812,170
55063,1994,4024,3952,72
55063,1995,4035,4107,-72
55063,1996,4027,4163,-136
55063,1997,4109,4158,-49
55063,1998,4239,4528,-289
55063,1999,4490,4469,21
55063,2000,4368,4305,63
55063,2001,4186,4205,-19
55063,2002,4150,4039,111
55063,2003,3932,4304,-372
55063,2004,4303,4328,-25
55063,2005,4375,4355,20
55063,2006,4438,4228,210
55063,2007,4558,4338,220
55063,2008,4435,4034,401
55063,2009,3855,3686,169
55063,2010,3943,3935,8
55065,1990,697,739,-42
55065,1991,641,709,-68
55065,1992,702,722,-20
55065,1993,752,740,12
55065,1994,895,649,246
55065,1995,678,658,20
55065,1996,624,754,-130
55065,1997,602,697,-95
55065,1998,560,657,-97
55065,1999,648,675,-27
55065,2000,672,643,29
55065,2001,693,625,68
55065,2002,652,659,-7
55065,2003,601,637,-36
55065,2004,682,707,-25
55065,2005,745,770,-25
55065,2006,608,739,-131
55065,2007,758,613,145
55065,2008,771,742,29
55065,2009,677,725,-48
55065,2010,766,690,76
55067,1990,889,700,189
55067,1991,800,695,105
55067,1992,847,758,89
55067,1993,849,681,168
55067,1994,883,688,195
55067,1995,823,770,53
55067,1996,831,744,87
55067,1997,723,768,-45
55067,1998,795,703,92
55067,1999,735,723,12
55067,2000,833,747,86
55067,2001,807,789,18
55067,2002,812,763,49
55067,2003,799,730,69
55067,2004,643,698,-55
55067,2005,797,775,22
55067,2006,754,662,92
55067,2007,719,739,-20
55067,2008,739,772,-33
55067,2009,663,640,23
55067,2010,610,653,-43
55069,1990,1282,964,318
55069,1991,1279,940,339
55069,1992,1303,1044,259
55069,1993,1320,1032,288
55069,1994,1345,1163,182
55069,1995,1237,999,238
55069,1996,1176,1015,161
55069,1997,1237,1085,152
55069,1998,1332,1201,131
55069,1999,1409,1083,326
55069,2000,1186,1133,53
55069,2001,1249,1081,168
55069,2002,1160,1063,97
55069,2003,1164,1107,57
55069,2004,1074,1022,52
55069,2005,1047,1145,-98
55069,2006,1054,1022,32
55069,2007,1047,1074,-27
55069,2008,959,1039,-80
55069,2009,904,856,48
55069,2010,847,977,-130
55071,1990,2289,2125,164
55071,1991,2253,2030,223
55071,1992,2106,2199,-93
55071,1993,2166,2006,160
55071,1994,2329,2161,168
55071,1995,2163,2124,39
55071,1996,2068,2308,-240
55071,1997,2442,2237,205
55071,1998,2477,2331,146
55071,1999,2413,2409,4
55071,2000,2155,2340,-185
55071,2001,2102,2541,-439
55071,2002,2014,2392,-378
55071,2003,1899,2270,-371
55071,2004,2185,2281,-96
55071,2005,2400,2414,-14
55071,2006,2269,2430,-161
55071,2007,2273,2524,-251
55071,2008,2177,2362,-185
55071,2009,2021,2363,-342
55071,2010,1994,2208,-214
55073,1990,4227,3983,244
55073,1991,4357,3955,402
55073,1992,4531,4127,404
55073,1993,4136,4413,-277
55073,1994,4267,4336,-69
55073,1995,4188,4138,50
55073,1996,4303,4146,157
55073,1997,4571,4337,234
55073,1998,4423,4407,16
55073,1999,4430,4698,-268
55073,2000,4435,4568,-133
55073,2001,4221,4405,-184
55073,2002,4270,4475,-205
55073,2003,4139,4199,-60
55073,2004,4394,3916,478
55073,2005,5064,4290,774
55073,2006,4475,4255,220
55073,2007,4665,4400,265
55073,2008,4341,4372,-31
55073,2009,3799,4108,-309
55073,2010,3856,4091,-235
55075,1990,1926,1689,237
55075,1991,1801,1637,164
55075,1992,1892,1590,302
55075,1993,1991,1499,492
55075,1994,2066,1649,417
55075,1995,1855,1571,284
55075,1996,1948,1623,325
55075,1997,1919,1765,154
55075,1998,1828,1721,107
55075,1999,1956,1727,229
55075,2000,1892,1890,2
55075,2001,1978,1798,180
55075,2002,1843,1809,34
55075,2003,1719,1727,-8
55075,2004,1977,1721,256
55075,2005,1715,1795,-80
55075,2006,1749,1811,-62
55075,2007,1698,1794,-96
55075,2008,1537,1672,-135
55075,2009,1350,1496,-146
55075,2010,1535,1574,-39
55077,1990,908,732,176
55077,1991,911,628,283
55077,1992,958,680,278
55077,1993,1022,738,284
55077,1994,1071,660,411
55077,1995,1239,721,518
55077,1996,1057,727,330
55077,1997,936,737,199
55077,1998,976,838,138
55077,1999,931,698,233
55077,2000,884,809,75
55077,2001,928,826,102
55077,2002,882,776,106
55077,2003,881,720,161
55077,2004,1034,798,236
55077,2005,990,930,60
55077,2006,872,888,-16
55077,2007,899,773,126
55077,2008,790,812,-22
55077,2009,851,750,101
55077,2010,860,735,125
55078,1990,127,127,0
55078,1991,207,120,87
55078,1992,165,180,-15
55078,1993,191,158,33
55078,1994,229,142,87
55078,1995,201,145,56
55078,1996,201,179,22
55078,1997,164,211,-47
55078,1998,217,245,-28
55078,1999,185,187,-2
55078,2000,152,189,-37
55078,2001,167,195,-28
55078,2002,155,190,-35
55078,2003,173,239,-66
55078,2004,177,202,-25
55078,2005,198,212,-14
55078,2006,198,259,-61
55078,2007,173,231,-58
55078,2008,193,238,-45
55078,2009,193,159,34
55078,2010,197,161,36
55079,1990,26497,35227,-8730
55079,1991,25532,35716,-10184
55079,1992,25260,37148,-11888
55079,1993,23887,37593,-13706
55079,1994,24058,36111,-12053
55079,1995,23535,34253,-10718
55079,1996,23905,36587,-12682
55079,1997,24234,34995,-10761
55079,1998,25730,35833,-10103
55079,1999,25550,35284,-9734
55079,2000,25444,34016,-8572
55079,2001,25007,34472,-9465
55079,2002,24870,33358,-8488
55079,2003,23741,34246,-10505
55079,2004,23414,35248,-11834
55079,2005,24867,34870,-10003
55079,2006,24824,33358,-8534
55079,2007,25587,32958,-7371
55079,2008,25864,29814,-3950
55079,2009,23975,29000,-5025
55079,2010,25132,29313,-4181
55081,1990,1805,1507,298
55081,1991,2063,1754,309
55081,1992,1909,1749,160
55081,1993,1815,1765,50
55081,1994,1796,1665,131
55081,1995,2052,1691,361
55081,1996,1986,1807,179
55081,1997,1943,1768,175
55081,1998,1923,1894,29
55081,1999,2057,1837,220
55081,2000,1942,1922,20
55081,2001,2050,1897,153
55081,2002,1872,1852,20
55081,2003,2162,1830,332
55081,2004,2033,1828,205
55081,2005,2191,1882,309
55081,2006,2135,1960,175
55081,2007,2361,2131,230
55081,2008,2278,2199,79
55081,2009,2114,2006,108
55081,2010,2105,2023,82
55083,1990,1389,1376,13
55083,1991,1510,1203,307
55083,1992,1758,1244,514
55083,1993,1804,1255,549
55083,1994,1640,1467,173
55083,1995,1781,1287,494
55083,1996,1923,1487,436
55083,1997,1836,1360,476
55083,1998,1993,1488,505
55083,1999,1859,1420,439
55083,2000,1899,1457,442
55083,2001,1852,1475,377
55083,2002,1863,1516,347
55083,2003,1945,1523,422
55083,2004,1825,1686,139
55083,2005,1746,1586,160
55083,2006,1715,1591,124
55083,2007,1628,1492,136
55083,2008,1491,1511,-20
55083,2009,1436,1286,150
55083,2010,1449,1456,-7
55085,1990,1921,1384,537
55085,1991,2074,1348,726
55085,1992,2023,1268,755
55085,1993,2068,1375,693
55085,1994,2088,1447,641
55085,1995,1977,1521,456
55085,1996,1886,1587,299
55085,1997,1828,1702,126
55085,1998,1999,1708,291
55085,1999,1941,1646,295
55085,2000,1971,1693,278
55085,2001,1881,1776,105
55085,2002,2009,1645,364
55085,2003,1691,1810,-119
55085,2004,1769,1796,-27
55085,2005,1834,1838,-4
55085,2006,1705,1695,10
55085,2007,1615,1530,85
55085,2008,1464,1560,-96
55085,2009,1335,1364,-29
55085,2010,1459,1387,72
55087,1990,6960,6816,144
55087,1991,7328,6567,761
55087,1992,7943,6954,989
55087,1993,8217,7063,1154
55087,1994,8006,7316,690
55087,1995,7601,6888,713
55087,1996,7856,7620,236
55087,1997,8408,7610,798
55087,1998,8614,8039,575
55087,1999,8865,7692,1173
55087,2000,8897,7961,936
55087,2001,8795,8307,488
55087,2002,8556,8418,138
55087,2003,8577,8421,156
55087,2004,8945,8486,459
55087,2005,9008,8559,449
55087,2006,8593,8306,287
55087,2007,8840,8625,215
55087,2008,8697,8327,370
55087,2009,7775,8130,-355
55087,2010,7801,7972,-171
55089,1990,4849,4099,750
55089,1991,4831,3963,868
55089,1992,4908,4398,510
55089,1993,4816,4171,645
55089,1994,4782,4362,420
55089,1995,4555,4150,405
55089,1996,4493,4302,191
55089,1997,4487,4358,129
55089,1998,4911,4462,449
55089,1999,4855,4355,500
55089,2000,4732,4328,404
55089,2001,4502,4259,243
55089,2002,4633,4197,436
55089,2003,4796,4251,545
55089,2004,4259,4239,20
55089,2005,4578,4513,65
55089,2006,4185,3973,212
55089,2007,4288,3968,320
55089,2008,4034,3693,341
55089,2009,3568,3771,-203
55089,2010,3763,3395,368
55091,1990,323,305,18
55091,1991,305,327,-22
55091,1992,339,325,14
55091,1993,374,343,31
55091,1994,311,321,-10
55091,1995,257,257,0
55091,1996,328,269,59
55091,1997,279,300,-21
55091,1998,361,236,125
55091,1999,261,330,-69
55091,2000,316,279,37
55091,2001,298,271,27
55091,2002,286,280,6
55091,2003,352,293,59
55091,2004,346,397,-51
55091,2005,309,345,-36
55091,2006,312,326,-14
55091,2007,351,383,-32
55091,2008,282,367,-85
55091,2009,274,324,-50
55091,2010,287,316,-29
55093,1990,1456,1380,76
55093,1991,1534,1407,127
55093,1992,1727,1509,218
55093,1993,1662,1520,142
55093,1994,1844,1587,257
55093,1995,1793,1570,223
55093,1996,1788,1636,152
55093,1997,1949,1702,247
55093,1998,1981,1619,362
55093,1999,1982,1782,200
55093,2000,1841,1780,61
55093,2001,2056,1877,179
55093,2002,2144,1798,346
55093,2003,2076,1851,225
55093,2004,2136,1832,304
55093,2005,1899,1730,169
55093,2006,1780,1810,-30
55093,2007,1933,1777,156
55093,2008,1578,1845,-267
55093,2009,1693,1600,93
55093,2010,1504,1641,-137
55095,1990,1408,1220,188
55095,1991,1574,1289,285
55095,1992,1701,1352,349
55095,1993,1719,1343,376
55095,1994,1832,1377,455
55095,1995,1691,1352,339
55095,1996,1717,1341,376
55095,1997,1834,1440,394
55095,1998,1966,1484,482
55095,1999,1963,1549,414
55095,2000,2097,1498,599
55095,2001,2080,1713,367
55095,2002,1959,1578,381
55095,2003,2060,1615,445
55095,2004,2040,1738,302
55095,2005,2017,1786,231
55095,2006,1762,1769,-7
55095,2007,1762,1741,21
55095,2008,1687,1649,38
55095,2009,1531,1634,-103
55095,2010,1528,1689,-161
55097,1990,2609,2267,342
55097,1991,2594,2361,233
55097,1992,2687,2591,96
55097,1993,2475,2485,-10
55097,1994,2593,2487,106
55097,1995,2531,2805,-274
55097,1996,2566,2808,-242
55097,1997,2693,2864,-171
55097,1998,2853,2995,-142
55097,1999,2632,2795,-163
55097,2000,2598,3010,-412
55097,2001,2635,2826,-191
55097,2002,2489,2670,-181
55097,2003,2527,2722,-195
55097,2004,2333,2640,-307
55097,2005,2660,2693,-33
55097,2006,2679,2480,199
55097,2007,2722,2753,-31
55097,2008,2529,2720,-191
55097,2009,2326,2527,-201
55097,2010,2295,2515,-220
55099,1990,667,612,55
55099,1991,602,636,-34
55099,1992,722,609,113
55099,1993,692,546,146
55099,1994,671,587,84
55099,1995,659,563,96
55099,1996,656,695,-39
55099,1997,691,638,53
55099,1998,651,721,-70
55099,1999,773,692,81
55099,2000,582,729,-147
55099,2001,626,679,-53
55099,2002,656,628,28
55099,2003,539,583,-44
55099,2004,583,591,-8
55099,2005,586,660,-74
55099,2006,506,651,-145
55099,2007,572,547,25
55099,2008,564,555,9
55099,2009,452,534,-82
55099,2010,470,496,-26
55101,1990,6959,6219,740
55101,1991,6506,6255,251
55101,1992,6776,7264,-488
55101,1993,7242,7157,85
55101,1994,6993,7309,-316
55101,1995,6755,7104,-349
55101,1996,7260,7398,-138
55101,1997,6924,7323,-399
55101,1998,7303,7762,-459
55101,1999,6742,7427,-685
55101,2000,7145,7603,-458
55101,2001,7297,7340,-43
55101,2002,7314,7000,314
55101,2003,7518,7363,155
55101,2004,7548,7040,508
55101,2005,7518,7753,-235
55101,2006,6866,7415,-549
55101,2007,6803,7311,-508
55101,2008,6333,7051,-718
55101,2009,5897,6466,-569
55101,2010,6021,6846,-825
55103,1990,772,741,31
55103,1991,863,773,90
55103,1992,808,833,-25
55103,1993,834,832,2
55103,1994,747,802,-55
55103,1995,823,719,104
55103,1996,795,719,76
55103,1997,806,801,5
55103,1998,815,867,-52
55103,1999,1189,754,435
55103,2000,928,845,83
55103,2001,819,859,-40
55103,2002,917,818,99
55103,2003,844,728,116
55103,2004,678,761,-83
55103,2005,730,824,-94
55103,2006,746,806,-60
55103,2007,665,812,-147
55103,2008,684,755,-71
55103,2009,638,705,-67
55103,2010,716,751,-35
55105,1990,4986,4754,232
55105,1991,5310,4710,600
55105,1992,5251,4971,280
55105,1993,5315,4881,434
55105,1994,6132,5047,1085
55105,1995,5201,5033,168
55105,1996,4834,5230,-396
55105,1997,5041,5365,-324
55105,1998,5048,5326,-278
55105,1999,5212,5306,-94
55105,2000,5342,5398,-56
55105,2001,5008,5270,-262
55105,2002,5274,5407,-133
55105,2003,5594,5179,415
55105,2004,5518,5149,369
55105,2005,5991,5276,715
55105,2006,6010,5459,551
55105,2007,5561,5529,32
55105,2008,5101,5805,-704
55105,2009,4889,5474,-585
55105,2010,4764,5339,-575
55107,1990,613,607,6
55107,1991,614,659,-45
55107,1992,636,617,19
55107,1993,621,629,-8
55107,1994,659,602,57
55107,1995,718,612,106
55107,1996,666,702,-36
55107,1997,585,664,-79
55107,1998,640,706,-66
55107,1999,708,665,43
55107,2000,603,619,-16
55107,2001,599,563,36
55107,2002,568,620,-52
55107,2003,622,601,21
55107,2004,600,641,-41
55107,2005,564,626,-62
55107,2006,605,611,-6
55107,2007,562,575,-13
55107,2008,554,519,35
55107,2009,465,517,-52
55107,2010,457,515,-58
55109,1990,2720,2385,335
55109,1991,2622,2270,352
55109,1992,2846,2401,445
55109,1993,2901,2542,359
55109,1994,2944,2447,497
55109,1995,3082,2296,786
55109,1996,3349,2501,848
55109,1997,3521,2525,996
55109,1998,3732,2898,834
55109,1999,3999,2621,1378
55109,2000,4416,2894,1522
55109,2001,4835,3013,1822
55109,2002,5116,3119,1997
55109,2003,5197,3159,2038
55109,2004,5471,3386,2085
55109,2005,5301,3599,1702
55109,2006,4610,3568,1042
55109,2007,4333,3661,672
55109,2008,3800,3664,136
55109,2009,3303,3603,-300
55109,2010,3385,3331,54
55111,1990,2444,2090,354
55111,1991,2859,2069,790
55111,1992,2830,2171,659
55111,1993,2886,2148,738
55111,1994,3138,2417,721
55111,1995,2763,2146,617
55111,1996,2808,2189,619
55111,1997,2573,2490,83
55111,1998,3025,2424,601
55111,1999,2761,2345,416
55111,2000,2766,2628,138
55111,2001,2783,2599,184
55111,2002,2869,2521,348
55111,2003,2911,2604,307
55111,2004,3018,2633,385
55111,2005,3017,2728,289
55111,2006,3038,2702,336
55111,2007,3070,2808,262
55111,2008,2920,2954,-34
55111,2009,2718,2699,19
55111,2010,2717,2715,2
55113,1990,827,568,259
55113,1991,854,533,321
55113,1992,787,654,133
55113,1993,882,616,266
55113,1994,986,596,390
55113,1995,894,608,286
55113,1996,776,691,85
55113,1997,749,703,46
55113,1998,780,661,119
55113,1999,867,679,188
55113,2000,802,667,135
55113,2001,872,667,205
55113,2002,852,701,151
55113,2003,803,662,141
55113,2004,852,759,93
55113,2005,805,781,24
55113,2006,824,692,132
55113,2007,734,719,15
55113,2008,703,681,22
55113,2009,615,554,61
55113,2010,632,552,80
55115,1990,1529,1500,29
55115,1991,1503,1503,0
55115,1992,1592,1487,105
55115,1993,1653,1434,219
55115,1994,1609,1367,242
55115,1995,1524,1368,156
55115,1996,1650,1485,165
55115,1997,1716,1456,260
55115,1998,1943,1635,308
55115,1999,1846,1472,374
55115,2000,1601,1514,87
55115,2001,1660,1542,118
55115,2002,1518,1396,122
55115,2003,1599,1497,102
55115,2004,1774,1727,47
55115,2005,1803,1673,130
55115,2006,1692,1659,33
55115,2007,1669,1692,-23
55115,2008,1649,1585,64
55115,2009,1486,1469,17
55115,2010,1354,1489,-135
55117,1990,3171,3220,-49
55117,1991,3150,2948,202
55117,1992,3483,3162,321
55117,1993,3487,2972,515
55117,1994,3829,3031,798
55117,1995,3616,3378,238
55117,1996,3400,3336,64
55117,1997,3429,3477,-48
55117,1998,3271,3461,-190
55117,1999,3642,3367,275
55117,2000,3587,3518,69
55117,2001,3453,3654,-201
55117,2002,3158,3407,-249
55117,2003,3475,3513,-38
55117,2004,3579,3446,133
55117,2005,3653,3799,-146
55117,2006,3516,3592,-76
55117,2007,3409,3547,-138
55117,2008,3352,3654,-302
55117,2009,2953,3392,-439
55117,2010,3072,3571,-499
55119,1990,700,713,-13
55119,1991,672,662,10
55119,1992,698,637,61
55119,1993,723,674,49
55119,1994,653,666,-13
55119,1995,586,626,-40
55119,1996,640,637,3
55119,1997,645,710,-65
55119,1998,674,702,-28
55119,1999,741,677,64
55119,2000,686,739,-53
55119,2001,639,725,-86
55119,2002,596,721,-125
55119,2003,733,632,101
55119,2004,676,709,-33
55119,2005,621,761,-140
55119,2006,656,714,-58
55119,2007,741,744,-3
55119,2008,735,711,24
55119,2009,657,692,-35
55119,2010,623,629,-6
55121,1990,1073,963,110
55121,1991,1087,981,106
55121,1992,1122,1073,49
55121,1993,1072,1067,5
55121,1994,1080,1044,36
55121,1995,1206,1038,168
55121,1996,1218,993,225
55121,1997,1109,1112,-3
55121,1998,1225,1125,100
55121,1999,1194,1031,163
55121,2000,1147,1189,-42
55121,2001,1176,1077,99
55121,2002,1180,1124,56
55121,2003,1195,1054,141
55121,2004,1391,1182,209
55121,2005,1418,1245,173
55121,2006,1226,1214,12
55121,2007,1436,1363,73
55121,2008,1424,1250,174
55121,2009,1271,1163,108
55121,2010,1308,1257,51
55123,1990,1134,965,169
55123,1991,1233,965,268
55123,1992,1276,1045,231
55123,1993,1199,1009,190
55123,1994,1386,1099,287
55123,1995,1115,927,188
55123,1996,1088,1193,-105
55123,1997,1043,1001,42
55123,1998,1155,982,173
55123,1999,1158,1177,-19
55123,2000,1065,987,78
55123,2001,1114,1025,89
55123,2002,1085,1016,69
55123,2003,968,884,84
55123,2004,1241,1065,176
55123,2005,1139,1106,33
55123,2006,1196,1166,30
55123,2007,1175,1182,-7
55123,2008,1164,1070,94
55123,2009,1019,1021,-2
55123,2010,1095,1076,19
55125,1990,1120,827,293
55125,1991,1282,783,499
55125,1992,1320,785,535
55125,1993,1245,882,363
55125,1994,1368,910,458
55125,1995,1161,746,415
55125,1996,1209,847,362
55125,1997,1160,940,220
55125,1998,1312,844,468
55125,1999,1379,984,395
55125,2000,1256,883,373
55125,2001,1334,958,376
55125,2002,1273,943,330
55125,2003,1155,904,251
55125,2004,1147,952,195
55125,2005,1197,1032,165
55125,2006,1056,977,79
55125,2007,1035,962,73
55125,2008,886,819,67
55125,2009,886,748,138
55125,2010,944,820,124
55127,1990,4308,3620,688
55127,1991,4340,3496,844
55127,1992,4594,3679,915
55127,1993,4817,3480,1337
55127,1994,4930,3848,1082
55127,1995,4520,3697,823
55127,1996,4868,4112,756
55127,1997,4798,4061,737
55127,1998,4876,4272,604
55127,1999,5012,4216,796
55127,2000,5004,4388,616
55127,2001,5072,4223,849
55127,2002,5189,4257,932
55127,2003,5132,4572,560
55127,2004,5331,4259,1072
55127,2005,5228,4519,709
55127,2006,4508,4557,-49
55127,2007,4396,4575,-179
55127,2008,3998,4393,-395
55127,2009,3747,4145,-398
55127,2010,4071,3973,98
55129,1990,868,731,137
55129,1991,866,646,220
55129,1992,964,673,291
55129,1993,1010,637,373
55129,1994,898,667,231
55129,1995,837,654,183
55129,1996,735,622,113
55129,1997,847,679,168
55129,1998,946,641,305
55129,1999,844,647,197
55129,2000,849,690,159
55129,2001,757,609,148
55129,2002,769,726,43
55129,2003,730,642,88
55129,2004,782,758,24
55129,2005,847,767,80
55129,2006,815,755,60
55129,2007,795,764,31
55129,2008,760,728,32
55129,2009,714,642,72
55129,2010,683,656,27
55131,1990,6174,4371,1803
55131,1991,6541,4523,2018
55131,1992,7135,4951,2184
55131,1993,6885,5125,1760
55131,1994,6740,5334,1406
55131,1995,6311,5214,1097
55131,1996,6121,5641,480
55131,1997,6141,5603,538
55131,1998,6790,5771,1019
55131,1999,6627,5578,1049
55131,2000,6182,5399,783
55131,2001,6233,5592,641
55131,2002,6211,5623,588
55131,2003,6608,5397,1211
55131,2004,6560,5610,950
55131,2005,6750,5788,962
55131,2006,6383,5418,965
55131,2007,6298,5417,881
55131,2008,5439,5104,335
55131,2009,4861,4917,-56
55131,2010,5117,4804,313
55133,1990,19406,15331,4075
55133,1991,19193,15576,3617
55133,1992,20460,16506,3954
55133,1993,19879,15823,4056
55133,1994,19912,16352,3560
55133,1995,19217,15852,3365
55133,1996,19864,16994,2870
55133,1997,19487,16920,2567
55133,1998,20904,17575,3329
55133,1999,20271,17736,2535
55133,2000,18930,17641,1289
55133,2001,19534,17024,2510
55133,2002,19017,17239,1778
55133,2003,18114,17454,660
55133,2004,18689,17843,846
55133,2005,18464,18303,161
55133,2006,18027,16397,1630
55133,2007,17561,16653,908
55133,2008,16283,15344,939
55133,2009,15209,15361,-152
55133,2010,15434,15538,-104
55135,1990,2153,1677,476
55135,1991,2268,1654,614
55135,1992,2541,1808,733
55135,1993,2240,1893,347
55135,1994,2484,1807,677
55135,1995,2067,1749,318
55135,1996,2127,1891,236
55135,1997,2156,1904,252
55135,1998,2227,2040,187
55135,1999,2187,1840,347
55135,2000,2111,2019,92
55135,2001,2148,1969,179
55135,2002,2038,1895,143
55135,2003,2028,1900,128
55135,2004,2005,2022,-17
55135,2005,2164,2001,163
55135,2006,1836,1862,-26
55135,2007,1892,1921,-29
55135,2008,1766,1963,-197
55135,2009,1804,1752,52
55135,2010,1893,1697,196
55137,1990,1166,965,201
55137,1991,1272,915,357
55137,1992,1217,953,264
55137,1993,1281,895,386
55137,1994,1190,943,247
55137,1995,1138,867,271
55137,1996,1236,1003,233
55137,1997,1217,1080,137
55137,1998,1139,980,159
55137,1999,1182,919,263
55137,2000,1240,1033,207
55137,2001,1123,1049,74
55137,2002,1119,891,228
55137,2003,1111,926,185
55137,2004,1175,1076,99
55137,2005,1230,995,235
55137,2006,1135,1024,111
55137,2007,1193,1041,152
55137,2008,1010,1032,-22
55137,2009,1081,982,99
55137,2010,1078,994,84
55139,1990,6889,6099,790
55139,1991,7002,6124,878
55139,1992,7265,6478,787
55139,1993,6855,7134,-279
55139,1994,7145,6642,503
55139,1995,6967,6484,483
55139,1996,6928,6875,53
55139,1997,7057,7256,-199
55139,1998,7360,7292,68
55139,1999,7518,7337,181
55139,2000,7348,7243,105
55139,2001,7458,7555,-97
55139,2002,6800,7230,-430
55139,2003,7183,7619,-436
55139,2004,7770,7430,340
55139,2005,7647,7329,318
55139,2006,7576,7329,247
55139,2007,7486,7593,-107
55139,2008,7527,7140,387
55139,2009,6959,7279,-320
55139,2010,7036,7050,-14
55141,1990,3041,2910,131
55141,1991,2914,2832,82
55141,1992,2972,2836,136
55141,1993,2875,2911,-36
55141,1994,2887,2945,-58
55141,1995,2638,2822,-184
55141,1996,2529,2961,-432
55141,1997,2725,2819,-94
55141,1998,2781,3010,-229
55141,1999,2728,2989,-261
55141,2000,2632,2974,-342
55141,2001,2580,3062,-482
55141,2002,2462,2710,-248
55141,2003,2445,2796,-351
55141,2004,2676,2934,-258
55141,2005,2575,3036,-461
55141,2006,2573,2907,-334
55141,2007,2802,2898,-96
55141,2008,2647,2859,-212
55141,2009,2480,2437,43
55141,2010,2390,2545,-155
56001,1990,2525,2841,-316
56001,1991,2620,2633,-13
56001,1992,2682,2598,84
56001,1993,1270,2735,-1465
56001,1994,2568,2845,-277
56001,1995,2391,2627,-236
56001,1996,1994,2859,-865
56001,1997,2269,2942,-673
56001,1998,2508,2889,-381
56001,1999,2336,3034,-698
56001,2000,2487,2698,-211
56001,2001,2553,2843,-290
56001,2002,2639,2774,-135
56001,2003,2583,2775,-192
56001,2004,2371,2899,-528
56001,2005,2435,2939,-504
56001,2006,2311,2862,-551
56001,2007,2614,2615,-1
56001,2008,2812,2579,233
56001,2009,2411,2483,-72
56001,2010,2528,2814,-286
56003,1990,630,612,18
56003,1991,647,590,57
56003,1992,636,642,-6
56003,1993,703,610,93
56003,1994,773,555,218
56003,1995,731,658,73
56003,1996,539,677,-138
56003,1997,711,534,177
56003,1998,524,649,-125
56003,1999,552,662,-110
56003,2000,523,633,-110
56003,2001,496,570,-74
56003,2002,526,578,-52
56003,2003,597,471,126
56003,2004,585,659,-74
56003,2005,651,639,12
56003,2006,640,544,96
56003,2007,699,648,51
56003,2008,676,575,101
56003,2009,621,549,72
56003,2010,587,571,16
56005,1990,2192,2145,47
56005,1991,2235,1950,285
56005,1992,1774,2155,-381
56005,1993,2016,2053,-37
56005,1994,2202,2009,193
56005,1995,2225,2055,170
56005,1996,1800,2016,-216
56005,1997,2024,1995,29
56005,1998,2088,2036,52
56005,1999,2656,1941,715
56005,2000,2444,2163,281
56005,2001,3105,2052,1053
56005,2002,2155,2290,-135
56005,2003,2033,2167,-134
56005,2004,2313,1982,331
56005,2005,2988,2133,855
56005,2006,3411,2230,1181
56005,2007,3235,2840,395
56005,2008,4051,2316,1735
56005,2009,2741,2846,-105
56005,2010,2839,2905,-66
56007,1990,1075,1367,-292
56007,1991,1033,1334,-301
56007,1992,1173,1351,-178
56007,1993,1115,1200,-85
56007,1994,1226,1293,-67
56007,1995,1049,1315,-266
56007,1996,1012,1186,-174
56007,1997,999,1226,-227
56007,1998,1084,1232,-148
56007,1999,981,1184,-203
56007,2000,1082,1216,-134
56007,2001,1193,1135,58
56007,2002,1052,1136,-84
56007,2003,902,1030,-128
56007,2004,986,1072,-86
56007,2005,1097,1050,47
56007,2006,1286,989,297
56007,2007,1344,1203,141
56007,2008,1236,1217,19
56007,2009,1057,1255,-198
56007,2010,1079,1189,-110
56009,1990,807,849,-42
56009,1991,912,814,98
56009,1992,812,745,67
56009,1993,792,737,55
56009,1994,887,738,149
56009,1995,897,795,102
56009,1996,870,765,105
56009,1997,736,844,-108
56009,1998,997,929,68
56009,1999,1080,1009,71
56009,2000,999,1069,-70
56009,2001,1105,899,206
56009,2002,931,1018,-87
56009,2003,1061,931,130
56009,2004,863,702,161
56009,2005,866,830,36
56009,2006,977,815,162
56009,2007,1135,747,388
56009,2008,1093,876,217
56009,2009,760,858,-98
56009,2010,775,929,-154
56011,1990,364,410,-46
56011,1991,389,359,30
56011,1992,332,344,-12
56011,1993,483,323,160
56011,1994,390,382,8
56011,1995,400,338,62
56011,1996,349,349,0
56011,1997,308,358,-50
56011,1998,340,381,-41
56011,1999,352,339,13
56011,2000,331,400,-69
56011,2001,446,360,86
56011,2002,388,333,55
56011,2003,360,339,21
56011,2004,434,309,125
56011,2005,478,403,75
56011,2006,580,343,237
56011,2007,506,411,95
56011,2008,494,438,56
56011,2009,455,354,101
56011,2010,394,410,-16
56013,1990,2048,1817,231
56013,1991,1863,1882,-19
56013,1992,1818,1626,192
56013,1993,1850,1691,159
56013,1994,2001,1663,338
56013,1995,1846,1780,66
56013,1996,1628,1681,-53
56013,1997,1887,1975,-88
56013,1998,1771,1836,-65
56013,1999,1787,1791,-4
56013,2000,1737,1875,-138
56013,2001,1931,1762,169
56013,2002,1570,1721,-151
56013,2003,1695,1613,82
56013,2004,1731,1592,139
56013,2005,1907,1537,370
56013,2006,1934,1600,334
56013,2007,1978,1635,343
56013,2008,2046,1653,393
56013,2009,1749,1554,195
56013,2010,1737,1692,45
56015,1990,800,816,-16
56015,1991,728,715,13
56015,1992,758,688,70
56015,1993,726,737,-11
56015,1994,733,747,-14
56015,1995,741,681,60
56015,1996,834,673,161
56015,1997,696,806,-110
56015,1998,651,770,-119
56015,1999,734,683,51
56015,2000,603,723,-120
56015,2001,605,699,-94
56015,2002,649,684,-35
56015,2003,701,647,54
56015,2004,628,661,-33
56015,2005,663,631,32
56015,2006,563,560,3
56015,2007,628,523,105
56015,2008,669,609,60
56015,2009,805,521,284
56015,2010,766,677,89
56017,1990,348,405,-57
56017,1991,392,341,51
56017,1992,332,420,-88
56017,1993,410,309,101
56017,1994,339,383,-44
56017,1995,399,362,37
56017,1996,403,307,96
56017,1997,365,357,8
56017,1998,308,413,-105
56017,1999,292,328,-36
56017,2000,326,361,-35
56017,2001,337,367,-30
56017,2002,247,306,-59
56017,2003,281,273,8
56017,2004,331,321,10
56017,2005,323,300,23
56017,2006,297,234,63
56017,2007,296,253,43
56017,2008,360,236,124
56017,2009,236,249,-13
56017,2010,297,263,34
56019,1990,449,434,15
56019,1991,425,370,55
56019,1992,457,410,47
56019,1993,516,376,140
56019,1994,491,377,114
56019,1995,467,399,68
56019,1996,415,376,39
56019,1997,422,383,39
56019,1998,436,374,62
56019,1999,458,346,112
56019,2000,488,427,61
56019,2001,590,405,185
56019,2002,530,425,105
56019,2003,534,439,95
56019,2004,505,410,95
56019,2005,587,444,143
56019,2006,595,421,174
56019,2007,691,472,219
56019,2008,595,525,70
56019,2009,515,497,18
56019,2010,481,506,-25
56021,1990,5747,5869,-122
56021,1991,6274,5106,1168
56021,1992,6617,6101,516
56021,1993,6287,6286,1
56021,1994,6039,6308,-269
56021,1995,5809,5870,-61
56021,1996,5396,6123,-727
56021,1997,5420,5779,-359
56021,1998,5693,5996,-303
56021,1999,5609,5648,-39
56021,2000,5708,5781,-73
56021,2001,5941,5614,327
56021,2002,5823,5341,482
56021,2003,5603,5424,179
56021,2004,5277,5653,-376
56021,2005,5297,5426,-129
56021,2006,5494,5548,-54
56021,2007,5682,5231,451
56021,2008,5589,5271,318
56021,2009,5367,4776,591
56021,2010,5557,5684,-127
56023,1990,866,798,68
56023,1991,827,781,46
56023,1992,860,757,103
56023,1993,1056,712,344
56023,1994,1032,867,165
56023,1995,967,989,-22
56023,1996,870,1063,-193
56023,1997,792,881,-89
56023,1998,951,854,97
56023,1999,984,813,171
56023,2000,991,953,38
56023,2001,1162,1020,142
56023,2002,1127,895,232
56023,2003,1193,928,265
56023,2004,1255,1064,191
56023,2005,1344,1033,311
56023,2006,1365,1028,337
56023,2007,1360,1032,328
56023,2008,1230,1000,230
56023,2009,947,1064,-117
56023,2010,950,1053,-103
56025,1990,4036,3990,46
56025,1991,3963,4054,-91
56025,1992,3877,3782,95
56025,1993,3835,3565,270
56025,1994,3562,3867,-305
56025,1995,3373,3759,-386
56025,1996,3143,3475,-332
56025,1997,3226,3790,-564
56025,1998,3449,3787,-338
56025,1999,3374,3502,-128
56025,2000,3429,3438,-9
56025,2001,3557,3344,213
56025,2002,3476,3235,241
56025,2003,3476,3171,305
56025,2004,3596,3366,230
56025,2005,3807,3431,376
56025,2006,4077,3252,825
56025,2007,4078,3559,519
56025,2008,4314,3563,751
56025,2009,3348,3596,-248
56025,2010,3964,3544,420
56027,1990,0,0,0
56027,1991,0,0,0
56027,1992,197,171,26
56027,1993,173,146,27
56027,1994,172,154,18
56027,1995,160,142,18
56027,1996,139,156,-17
56027,1997,169,121,48
56027,1998,114,133,-19
56027,1999,147,185,-38
56027,2000,121,145,-24
56027,2001,118,153,-35
56027,2002,141,151,-10
56027,2003,151,119,32
56027,2004,129,107,22
56027,2005,121,147,-26
56027,2006,180,137,43
56027,2007,187,117,70
56027,2008,134,148,-14
56027,2009,166,148,18
56027,2010,170,163,7
56029,1990,1605,1643,-38
56029,1991,1868,1654,214
56029,1992,1885,1485,400
56029,1993,1955,1490,465
56029,1994,1958,1670,288
56029,1995,1795,1796,-1
56029,1996,1741,1543,198
56029,1997,1731,1730,1
56029,1998,1444,1783,-339
56029,1999,1699,1630,69
56029,2000,1726,1721,5
56029,2001,1743,1645,98
56029,2002,1773,1521,252
56029,2003,1644,1586,58
56029,2004,1724,1492,232
56029,2005,1808,1538,270
56029,2006,1720,1408,312
56029,2007,1898,1643,255
56029,2008,1751,1474,277
56029,2009,1504,1354,150
56029,2010,1650,1455,195
56031,1990,551,551,0
56031,1991,497,519,-22
56031,1992,494,466,28
56031,1993,583,494,89
56031,1994,546,513,33
56031,1995,526,442,84
56031,1996,569,479,90
56031,1997,591,540,51
56031,1998,513,545,-32
56031,1999,402,520,-118
56031,2000,528,500,28
56031,2001,469,427,42
56031,2002,423,502,-79
56031,2003,508,468,40
56031,2004,554,585,-31
56031,2005,536,494,42
56031,2006,517,503,14
56031,2007,496,563,-67
56031,2008,509,486,23
56031,2009,475,404,71
56031,2010,517,410,107
56033,1990,1525,1545,-20
56033,1991,1697,1431,266
56033,1992,1642,1313,329
56033,1993,1739,1458,281
56033,1994,1622,1451,171
56033,1995,1564,1397,167
56033,1996,1437,1489,-52
56033,1997,1592,1541,51
56033,1998,1509,1528,-19
56033,1999,1613,1433,180
56033,2000,1541,1489,52
56033,2001,1652,1440,212
56033,2002,1552,1441,111
56033,2003,1482,1508,-26
56033,2004,1480,1395,85
56033,2005,1676,1443,233
56033,2006,1795,1475,320
56033,2007,1884,1527,357
56033,2008,1742,1455,287
56033,2009,1443,1455,-12
56033,2010,1546,1560,-14
56035,1990,435,386,49
56035,1991,449,403,46
56035,1992,516,396,120
56035,1993,510,361,149
56035,1994,449,391,58
56035,1995,446,405,41
56035,1996,419,357,62
56035,1997,413,356,57
56035,1998,408,384,24
56035,1999,444,372,72
56035,2000,390,404,-14
56035,2001,608,406,202
56035,2002,525,411,114
56035,2003,592,341,251
56035,2004,680,451,229
56035,2005,771,497,274
56035,2006,1019,488,531
56035,2007,1094,706,388
56035,2008,969,691,278
56035,2009,734,799,-65
56035,2010,800,873,-73
56037,1990,2854,2363,491
56037,1991,2634,2453,181
56037,1992,2334,2604,-270
56037,1993,2171,2480,-309
56037,1994,2128,2351,-223
56037,1995,1953,2639,-686
56037,1996,1855,2596,-741
56037,1997,2113,2408,-295
56037,1998,1861,2485,-624
56037,1999,1725,2559,-834
56037,2000,1689,2628,-939
56037,2001,2378,2308,70
56037,2002,1901,2425,-524
56037,2003,2425,2309,116
56037,2004,2568,2479,89
56037,2005,2981,2600,381
56037,2006,3341,2417,924
56037,2007,3228,2961,267
56037,2008,3836,2891,945
56037,2009,2207,3275,-1068
56037,2010,3036,3051,-15
56039,1990,1475,1149,326
56039,1991,1503,1274,229
56039,1992,1674,1176,498
56039,1993,1566,1410,156
56039,1994,1588,1493,95
56039,1995,1557,1503,54
56039,1996,1647,1493,154
56039,1997,1588,1495,93
56039,1998,1653,1454,199
56039,1999,1700,1566,134
56039,2000,1611,1670,-59
56039,2001,1513,1632,-119
56039,2002,1539,1668,-129
56039,2003,1511,1485,26
56039,2004,1435,1627,-192
56039,2005,1607,1593,14
56039,2006,1558,1516,42
56039,2007,1640,1552,88
56039,2008,1465,1544,-79
56039,2009,1285,1554,-269
56039,2010,1479,1596,-117
56041,1990,1595,1396,199
56041,1991,1645,1456,189
56041,1992,1416,1517,-101
56041,1993,1474,1291,183
56041,1994,1333,1520,-187
56041,1995,1339,1488,-149
56041,1996,1325,1496,-171
56041,1997,1314,1423,-109
56041,1998,1250,1562,-312
56041,1999,1212,1571,-359
56041,2000,1123,1439,-316
56041,2001,1328,1287,41
56041,2002,1105,1350,-245
56041,2003,1124,1303,-179
56041,2004,1169,1278,-109
56041,2005,1408,1300,108
56041,2006,1427,1214,213
56041,2007,1458,1238,220
56041,2008,1470,1317,153
56041,2009,1094,1235,-141
56041,2010,1048,1333,-285
56043,1990,533,638,-105
56043,1991,626,530,96
56043,1992,549,518,31
56043,1993,507,481,26
56043,1994,533,517,16
56043,1995,538,582,-44
56043,1996,546,481,65
56043,1997,582,538,44
56043,1998,489,638,-149
56043,1999,442,606,-164
56043,2000,396,615,-219
56043,2001,435,551,-116
56043,2002,397,456,-59
56043,2003,452,486,-34
56043,2004,525,478,47
56043,2005,386,467,-81
56043,2006,529,406,123
56043,2007,436,461,-25
56043,2008,550,431,119
56043,2009,406,357,49
56043,2010,366,459,-93
56045,1990,381,417,-36
56045,1991,453,395,58
56045,1992,347,426,-79
56045,1993,379,332,47
56045,1994,409,402,7
56045,1995,416,390,26
56045,1996,366,451,-85
56045,1997,384,417,-33
56045,1998,336,450,-114
56045,1999,345,387,-42
56045,2000,303,419,-116
56045,2001,470,339,131
56045,2002,397,333,64
56045,2003,345,345,0
56045,2004,330,335,-5
56045,2005,471,343,128
56045,2006,596,328,268
56045,2007,492,411,81
56045,2008,537,411,126
56045,2009,332,420,-88
56045,2010,339,361,-22
99999,1990,3419234,3480091,-60857
99999,1991,3162915,3539266,-376351
99999,1992,3385162,3548775,-163613
99999,1993,3325796,3442835,-117039
99999,1994,3367907,3495810,-127903
99999,1995,3342823,3439080,-96257
99999,1996,3343753,3428417,-84664
99999,1997,3353383,3442249,-88866
99999,1998,3342337,3456583,-114246
99999,1999,3323808,3440497,-116689
99999,2000,3306647,3410966,-104319
99999,2001,3300554,3401031,-100477
99999,2002,3235604,3337908,-102304
99999,2003,3204400,3779632,-575232
99999,2004,3268830,3380952,-112122
99999,2005,3340004,3463697,-123693
99999,2006,3315612,3447302,-131690
99999,2007,3348231,3491619,-143388
99999,2008,3275147,3408909,-133762
99999,2009,3128014,3113040,14974
99999,2010,3187567,3168535,19032
